CNES,CODUFMUN,COD_CEP,CPF_CNPJ,PF_PJ,NIV_DEP,CNPJ_MAN,COD_IR,REGSAUDE,MICR_REG,DISTRSAN,DISTRADM,VINC_SUS,TPGESTAO,ESFERA_A,RETENCAO,ATIVIDAD,NATUREZA,CLIENTEL,TP_UNID,TURNO_AT,NIV_HIER,TP_PREST,CO_BANCO,CO_AGENC,C_CORREN,CONTRATM,DT_PUBLM,CONTRATE,DT_PUBLE,ALVARA,DT_EXPED,ORGEXPED,AV_ACRED,CLASAVAL,DT_ACRED,AV_PNASS,DT_PNASS,GESPRG1E,GESPRG1M,GESPRG2E,GESPRG2M,GESPRG4E,GESPRG4M,NIVATE_A,GESPRG3E,GESPRG3M,GESPRG5E,GESPRG5M,GESPRG6E,GESPRG6M,NIVATE_H,QTLEITP1,QTLEITP2,QTLEITP3,LEITHOSP,QTINST01,QTINST02,QTINST03,QTINST04,QTINST05,QTINST06,QTINST07,QTINST08,QTINST09,QTINST10,QTINST11,QTINST12,QTINST13,QTINST14,URGEMERG,QTINST15,QTINST16,QTINST17,QTINST18,QTINST19,QTINST20,QTINST21,QTINST22,QTINST23,QTINST24,QTINST25,QTINST26,QTINST27,QTINST28,QTINST29,QTINST30,ATENDAMB,QTINST31,QTINST32,QTINST33,CENTRCIR,QTINST34,QTINST35,QTINST36,QTINST37,CENTROBS,QTLEIT05,QTLEIT06,QTLEIT07,QTLEIT08,QTLEIT09,QTLEIT19,QTLEIT20,QTLEIT21,QTLEIT22,QTLEIT23,QTLEIT32,QTLEIT34,QTLEIT38,QTLEIT39,QTLEIT40,CENTRNEO,ATENDHOS,SERAP01P,SERAP01T,SERAP02P,SERAP02T,SERAP03P,SERAP03T,SERAP04P,SERAP04T,SERAP05P,SERAP05T,SERAP06P,SERAP06T,SERAP07P,SERAP07T,SERAP08P,SERAP08T,SERAP09P,SERAP09T,SERAP10P,SERAP10T,SERAP11P,SERAP11T,SERAPOIO,RES_BIOL,RES_QUIM,RES_RADI,RES_COMU,COLETRES,COMISS01,COMISS02,COMISS03,COMISS04,COMISS05,COMISS06,COMISS07,COMISS08,COMISS09,COMISS10,COMISS11,COMISS12,COMISSAO,AP01CV01,AP01CV02,AP01CV03,AP01CV04,AP01CV05,AP01CV06,AP01CV07,AP02CV01,AP02CV02,AP02CV03,AP02CV04,AP02CV05,AP02CV06,AP02CV07,AP03CV01,AP03CV02,AP03CV03,AP03CV04,AP03CV05,AP03CV06,AP03CV07,AP04CV01,AP04CV02,AP04CV03,AP04CV04,AP04CV05,AP04CV06,AP04CV07,AP05CV01,AP05CV02,AP05CV03,AP05CV04,AP05CV05,AP05CV06,AP05CV07,AP06CV01,AP06CV02,AP06CV03,AP06CV04,AP06CV05,AP06CV06,AP06CV07,AP07CV01,AP07CV02,AP07CV03,AP07CV04,AP07CV05,AP07CV06,AP07CV07,ATEND_PR,DT_ATUAL,COMPETEN,NAT_JUR
"0003697","530010","70390100","35625196000194","3","1","00000000000000","","","","0015","","0","E","","","04","","03","36","03","","99","","","","","","","","RLE - BAIXO RISCO","20191220","1","","","","","","0","0","1","0","0","0","1","0","0","0","0","0","0","0",0,0,0,"0",0,0,0,0,0,0,0,0,0,0,0,0,0,0,"0",0,1,0,0,0,0,0,0,0,0,0,0,0,0,0,0,"1",0,0,0,"0",0,0,0,0,"0",0,0,0,0,0,0,0,0,0,0,0,0,0,0,0,"0","0","1","0","0","0","0","0","0","0","0","0","0","0","0","0","0","0","0","0","0","0","0","0","1","0","0","0","1","1","0","0","0","0","0","0","0","0","0","0","0","0","0","0","0","0","0","0","0","0","0","1","0","0","0","0","0","0","0","0","0","0","0","0","0","0","0","0","0","0","0","0","0","0","0","0","0","0","0","0","0","0","0","0","0","0","0","0","0","0","0","0","1","202001","202204","2305"
"0007129","530010","72010010","22751540000140","3","1","00000000000000","","","","0180","","0","E","","","04","","02","77","03","","99","001","15075","1603809","","","","","RLE","20180622","1","","","","","","0","0","1","0","1","0","1","0","0","0","0","0","0","0",0,0,0,"0",0,0,0,0,0,0,0,0,0,0,0,0,0,0,"0",0,0,0,0,0,0,0,0,0,0,0,0,0,0,0,0,"0",0,0,0,"0",0,0,0,0,"0",0,0,0,0,0,0,0,0,0,0,0,0,0,0,0,"0","0","1","0","0","0","0","0","0","0","0","0","0","0","0","0","0","0","0","0","0","0","0","0","1","0","0","0","1","1","0","0","0","0","0","0","0","0","0","0","0","0","0","0","0","0","0","0","0","0","0","0","0","0","0","1","0","0","0","0","0","0","0","0","0","0","0","0","0","0","0","0","0","0","0","0","0","0","0","0","0","0","0","0","0","0","0","0","0","0","0","0","1","202001","202204","2062"
"0007234","530010","71936250","34673922000181","3","1","00000000000000","","","","","","0","E","","","04","","01","36","04","","99","","","","","","","","EAS.00177-22/2021","20211103","1","","","","","","0","0","1","0","0","0","1","0","0","0","0","0","0","0",0,0,0,"0",0,0,0,0,0,0,0,0,0,0,0,0,0,0,"0",0,2,0,0,0,0,0,0,0,0,0,0,0,0,0,0,"1",0,0,0,"0",0,0,0,0,"0",0,0,0,0,0,0,0,0,0,0,0,0,0,0,0,"0","0","1","0","0","0","0","0","0","0","0","0","0","0","0","0","0","0","0","0","0","0","0","0","1","0","0","0","1","1","0","0","0","0","0","0","0","0","0","0","0","0","0","0","0","0","0","0","0","0","0","1","0","0","0","1","0","0","0","0","0","0","0","0","0","0","0","0","0","0","0","0","0","0","0","0","0","0","0","0","0","0","0","0","0","0","0","0","0","0","0","0","1","202204","202204","2062"
"0008435","530010","73330003","35595129000174","3","1","00000000000000","","","","0120","","0","E","","","03","","03","22","03","","99","","","","","","","","67442","20210524","1","","","","","","0","0","1","0","0","0","1","0","0","0","0","0","0","0",0,0,0,"0",0,0,0,0,0,0,0,0,0,0,0,0,0,0,"0",0,0,0,0,0,0,0,0,1,0,0,0,0,0,0,0,"1",0,0,0,"0",0,0,0,0,"0",0,0,0,0,0,0,0,0,0,0,0,0,0,0,0,"0","0","1","0","0","0","0","0","0","0","0","0","0","0","0","0","0","0","0","0","0","0","0","0","1","1","0","0","1","1","0","0","0","0","0","0","0","0","0","0","0","0","0","0","0","0","0","0","0","0","0","1","0","0","0","0","0","0","0","0","0","0","0","0","0","0","0","0","0","0","0","0","0","0","0","0","0","0","0","0","0","0","0","0","0","0","0","0","0","0","0","0","1","202106","202204","2062"
"0010456","530010","70335900","28481233000172","3","1","00000000000000","","08","","0010","","1","E","","","05","","01","05","06","","99","070","0215","215009538-0","","","","","ALVARA","","1","","","","","","0","0","1","0","1","0","1","0","0","1","0","1","0","1",332,222,104,"1",0,0,0,3,0,0,0,2,0,0,1,0,1,12,"1",5,94,0,0,0,0,0,0,3,7,2,1,0,1,4,0,"1",16,1,0,"1",0,0,0,0,"0",0,0,0,75,0,0,0,0,0,0,17,0,0,0,0,"0","1","1","0","1","0","1","0","1","0","1","0","0","0","0","0","1","0","1","0","1","0","1","0","1","1","1","1","1","1","1","1","1","1","0","1","1","1","1","1","0","0","1","1","0","0","0","0","0","0","1","0","0","0","0","0","0","1","0","0","0","0","0","0","1","0","0","0","0","0","0","0","0","0","0","0","0","0","0","0","0","0","0","0","0","0","0","0","0","0","0","0","1","202201","202204","3077"
"0010464","530010","70710100","00394700001260","3","3","00394700000108","","2","","0010","","1","E","","","05","","03","05","06","","99","","","","","","","","","","","","","","","","1","0","1","0","1","0","1","0","0","1","0","1","0","1",129,114,64,"1",3,0,0,2,1,2,1,4,1,0,0,1,2,9,"1",0,1,67,12,0,0,0,0,8,5,2,1,0,0,2,5,"1",9,3,0,"1",0,5,1,1,"1",11,8,4,83,0,0,0,0,0,0,13,0,0,0,26,"1","1","1","0","1","0","1","0","1","0","1","0","1","0","1","0","1","0","0","1","1","0","0","0","1","1","1","0","1","1","1","0","0","1","0","1","0","0","1","1","1","0","1","1","0","0","0","0","0","0","1","0","0","0","0","0","0","1","0","0","0","0","0","0","1","0","0","0","1","0","0","0","0","0","0","0","0","0","0","0","0","0","0","0","0","0","0","0","0","0","0","0","1","202203","202204","1023"
"0010472","530010","72405901","00394700000612","3","3","00394700000108","","03","","0060","","1","E","","","03","","03","05","06","","99","","","","","","","","","","","","","","","","1","0","1","0","1","0","1","0","0","1","0","1","0","1",139,152,27,"1",2,0,0,0,4,2,0,8,0,1,1,1,1,8,"1",7,29,0,1,0,0,0,0,4,4,1,1,0,1,1,0,"1",7,1,1,"1",3,6,1,0,"1",16,9,0,113,0,0,0,0,0,0,7,7,0,0,0,"0","1","1","0","1","0","1","0","1","0","1","0","1","0","1","0","1","0","1","1","1","0","1","0","1","1","1","0","1","1","1","0","1","1","0","1","0","1","1","1","1","0","1","1","0","0","0","0","0","0","1","0","0","0","0","0","0","1","0","0","0","0","0","0","1","0","0","0","0","0","0","0","0","0","0","0","0","0","0","0","0","0","0","0","0","1","0","0","0","0","0","0","1","202204","202204","1023"
"0010480","530010","72215270","00394700001341","3","3","00394700000108","","05","","0040","","1","E","","","03","","03","05","06","","99","","","","","","","","","","","","","","","","1","0","1","0","1","0","1","0","0","1","0","1","0","1",175,183,55,"1",3,1,0,0,0,1,0,1,1,8,1,2,2,16,"1",0,32,21,2,0,0,0,0,5,1,2,1,1,0,1,1,"1",6,1,0,"1",1,9,1,2,"1",0,16,0,85,0,0,0,0,0,0,12,9,48,6,48,"1","1","1","0","1","0","1","0","1","0","0","1","0","1","1","0","1","0","0","1","1","0","1","0","1","1","1","0","1","1","1","0","1","1","1","1","1","1","1","0","0","0","1","1","0","0","0","0","0","0","1","0","0","0","0","0","0","1","0","0","0","0","0","0","1","0","0","0","0","0","0","0","0","0","0","0","0","0","1","0","0","0","0","0","0","1","0","0","0","0","0","0","1","202203","202204","1023"
"0010499","530010","72120970","00394700000965","3","3","00394700000108","","04","","0180","","1","E","","","03","","03","05","06","","99","","","","","","","","","","","","","","","","1","0","1","0","1","0","1","0","0","1","0","1","0","1",133,109,74,"1",1,0,0,0,0,0,0,1,0,0,1,0,1,10,"1",1,16,3,1,0,0,0,0,7,1,1,1,0,1,3,0,"1",7,1,0,"1",1,1,1,0,"1",0,0,0,8,0,0,0,0,0,0,9,10,0,0,0,"0","1","1","0","1","0","1","0","1","0","1","0","1","0","1","0","1","0","0","1","1","0","1","0","1","1","1","0","1","1","1","0","1","1","1","1","0","0","0","1","0","0","1","1","0","0","0","0","0","0","1","0","0","0","0","0","0","1","0","0","0","0","0","0","1","0","0","0","0","0","0","0","0","0","0","0","0","0","0","0","0","0","0","0","0","0","0","0","0","0","0","0","1","202205","202204","1023"
"0010502","530010","73010901","00394700001422","3","3","00394700000108","","06","","0170","","1","E","","","05","","03","05","06","","99","","","","","","","","","","","","","","","","1","0","1","0","0","0","1","1","0","0","0","1","0","1",24,84,48,"1",0,1,0,1,3,1,1,4,0,2,1,2,2,16,"1",5,25,0,3,0,0,0,1,7,0,3,0,0,1,3,2,"1",5,1,0,"1",6,6,1,2,"1",13,19,4,27,0,0,0,0,1,1,6,6,0,0,60,"1","1","1","0","1","0","1","0","1","0","1","0","1","0","1","0","0","1","0","1","1","0","1","0","1","1","0","0","1","1","0","0","0","1","0","0","0","0","0","0","0","0","1","1","0","0","0","0","0","0","1","0","0","0","0","0","0","1","0","0","0","0","0","0","1","0","0","0","0","0","0","0","0","0","0","0","0","0","0","0","0","0","0","0","0","0","0","0","0","0","0","0","1","202202","202204","1023"
"0010510","530010","70310500","00038174000658","3","3","00038174000143","","CONV","","0010","","1","E","","","05","","03","05","06","","99","","","","","","","","","","","","","","","","1","0","1","0","1","0","1","0","0","1","0","1","0","1",41,97,31,"1",1,0,0,0,1,0,0,0,0,1,0,1,0,5,"1",0,131,0,0,0,0,0,0,55,1,1,0,0,1,3,6,"1",8,1,6,"1",2,1,0,1,"1",8,0,0,0,0,0,0,0,0,0,7,6,0,10,20,"1","1","1","0","1","0","1","0","1","0","1","0","1","0","1","0","1","0","1","1","1","0","1","0","1","1","1","1","1","1","1","1","1","1","0","1","1","0","1","1","0","0","1","1","0","0","0","0","0","0","1","0","0","0","0","0","0","1","0","0","0","0","0","0","1","0","0","0","0","0","0","0","0","0","0","0","0","0","1","0","0","0","0","0","0","1","0","0","0","0","0","0","1","202204","202204","1139"
"0010529","530010","73310000","00394700001180","3","3","00394700000108","","06","","0120","","1","E","","","04","","03","05","06","","99","","","","","","","","","","1","","","","","","1","0","1","0","1","0","1","0","0","1","0","1","0","1",50,32,14,"1",1,0,0,1,1,1,1,1,0,1,1,1,1,11,"1",0,1,0,1,0,0,0,0,6,0,0,0,0,0,0,0,"1",4,1,0,"1",1,1,1,3,"1",9,8,8,16,0,0,0,0,0,0,6,0,0,12,40,"1","1","1","0","1","0","1","0","1","0","1","0","1","0","1","0","1","0","1","0","1","0","1","0","1","1","1","0","1","1","1","0","0","1","0","1","0","0","0","1","1","0","1","1","0","0","0","0","0","0","1","0","0","0","0","0","0","1","0","0","0","0","0","0","1","0","0","0","0","0","0","0","0","0","0","0","0","0","0","0","0","0","0","0","0","1","0","0","0","0","0","0","1","202205","202204","1023"
"0010537","530010","70203900","00394700000884","3","3","00394700000108","","01","","0010","","1","E","","","05","","03","05","06","","99","","","","","","","","","","1","","","","","","1","0","1","0","1","0","1","0","0","0","0","1","0","1",25,12,87,"1",4,5,0,8,20,25,0,0,0,2,0,2,0,8,"1",4,20,0,2,0,0,0,0,6,0,0,1,0,0,0,1,"1",4,2,1,"1",15,15,1,4,"1",20,25,0,0,0,0,0,0,0,0,10,19,0,0,60,"1","1","1","0","1","0","1","0","1","1","1","1","0","1","1","0","1","0","0","1","1","0","1","0","1","1","1","0","1","1","1","1","1","1","0","1","1","1","1","0","0","0","1","1","0","0","0","0","0","0","1","0","0","0","0","0","0","1","0","0","0","0","0","0","1","0","0","0","0","0","0","0","0","0","0","0","0","0","1","0","0","0","0","0","0","1","0","0","0","0","0","0","1","202203","202204","1023"
"0010545","530010","72720660","00394700000701","3","3","00394700000108","","05","","0010","","1","E","","","04","","03","05","06","","99","","","","","","","","","","","","","","","","0","0","1","0","0","0","1","0","0","1","0","0","0","1",23,29,19,"1",0,0,0,0,1,1,1,0,1,0,0,1,1,8,"1",0,4,0,0,0,0,0,0,1,1,1,0,0,0,0,0,"1",4,1,0,"1",2,1,1,1,"1",12,15,15,0,2,0,0,0,0,2,5,10,0,0,27,"1","1","1","0","1","0","1","0","1","0","1","0","1","0","1","0","1","0","0","0","1","0","1","0","1","0","1","0","1","1","0","0","0","1","0","0","0","0","0","0","0","0","1","1","0","0","0","0","0","0","1","0","0","0","0","0","0","1","0","0","0","0","0","0","1","0","0","0","0","0","0","0","0","0","0","0","0","0","1","0","0","0","0","0","0","0","0","0","0","0","0","0","1","202204","202204","1023"
"0010561","530010","70675731","03568867000136","3","1","00000000000000","","","","0010","","0","E","","","04","","03","05","06","","99","","","","","","","","","","","","","","","","0","0","0","0","1","0","1","0","0","1","0","0","0","1",20,88,12,"1",0,0,0,0,0,0,0,5,15,0,0,2,1,4,"1",0,30,0,20,0,0,0,18,2,0,0,1,0,1,4,10,"1",8,0,0,"1",0,0,1,0,"1",3,2,3,5,15,0,0,0,18,0,0,0,0,0,0,"0","1","1","0","0","0","1","0","1","0","0","0","0","0","1","0","1","0","0","0","1","0","1","0","1","1","0","1","1","1","0","0","0","0","0","0","0","0","0","0","0","0","0","0","1","0","0","0","0","0","0","1","0","0","0","0","0","0","0","0","0","0","0","0","0","1","0","0","0","0","0","0","0","0","0","0","0","0","0","0","0","0","0","0","0","0","0","0","0","0","0","0","1","202103","202204","1015"
"0010588","530010","72155000","00000000000000","3","3","00394700000108","","04","","0180","","1","E","","","04","","02","04","03","","99","","","","","","","","","","","","","","","","0","0","1","0","0","0","1","0","0","0","0","0","0","0",0,0,0,"0",2,1,1,0,0,0,0,0,0,0,0,0,0,0,"1",12,4,0,8,0,0,0,0,5,0,5,0,0,0,0,0,"1",0,0,0,"0",0,0,0,0,"0",0,0,0,0,0,0,0,0,0,0,0,0,0,0,0,"0","0","1","0","1","0","1","0","1","0","1","0","0","0","0","0","0","0","1","0","1","0","0","0","1","1","1","0","1","1","0","0","0","0","0","0","0","0","0","0","0","0","0","0","0","0","0","0","0","0","1","0","0","0","0","0","0","1","0","0","0","0","0","0","0","0","0","0","0","0","0","0","0","0","0","0","0","0","0","0","0","0","0","0","0","0","0","0","0","0","0","0","1","202204","202204","1023"
"0010596","530010","70351580","00000000000000","3","3","00394700000108","","01","","0010","","1","E","","","03","","03","62","03","","99","","","","","","","","","","1","","","","","","0","0","1","0","0","0","1","0","0","1","0","0","0","1",0,3,0,"1",0,0,0,0,0,0,0,0,0,0,0,0,0,0,"0",2,12,0,8,0,0,0,0,2,1,7,0,0,0,1,1,"1",0,0,0,"0",0,0,0,0,"0",0,0,0,0,0,0,0,0,0,0,0,0,0,0,0,"0","0","1","0","1","0","1","0","1","0","1","0","0","0","0","0","0","0","0","1","0","0","0","0","1","1","0","0","1","1","0","0","0","0","0","0","0","0","0","0","0","0","0","1","0","0","0","0","0","0","1","0","0","0","0","0","0","1","0","0","0","0","0","0","0","0","0","0","0","0","0","0","0","0","0","0","0","0","1","0","0","0","0","0","0","1","0","0","0","0","0","0","1","202204","202204","1023"
"0010618","530010","72016010","00394700001007","3","3","00394700000108","","08","","0180","","1","E","","","03","","03","07","06","","99","","","","","","","","","","","","","","","","0","0","1","0","0","0","1","0","0","1","0","0","0","1",0,0,0,"0",0,0,0,4,0,0,0,2,0,0,0,0,0,2,"1",0,11,0,5,0,0,0,0,0,0,1,0,0,0,0,0,"1",0,0,0,"0",0,0,0,0,"0",0,0,0,10,0,0,0,0,0,0,0,0,0,0,0,"0","0","1","0","1","0","1","0","0","0","1","0","0","0","0","0","0","0","0","0","1","0","0","0","1","1","0","0","1","1","0","0","0","1","0","0","0","0","0","0","0","0","1","1","0","0","0","0","0","0","1","0","0","0","0","0","0","0","0","0","0","0","0","0","1","0","0","0","0","0","0","0","0","0","0","0","0","0","0","0","0","0","0","0","0","0","0","0","0","0","0","0","1","202204","202204","1023"
"0010626","530010","72155000","00000000000000","3","3","00394700000108","","04","","0180","","1","E","","","03","","03","02","04","","99","","","","","","","","","","","","","","","","1","0","0","0","0","0","1","0","0","0","0","0","0","0",0,0,0,"0",0,0,0,0,0,0,0,0,0,0,0,0,0,0,"0",5,0,3,3,0,0,0,0,1,0,1,1,1,0,1,0,"1",0,0,0,"0",0,0,0,0,"0",0,0,0,0,0,0,0,0,0,0,0,0,0,0,0,"0","0","1","0","1","0","1","0","1","0","0","0","0","0","0","0","0","0","0","0","0","0","0","0","1","1","0","0","1","1","0","0","0","0","0","0","0","0","0","0","0","0","0","0","0","0","0","0","0","0","1","0","0","0","0","0","0","0","0","0","0","0","0","0","0","0","0","0","0","0","0","0","0","0","0","0","0","0","0","0","0","0","0","0","0","0","0","0","0","0","0","0","1","202205","202204","1023"
"0010634","530010","71570210","00000000000000","3","3","00394700000108","","07","","0110","","1","E","","","03","","03","02","04","","99","","","","","","","","","","","","","","","","1","0","1","0","0","0","1","0","0","0","0","0","0","0",0,0,0,"0",0,0,0,0,0,0,0,0,0,0,0,0,0,0,"0",15,2,0,4,0,0,0,1,4,0,1,1,1,0,1,0,"1",0,0,0,"0",0,0,0,0,"0",0,0,0,0,0,0,0,0,3,0,0,0,0,0,0,"0","0","1","0","1","0","1","0","1","0","0","0","0","0","0","0","0","0","0","0","0","0","0","0","1","1","1","0","1","1","0","0","0","0","0","0","0","0","0","0","1","0","1","0","0","0","0","0","0","0","1","0","0","0","0","0","0","0","0","0","0","0","0","0","0","0","0","0","0","0","0","0","0","0","0","0","0","0","0","0","0","0","0","0","0","0","0","0","0","0","0","0","1","202203","202204","1023"
"0010642","530010","72318599","00000000000000","3","3","00394700000108","","04","","0140","","1","E","","","04","","03","02","03","","99","","","","","","","","","","1","","","","","","1","0","1","0","0","0","1","0","0","0","0","0","0","0",0,0,0,"0",0,0,0,0,0,0,0,0,0,0,0,0,0,0,"0",6,0,0,3,0,0,0,1,0,0,5,0,1,0,1,0,"1",0,0,0,"0",0,0,0,0,"0",0,0,0,0,0,0,0,0,0,0,0,0,0,0,0,"0","0","1","0","1","0","1","0","1","0","0","0","0","0","0","0","0","0","0","0","0","0","0","0","1","1","0","0","1","1","0","0","0","0","0","0","0","0","0","0","0","0","0","0","0","0","0","0","0","0","1","0","0","0","0","0","0","0","0","0","0","0","0","0","0","0","0","0","0","0","0","0","0","0","0","0","0","0","0","0","0","0","0","0","0","0","0","0","0","0","0","0","1","202205","202204","1023"
"0010650","530010","73340100","00000000000000","3","3","00394700000108","","06","","0120","","1","E","","","04","","01","02","03","","99","","","","","","","","","","1","","","","","","1","0","0","0","0","0","1","0","0","0","0","0","0","0",0,0,0,"0",0,0,0,0,0,0,0,0,0,0,0,0,0,0,"0",7,0,0,2,0,0,0,0,1,0,1,1,1,0,1,0,"1",0,0,0,"0",0,0,0,0,"0",0,0,0,0,0,0,0,0,0,0,0,0,0,0,0,"0","0","1","0","1","0","1","0","1","0","1","0","0","0","0","0","0","0","0","0","0","0","0","0","1","1","1","0","1","1","0","0","0","0","0","0","0","0","0","0","0","0","0","0","0","0","0","0","0","0","1","0","0","0","0","0","0","0","0","0","0","0","0","0","0","0","0","0","0","0","0","0","0","0","0","0","0","0","1","0","0","0","0","0","0","0","0","0","0","0","0","0","1","202204","202204","1023"
"0010669","530010","72547305","00000000000000","3","3","00394700000108","","03","","0150","","1","E","","","04","","01","02","03","","99","","","","","","","","","","1","","","","","","1","0","1","0","0","0","1","0","0","0","0","0","0","0",0,0,0,"0",0,0,0,0,0,0,0,0,0,0,0,0,0,0,"0",8,0,0,8,0,0,0,0,1,0,11,1,1,0,1,0,"1",0,0,0,"0",0,0,0,0,"0",0,0,0,0,0,0,0,0,0,0,0,0,0,0,0,"0","0","1","0","1","0","1","0","1","0","0","0","0","0","0","0","0","0","1","0","1","0","0","0","1","1","0","0","1","1","0","0","0","0","0","0","0","0","0","0","0","0","0","0","0","0","0","0","0","0","1","0","0","0","0","0","0","0","0","0","0","0","0","0","0","0","0","0","0","0","0","0","0","0","0","0","0","0","1","0","0","0","0","0","0","1","0","0","0","0","0","0","1","202204","202204","1023"
"0010677","530010","72329500","00000000000000","3","3","00394700000108","","04","","0140","","1","E","","","04","","03","02","03","","99","","","","","","","","","","1","","","","","","1","0","1","0","0","0","1","0","0","0","0","0","0","0",0,0,0,"0",0,0,0,0,0,0,0,0,0,0,0,0,0,0,"0",6,0,8,0,0,0,0,0,1,0,1,1,1,0,1,0,"1",0,0,0,"0",0,0,0,0,"0",0,0,0,0,0,0,0,0,0,0,0,0,0,0,0,"0","0","1","0","1","0","1","0","1","0","0","0","0","0","0","0","0","0","0","0","0","0","0","0","1","1","1","0","1","1","0","0","0","0","0","0","0","0","0","0","0","0","0","0","0","0","0","0","0","0","1","0","0","0","0","0","0","0","0","0","0","0","0","0","0","0","0","0","0","0","0","0","0","0","0","0","0","0","0","0","0","0","0","0","0","0","0","0","0","0","0","0","1","202205","202204","1023"
"0010685","530010","72312702","00000000000000","3","3","00394700000108","","04","","0140","","1","E","","","04","","03","02","03","","99","","","","","","","","","","1","","","","","","1","0","1","0","0","0","1","0","0","0","0","0","0","0",0,0,0,"0",0,0,0,0,0,0,0,0,0,0,0,0,0,0,"0",5,0,4,1,0,0,0,0,4,0,4,1,1,0,1,0,"1",0,0,0,"0",0,0,0,0,"0",0,0,0,0,0,0,0,0,0,0,0,0,0,0,0,"0","0","1","0","1","0","1","0","1","0","0","0","0","0","0","0","0","0","0","0","0","0","0","0","1","1","0","0","1","1","0","0","0","0","0","0","0","0","0","0","0","0","0","0","0","0","0","0","0","0","1","0","0","0","0","0","0","0","0","0","0","0","0","0","0","0","0","0","0","0","0","0","0","0","0","0","0","0","0","0","0","0","0","0","0","0","0","0","0","0","0","0","1","202010","202204","1023"
"0010707","530010","70790054","00000000000000","3","3","00394700000108","","02","","0010","","1","E","","","04","","03","02","03","","99","","","","","","","","","","","","","","","","1","0","1","0","0","0","1","0","0","0","0","0","0","0",0,0,0,"0",0,0,0,0,0,0,0,0,0,0,0,0,0,0,"0",6,2,0,4,0,0,0,0,1,0,3,1,1,0,1,0,"1",0,0,0,"0",0,0,0,0,"0",0,0,0,0,0,0,0,0,0,0,0,0,0,0,0,"0","0","1","0","1","0","1","0","1","0","1","0","0","0","0","0","0","0","0","0","0","0","0","0","1","1","0","0","1","1","0","0","0","0","0","0","0","0","0","0","0","0","0","0","0","0","0","0","0","0","1","0","0","0","0","0","0","0","0","0","0","0","0","0","0","0","0","0","0","0","0","0","0","0","0","0","0","0","0","0","0","0","0","0","0","0","0","0","0","0","0","0","1","202204","202204","1023"
"0010723","530010","70764400","00000000000000","3","3","00394700000108","","02","","0010","","1","E","","","04","","01","02","04","","99","","","","","","","","","","","","","","","","1","0","1","0","0","0","1","0","0","0","0","0","0","0",0,0,0,"0",0,0,0,0,0,0,0,0,0,0,0,0,0,0,"0",6,0,0,1,0,0,0,0,1,0,3,1,1,0,1,0,"1",0,0,0,"0",0,0,0,0,"0",0,0,0,0,0,0,0,0,0,0,0,0,0,0,0,"0","0","1","0","1","0","1","0","1","0","1","0","0","0","0","0","0","0","0","0","0","0","0","0","1","1","0","0","1","1","0","0","0","0","0","0","0","0","0","0","0","0","0","0","0","0","0","0","0","0","1","0","0","0","0","0","0","0","0","0","0","0","0","0","0","0","0","0","0","0","0","0","0","0","0","0","0","0","0","0","0","0","0","0","0","0","0","0","0","0","0","0","1","202204","202204","1023"
"0010731","530010","70655610","00000000000000","3","3","00394700000108","","02","","0050","","1","E","","","04","","03","02","03","","99","","","","","","","","","","","","","","","","1","0","1","0","0","0","1","0","0","0","0","0","0","0",0,0,0,"0",0,0,0,0,0,0,0,0,0,0,0,0,0,0,"0",8,1,0,2,0,0,0,0,1,0,1,1,1,0,1,0,"1",0,0,0,"0",0,0,0,0,"0",0,0,0,0,0,0,0,0,0,0,0,0,0,0,0,"0","0","1","0","1","0","1","0","1","0","0","0","0","0","0","0","0","0","0","0","0","0","0","0","1","1","0","0","1","1","0","0","0","0","0","0","0","0","0","0","0","0","0","0","0","0","0","0","0","0","1","0","0","0","0","0","0","0","0","0","0","0","0","0","0","0","0","0","0","0","0","0","0","0","0","0","0","0","0","0","0","0","0","0","0","0","0","0","0","0","0","0","1","202204","202204","1023"
"0010758","530010","70640008","00000000000000","3","3","00394700000108","","02","","","","1","E","","","04","","03","02","03","","99","","","","","","","","","20020828","1","","","","","","1","0","1","0","0","0","1","0","0","0","0","0","0","0",0,0,0,"0",0,0,0,0,0,0,0,0,0,0,0,0,0,0,"0",7,0,0,6,0,0,0,0,1,0,2,1,1,0,0,0,"1",0,0,0,"0",0,0,0,0,"0",0,0,0,0,0,0,0,0,0,0,0,0,0,0,0,"0","0","1","0","1","0","1","0","1","0","0","0","0","0","0","0","0","0","0","0","0","0","0","0","1","1","0","0","1","1","0","0","0","0","0","0","0","0","0","0","0","0","0","0","0","0","0","0","0","0","1","0","0","0","0","0","0","0","0","0","0","0","0","0","0","0","0","0","0","0","0","0","0","0","0","0","0","0","0","0","0","0","0","0","0","0","0","0","0","0","0","0","1","202201","202204","1023"
"0010766","530010","70390125","00394700002070","3","3","00394700000108","","","","0010","","1","E","","","04","","03","36","03","","99","","","","","","","","","","","","","","","","0","0","1","0","0","0","1","0","0","0","0","0","0","0",0,0,0,"0",0,0,0,0,0,0,0,0,0,0,0,0,0,0,"0",0,0,0,0,0,0,0,0,8,0,0,0,0,0,0,0,"1",0,0,0,"0",0,0,0,0,"0",0,0,0,0,0,0,0,0,0,0,0,0,0,0,0,"0","0","0","0","0","0","0","0","0","0","0","0","0","0","0","0","0","0","0","0","0","0","0","0","0","1","1","0","1","1","0","0","0","0","0","1","0","1","0","1","1","0","1","0","0","0","0","0","0","0","1","0","0","0","0","0","0","0","0","0","0","0","0","0","0","0","0","0","0","0","0","0","0","0","0","0","0","0","0","0","0","0","0","0","0","0","0","0","0","0","0","0","1","202204","202204","1023"
"0010774","530010","72331565","00000000000000","3","3","00394700000108","","04","","0140","","1","E","","","04","","01","02","03","","99","","","","","","","","0000000","20001111","1","","","","","","1","0","1","0","0","0","1","0","0","0","0","0","0","0",0,0,0,"0",0,0,0,0,0,0,0,0,0,0,0,0,0,0,"0",11,0,0,1,0,0,0,1,1,0,6,1,1,0,1,0,"1",0,0,0,"0",0,0,0,0,"0",0,0,0,0,0,0,0,0,1,0,0,0,0,0,0,"0","0","1","0","1","0","1","0","1","0","0","0","0","0","0","0","0","0","0","0","0","0","0","0","1","1","1","0","1","1","0","0","0","0","0","0","0","0","0","0","0","0","0","0","0","0","0","0","0","0","1","0","0","0","0","0","0","0","0","0","0","0","0","0","0","0","0","0","0","0","0","0","0","0","0","0","0","0","0","0","0","0","0","0","0","0","0","0","0","0","0","0","1","202205","202204","1023"
"0010782","530010","72507520","00000000000000","3","3","00394700000108","","03","","0150","","1","E","","","04","","03","02","04","","99","","","","","","","","","","1","","","","","","1","0","1","0","0","0","1","0","0","0","0","0","0","0",0,0,0,"0",0,0,0,0,0,0,0,0,0,0,0,0,0,0,"0",6,1,0,6,0,0,0,0,1,0,1,1,1,0,1,0,"1",0,0,0,"0",0,0,0,0,"0",0,0,0,0,0,0,0,0,0,0,0,0,0,0,0,"0","0","1","0","1","0","1","0","1","0","0","0","0","0","0","0","0","0","0","0","0","0","0","0","1","1","1","1","1","1","0","0","0","0","0","0","0","0","0","0","0","0","0","0","0","0","0","0","0","0","1","0","0","0","0","0","0","0","0","0","0","0","0","0","0","0","0","0","0","0","0","0","0","0","0","0","0","0","1","0","0","0","0","0","0","1","0","0","0","0","0","0","1","202204","202204","1023"
"0010790","530010","71691047","00000000000000","3","3","00394700000108","","07","","0160","","1","E","","","03","","03","02","03","","99","","","","","","","","","","","","","","","","1","0","0","0","0","0","1","0","0","0","0","0","0","0",0,0,0,"0",0,0,0,0,0,0,0,0,0,0,0,0,0,0,"0",10,0,0,11,0,0,0,1,5,0,8,1,1,0,1,0,"1",0,0,0,"0",0,0,0,0,"0",0,0,0,0,0,0,0,0,0,0,0,0,0,0,0,"0","0","1","0","0","0","1","0","1","0","0","0","0","0","0","0","0","0","0","0","0","0","0","0","1","1","0","0","1","1","0","0","0","0","0","0","0","0","0","0","0","0","0","0","0","0","0","0","0","0","1","0","0","0","0","0","0","0","0","0","0","0","0","0","0","0","0","0","0","0","0","0","0","0","0","0","0","0","0","0","0","0","0","0","0","0","0","0","0","0","0","0","1","202203","202204","1023"
"0010804","530010","72620400","00000000000000","3","3","00394700000108","","4","","0130","","1","E","","","04","","03","02","03","","99","","","","","","","","","","","","","","","","1","0","1","0","0","0","1","0","0","0","0","0","0","0",0,0,0,"0",0,0,0,0,0,0,0,0,0,0,0,0,0,0,"0",4,0,0,1,0,0,0,0,0,0,1,0,1,0,1,0,"1",0,0,0,"0",0,0,0,0,"0",0,0,0,0,0,0,0,0,0,0,0,0,0,0,0,"0","0","1","0","0","0","0","0","1","0","0","0","0","0","0","0","0","0","0","0","0","0","0","0","1","1","0","0","1","1","0","0","0","0","0","0","0","0","0","0","0","0","0","0","0","0","0","0","0","0","1","0","0","0","0","0","0","0","0","0","0","0","0","0","0","0","0","0","0","0","0","0","0","0","0","0","0","0","0","0","0","0","0","0","0","0","0","0","0","0","0","0","1","202205","202204","1023"
"0010820","530010","72415318","00000000000000","3","3","00394700000108","","03","","0010","","1","E","","","03","","01","02","03","","99","","","","","","","","","","","","","","","","1","0","1","0","0","0","1","0","0","0","0","0","0","0",0,0,0,"0",0,0,0,0,0,0,0,0,0,0,0,0,0,0,"0",7,0,0,2,0,0,0,0,2,0,5,1,1,0,1,0,"1",0,0,0,"0",0,0,0,0,"0",0,0,0,0,0,0,0,0,0,0,0,0,0,0,0,"0","0","1","0","0","0","1","0","1","0","0","0","0","0","0","0","0","0","0","0","0","0","0","0","1","1","0","0","1","1","0","0","0","0","0","0","0","0","0","0","0","0","0","0","0","0","0","0","0","0","1","0","0","0","0","0","0","0","0","0","0","0","0","0","0","0","0","0","0","0","0","0","0","0","0","0","0","0","1","0","0","0","0","0","0","1","0","0","0","0","0","0","1","202201","202204","1023"
"0010839","530010","72410110","00000000000000","3","3","00394700000108","","03","","0060","","1","E","","","03","","03","02","03","","99","","","","","","","","","","","","","","","","1","0","1","0","0","0","1","0","0","0","0","0","0","0",0,0,0,"0",0,0,0,0,0,0,0,0,0,0,0,0,0,0,"0",5,0,0,1,0,0,0,0,2,0,13,1,1,0,1,0,"1",0,0,0,"0",0,0,0,0,"0",0,0,0,0,0,0,0,0,0,0,0,0,0,0,0,"0","0","1","0","0","0","1","0","1","0","1","0","0","0","0","0","0","0","0","0","0","0","0","0","1","1","0","0","1","1","0","0","0","0","0","0","0","0","0","0","0","0","0","0","0","0","0","0","0","0","1","0","0","0","0","0","0","0","0","0","0","0","0","0","0","0","0","0","0","0","0","0","0","0","0","0","0","0","1","0","0","0","0","0","0","1","0","0","0","0","0","0","1","202201","202204","1023"
"0010847","530010","72457994","00000000000000","3","3","00394700000108","","","","0060","","1","E","","","03","","03","02","03","","99","","","","","","","","","","","","","","","","1","0","1","0","0","0","1","0","0","0","0","0","0","0",0,0,0,"0",0,0,0,0,0,0,0,0,0,0,0,0,0,0,"0",6,0,0,0,0,0,0,0,3,0,6,1,1,0,1,0,"1",0,0,0,"0",0,0,0,0,"0",0,0,0,0,0,0,0,0,0,0,0,0,0,0,0,"0","0","1","0","0","0","1","0","1","0","0","0","0","0","0","0","0","0","0","0","0","0","0","0","1","1","0","0","1","1","0","0","0","0","0","0","0","0","0","0","0","0","0","0","0","0","0","0","0","0","1","0","0","0","0","0","0","0","0","0","0","0","0","0","0","0","0","0","0","0","0","0","0","0","0","0","0","0","1","0","0","0","0","0","0","1","0","0","0","0","0","0","1","202204","202204","1023"
"0010855","530010","72460120","00000000000000","3","3","00394700000108","","03","","0060","","1","E","","","03","","03","02","04","","99","","","","","","","","","","","","","","","","1","0","1","0","0","0","1","0","0","0","0","0","0","0",0,0,0,"0",0,0,0,0,0,0,0,0,0,0,0,0,0,0,"0",7,0,0,4,0,0,0,0,1,0,6,1,1,0,1,0,"1",0,0,0,"0",0,0,0,0,"0",0,0,0,0,0,0,0,0,0,0,0,0,0,0,0,"0","0","1","0","0","0","1","0","1","0","0","0","0","0","0","0","0","0","0","0","0","0","0","0","1","1","0","0","1","1","0","0","0","0","0","0","0","0","0","0","0","0","0","0","0","0","0","0","0","0","1","0","0","0","0","0","0","0","0","0","0","0","0","0","0","0","0","0","0","0","0","0","0","0","0","0","0","0","1","0","0","0","0","0","0","1","0","0","0","0","0","0","1","202204","202204","1023"
"0010863","530010","72405380","00000000000000","3","3","00394700000108","","03","","0060","","1","E","","","03","","03","02","03","","99","","","","","","","","","","1","","","","","","1","0","1","0","0","0","1","0","0","0","0","0","0","0",0,0,0,"0",0,0,0,0,0,0,0,0,0,0,0,0,0,0,"0",9,1,1,0,0,0,0,0,1,0,7,1,1,0,1,0,"1",0,0,0,"0",0,0,0,0,"0",0,0,0,0,0,0,0,0,0,0,0,0,0,0,0,"0","0","1","0","0","0","1","0","1","0","0","0","0","0","0","0","0","0","0","0","0","0","0","0","1","1","0","0","1","1","0","0","0","0","0","0","0","0","0","0","0","0","0","0","0","0","0","0","0","0","1","0","0","0","0","0","0","0","0","0","0","0","0","0","0","0","0","0","0","0","0","0","0","0","0","0","0","0","1","0","0","0","0","0","0","1","0","0","0","0","0","0","1","202204","202204","1023"
"0010871","530010","72465390","00000000000000","3","3","00394700000108","","03","","0060","","1","E","","","03","","03","02","03","","99","","","","","","","","","","","","","","","","1","0","1","0","0","0","1","0","0","0","0","0","0","0",0,0,0,"0",0,0,0,0,0,0,0,0,0,0,0,0,0,0,"0",6,0,0,1,0,0,0,0,2,0,3,1,1,0,1,0,"1",0,0,0,"0",0,0,0,0,"0",0,0,0,0,0,0,0,0,0,0,0,0,0,0,0,"0","0","1","0","0","0","1","0","1","0","1","0","0","0","0","0","0","0","0","0","0","0","0","0","1","1","0","0","1","1","0","0","1","0","0","0","0","0","0","0","0","0","1","0","0","0","0","0","0","0","1","0","0","0","0","0","0","0","0","0","0","0","0","0","0","0","0","0","0","0","0","0","0","0","0","0","0","0","1","0","0","0","0","0","0","1","0","0","0","0","0","0","1","202201","202204","1023"
"0010898","530010","72465390","00000000000000","3","3","00394700000108","","03","","0060","","1","E","","","03","","03","02","03","","99","","","","","","","","","","","","","","","","1","0","1","0","0","0","1","0","0","0","0","0","0","0",0,0,0,"0",0,0,0,0,0,0,0,0,0,0,0,0,0,0,"0",8,0,0,0,0,0,0,0,0,0,8,0,0,0,1,0,"1",0,0,0,"0",0,0,0,0,"0",0,0,0,0,0,0,0,0,0,0,0,0,0,0,0,"0","0","1","0","0","0","0","0","1","0","0","0","0","0","0","0","0","0","0","1","0","0","0","0","1","1","1","0","1","1","0","0","0","0","0","1","0","0","1","1","1","0","1","0","0","0","0","0","0","0","1","0","0","0","0","0","0","0","0","0","0","0","0","0","0","0","0","0","0","0","0","0","0","0","0","0","0","0","1","0","0","0","0","0","0","1","0","0","0","0","0","0","1","202108","202204","1023"
"0010901","530010","72155000","00000000000000","3","3","00394700000108","","04","","0180","","1","E","","","04","","01","02","03","","99","","","","","","","","","","","","","","","","1","0","1","0","0","0","1","0","0","0","0","0","0","0",0,0,0,"0",0,0,0,0,0,0,0,0,0,0,0,0,0,0,"0",6,0,0,3,0,0,0,0,1,0,4,1,1,0,1,0,"1",0,0,0,"0",0,0,0,0,"0",0,0,0,0,0,0,0,0,0,0,0,0,0,0,0,"0","0","1","0","1","0","1","0","1","0","0","0","0","0","0","0","0","0","0","0","0","0","0","0","1","1","0","0","1","1","0","0","0","0","0","0","0","0","0","0","0","0","0","0","0","0","0","0","0","0","1","0","0","0","0","0","0","0","0","0","0","0","0","0","0","0","0","0","0","0","0","0","0","0","0","0","0","0","0","0","0","0","0","0","0","0","0","0","0","0","0","0","1","202205","202204","1023"
"0010928","530010","72155000","00000000000000","3","3","00394700000108","","04","","0180","","1","E","","","03","","01","02","03","","99","","","","","","","","","","","","","","","","1","0","1","0","0","0","1","0","0","0","0","0","0","0",0,0,0,"0",0,0,0,0,0,0,0,0,0,0,0,0,0,0,"0",6,0,0,2,0,0,0,0,1,0,4,1,1,0,1,0,"1",0,0,0,"0",0,0,0,0,"0",0,0,0,0,0,0,0,0,0,0,0,0,0,0,0,"0","0","1","0","1","0","1","0","1","0","0","0","0","0","0","0","0","0","0","0","0","0","0","0","1","1","0","0","1","1","0","0","0","0","0","0","0","0","0","0","0","0","0","0","0","0","0","0","0","0","1","0","0","0","0","0","0","0","0","0","0","0","0","0","0","0","0","0","0","0","0","0","0","0","0","0","0","0","0","0","0","0","0","0","0","0","0","0","0","0","0","0","1","202205","202204","1023"
"0010936","530010","72155000","00000000000000","3","3","00394700000108","","04","","0180","","1","E","","","03","","01","02","03","","99","","","","","","","","","","","","","","","","1","0","1","0","0","0","1","0","0","0","0","0","0","0",0,0,0,"0",0,0,0,0,0,0,0,0,0,0,0,0,0,0,"0",6,0,0,4,0,0,0,0,1,0,1,1,0,0,1,0,"1",0,0,0,"0",0,0,0,0,"0",0,0,0,0,0,0,0,0,0,0,0,0,0,0,0,"0","0","1","0","1","0","1","0","1","0","0","0","0","0","0","0","0","0","0","0","0","0","0","0","1","1","0","0","1","1","0","0","0","0","0","0","0","0","0","0","0","0","0","0","0","0","0","0","0","0","1","0","0","0","0","0","0","0","0","0","0","0","0","0","0","0","0","0","0","0","0","0","0","0","0","0","0","0","0","0","0","0","0","0","0","0","0","0","0","0","0","0","1","202205","202204","1023"
"0010952","530010","72155000","00000000000000","3","3","00394700000108","","04","","0180","","1","E","","","03","","01","02","03","","99","","","","","","","","","","","","","","","","1","0","1","0","0","0","1","0","0","0","0","0","0","0",0,0,0,"0",0,0,0,0,0,0,0,0,0,0,0,0,0,0,"0",8,0,2,5,0,0,0,0,1,0,1,1,0,0,1,0,"1",0,0,0,"0",0,0,0,0,"0",0,0,0,0,0,0,0,0,0,0,0,0,0,0,0,"0","0","1","0","1","0","1","0","1","0","0","0","0","0","0","0","0","0","0","0","0","0","0","0","1","1","0","0","1","1","0","0","0","0","0","0","0","0","0","0","0","0","0","0","0","0","0","0","0","0","1","0","0","0","0","0","0","0","0","0","0","0","0","0","0","0","0","0","0","0","0","0","0","0","0","0","0","0","0","0","0","0","0","0","0","0","0","0","0","0","0","0","1","202205","202204","1023"
"0010960","530010","72155000","00000000000000","3","3","00394700000108","","04","","0180","","1","E","","","03","","01","02","03","","99","","","","","","","","","","","","","","","","1","0","1","0","0","0","1","0","0","0","0","0","0","0",0,0,0,"0",0,0,0,0,0,0,0,0,0,0,0,0,0,0,"0",5,0,2,2,0,0,0,0,1,0,4,1,1,0,1,0,"1",0,0,0,"0",0,0,0,0,"0",0,0,0,0,0,0,0,0,0,0,0,0,0,0,0,"0","0","1","0","1","0","1","0","1","0","0","0","0","0","0","0","0","0","0","0","0","0","0","0","1","1","0","0","1","1","0","0","0","0","0","0","0","0","0","0","0","0","0","0","0","0","0","0","0","0","1","0","0","0","0","0","0","0","0","0","0","0","0","0","0","0","0","0","0","0","0","0","0","0","0","0","0","0","0","0","0","0","0","0","0","0","0","0","0","0","0","0","1","202205","202204","1023"
"0010987","530010","72225150","00000000000000","3","3","00394700000108","","05","","0040","","1","E","","","03","","01","02","03","","99","","","","","","","","","","","","","","","","1","0","1","0","0","0","1","0","0","0","0","0","0","0",0,0,0,"0",0,0,0,0,0,0,0,0,0,0,0,0,0,0,"0",9,0,0,1,0,0,0,0,1,0,3,1,1,0,1,0,"1",0,0,0,"0",0,0,0,0,"0",0,0,0,0,0,0,0,0,0,0,0,0,0,0,0,"0","0","1","0","0","0","1","0","1","0","0","0","0","0","0","0","0","0","0","0","0","0","0","0","1","1","1","0","1","1","0","0","0","0","0","0","0","0","0","1","1","0","1","0","0","0","0","0","0","0","1","0","0","0","0","0","0","0","0","0","0","0","0","0","0","0","0","0","0","0","0","0","0","0","0","0","0","0","0","0","0","0","0","0","0","0","0","0","0","0","0","0","1","202204","202204","1023"
"0010995","530010","72215150","00000000000000","3","3","00394700000108","","05","","0040","","1","E","","","03","","01","02","03","","99","","","","","","","","","","","","","","","","1","0","1","0","0","0","1","0","0","0","0","0","0","0",0,0,0,"0",0,0,0,0,0,0,0,0,0,0,0,0,0,0,"0",3,0,4,3,0,0,0,0,3,0,3,1,1,0,1,0,"1",0,0,0,"0",0,0,0,0,"0",0,0,0,0,0,0,0,0,0,0,0,0,0,0,0,"0","0","1","0","1","0","1","0","1","0","1","0","0","0","0","0","0","0","0","0","0","0","0","0","1","1","1","0","1","1","0","0","0","0","0","0","0","0","0","0","0","0","0","0","0","0","0","0","0","0","1","0","0","0","0","0","0","0","0","0","0","0","0","0","0","0","0","0","0","0","0","1","0","0","0","0","0","0","1","0","0","0","0","0","0","0","0","0","0","0","0","0","1","202204","202204","1023"
"0011002","530010","72220160","00000000000000","3","3","00394700000108","","05","","0040","","1","E","","","03","","01","02","03","","99","","","","","","","","","","","","","","","","1","0","1","0","0","0","1","0","0","0","0","0","0","0",0,0,0,"0",0,0,0,0,0,0,0,0,0,0,0,0,0,0,"0",7,1,0,1,0,0,0,0,1,0,6,0,0,0,1,0,"1",0,0,0,"0",0,0,0,0,"0",0,0,0,0,0,0,0,0,1,0,0,0,0,0,0,"0","0","1","0","0","0","1","0","1","0","0","0","0","0","0","0","0","0","0","0","0","0","0","0","1","1","1","0","1","1","0","0","0","0","0","0","0","0","0","0","0","0","0","0","0","0","0","0","0","0","1","0","0","0","0","0","0","0","0","0","0","0","0","0","0","0","0","0","0","0","0","0","0","0","0","0","0","0","1","0","0","0","0","0","0","0","0","0","0","0","0","0","1","202204","202204","1023"
"0011010","530010","72210160","00000000000000","3","3","00394700000108","","05","","0040","","1","E","","","03","","03","02","03","","99","","","","","","","","","","","","","","","","1","0","1","0","0","0","1","0","0","0","0","0","0","0",0,0,0,"0",0,0,0,0,0,0,0,0,0,0,0,0,0,0,"0",9,0,0,3,0,0,0,1,3,0,3,1,1,0,1,0,"1",0,0,0,"0",0,0,0,0,"0",0,0,0,0,0,0,0,0,1,0,0,0,0,0,0,"0","0","1","0","1","0","1","0","1","0","0","0","0","0","0","0","0","0","0","0","0","0","0","0","1","1","1","0","1","1","0","0","0","0","0","1","0","0","0","1","1","0","1","0","0","0","0","0","0","0","1","0","0","0","0","0","0","0","0","0","0","0","0","0","0","0","0","0","0","0","0","0","0","0","0","0","0","0","1","0","0","0","0","0","0","0","0","0","0","0","0","0","1","202204","202204","1023"
"0011029","530010","72231413","00000000000000","3","3","00394700000108","","05","","0040","","1","E","","","04","","01","02","04","","99","","","","","","","","","","","","","","","","1","0","1","0","0","0","1","0","0","0","0","0","0","0",0,0,0,"0",0,0,0,0,0,0,0,0,0,0,0,0,0,0,"0",8,0,0,2,0,0,0,0,2,0,7,1,1,0,1,0,"1",0,0,0,"0",0,0,0,0,"0",0,0,0,0,0,0,0,0,0,0,0,0,0,0,0,"0","0","1","0","1","0","1","0","1","0","0","0","0","0","0","0","0","0","0","0","0","0","0","0","1","1","0","0","1","1","0","0","0","0","0","0","0","0","0","0","0","0","0","0","0","0","0","0","0","0","1","0","0","0","0","0","0","0","0","0","0","0","0","0","0","0","0","0","0","0","0","0","0","0","0","0","0","0","0","0","0","0","0","0","0","0","0","0","0","0","0","0","1","202204","202204","1023"
"0011037","530010","72255000","00000000000000","3","3","00394700000108","","05","","0040","","1","E","","","03","","01","02","03","","99","","","","","","","","","","","","","","","","1","0","1","0","0","0","1","0","0","0","0","0","0","0",0,0,0,"0",0,0,0,0,0,0,0,0,0,0,0,0,0,0,"0",7,0,1,4,0,0,0,0,3,0,3,1,1,0,1,0,"1",0,0,0,"0",0,0,0,0,"0",0,0,0,0,0,0,0,0,0,0,0,0,0,0,0,"0","0","1","0","1","0","1","0","1","0","1","0","0","0","0","0","0","0","0","0","0","0","0","0","1","1","1","0","1","1","0","0","0","0","0","0","0","0","0","0","0","0","0","0","0","0","0","0","0","0","1","0","0","0","0","0","0","0","0","0","0","0","0","0","0","0","0","0","0","0","0","1","0","0","0","0","0","0","1","0","0","0","0","0","0","0","0","0","0","0","0","0","1","202204","202204","1023"
"0011045","530010","72241540","00000000000000","3","3","00394700000108","","05","","0040","","1","E","","","04","","01","02","04","","99","","","","","","","","","","","","","","","","1","0","1","0","0","0","1","0","0","0","0","0","0","0",0,0,0,"0",0,0,0,0,0,0,0,0,0,0,0,0,0,0,"0",15,1,0,1,0,0,0,0,1,0,3,1,1,0,1,0,"1",0,0,0,"0",0,0,0,0,"0",0,0,0,0,0,0,0,0,0,0,0,0,0,0,0,"0","0","1","0","1","0","1","0","1","0","1","0","0","0","0","0","0","0","0","0","0","0","0","0","1","1","0","0","1","1","0","0","0","0","0","0","0","0","0","0","0","0","0","0","0","0","0","0","0","0","1","0","0","0","0","0","0","0","0","0","0","0","0","0","0","0","0","0","0","0","0","0","0","0","0","0","0","0","1","0","0","0","0","0","0","0","0","0","0","0","0","0","1","202204","202204","1023"
"0011053","530010","72235571","00000000000000","3","3","00394700000108","","05","","0040","","1","E","","","03","","01","02","03","","99","","","","","","","","","","","","","","","","1","0","1","0","0","0","1","0","0","0","0","0","0","0",0,0,0,"0",0,0,0,0,0,0,0,0,0,0,0,0,0,0,"0",4,1,0,3,0,0,0,0,4,0,5,1,1,0,1,0,"1",0,0,0,"0",0,0,0,0,"0",0,0,0,0,0,0,0,0,0,2,0,0,0,0,0,"0","0","1","0","1","0","1","0","1","0","1","0","0","0","0","0","0","0","0","0","0","0","0","0","1","1","0","0","1","1","0","0","0","0","0","0","0","0","0","0","0","0","0","0","0","0","0","0","0","0","1","0","0","0","0","0","0","0","0","0","0","0","0","0","0","0","0","0","0","0","0","0","0","0","0","0","0","0","1","0","0","0","0","0","0","0","0","0","0","0","0","0","1","202203","202204","1023"
"0011061","530010","72255000","00000000000000","3","3","00394700000108","","05","","0040","","1","E","","","04","","01","02","03","","99","","","","","","","","","","","","","","","","1","0","1","0","0","0","1","0","0","0","0","0","0","0",0,0,0,"0",0,0,0,0,0,0,0,0,0,0,0,0,0,0,"0",8,0,1,2,0,0,0,0,7,1,4,1,1,0,1,1,"1",0,0,0,"0",0,0,0,0,"0",0,0,0,0,0,0,0,0,0,0,0,0,0,0,0,"0","0","1","0","1","0","1","0","1","0","1","0","0","0","0","0","0","0","0","0","0","0","0","0","1","1","1","0","1","1","0","0","0","0","0","0","0","0","0","0","1","0","1","0","0","0","0","0","0","0","1","0","0","0","0","0","0","0","0","0","0","0","0","0","0","0","0","0","0","0","0","0","0","0","0","0","0","0","1","0","0","0","0","0","0","1","0","0","0","0","0","0","1","202204","202204","1023"
"0011096","530010","73310902","00000000000000","3","3","00394700000108","","06","","0120","","1","E","","","04","","01","02","03","","99","","","","","","","","","","1","","","","","","1","0","0","0","0","0","1","0","0","0","0","0","0","0",0,0,0,"0",0,0,0,0,0,0,0,0,0,0,0,0,0,0,"0",8,0,0,5,0,0,0,1,1,0,2,1,1,0,1,0,"1",0,0,0,"0",0,0,0,0,"0",0,0,0,0,0,0,0,0,0,0,0,0,0,0,0,"0","0","1","0","0","0","0","0","0","0","0","0","0","0","0","0","0","0","0","0","0","0","0","0","1","1","1","0","1","1","0","0","0","0","0","0","0","0","0","0","0","0","0","0","0","0","0","0","0","0","1","0","0","0","0","0","0","0","0","0","0","0","0","0","0","0","0","0","0","0","0","0","0","0","0","0","0","0","1","0","0","0","0","0","0","0","0","0","0","0","0","0","1","202204","202204","1023"
"0011118","530010","71010634","00000000000000","3","3","00394700000108","","01","","0070","","1","E","","","03","","01","02","03","","99","","","","","","","","","","","","","","","","1","0","1","0","0","0","1","0","0","0","0","0","0","0",0,0,0,"0",0,0,0,0,0,0,0,0,0,0,0,0,0,0,"0",6,0,0,4,0,0,0,0,2,0,1,1,0,0,1,0,"1",0,0,0,"0",0,0,0,0,"0",0,0,0,0,0,0,0,0,0,0,0,0,0,0,0,"0","0","1","0","1","0","1","0","0","1","1","0","0","0","0","0","0","0","0","0","0","0","0","0","1","1","0","0","1","1","0","0","0","0","0","0","0","0","0","0","0","0","0","0","0","0","0","0","0","0","1","0","0","0","0","0","0","0","0","0","0","0","0","0","0","0","0","0","0","0","0","1","0","0","0","0","0","0","1","0","0","0","0","0","0","0","0","0","0","0","0","0","1","202012","202204","1023"
"0011126","530010","71720585","00000000000000","3","3","00394700000108","","01","","0100","","1","E","","","04","","03","02","04","","99","","","","","","","","","","1","","","","","","1","0","1","0","1","0","1","0","0","0","0","0","0","0",0,0,0,"0",0,0,0,1,0,0,0,1,0,0,0,0,0,0,"1",9,2,0,5,0,0,0,0,2,0,5,2,1,0,1,0,"1",0,0,0,"0",0,0,0,0,"0",0,0,0,2,0,0,0,0,0,0,0,0,0,0,0,"0","0","1","0","1","0","1","0","1","0","0","0","0","0","0","0","0","0","0","1","1","0","0","0","1","1","0","0","1","1","0","0","0","0","0","0","0","0","0","0","0","0","0","0","0","0","0","0","0","0","1","0","0","0","0","0","0","1","0","0","0","0","0","0","0","0","0","0","0","0","0","0","0","0","0","0","0","0","0","0","0","0","0","0","0","0","0","0","0","0","0","0","1","202204","202204","1023"
"0011134","530010","72600200","00000000000000","3","3","00394700000108","","4","","0130","","1","E","","","04","","03","02","04","","99","","","","","","","","","","1","","","","","","1","0","1","0","0","0","1","0","0","0","0","0","0","0",0,0,0,"0",0,0,0,0,0,0,0,0,0,0,0,0,0,0,"0",8,0,0,3,0,0,0,0,1,0,3,1,1,0,1,0,"1",0,0,0,"0",0,0,0,0,"0",0,0,0,0,0,0,0,0,0,0,0,0,0,0,0,"0","0","1","0","1","0","1","0","1","0","1","0","0","0","0","0","0","0","1","0","1","0","0","0","1","1","0","0","1","1","0","0","0","0","0","0","0","0","0","0","0","0","0","0","0","0","0","0","0","0","1","0","0","0","0","0","0","0","0","0","0","0","0","0","0","0","0","0","0","0","0","0","0","0","0","0","0","0","0","0","0","0","0","0","0","0","0","0","0","0","0","0","1","202205","202204","1023"
"0011142","530010","70710100","00000000000000","3","3","00394700000108","","08","","0010","","1","E","","","04","","03","36","03","","99","","","","","","","","","","","","","","","","0","0","1","0","1","0","1","0","0","0","0","0","0","0",0,0,0,"0",0,0,0,0,0,0,0,0,0,0,0,0,0,0,"0",0,4,0,18,0,0,0,0,0,0,0,0,0,0,0,0,"1",0,0,0,"0",0,0,0,0,"0",0,0,0,0,0,0,0,0,0,0,0,0,0,0,0,"0","0","1","0","1","0","0","0","0","0","1","0","0","0","0","0","0","0","0","1","0","0","0","0","1","0","0","0","0","0","0","0","0","0","0","0","0","0","0","0","0","0","0","0","0","0","0","0","0","0","1","0","0","0","0","0","0","1","0","0","0","0","0","0","0","0","0","0","0","0","0","0","0","0","0","0","0","0","0","0","0","0","0","0","0","0","0","0","0","0","0","0","1","202204","202204","1023"
"0011150","530010","70200720","00000000000000","3","3","00394700000108","","01","","0010","","1","E","","","03","","01","02","04","","99","","","","","","","","","","1","","","","","","1","0","1","0","0","0","1","0","0","0","0","0","0","0",0,0,0,"0",0,0,0,0,0,0,0,0,0,0,0,0,0,0,"0",6,4,0,2,0,0,0,0,1,0,1,1,1,0,1,0,"1",0,0,0,"0",0,0,0,0,"0",0,0,0,0,0,0,0,0,0,0,0,0,0,0,0,"0","0","1","0","1","0","1","0","1","0","1","0","0","0","0","0","0","0","0","0","0","0","0","0","1","1","0","0","1","1","0","0","0","0","0","0","0","0","0","0","0","0","0","0","0","0","0","0","0","0","1","0","0","0","0","0","0","0","0","0","0","0","0","0","0","0","0","0","0","0","0","0","0","0","0","0","0","0","1","0","0","0","0","0","0","0","0","0","0","0","0","0","1","202204","202204","1023"
"0011169","530010","71805811","00000000000000","3","3","00394700000108","","01","","0135","","1","E","","","04","","01","02","04","","99","","","","","","","","","","1","","","","","","1","0","1","0","0","0","1","0","0","0","0","0","0","0",0,0,0,"0",0,0,0,0,0,0,0,0,0,0,0,0,0,0,"0",9,0,0,1,0,0,0,0,1,0,1,1,1,0,1,0,"1",0,0,0,"0",0,0,0,0,"0",0,0,0,0,0,0,0,0,0,0,0,0,0,0,0,"0","0","1","0","1","0","1","0","1","0","1","0","0","0","0","0","0","1","0","0","0","0","0","0","1","1","1","0","1","1","0","0","0","0","0","0","0","0","0","0","0","0","0","0","0","0","0","0","0","0","1","0","0","0","0","0","0","0","0","0","0","0","0","0","0","0","0","0","0","0","0","0","0","0","0","0","0","0","0","0","0","0","0","0","0","0","0","0","0","0","0","0","1","202105","202204","1023"
"0011177","530010","71505600","00000000000000","3","3","00394700000108","","02","","0080","","1","E","","","04","","01","02","03","","99","","","","","","","","","","","","","","","","1","0","1","0","0","0","1","0","0","0","0","0","0","0",0,0,0,"0",0,0,0,0,0,0,0,0,0,0,0,0,0,0,"0",6,1,0,1,0,0,0,0,1,0,3,1,0,0,1,0,"1",0,0,0,"0",0,0,0,0,"0",0,0,0,0,0,0,0,0,0,0,0,0,0,0,0,"0","0","1","0","0","0","1","0","1","0","0","0","0","0","0","0","0","0","0","0","0","0","0","0","1","1","0","0","1","1","0","0","0","0","0","0","0","0","0","0","0","0","0","0","0","0","0","0","0","0","1","0","0","0","0","0","0","0","0","0","0","0","0","0","0","0","0","0","0","0","0","0","0","0","0","0","0","0","0","0","0","0","0","0","0","0","0","0","0","0","0","0","1","202203","202204","1023"
"0011185","530010","71725400","00000000000000","3","3","00394700000108","","01","","0030","","1","E","","","04","","01","02","04","","99","","","","","","","","","","1","","","","","","1","0","1","0","0","0","1","0","0","0","0","0","0","0",0,0,0,"0",0,0,0,0,0,0,0,0,0,0,0,0,0,0,"0",7,0,0,0,0,0,0,0,2,0,1,1,1,0,1,0,"1",0,0,0,"0",0,0,0,0,"0",0,0,0,0,0,0,0,0,0,0,0,0,0,0,0,"0","0","1","0","1","0","1","0","0","1","1","0","0","0","0","0","0","0","0","0","0","0","0","0","1","1","0","0","1","1","0","0","0","0","0","0","0","0","0","0","0","0","0","0","0","0","0","0","0","0","1","0","0","0","0","0","0","0","0","0","0","0","0","0","0","0","0","0","0","0","0","0","0","0","0","0","0","0","0","0","0","0","0","0","0","0","0","0","0","0","0","0","1","202111","202204","1023"
"0011193","530010","72155000","00000000000000","3","3","00394700000108","","04","","0180","","1","E","","","04","","03","39","03","","99","","","","","","","","","","","","","","","","0","0","1","0","0","0","1","0","0","0","0","0","0","0",0,0,0,"0",0,0,0,0,0,0,0,0,0,0,0,0,0,0,"0",0,0,0,0,0,0,0,0,0,0,3,0,0,0,0,0,"1",0,0,0,"0",0,0,0,0,"0",0,0,0,0,0,0,0,0,0,0,0,0,0,0,0,"0","0","0","0","0","0","0","0","1","0","0","0","0","0","0","0","0","0","0","0","0","0","0","0","1","1","1","0","1","1","0","0","0","0","0","0","0","0","0","0","0","0","0","0","0","0","0","0","0","0","1","0","0","0","0","0","0","1","0","0","0","0","0","0","0","0","0","0","0","0","0","0","0","0","0","0","0","0","0","0","0","0","0","0","0","0","0","0","0","0","0","0","1","202204","202204","1023"
"0011207","530010","72220120","00000000000000","3","3","00394700000108","","05","","0040","","1","E","","","04","","01","02","03","","99","","","","","","","","","","","","","","","","1","0","1","0","0","0","1","0","0","0","0","0","0","0",0,0,0,"0",0,0,0,0,0,0,0,0,0,0,0,0,0,0,"0",8,0,8,3,0,0,0,0,3,0,4,1,1,0,1,0,"1",0,0,0,"0",0,0,0,0,"0",0,0,0,0,0,0,0,0,0,0,0,0,0,0,0,"0","0","1","0","1","0","1","0","1","0","1","0","0","0","0","0","0","0","0","0","0","0","0","0","1","1","1","0","1","1","0","0","0","0","0","0","0","0","0","1","1","0","1","0","0","0","0","0","0","0","1","0","0","0","0","0","0","0","0","0","0","0","0","0","0","0","0","0","0","0","0","0","0","0","0","0","0","0","0","0","0","0","0","0","0","0","0","0","0","0","0","0","1","202204","202204","1023"
"0011215","530010","72710065","00000000000000","3","3","00394700000108","","05","","0020","","1","E","","","04","","01","02","03","","99","","","","","","","","","","","","","","","","1","0","0","0","0","0","1","0","0","0","0","0","0","0",0,0,0,"0",0,0,0,0,0,0,0,0,0,0,0,0,0,0,"0",6,0,0,2,0,0,0,0,1,0,4,1,1,0,1,0,"1",0,0,0,"0",0,0,0,0,"0",0,0,0,0,0,0,0,0,0,0,0,0,0,0,0,"0","0","1","0","0","0","1","0","1","0","0","0","0","0","0","0","0","0","0","0","0","0","0","0","1","1","0","0","1","1","0","0","0","0","0","0","0","0","0","0","0","0","0","0","0","0","0","0","0","0","1","0","0","0","0","0","0","0","0","0","0","0","0","0","0","0","0","0","0","0","0","0","0","0","0","0","0","0","0","0","0","0","0","0","0","0","0","0","0","0","0","0","1","202204","202204","1023"
"0011223","530010","73050140","00000000000000","3","3","00394700000108","","06","","0170","","1","E","","","03","","01","02","04","","99","","","","","","","","","","","","","","","","1","0","0","0","0","0","1","0","0","0","0","0","0","0",0,0,0,"0",0,0,0,0,0,0,0,0,0,0,0,0,0,0,"0",6,0,0,6,0,0,0,1,1,1,1,1,1,0,1,0,"1",0,0,0,"0",0,0,0,0,"0",0,0,0,0,0,0,0,0,0,0,0,0,0,0,0,"0","0","1","0","0","0","1","0","1","0","0","0","0","0","0","0","0","0","0","0","0","0","0","0","1","1","1","0","1","1","0","0","0","0","0","0","0","0","0","0","0","0","0","0","0","0","0","0","0","0","1","0","0","0","0","0","0","0","0","0","0","0","0","0","0","0","0","0","0","0","0","1","0","0","0","0","0","0","1","0","0","0","0","0","0","0","0","0","0","0","0","0","1","202204","202204","1023"
"0011231","530010","73030030","00000000000000","3","3","00394700000108","","06","","0170","","1","E","","","03","","01","02","04","","99","","","","","","","","","","","","","","","","1","0","0","0","0","0","1","0","0","0","0","0","0","0",0,0,0,"0",0,0,0,0,0,0,0,0,0,0,0,0,0,0,"0",8,1,0,1,0,0,0,1,1,1,4,1,1,0,1,0,"1",0,0,0,"0",0,0,0,0,"0",0,0,0,0,0,0,0,0,0,0,0,0,0,0,0,"0","0","0","1","0","0","1","0","1","0","1","0","0","0","0","0","0","0","0","0","0","0","0","0","1","1","1","0","1","1","0","0","0","0","0","0","0","0","0","0","0","0","0","0","0","0","0","0","0","0","1","0","0","0","0","0","0","0","0","0","0","0","0","0","0","0","0","0","0","0","0","1","0","0","0","0","0","0","1","0","0","0","0","0","0","0","0","0","0","0","0","0","1","202204","202204","1023"
"0011258","530010","73062712","00000000000000","3","3","00394700000108","","06","","0170","","1","E","","","04","","01","02","04","","99","","","","","","","","","","","","","","","","1","0","0","0","0","0","1","0","0","0","0","0","0","0",0,0,0,"0",0,0,0,0,0,0,0,0,0,0,0,0,0,0,"0",5,0,0,6,0,0,0,1,1,0,5,1,1,0,1,0,"1",0,0,0,"0",0,0,0,0,"0",0,0,0,0,0,0,0,0,0,0,0,0,0,0,0,"0","0","0","1","1","0","1","0","1","0","1","0","0","0","0","0","0","0","0","0","0","0","0","0","1","1","1","0","1","1","0","0","0","0","0","0","0","0","0","0","0","0","0","0","0","0","0","0","0","0","1","0","0","0","0","0","0","0","0","0","0","0","0","0","0","0","0","0","0","0","0","1","0","0","0","0","0","0","1","0","0","0","0","0","0","0","0","0","0","0","0","0","1","202204","202204","1023"
"0011266","530010","71025000","00000000000000","3","3","00394700000108","","01","","0070","","1","E","","","03","","01","02","04","","99","","","","","","","","","","","","","","","","1","0","1","0","0","0","1","0","0","0","0","0","0","0",0,0,0,"0",0,0,0,0,0,0,0,0,0,0,0,0,0,0,"0",5,0,0,3,0,0,0,0,1,0,2,1,0,0,1,0,"1",0,0,0,"0",0,0,0,0,"0",0,0,0,0,0,0,0,0,0,0,0,0,0,0,0,"0","0","1","0","1","0","1","0","1","0","1","0","0","0","0","0","0","0","0","0","0","0","0","0","1","1","0","0","1","1","0","0","0","0","0","0","0","0","0","0","0","0","0","0","0","0","0","0","0","0","1","0","0","0","0","0","0","0","0","0","0","0","0","0","0","0","0","0","0","0","0","0","0","0","0","0","0","0","1","0","0","0","0","0","0","1","0","0","0","0","0","0","1","202201","202204","1023"
"0011274","530010","71070380","00000000000000","3","3","00394700000108","","01","","0070","","1","E","","","03","","01","02","03","","99","","","","","","","","","","","","","","","","1","0","1","0","0","0","1","0","0","0","0","0","0","0",0,0,0,"0",0,0,0,0,0,0,0,0,0,0,0,0,0,0,"0",6,0,0,3,0,0,0,0,2,0,4,1,0,0,1,0,"1",0,0,0,"0",0,0,0,0,"0",0,0,0,0,0,0,0,0,0,0,0,0,0,0,0,"0","0","1","0","1","0","1","0","1","0","1","0","0","0","0","0","0","0","0","0","0","0","0","0","1","1","0","0","1","1","0","0","0","0","0","0","0","0","0","0","0","0","0","0","0","0","0","0","0","0","1","0","0","0","0","0","0","0","0","0","0","0","0","0","0","0","0","0","0","0","0","0","0","0","0","0","0","0","0","0","0","0","0","0","0","0","0","0","0","0","0","0","1","202202","202204","1023"
"0011304","530010","72035505","32911992000286","3","1","00000000000000","","","","0180","","1","E","","","04","","03","36","04","","99","001","10049","403318","","","","","EAS-00015-14","20201007","1","","","","","","0","0","1","0","0","0","1","0","0","0","0","0","0","0",0,0,0,"0",0,0,0,0,0,0,0,0,0,0,0,0,0,3,"1",0,0,0,2,0,0,0,0,0,0,0,0,0,0,0,0,"1",0,0,0,"0",0,0,0,0,"0",0,0,0,0,0,0,0,0,0,0,0,0,0,0,0,"0","0","1","0","0","0","1","0","0","0","1","0","0","0","0","0","0","1","0","0","0","1","0","1","1","1","0","0","1","1","0","0","0","0","0","0","0","0","0","0","0","0","0","0","0","0","0","0","0","0","1","1","0","0","0","0","0","1","0","0","0","0","0","0","1","1","0","0","0","0","0","0","0","0","0","0","0","0","0","0","0","0","0","0","0","0","0","0","0","0","0","0","1","202102","202204","2062"
"0011312","530010","72115700","38033882000164","3","1","00000000000000","","","","0180","","0","E","","","04","","01","04","04","","99","001","34789","200268X","","","","","EAS 00059-15/2021","20210209","1","","","","","","0","0","1","0","1","0","1","0","0","0","0","0","0","0",0,0,0,"0",0,0,0,1,0,0,0,0,0,0,0,0,0,0,"1",0,1,0,1,0,0,0,0,0,0,0,0,0,0,0,0,"1",0,0,0,"0",0,0,0,0,"0",0,0,0,0,0,0,0,0,0,0,0,0,0,0,0,"0","0","1","0","1","0","1","0","0","1","1","0","0","0","0","0","0","1","1","0","0","1","0","0","1","1","0","0","1","1","0","0","1","1","1","1","1","1","0","1","1","0","1","0","0","0","0","0","0","0","0","1","0","0","0","0","0","0","1","0","0","0","0","0","0","0","0","0","0","0","0","0","0","0","0","0","0","0","0","0","0","0","0","0","0","0","0","0","0","0","0","0","1","202202","202204","2062"
"0011320","530010","70770500","23097104002377","3","1","00000000000000","","","","","","0","E","","","04","","01","04","03","","99","","","","","","","","00108-02/2022","20220117","1","","","","","","0","0","1","0","0","0","1","0","0","0","0","0","0","0",0,0,0,"0",0,0,0,0,0,0,0,0,0,0,0,0,0,0,"0",0,1,0,0,0,0,0,0,0,0,0,0,0,0,0,0,"1",0,0,0,"0",0,0,0,0,"0",0,0,0,0,0,0,0,0,0,0,0,0,0,0,0,"0","0","0","0","1","0","0","0","0","1","1","0","0","0","0","0","0","1","0","1","0","1","0","0","1","1","1","0","1","1","0","0","0","0","0","0","0","0","0","0","0","0","0","0","0","0","0","0","0","0","0","1","0","0","0","1","0","0","0","0","0","0","0","0","0","0","0","0","0","0","0","0","0","0","0","0","0","0","0","0","0","0","0","0","0","0","0","0","0","0","0","0","1","202204","202204","2062"
"0011339","530010","70710908","86743457000101","3","3","00394700000108","","03","","0010","","1","E","","","04","","01","69","03","","99","","","","","","","","","","","","","","","","0","0","0","0","1","0","1","0","0","0","0","0","0","0",0,0,0,"0",0,0,0,0,0,0,0,0,0,0,0,0,0,0,"0",0,0,4,1,0,0,0,1,0,0,0,0,0,0,0,0,"1",0,0,0,"0",0,0,0,0,"0",0,0,0,0,0,0,0,0,10,0,0,0,0,0,0,"0","0","1","0","1","0","0","0","1","0","0","0","0","0","0","0","0","0","1","1","1","0","0","0","1","1","0","0","1","1","0","0","0","0","1","0","1","1","0","0","1","0","1","0","0","0","0","0","0","0","1","0","0","0","0","0","0","0","0","0","0","0","0","0","0","0","0","0","0","0","0","0","0","0","0","0","0","0","0","0","0","0","0","0","0","0","0","0","0","0","0","0","1","202205","202204","1147"
"0011347","530010","70200650","00000000000000","3","3","00394700000108","","08","","0010","","1","E","","","04","","03","36","03","","99","","","","","","","","","","","","","","","","0","0","1","0","0","0","1","0","0","0","0","0","0","0",0,0,0,"0",0,0,0,0,0,0,0,0,0,0,0,0,0,0,"0",7,3,0,4,0,0,0,0,1,0,1,0,0,0,0,0,"1",0,0,0,"0",0,0,0,0,"0",0,0,0,0,0,0,0,0,0,0,0,0,0,0,0,"0","0","1","0","1","0","1","0","1","0","0","0","0","0","0","0","0","0","0","0","0","0","0","0","1","1","0","0","1","1","0","0","0","0","0","0","0","0","0","0","0","0","0","0","0","0","0","0","0","0","1","0","0","0","0","0","0","0","0","0","0","0","0","0","0","0","0","0","0","0","0","0","0","0","0","0","0","0","0","0","0","0","0","0","0","0","0","0","0","0","0","0","1","202204","202204","1023"
"0011355","530010","70804190","00000000000000","3","3","00394700000108","","02","","0010","","1","E","","","04","","01","02","03","","99","","","","","","","","","","","","","","","","1","0","1","0","0","0","1","0","0","0","0","0","0","0",0,0,0,"0",0,0,0,0,0,0,0,0,0,0,0,0,0,0,"0",4,0,0,2,0,0,0,0,1,0,1,1,1,0,1,0,"1",0,0,0,"0",0,0,0,0,"0",0,0,0,0,0,0,0,0,0,0,0,0,0,0,0,"0","0","1","0","1","0","1","0","1","0","0","0","0","0","0","0","0","0","0","0","0","0","0","0","1","1","0","0","1","1","0","0","0","0","0","0","0","0","0","0","0","0","0","0","0","0","0","0","0","0","1","0","0","0","0","0","0","0","0","0","0","0","0","0","0","0","0","0","0","0","0","0","0","0","0","0","0","0","0","0","0","0","0","0","0","0","0","0","0","0","0","0","1","202201","202204","1023"
"0011363","530010","71691047","00000000000000","3","3","00394700000108","","07","","0160","","1","E","","","04","","03","02","03","","99","","","","","","","","","","","","","","","","1","0","0","0","0","0","1","0","0","0","0","0","0","0",0,0,0,"0",0,0,0,0,0,0,0,0,0,0,0,0,0,0,"0",1,0,0,1,0,0,0,0,2,0,1,1,0,0,0,0,"1",0,0,0,"0",0,0,0,0,"0",0,0,0,0,0,0,0,0,0,0,0,0,0,0,0,"0","0","1","0","0","0","0","0","1","0","0","0","0","0","0","0","0","0","0","0","0","0","0","0","1","1","0","0","1","1","0","0","0","0","0","0","0","0","0","0","0","0","0","0","0","0","0","0","0","0","1","0","0","0","0","0","0","0","0","0","0","0","0","0","0","0","0","0","0","0","0","0","0","0","0","0","0","0","0","0","0","0","0","0","0","0","0","0","0","0","0","0","1","202203","202204","1023"
"0011371","530010","70830010","00000000000000","3","3","00394700000108","","","","0010","","1","E","","","04","","03","80","06","","99","","","","","","","","","","","","","","","","0","0","1","0","1","0","1","0","0","0","0","0","0","0",0,0,0,"0",0,0,0,0,0,0,0,0,0,0,0,0,0,0,"0",0,1,0,0,0,0,0,0,0,0,0,0,0,0,0,0,"1",0,0,0,"0",0,0,0,0,"0",0,0,0,0,0,0,0,0,0,0,0,0,0,0,0,"0","0","0","0","0","0","0","0","1","0","0","0","0","0","0","0","0","0","0","1","0","0","0","0","1","1","1","0","1","1","0","0","0","0","0","0","0","0","0","0","0","0","0","0","0","0","0","0","0","0","0","0","0","0","0","0","0","0","0","0","0","0","0","0","0","0","0","0","0","0","0","0","0","0","0","0","0","0","1","0","0","0","0","0","0","0","0","0","0","0","0","0","1","202203","202204","1023"
"0011479","530010","72240540","00000000000000","3","3","00394700000108","","05","","0040","","1","E","","","04","","03","39","03","","99","","","","","","","","","","","","","","","","1","0","1","0","0","0","1","0","0","0","0","0","0","0",0,0,0,"0",0,0,0,0,0,0,0,0,0,0,0,0,0,0,"0",0,0,0,0,0,0,0,0,0,0,0,0,0,0,0,0,"0",0,0,0,"0",0,0,0,0,"0",0,0,0,0,0,0,0,0,0,0,0,0,0,0,0,"0","0","0","0","0","0","0","0","1","0","0","0","0","0","0","0","0","0","0","0","0","0","0","0","1","1","1","0","1","1","0","0","0","0","0","0","0","0","0","0","0","0","0","0","0","0","0","0","0","0","0","0","0","0","0","0","0","1","0","0","0","0","0","0","0","0","0","0","0","0","0","0","0","0","0","0","0","0","0","0","0","0","0","0","0","0","0","0","0","0","0","0","1","202107","202204","1023"
"0011495","530010","72799899","00000000000000","3","3","00394700000108","","05","","0020","","1","E","","","04","","01","02","03","","99","","","","","","","","","","","","","","","","1","0","0","0","0","0","1","0","0","0","0","0","0","0",0,0,0,"0",0,0,0,0,0,0,0,0,0,0,0,0,0,0,"0",0,0,0,0,0,0,0,0,1,0,1,0,0,0,1,0,"1",0,0,0,"0",0,0,0,0,"0",0,0,0,0,0,0,0,0,0,0,0,0,0,0,0,"0","0","1","0","0","0","1","0","0","0","0","0","0","0","0","0","0","0","0","0","0","0","0","0","1","1","0","0","1","1","0","0","0","0","0","0","0","0","0","0","0","0","0","0","0","0","0","0","0","0","1","0","0","0","0","0","0","0","0","0","0","0","0","0","0","0","0","0","0","0","0","1","0","0","0","0","0","0","1","0","0","0","0","0","0","0","0","0","0","0","0","0","1","202204","202204","1023"
"0011509","530010","72720660","00000000000000","3","3","00394700000108","","05","","0020","","1","E","","","04","","01","02","03","","99","","","","","","","","","","","","","","","","1","0","0","0","0","0","1","0","0","0","0","0","0","0",0,0,0,"0",0,0,0,0,0,0,0,0,0,0,0,0,0,0,"0",0,0,0,0,0,0,0,0,1,0,1,0,0,0,1,0,"1",0,0,0,"0",0,0,0,0,"0",0,0,0,0,0,0,0,0,0,1,0,0,0,0,0,"0","0","1","0","0","0","1","0","1","0","0","0","0","0","0","0","0","0","0","0","0","0","0","0","1","1","0","0","1","1","0","0","0","0","0","0","0","0","0","0","0","0","0","0","0","0","0","0","0","0","1","0","0","0","0","0","0","0","0","0","0","0","0","0","0","0","0","0","0","0","0","0","0","0","0","0","0","0","1","0","0","0","0","0","0","0","0","0","0","0","0","0","1","202204","202204","1023"
"0011517","530010","73017017","00000000000000","3","3","00394700000108","","06","","","","1","E","","","03","","01","02","03","","99","","","","","","","","","","","","","","","","1","0","0","0","0","0","1","0","0","0","0","0","0","0",0,0,0,"0",0,0,0,0,0,0,0,0,0,0,0,0,0,0,"0",2,0,0,0,0,0,0,0,1,0,1,0,0,0,1,0,"1",0,0,0,"0",0,0,0,0,"0",0,0,0,0,0,0,0,0,0,0,0,0,0,0,0,"0","0","1","0","0","0","0","0","0","0","0","0","0","0","0","0","0","0","0","0","0","0","0","0","1","1","0","0","1","1","0","0","0","0","0","0","0","0","0","0","0","0","0","0","0","0","0","0","0","0","1","0","0","0","0","0","0","0","0","0","0","0","0","0","0","0","0","0","0","0","0","0","0","0","0","0","0","0","1","0","0","0","0","0","0","0","0","0","0","0","0","0","1","202204","202204","1023"
"0011525","530010","73060708","00000000000000","3","3","00394700000108","","06","","0170","","1","E","","","04","","01","01","03","","99","","","","","","","","","","","","","","","","1","0","0","0","0","0","1","0","0","0","0","0","0","0",0,0,0,"0",0,0,0,0,0,0,0,0,0,0,0,0,0,0,"0",2,0,0,0,0,0,0,0,1,0,1,0,0,0,1,0,"1",0,0,0,"0",0,0,0,0,"0",0,0,0,0,0,0,0,0,0,0,0,0,0,0,0,"0","0","1","0","0","0","1","0","0","0","0","0","0","0","0","0","0","0","0","0","0","0","0","0","1","1","1","0","1","1","0","0","0","0","0","0","0","0","0","0","0","0","0","0","0","0","0","0","0","0","1","0","0","0","0","0","0","0","0","0","0","0","0","0","0","0","0","0","0","0","0","0","0","0","0","0","0","0","0","0","0","0","0","0","0","0","0","0","0","0","0","0","1","202204","202204","1023"
"0011541","530010","73007997","00000000000000","3","3","00394700000108","","06","","0170","","1","E","","","04","","01","01","03","","99","","","","","","","","","","","","","","","","1","0","0","0","0","0","1","0","0","0","0","0","0","0",0,0,0,"0",0,0,0,0,0,0,0,0,0,0,0,0,0,0,"0",1,0,1,0,0,0,0,0,1,0,0,1,0,0,1,0,"1",0,0,0,"0",0,0,0,0,"0",0,0,0,0,0,0,0,0,0,0,0,0,0,0,0,"0","0","1","0","0","0","0","0","0","0","0","0","0","0","0","0","0","0","0","0","0","0","0","0","1","1","1","0","1","1","0","0","0","0","0","0","0","0","0","0","0","0","0","0","0","0","0","0","0","0","1","0","0","0","0","0","0","0","0","0","0","0","0","0","0","0","0","0","0","0","0","0","0","0","0","0","0","0","0","0","0","0","0","0","0","0","0","0","0","0","0","0","1","202204","202204","1023"
"0011568","530010","73017017","00000000000000","3","3","00394700000108","","06","","0170","","1","E","","","03","","01","02","04","","99","","","","","","","","","","","","","","","","1","0","0","0","0","0","1","0","0","0","0","0","0","0",0,0,0,"0",0,0,0,0,0,0,0,0,0,0,0,0,0,0,"0",5,0,0,5,0,0,0,1,5,0,1,1,1,0,1,0,"1",0,0,0,"0",0,0,0,0,"0",0,0,0,0,0,0,0,0,0,0,0,0,0,0,0,"0","0","0","1","1","0","1","0","1","0","1","0","0","0","0","0","0","0","0","0","0","0","0","0","1","1","1","0","1","1","0","0","0","0","0","0","0","0","0","0","0","0","0","0","0","0","0","0","0","0","1","0","0","0","0","0","0","0","0","0","0","0","0","0","0","0","0","0","0","0","0","0","0","0","0","0","0","0","1","0","0","0","0","0","0","0","0","0","0","0","0","0","1","202204","202204","1023"
"0011576","530010","73307990","00000000000000","3","3","00394700000108","","06","","0120","","1","E","","","04","","01","02","03","","99","","","","","","","","","","","","","","","","1","0","0","0","0","0","1","0","0","0","0","0","0","0",0,0,0,"0",0,0,0,0,0,0,0,0,0,0,0,0,0,0,"0",1,0,0,1,0,0,0,1,0,0,1,1,0,0,0,0,"1",0,0,0,"0",0,0,0,0,"0",0,0,0,0,0,0,0,0,0,0,0,0,0,0,0,"0","0","1","0","0","0","0","0","0","0","0","0","0","0","0","0","0","0","0","0","0","0","0","0","1","1","1","0","1","1","0","0","0","0","0","0","0","0","0","0","0","0","0","0","0","0","0","0","0","0","1","0","0","0","0","0","0","0","0","0","0","0","0","0","0","0","0","0","0","0","0","0","0","0","0","0","0","0","1","0","0","0","0","0","0","0","0","0","0","0","0","0","1","202204","202204","1023"
"0011584","530010","73307997","00000000000000","3","3","00394700000108","","06","","0120","","1","E","","","04","","01","02","03","","99","","","","","","","","","","","","","","","","1","0","0","0","0","0","1","0","0","0","0","0","0","0",0,0,0,"0",0,0,0,0,0,0,0,0,0,0,0,0,0,0,"0",1,0,0,0,0,0,0,0,0,0,1,1,0,0,1,0,"1",0,0,0,"0",0,0,0,0,"0",0,0,0,0,0,0,0,0,0,0,0,0,0,0,0,"0","0","1","0","0","0","1","0","0","0","0","0","0","0","0","0","0","0","0","0","0","0","0","0","1","1","0","0","1","1","0","0","0","0","0","0","0","0","0","0","0","0","0","0","0","0","0","0","0","0","1","0","0","0","0","0","0","0","0","0","0","0","0","0","0","0","0","0","0","0","0","0","0","0","0","0","0","0","1","0","0","0","0","0","0","0","0","0","0","0","0","0","1","202204","202204","1023"
"0011592","530010","73307992","00000000000000","3","3","00394700000108","","06","","0120","","1","E","","","04","","01","02","03","","99","","","","","","","","","","","","","","","","1","0","0","0","0","0","1","0","0","0","0","0","0","0",0,0,0,"0",0,0,0,0,0,0,0,0,0,0,0,0,0,0,"0",1,0,0,0,0,0,0,0,0,0,1,1,0,0,1,0,"1",0,0,0,"0",0,0,0,0,"0",0,0,0,0,0,0,0,0,0,0,0,0,0,0,0,"0","0","1","0","0","0","1","0","0","0","0","0","0","0","0","0","0","0","0","0","0","0","0","0","1","1","0","0","1","1","0","0","0","0","0","0","0","0","0","0","0","0","0","0","0","0","0","0","0","0","1","0","0","0","0","0","0","0","0","0","0","0","0","0","0","0","0","0","0","0","0","0","0","0","0","0","0","0","1","0","0","0","0","0","0","0","0","0","0","0","0","0","1","202204","202204","1023"
"0011606","530010","71571800","00000000000000","3","3","00394700000108","","07","","0110","","1","E","","","04","","03","02","03","","99","","","","","","","","","","","","","","","","1","0","0","0","0","0","1","0","0","0","0","0","0","0",0,0,0,"0",0,0,0,0,0,0,0,0,0,0,0,0,0,0,"0",2,0,0,0,0,0,0,0,0,0,1,1,0,0,0,0,"1",0,0,0,"0",0,0,0,0,"0",0,0,0,0,0,0,0,0,0,0,0,0,0,0,0,"0","0","1","0","0","0","1","0","0","0","0","0","0","0","0","0","0","0","0","0","0","0","0","0","1","1","0","0","1","1","0","0","0","0","0","0","0","0","0","0","1","0","1","0","0","0","0","0","0","0","1","0","0","0","0","0","0","0","0","0","0","0","0","0","0","0","0","0","0","0","0","0","0","0","0","0","0","0","0","0","0","0","0","0","0","0","0","0","0","0","0","0","1","202203","202204","1023"
"0011614","530010","71590000","00000000000000","3","3","00394700000108","","07","","0110","","1","E","","","04","","03","02","03","","99","","","","","","","","","","","","","","","","1","0","0","0","0","0","1","0","0","0","0","0","0","0",0,0,0,"0",0,0,0,0,0,0,0,0,0,0,0,0,0,0,"0",1,0,0,1,0,0,0,0,0,0,1,1,0,0,0,0,"1",0,0,0,"0",0,0,0,0,"0",0,0,0,0,0,0,0,0,0,0,0,0,0,0,0,"0","0","1","0","0","0","1","0","1","0","0","0","0","0","0","0","0","0","0","0","0","0","0","0","1","1","0","0","1","1","0","0","0","0","0","0","0","0","0","0","1","0","1","0","0","0","0","0","0","0","1","0","0","0","0","0","0","0","0","0","0","0","0","0","0","0","0","0","0","0","0","0","0","0","0","0","0","0","0","0","0","0","0","0","0","0","0","0","0","0","0","0","1","202203","202204","1023"
"0011622","530010","73307993","00000000000000","3","3","00394700000108","","06","","0120","","1","E","","","04","","01","02","03","","99","","","","","","","","","","","","","","","","1","0","0","0","0","0","1","0","0","0","0","0","0","0",0,0,0,"0",0,0,0,0,0,0,0,0,0,0,0,0,0,0,"0",1,0,0,0,0,0,0,0,0,0,1,1,0,0,1,0,"1",0,0,0,"0",0,0,0,0,"0",0,0,0,0,0,0,0,0,0,0,0,0,0,0,0,"0","0","1","0","0","0","1","0","0","0","0","0","0","0","0","0","0","0","0","0","0","0","0","0","1","1","0","0","1","1","0","0","0","0","0","0","0","0","0","0","0","0","0","0","0","0","0","0","0","0","1","0","0","0","0","0","0","0","0","0","0","0","0","0","0","0","0","0","0","0","0","0","0","0","0","0","0","0","1","0","0","0","0","0","0","0","0","0","0","0","0","0","1","202204","202204","1023"
"0011630","530010","71590000","00000000000000","3","3","00394700000108","","07","","0110","","1","E","","","04","","03","02","03","","99","","","","","","","","","","","","","","","","1","0","0","0","0","0","1","0","0","0","0","0","0","0",0,0,0,"0",0,0,0,0,0,0,0,0,0,0,0,0,0,0,"0",2,0,0,2,0,0,0,0,1,0,1,1,0,0,0,0,"1",0,0,0,"0",0,0,0,0,"0",0,0,0,0,0,0,0,0,0,0,0,0,0,0,0,"0","0","1","0","0","0","1","0","1","0","0","0","0","0","0","0","0","0","0","0","0","0","0","0","1","1","0","0","1","1","0","0","0","0","0","0","0","0","0","0","0","0","0","0","0","0","0","0","0","0","1","0","0","0","0","0","0","0","0","0","0","0","0","0","0","0","0","0","0","0","0","0","0","0","0","0","0","0","0","0","0","0","0","0","0","0","0","0","0","0","0","0","1","202203","202204","1023"
"0011657","530010","71015258","00000000000000","3","3","00394700000108","","01","","0070","","1","E","","","03","","01","02","03","","99","","","","","","","","","","","","","","","","1","0","0","0","0","0","1","0","0","0","0","0","0","0",0,0,0,"0",0,0,0,0,0,0,0,0,0,0,0,0,0,0,"0",3,0,0,0,0,0,0,0,1,0,1,1,0,0,1,0,"1",0,0,0,"0",0,0,0,0,"0",0,0,0,0,0,0,0,0,0,0,0,0,0,0,0,"0","0","1","0","0","0","1","0","0","0","0","0","0","0","0","0","0","0","0","0","0","0","0","0","1","1","0","0","1","1","0","0","0","0","0","0","0","0","0","0","0","0","0","0","0","0","0","0","0","0","1","0","0","0","0","0","0","0","0","0","0","0","0","0","0","0","0","0","0","0","0","0","0","0","0","0","0","0","0","0","0","0","0","0","0","0","0","0","0","0","0","0","1","202102","202204","1023"
"0011665","530010","71025000","00000000000000","3","3","00394700000108","","01","","0070","","1","E","","","04","","03","39","03","","99","","","","","","","","","","","","","","","","1","0","1","0","0","0","1","0","0","0","0","0","0","0",0,0,0,"0",0,0,0,0,0,0,0,0,0,0,0,0,0,0,"0",0,0,0,0,0,0,0,0,0,0,0,0,0,0,0,0,"0",0,0,0,"0",0,0,0,0,"0",0,0,0,0,0,0,0,0,0,0,0,0,0,0,0,"0","0","0","0","0","0","0","0","1","0","0","0","0","0","0","0","0","0","0","0","0","0","0","0","1","1","1","0","1","1","0","0","0","0","0","0","0","0","0","0","0","0","0","0","0","0","0","0","0","0","0","0","0","0","0","0","0","1","0","0","0","0","0","0","0","0","0","0","0","0","0","0","0","0","0","0","0","0","0","0","0","0","0","0","0","0","0","0","0","0","0","0","1","202204","202204","1023"
"0011681","530010","71715520","00000000000000","3","3","00394700000108","","01","","0100","","1","E","","","04","","03","02","03","","99","","","","","","","","","","","","","","","","1","0","1","0","0","0","1","0","0","0","0","0","0","0",0,0,0,"0",0,0,0,0,0,0,0,0,0,0,0,0,0,0,"0",1,0,0,1,0,0,0,0,1,0,1,1,0,0,0,0,"1",0,0,0,"0",0,0,0,0,"0",0,0,0,0,0,0,0,0,0,0,0,0,0,0,0,"0","0","1","0","0","0","1","0","1","0","0","0","0","0","0","0","0","0","0","0","0","0","0","0","1","1","0","0","1","1","0","0","0","0","0","0","0","0","0","0","0","0","0","0","0","0","0","0","0","0","1","0","0","0","0","0","0","0","0","0","0","0","0","0","0","0","0","0","0","0","0","0","0","0","0","0","0","0","0","0","0","0","0","0","0","0","0","0","0","0","0","0","1","202204","202204","1023"
"0015946","530010","70390140","35160270000144","3","1","00000000000000","","","","0015","","0","E","","","04","","03","36","03","","99","","","","","","","","ODO - 08130-01","20210929","1","","","","","","0","0","1","0","0","0","1","0","0","0","0","0","0","0",0,0,0,"0",0,0,0,0,0,0,0,0,0,0,0,0,0,0,"0",0,0,0,0,0,0,0,0,1,0,0,0,0,0,0,0,"1",0,0,0,"0",0,0,0,0,"0",0,0,0,0,0,0,0,0,0,0,0,0,0,0,0,"0","0","1","0","0","0","0","0","0","0","0","0","0","0","0","0","0","0","0","0","0","0","0","0","1","1","0","0","1","1","0","0","0","0","0","0","0","0","0","0","0","0","0","0","0","0","0","0","0","0","0","1","0","0","0","1","0","0","0","0","0","0","0","0","0","0","0","0","0","0","0","0","0","0","0","0","0","0","0","0","0","0","0","0","0","0","0","0","0","0","0","0","1","202111","202204","2062"
"0020079","530010","70390150","33260574000158","3","1","00000000000000","","","","","","0","E","","","04","","01","36","03","","99","","","","","","","","254785214923","20190610","1","","","","","","0","0","1","0","0","0","1","0","0","0","0","0","0","0",0,0,0,"0",0,0,0,0,0,0,0,0,0,0,0,0,0,0,"0",0,0,0,2,0,0,0,0,0,0,0,0,0,0,0,0,"1",0,0,0,"0",0,0,0,0,"0",0,0,0,0,0,0,0,0,0,0,0,0,0,0,0,"0","0","1","0","0","0","0","0","0","0","0","0","0","0","0","0","0","0","0","0","0","0","0","0","1","0","0","0","1","1","0","0","0","0","0","0","0","0","0","0","0","0","0","0","0","0","0","0","0","0","0","1","0","0","0","0","0","0","0","0","0","0","0","0","0","0","0","0","0","0","0","0","0","0","0","0","0","0","0","0","0","0","0","0","0","0","0","0","0","0","0","0","1","202006","202204","2062"
"0020257","530010","72445040","29678609000104","3","1","00000000000000","","","","0060","","0","E","","","04","","02","36","04","","99","","","","","","","","53101389110","20190529","1","","","","","","0","0","1","0","0","0","1","0","0","0","0","0","0","0",0,0,0,"0",0,0,0,0,0,0,0,0,0,0,0,0,0,0,"0",0,0,0,2,0,0,0,0,0,0,0,0,0,0,0,0,"1",0,0,0,"0",0,0,0,0,"0",0,0,0,0,0,0,0,0,0,0,0,0,0,0,0,"0","0","1","0","0","0","0","0","0","0","0","0","0","0","0","0","0","0","0","0","0","0","0","0","1","0","0","0","1","1","0","0","0","0","0","0","0","0","0","0","0","0","0","0","0","0","0","0","0","0","0","1","0","0","0","0","0","0","0","0","0","0","0","0","0","0","0","0","0","0","0","0","0","0","0","0","0","0","0","0","0","0","0","0","0","0","0","0","0","0","0","0","1","202001","202204","2135"
"0020680","530010","70390907","24218495000198","3","1","00000000000000","","","","0015","","0","E","","","04","","03","36","03","","99","","","","","","","","EAS 2047401","20210531","1","","","","","","0","0","1","0","0","0","1","0","0","0","0","0","0","0",0,0,0,"0",0,0,0,0,0,0,0,0,0,0,0,0,0,0,"0",0,1,0,0,0,0,0,0,0,0,0,0,0,0,0,0,"1",0,0,0,"0",0,0,0,0,"0",0,0,0,0,0,0,0,0,0,0,0,0,0,0,0,"0","0","1","0","0","0","0","0","0","1","0","0","0","0","0","0","0","0","0","1","0","0","0","0","1","1","0","0","1","1","0","0","0","0","0","0","0","0","0","0","0","0","0","0","0","0","0","0","0","0","0","1","0","0","0","1","0","0","0","0","0","0","0","0","0","0","0","0","0","0","0","0","0","0","0","0","0","0","0","0","0","0","0","0","0","0","0","0","0","0","0","0","1","202111","202204","2062"
"0020737","530010","70830302","35807141000103","3","1","00000000000000","","","","0005","","0","E","","","04","","01","36","03","","99","","","","","","","","","20200102","1","","","","","","0","0","1","0","0","0","1","0","0","0","0","0","0","0",0,0,0,"0",0,0,0,0,0,0,0,0,0,0,0,0,0,0,"0",0,0,0,1,0,0,0,0,0,0,0,0,0,0,0,0,"1",0,0,0,"0",0,0,0,0,"0",0,0,0,0,0,0,0,0,0,0,0,0,0,0,0,"0","0","1","0","0","0","0","0","0","0","0","0","0","0","0","0","0","0","0","0","0","0","0","0","1","0","0","0","1","1","0","0","0","0","0","0","0","0","0","0","0","0","0","0","0","0","0","0","0","0","0","1","0","0","0","0","0","0","0","0","0","0","0","0","0","0","0","0","0","0","0","0","0","0","0","0","0","0","0","0","0","0","0","0","0","0","0","0","0","0","0","0","1","202001","202204","2305"
"0020796","530010","70377400","35850947000176","3","1","00000000000000","","","","","","0","E","","","04","","03","22","03","","99","","","","","","","","53202283201","20191230","1","","","","","","0","0","1","0","0","0","1","0","0","0","0","0","0","0",0,0,0,"0",0,0,0,0,0,0,0,0,0,0,0,0,0,0,"0",0,0,0,1,0,0,0,0,0,0,0,0,0,0,0,0,"1",0,0,0,"0",0,0,0,0,"0",0,0,0,0,0,0,0,0,0,0,0,0,0,0,0,"0","0","1","0","0","0","0","0","0","0","0","0","0","0","0","0","0","0","0","0","0","0","0","0","1","0","0","0","1","1","0","0","0","0","0","0","0","0","0","0","0","0","0","0","0","0","0","0","0","0","0","1","0","0","0","1","0","0","0","0","0","0","0","0","0","0","0","0","0","0","0","0","0","0","0","0","0","0","0","0","0","0","0","0","0","0","0","0","0","0","0","0","1","202001","202204","2062"
"0023973","530010","70390100","35764516000197","3","1","00000000000000","","","","0015","","0","E","","","04","","03","36","03","","99","","","","","","","","BAIXO RISCO - RLE","20191212","1","","","","","","0","0","1","0","0","0","1","0","0","0","0","0","0","0",0,0,0,"0",0,0,0,0,0,0,0,0,0,0,0,0,0,0,"0",0,1,0,0,0,0,0,0,0,0,0,0,0,0,0,0,"1",0,0,0,"0",0,0,0,0,"0",0,0,0,0,0,0,0,0,0,0,0,0,0,0,0,"0","0","1","0","0","0","0","0","0","0","0","0","0","0","0","0","0","0","0","0","0","0","0","0","1","1","0","0","1","1","0","0","0","0","0","0","0","0","0","0","0","0","0","0","0","0","0","0","0","0","0","1","0","0","0","0","0","0","0","0","0","0","0","0","0","0","0","0","0","0","0","0","0","0","0","0","0","0","0","0","0","0","0","0","0","0","0","0","0","0","0","0","1","202001","202204","2062"
"0024058","530010","71916500","35224925000109","3","1","00000000000000","","","","9901","","0","E","","","04","","01","36","04","","99","","","","","","","","53202267711","20191022","1","","","","","","0","0","1","0","0","0","1","0","0","0","0","0","0","0",0,0,0,"0",0,0,0,0,0,0,0,0,0,0,0,0,0,0,"0",0,0,0,1,0,0,0,0,0,0,0,0,0,0,0,0,"1",0,0,0,"0",0,0,0,0,"0",0,0,0,0,0,0,0,0,0,0,0,0,0,0,0,"0","0","1","0","0","0","0","0","0","0","0","0","0","0","0","0","0","0","0","0","0","0","0","0","1","0","0","0","1","1","0","0","0","0","0","0","0","0","0","0","0","0","0","0","0","0","0","0","0","0","0","1","0","0","0","1","0","0","0","0","0","0","0","0","0","0","0","0","0","0","0","0","0","0","0","0","0","0","0","0","0","0","0","0","0","0","0","0","0","0","0","0","1","202204","202204","2062"
"0026662","530010","70340907","11575492000160","3","1","00000000000000","","","","0015","","0","E","","","04","","02","36","03","","99","","","","","","","","53201615774","20191126","1","","","","","","0","0","1","0","0","0","1","0","0","0","0","0","0","0",0,0,0,"0",0,0,0,0,0,0,0,0,0,0,0,0,0,0,"0",0,0,0,3,0,0,0,0,0,0,0,0,0,0,0,0,"1",0,0,0,"0",0,0,0,0,"0",0,0,0,0,0,0,0,0,0,0,0,0,0,0,0,"0","0","1","0","0","0","0","0","0","0","0","0","0","0","0","0","0","0","0","0","0","0","0","0","1","0","0","0","1","1","0","0","0","0","0","0","0","0","0","0","0","0","0","0","0","0","0","0","0","0","0","0","0","0","0","1","0","0","0","0","0","0","0","0","0","0","0","0","0","0","0","0","0","0","0","0","0","0","0","0","0","0","0","0","0","0","0","0","0","0","0","0","1","202001","202204","2062"
"0027669","530010","70200760","30539162000163","3","1","00000000000000","","","","0015","","0","E","","","04","","02","36","03","","99","","","","","","","","53202172906","20190717","1","","","","","","0","0","1","0","0","0","1","0","0","0","0","0","0","0",0,0,0,"0",0,0,0,0,0,0,0,0,0,0,0,0,0,0,"0",0,0,0,1,0,0,0,0,0,0,0,0,0,0,0,0,"1",0,0,0,"0",0,0,0,0,"0",0,0,0,0,0,0,0,0,0,0,0,0,0,0,0,"0","0","1","0","0","0","0","0","0","0","0","0","0","0","0","0","0","0","0","0","0","0","0","0","1","0","0","0","1","1","0","0","0","0","0","0","0","0","0","0","0","0","0","0","0","0","0","0","0","0","0","0","0","0","0","1","0","0","0","0","0","0","0","0","0","0","0","0","0","0","0","0","0","0","0","0","0","0","0","0","0","0","0","0","0","0","0","0","0","0","0","0","1","202001","202204","2062"
"0029580","530010","71936970","33308525000148","3","1","00000000000000","","","","","","0","E","","","03","","03","22","04","","99","","","","","","","","53202229002","20190816","1","","","","","","0","0","1","0","0","0","1","0","0","0","0","0","0","0",0,0,0,"0",0,0,0,0,0,0,0,0,0,0,0,0,0,0,"0",4,0,0,0,0,0,0,0,0,0,0,0,0,0,0,0,"1",0,0,0,"0",0,0,0,0,"0",0,0,0,0,0,0,0,0,0,0,0,0,0,0,0,"0","0","0","0","0","0","0","0","0","0","0","0","0","0","0","0","0","0","0","0","0","0","0","0","0","0","0","0","1","1","0","0","0","0","0","0","0","0","0","0","0","0","0","0","0","0","0","0","0","0","0","1","0","0","1","1","0","0","0","0","0","0","0","0","0","0","0","0","0","0","0","0","0","0","0","0","0","0","0","0","0","0","0","0","0","0","0","0","0","0","0","0","1","202001","202204","2062"
"0033103","530010","70200740","34914722000173","3","1","00000000000000","","","","0010","","0","E","","","04","","03","36","03","","99","","","","","","","","EAS 20740-01","20191223","1","","","","","","0","0","1","0","0","0","1","0","0","0","0","0","0","0",0,0,0,"0",0,0,0,0,0,0,0,0,0,0,0,0,0,0,"0",0,1,0,0,0,0,0,0,0,0,0,0,0,0,0,0,"1",0,0,0,"0",0,0,0,0,"0",0,0,0,0,0,0,0,0,0,0,0,0,0,0,0,"0","0","1","0","0","0","0","0","0","0","0","0","0","0","0","0","0","0","0","0","0","0","0","0","1","0","0","0","1","1","0","0","0","0","0","0","0","0","0","0","0","0","0","0","0","0","0","0","0","0","0","1","0","0","0","0","0","0","0","0","0","0","0","0","0","0","0","0","0","0","0","0","0","0","0","0","0","0","0","0","0","0","0","0","0","0","0","0","0","0","0","0","1","202001","202204","2305"
"0033359","530010","71919180","35755241000125","3","1","00000000000000","","","","","","0","E","","","04","","03","04","03","","99","","","","","","","","35755241","20210101","1","","","","","","0","0","1","0","0","0","1","0","0","0","0","0","0","0",0,0,0,"0",0,0,0,0,0,0,0,0,0,0,0,0,0,0,"0",0,0,0,3,0,0,0,0,0,0,0,0,0,0,0,0,"1",0,0,0,"0",0,0,0,0,"0",0,0,0,0,0,0,0,0,0,0,0,0,0,0,0,"0","0","1","0","0","0","0","0","0","0","0","0","0","0","0","0","0","0","0","0","0","0","0","0","1","0","0","0","1","1","0","0","0","0","0","0","0","0","0","0","0","0","0","0","0","0","0","0","0","0","0","1","0","0","1","1","0","0","0","0","0","0","0","0","0","0","0","0","0","0","0","0","0","0","0","0","0","0","0","0","0","0","0","0","0","0","0","0","0","0","0","0","1","202111","202204","2305"
"0034177","530010","71918000","03276801000253","3","1","00000000000000","","","","9901","","0","E","","","04","","03","04","03","","99","","","","","","","","EAS 22884","20191001","1","","","","","","0","0","1","0","0","0","1","0","0","0","0","0","0","0",0,0,0,"0",0,0,0,0,0,0,0,0,0,0,0,0,0,0,"0",0,0,0,1,0,0,0,0,0,0,0,0,0,0,0,0,"1",0,0,0,"0",0,0,0,0,"0",0,0,0,0,0,0,0,0,0,0,0,0,0,0,0,"0","0","1","0","0","0","0","0","0","0","0","0","0","0","0","0","0","0","0","0","0","0","0","0","1","0","0","0","1","1","0","0","0","0","0","0","0","0","0","0","0","0","0","0","0","0","0","0","0","0","0","1","0","0","0","0","0","0","0","0","0","0","0","0","0","0","0","0","0","0","0","0","0","0","0","0","0","0","0","0","0","0","0","0","0","0","0","0","0","0","0","0","1","202001","202204","2062"
"0035424","530010","71805731","34928379000116","3","1","00000000000000","","","","","","0","E","","","03","","01","36","04","","99","","","","","","","","EAS-00018-13","20191105","1","","","","","","0","0","1","0","0","0","1","0","0","0","0","0","0","0",0,0,0,"0",0,0,0,0,0,0,0,0,0,0,0,0,0,0,"0",0,1,0,0,0,0,0,0,0,0,0,0,0,0,0,0,"1",0,0,0,"0",0,0,0,0,"0",0,0,0,0,0,0,0,0,0,0,0,0,0,0,0,"0","0","0","0","0","0","0","0","0","0","0","0","0","0","0","0","0","0","0","0","0","0","0","0","0","0","0","0","1","1","0","0","0","0","0","0","0","0","0","0","0","0","0","0","0","0","0","0","0","0","0","0","0","0","0","1","0","0","0","0","0","0","0","0","0","0","0","0","0","0","0","0","0","0","0","0","0","0","0","0","0","0","0","0","0","0","0","0","0","0","0","0","1","202111","202204","2062"
"0035505","530010","70710146","31140076000146","3","1","00000000000000","","","","","","0","E","","","04","","03","22","03","","99","","","","","","","","ODO 00132-02","20200102","1","","","","","","0","0","1","0","0","0","1","0","0","0","0","0","0","0",0,0,0,"0",0,0,0,0,0,0,0,0,0,0,0,0,0,0,"0",0,0,0,0,0,0,0,0,3,0,0,0,0,0,0,0,"1",0,0,0,"0",0,0,0,0,"0",0,0,0,0,0,0,0,0,0,0,0,0,0,0,0,"0","0","1","0","0","0","0","0","1","0","0","0","0","0","0","0","0","0","1","0","0","0","0","0","1","1","1","0","1","1","0","0","0","0","0","0","0","0","0","0","0","0","0","0","0","0","0","0","0","0","0","1","0","0","1","0","0","0","0","0","0","0","0","0","0","0","0","0","0","0","0","0","0","0","0","0","0","0","0","0","0","0","0","0","0","0","0","0","0","0","0","0","1","202001","202204","2062"
"0035599","530010","72600101","20229240000170","3","1","00000000000000","","","","0130","","0","E","","","04","","01","36","03","","99","","","","","","","","ODO-00262-17","20190927","1","","","","","","0","0","1","0","0","0","1","0","0","0","0","0","0","0",0,0,0,"0",0,0,0,0,0,0,0,0,0,0,0,0,0,0,"0",0,0,0,0,0,0,0,0,2,0,0,0,0,0,0,0,"1",0,0,0,"0",0,0,0,0,"0",0,0,0,0,0,0,0,0,0,0,0,0,0,0,0,"0","0","1","0","0","0","0","0","1","0","0","0","0","0","0","0","0","0","0","0","0","0","0","0","1","1","1","0","1","1","0","0","0","0","0","0","0","0","0","0","0","0","0","0","0","0","0","0","0","0","0","1","0","0","0","0","0","0","0","0","0","0","0","0","0","0","0","0","0","0","0","0","0","0","0","0","0","0","0","0","0","0","0","0","0","0","0","0","0","0","0","0","1","202001","202204","2305"
"0035742","530010","70770560","03989821000867","3","1","00000000000000","","","","0005","","0","E","","","04","","03","04","03","","99","","","","","","","","EAS - 00673-02","20211014","1","","","","","","0","0","1","0","0","0","1","0","0","0","0","0","0","0",0,0,0,"0",0,0,0,0,0,0,0,0,0,0,0,0,0,0,"0",0,4,0,0,0,0,0,0,0,0,1,0,0,0,0,0,"1",0,0,0,"0",0,0,0,0,"0",0,0,0,0,0,0,0,0,0,0,0,0,0,0,0,"0","0","1","0","0","0","0","0","0","0","0","0","0","0","0","0","0","0","0","0","0","0","0","0","1","1","0","0","1","1","0","0","0","0","0","0","0","0","0","0","0","0","0","0","0","0","0","0","0","0","0","1","0","0","0","1","0","0","0","0","0","0","0","0","0","0","0","0","0","0","0","0","0","0","0","0","0","0","0","0","0","0","0","0","0","0","0","0","0","0","0","0","1","202204","202204","2054"
"0035955","530010","70390055","31250257000125","3","1","00000000000000","","","","0015","","0","E","","","04","","03","22","03","","99","","","","","","","","","20190816","1","","","","","","0","0","1","0","0","0","1","0","0","0","0","0","0","0",0,0,0,"0",0,0,0,0,0,0,0,0,0,0,0,0,0,0,"0",0,0,0,1,0,0,0,0,0,0,0,0,0,0,0,0,"1",0,0,0,"0",0,0,0,0,"0",0,0,0,0,0,0,0,0,0,0,0,0,0,0,0,"0","0","1","0","0","0","0","0","0","0","0","0","0","0","0","0","0","0","0","0","0","0","0","0","1","0","0","0","1","1","0","0","0","0","0","0","0","0","0","0","0","0","0","0","0","0","0","0","0","0","0","1","0","0","0","0","0","0","0","0","0","0","0","0","0","0","0","0","0","0","0","0","0","0","0","0","0","0","0","0","0","0","0","0","0","0","0","0","0","0","0","0","1","202103","202204","2305"
"0038210","530010","71919180","23596147000272","3","1","00000000000000","","","","9901","","0","E","","","04","","03","04","03","","99","","","","","","","","5252525252","20210101","1","","","","","","0","0","1","0","0","0","1","0","0","0","0","0","0","0",0,0,0,"0",0,0,0,0,0,0,0,0,0,0,0,0,0,0,"0",0,0,0,10,0,0,0,0,0,0,0,0,0,0,0,0,"1",0,0,0,"0",0,0,0,0,"0",0,0,0,0,0,0,0,0,0,0,0,0,0,0,0,"0","0","1","0","0","0","0","0","0","0","0","0","0","0","0","0","0","0","0","1","0","0","0","0","1","0","0","0","1","1","0","0","0","0","0","0","0","0","0","0","0","0","0","0","0","0","0","0","0","0","0","1","0","0","1","1","0","0","0","0","0","0","0","0","0","0","0","0","0","0","0","0","0","0","0","0","0","0","0","0","0","0","0","0","0","0","0","0","0","0","0","0","1","202111","202204","2062"
"0038393","530010","70770560","35962205000132","3","1","00000000000000","","","","0005","","0","E","","","04","","01","36","01","","99","","","","","","","","VIGILANCIA SANITARIA","20200110","1","","","","","","0","0","1","0","0","0","1","0","0","0","0","0","0","0",0,0,0,"0",0,0,0,0,0,0,0,0,0,0,0,0,0,0,"0",0,0,0,1,0,0,0,0,0,0,0,0,0,0,0,0,"1",0,0,0,"0",0,0,0,0,"0",0,0,0,0,0,0,0,0,0,0,0,0,0,0,0,"0","0","1","0","0","0","0","0","0","0","0","0","0","0","0","0","0","0","0","0","0","0","0","0","1","0","0","0","1","1","0","0","0","0","0","0","0","0","0","0","0","0","0","0","0","0","0","0","0","0","0","1","0","0","0","1","0","0","0","0","0","0","0","0","0","0","0","0","0","0","0","0","0","0","0","0","0","0","0","0","0","0","0","0","0","0","0","0","0","0","0","0","1","202001","202204","2135"
"0039101","530010","71572200","27782285000116","3","1","00000000000000","","","","0110","","0","E","","","04","","01","36","03","","99","","","","","","","","LICENCA SANITARIA","20191211","1","","","","","","0","0","1","0","0","0","1","0","0","0","0","0","0","0",0,0,0,"0",0,0,0,0,0,0,0,0,0,0,0,0,0,0,"0",0,0,0,0,0,0,0,0,4,0,0,0,0,0,0,0,"1",0,0,0,"0",0,0,0,0,"0",0,0,0,0,0,0,0,0,0,0,0,0,0,0,0,"0","0","1","0","0","0","0","0","1","0","0","0","0","0","0","0","0","0","0","0","0","0","0","0","1","1","1","0","1","1","0","0","0","0","0","0","0","0","0","0","0","0","0","0","0","0","0","0","0","0","0","1","0","0","0","0","0","0","0","0","0","0","0","0","0","0","0","0","0","0","0","0","0","0","0","0","0","0","0","0","0","0","0","0","0","0","0","0","0","0","0","0","1","202001","202204","2062"
"0039179","530010","72025110","29079501000278","3","1","00000000000000","","","","","","0","E","","","04","","01","39","01","","99","","","","","","","","00005-14","20200106","1","","","","","","0","0","1","0","0","0","1","0","0","0","0","0","0","0",0,0,0,"0",0,0,0,0,0,0,0,0,0,0,0,0,0,0,"0",0,0,0,0,0,0,0,0,0,0,0,0,0,0,0,0,"0",0,0,0,"0",0,0,0,0,"0",0,0,0,0,0,0,0,0,0,0,0,0,0,0,0,"0","0","0","0","0","0","0","0","0","0","0","0","0","0","0","0","0","0","0","0","0","0","0","0","0","1","0","0","1","1","0","0","0","0","0","0","0","0","0","0","0","0","0","0","0","0","0","0","0","0","0","0","0","0","0","0","0","0","1","0","0","0","0","0","0","0","0","0","0","0","0","0","0","0","0","0","0","0","0","0","0","0","0","0","0","0","0","0","0","0","0","0","1","202001","202204","2135"
"0039330","530010","70390150","33234938000125","3","1","00000000000000","","","","0015","","0","E","","","04","","03","36","03","","99","","","","","","","","EAS 2070801","20191120","1","","","","","","0","0","1","0","0","0","1","0","0","0","0","0","0","0",0,0,0,"0",0,0,0,0,0,0,0,0,0,0,0,0,0,0,"0",0,1,0,0,0,0,0,0,0,0,0,0,0,0,0,0,"1",0,0,0,"0",0,0,0,0,"0",0,0,0,0,0,0,0,0,0,0,0,0,0,0,0,"0","0","1","0","0","0","0","0","0","0","0","0","0","0","0","0","0","0","0","0","0","0","0","0","1","1","0","0","1","1","0","0","0","0","0","0","0","0","0","0","0","0","0","0","0","0","0","0","0","0","0","1","0","0","0","0","0","0","0","0","0","0","0","0","0","0","0","0","0","0","0","0","0","0","0","0","0","0","0","0","0","0","0","0","0","0","0","0","0","0","0","0","1","202009","202204","2062"
"0040444","530010","70391900","35175996000150","3","1","00000000000000","","","","0015","","0","E","","","04","","03","04","03","","99","","","","","","","","RLE DIGITAL","20191021","1","","","","","","0","0","1","0","0","0","1","0","0","0","0","0","0","0",0,0,0,"0",0,0,0,0,0,0,0,0,0,0,0,0,0,0,"0",1,0,0,1,0,0,0,0,0,0,0,0,0,0,0,0,"1",0,0,0,"0",0,0,0,0,"0",0,0,0,0,0,0,0,0,0,0,0,0,0,0,0,"0","0","1","0","0","0","0","0","0","0","0","0","0","0","0","0","0","0","0","0","0","0","0","0","1","0","0","0","1","1","0","0","0","0","0","0","0","0","0","0","0","0","0","0","0","0","0","0","0","0","0","1","0","0","0","1","0","0","0","0","0","0","0","0","0","0","0","0","0","0","0","0","0","0","0","0","0","0","0","0","0","0","0","0","0","0","0","0","0","0","0","0","1","202111","202204","2305"
"0040819","530010","70390100","36032809000142","3","1","00000000000000","","","","0015","","0","E","","","04","","03","36","03","","99","","","","","","","","RLE - BAIXA RLE","20200122","1","","","","","","0","0","1","0","0","0","1","0","0","0","0","0","0","0",0,0,0,"0",0,0,0,0,0,0,0,0,0,0,0,0,0,0,"0",0,1,0,0,0,0,0,0,0,0,0,0,0,0,0,0,"1",0,0,0,"0",0,0,0,0,"0",0,0,0,0,0,0,0,0,0,0,0,0,0,0,0,"0","0","1","0","0","0","0","0","0","0","0","0","0","0","0","0","0","0","0","0","0","0","0","0","1","0","0","0","1","1","0","0","0","0","0","0","0","0","0","0","0","0","0","0","0","0","0","0","0","0","0","1","0","0","0","1","0","0","0","0","0","0","0","0","0","0","0","0","0","0","0","0","0","0","0","0","0","0","0","0","0","0","0","0","0","0","0","0","0","0","0","0","1","202001","202204","2062"
"0040851","530010","72430202","35397208000170","3","1","00000000000000","","","","","","0","E","","","04","","03","22","03","","99","","","","","","","","53600406397","20191104","1","","","","","","0","0","1","0","0","0","1","0","0","0","0","0","0","0",0,0,0,"0",0,0,0,0,0,0,0,0,0,0,0,0,0,0,"0",0,1,0,0,0,0,0,0,0,0,0,0,0,0,0,0,"1",0,0,0,"0",0,0,0,0,"0",0,0,0,0,0,0,0,0,0,0,0,0,0,0,0,"0","0","0","1","0","0","0","0","0","0","0","0","0","0","0","0","0","0","0","0","0","0","0","0","1","0","0","0","1","1","0","0","0","0","0","0","0","0","0","0","0","0","0","0","0","0","0","0","0","0","0","1","0","0","0","0","0","0","0","0","0","0","0","0","0","0","0","0","0","0","0","0","0","0","0","0","0","0","0","0","0","0","0","0","0","0","0","0","0","0","0","0","1","202102","202204","2305"
"0040886","530010","72600200","08334774000160","3","1","00000000000000","","","","0130","","0","E","","","04","","01","22","03","","99","","","","","","","","ODO-00044-17","20180129","1","","","","","","1","0","1","0","0","0","1","0","0","0","0","0","0","0",0,0,0,"0",0,0,0,0,0,0,0,0,0,0,0,0,0,0,"0",0,0,0,0,0,0,0,0,9,0,0,0,0,0,0,0,"1",0,0,0,"0",0,0,0,0,"0",0,0,0,0,0,0,0,0,0,0,0,0,0,0,0,"0","0","1","0","0","0","0","0","1","0","0","0","0","0","0","0","0","0","0","0","0","0","0","0","1","1","0","0","1","1","0","0","0","0","0","0","0","0","0","0","0","0","0","0","0","0","0","0","0","0","0","1","0","0","0","0","0","0","0","0","0","0","0","0","0","0","0","0","0","0","0","0","0","0","0","0","0","0","0","0","0","0","0","0","0","0","0","0","0","0","0","0","1","202001","202204","2062"
"0041084","530010","72270503","33828202000185","3","1","00000000000000","","","","","","0","E","","","04","","03","22","03","","99","","","","","","","","5320063346-7","20210818","2","","","","","","0","0","1","0","0","0","1","0","0","0","0","0","0","0",0,0,0,"0",0,0,0,0,0,0,0,0,0,0,0,0,0,0,"0",0,0,0,0,0,0,0,0,2,0,0,0,0,0,0,0,"1",0,0,0,"0",0,0,0,0,"0",0,0,0,0,0,0,0,0,0,0,0,0,0,0,0,"0","0","1","0","0","0","0","0","0","0","0","0","0","0","0","0","0","0","0","0","0","0","0","0","1","1","0","0","1","1","0","0","0","0","0","0","0","0","0","0","0","0","0","0","0","0","0","0","0","0","0","1","0","0","0","1","0","0","0","0","0","0","0","0","0","0","0","0","0","0","0","0","0","0","0","0","0","0","0","0","0","0","0","0","0","0","0","0","0","0","0","0","1","202110","202204","2305"
"0041157","530010","72115918","33734679000100","3","1","00000000000000","","","","","","0","E","","","04","","01","22","03","","99","","","","","","","","LICENCA DE FUNCIONAMENTO","20190529","1","","","","","","0","0","1","0","0","0","1","0","0","0","0","0","0","0",0,0,0,"0",0,0,0,0,0,0,0,0,0,0,0,0,0,0,"0",0,0,0,1,0,0,0,0,0,0,0,0,0,0,0,0,"1",0,0,0,"0",0,0,0,0,"0",0,0,0,0,0,0,0,0,0,0,0,0,0,0,0,"0","0","0","0","0","0","0","0","0","0","0","0","0","0","0","0","0","0","0","0","0","0","0","0","0","0","0","0","1","1","0","0","0","0","0","0","0","0","0","0","0","0","0","0","0","0","0","0","0","0","0","1","0","0","0","1","0","0","0","0","0","0","0","0","0","0","0","0","0","0","0","0","0","0","0","0","0","0","0","0","0","0","0","0","0","0","0","0","0","0","0","0","1","202001","202204","2135"
"0041203","530010","70316109","30453669000108","3","1","00000000000000","","","","","","0","E","","","04","","01","22","03","","99","","","","","","","","EAS.00017-01","20210510","1","","","","","","0","0","1","0","0","0","1","0","0","0","0","0","0","0",0,0,0,"0",0,0,0,0,0,0,0,0,0,0,0,0,0,0,"0",0,1,0,0,0,0,0,0,0,0,0,0,0,0,0,0,"1",0,0,0,"0",0,0,0,0,"0",0,0,0,0,0,0,0,0,0,0,0,0,0,0,0,"0","0","1","0","0","0","0","0","0","0","0","0","0","0","0","0","0","0","0","1","0","0","0","0","1","0","0","0","1","1","0","0","0","0","0","0","0","0","0","0","0","0","0","0","0","0","0","0","0","0","0","1","0","0","0","0","0","0","0","0","0","0","0","0","0","0","0","0","0","0","0","0","0","0","0","0","0","0","0","0","0","0","0","0","0","0","0","0","0","0","0","0","1","202108","202204","2062"
"0041769","530010","72120010","34014503000138","3","1","00000000000000","","","","","","0","E","","","04","","03","22","04","","99","","","","","","","","","","","","","","","","0","0","1","0","0","0","1","0","0","0","0","0","0","0",0,0,0,"0",0,0,0,0,0,0,0,0,0,0,0,0,0,0,"0",0,0,0,0,0,0,0,0,1,0,0,0,0,0,0,0,"1",0,0,0,"0",0,0,0,0,"0",0,0,0,0,0,0,0,0,0,0,0,0,0,0,0,"0","0","1","0","0","0","0","0","1","0","0","0","0","0","0","0","0","0","0","0","0","0","0","0","1","1","0","0","1","1","0","0","0","0","0","0","0","0","0","0","0","0","0","0","0","0","0","0","0","0","0","1","0","0","0","0","0","0","0","0","0","0","0","0","0","0","0","0","0","0","0","0","0","0","0","0","0","0","0","0","0","0","0","0","0","0","0","0","0","0","0","0","1","202002","202204","2062"
"0041858","530010","70070934","36083587000197","3","1","00000000000000","","","","","","0","E","","","04","","03","36","03","","99","","","","","","","","RLE","20200122","1","","","","","","0","0","1","0","0","0","1","0","0","0","0","0","0","0",0,0,0,"0",0,0,0,0,0,0,0,0,0,0,0,0,0,0,"0",0,0,0,1,0,0,0,0,0,0,0,0,0,0,0,0,"1",0,0,0,"0",0,0,0,0,"0",0,0,0,0,0,0,0,0,0,0,0,0,0,0,0,"0","0","1","0","0","0","0","0","0","0","0","0","0","0","0","0","0","0","0","0","0","0","0","0","1","0","0","0","1","1","0","0","0","0","0","0","0","0","0","0","0","0","0","0","0","0","0","0","0","0","0","1","0","0","0","0","0","0","0","0","0","0","0","0","0","0","0","0","0","0","0","0","0","0","0","0","0","0","0","0","0","0","0","0","0","0","0","0","0","0","0","0","1","202002","202204","2062"
"0042528","530010","70376520","35873168000196","3","1","00000000000000","","DF","DF","0015","","0","E","","","04","","03","36","04","","99","001","10049","593788","","","","","RLE","20200102","1","","","","","","0","0","1","0","0","0","1","0","0","0","0","0","0","0",0,0,0,"0",0,0,0,0,0,0,0,0,0,0,0,0,0,0,"0",0,0,0,1,0,0,0,0,0,0,0,0,0,0,0,0,"1",0,0,0,"0",0,0,0,0,"0",0,0,0,0,0,0,0,0,0,0,0,0,0,0,0,"0","0","1","0","0","0","0","0","0","0","0","0","0","0","0","0","0","0","0","0","0","0","0","0","1","0","0","0","1","1","0","0","0","0","0","0","0","0","0","0","0","0","0","0","0","0","0","0","0","0","0","1","0","0","1","1","0","0","0","0","0","0","0","0","0","0","0","0","0","0","0","0","0","0","0","0","0","0","0","0","0","0","0","0","0","0","0","0","0","0","0","0","1","202001","202204","2062"
"0042536","530010","71926000","34183920000104","3","1","00000000000000","","","","","","0","E","","","04","","01","22","04","","99","","","","","","","","RLE","20200723","1","","","","","","0","0","1","0","0","0","1","0","0","0","0","0","0","0",0,0,0,"0",0,0,0,0,0,0,0,0,0,0,0,0,0,0,"0",0,0,0,1,0,0,0,0,0,0,0,0,0,0,0,0,"1",0,0,0,"0",0,0,0,0,"0",0,0,0,0,0,0,0,0,0,0,0,0,0,0,0,"0","0","1","0","0","0","0","0","0","0","0","0","0","0","0","0","0","0","0","0","0","0","0","0","1","0","0","0","1","1","0","0","0","0","0","0","0","0","0","0","0","0","0","0","0","0","0","0","0","0","0","0","0","0","0","0","0","0","1","0","0","0","1","0","0","0","0","0","0","0","0","0","0","0","0","0","0","0","0","0","0","0","0","0","0","0","0","0","0","0","0","0","1","202008","202204","2062"
"0043109","530010","70830018","35167999000142","3","1","00000000000000","","","","0005","","0","E","","","04","","03","22","03","","99","","","","","","","","00816022021","20210101","1","","","","","","0","0","1","0","0","0","1","0","0","0","0","0","0","0",0,0,0,"0",0,0,0,0,0,0,0,0,0,0,0,0,0,0,"0",0,0,0,1,0,0,0,0,0,0,0,0,0,0,0,0,"1",0,0,0,"0",0,0,0,0,"0",0,0,0,0,0,0,0,0,0,0,0,0,0,0,0,"0","0","0","0","0","0","0","0","0","0","0","0","0","0","0","0","0","0","0","0","0","0","0","0","0","0","0","0","1","1","0","0","0","0","0","0","0","0","0","0","0","0","0","0","0","0","0","0","0","0","0","1","0","0","0","0","0","0","0","0","0","0","0","0","0","0","0","0","0","0","0","0","0","0","0","0","0","0","0","0","0","0","0","0","0","0","0","0","0","0","0","0","1","202203","202204","2135"
"0043435","530010","72261002","33456991000170","3","1","00000000000000","","","","0040","","0","E","","","04","","01","04","03","","99","","","","","","","","LICENCIAMENTO DIGITAL","20211005","1","","","","","","0","0","1","0","0","0","1","0","0","0","0","0","0","0",0,0,0,"0",0,0,0,0,0,0,0,0,0,0,0,0,0,0,"0",1,0,0,1,0,0,0,0,0,0,0,0,0,0,0,0,"1",0,0,0,"0",0,0,0,0,"0",0,0,0,0,0,0,0,0,0,0,0,0,0,0,0,"0","0","1","0","0","0","0","0","0","0","0","0","0","0","0","0","0","0","0","0","0","0","0","0","1","1","0","0","1","1","0","0","0","0","0","0","0","0","0","0","0","0","0","0","0","0","0","0","0","0","0","1","0","0","0","1","0","0","0","0","0","0","0","0","0","0","0","0","0","0","0","0","0","0","0","0","0","0","0","0","0","0","0","0","0","0","0","0","0","0","0","0","1","202112","202204","2062"
"0044024","530010","70673416","35445475000176","3","1","00000000000000","","","","9931","","0","E","","","04","","01","36","03","","99","","","","","","","","RLE","20211104","1","","","","","","0","0","1","0","0","0","1","0","0","0","0","0","0","0",0,0,0,"0",0,0,0,0,0,0,0,0,0,0,0,0,0,0,"0",0,1,0,0,0,0,0,0,0,0,0,0,0,0,0,0,"1",0,0,0,"0",0,0,0,0,"0",0,0,0,0,0,0,0,0,0,0,0,0,0,0,0,"0","0","1","0","0","0","0","0","0","0","0","0","0","0","0","0","0","0","0","0","0","0","0","0","1","0","0","0","1","1","0","0","0","0","0","0","0","0","0","0","0","0","0","0","0","0","0","0","0","0","0","1","0","0","0","0","0","0","0","0","0","0","0","0","0","0","0","0","0","0","0","0","0","0","0","0","0","0","0","0","0","0","0","0","0","0","0","0","0","0","0","0","1","202204","202204","2062"
"0044350","530010","70340907","32743472000120","3","1","00000000000000","","","","0015","","0","E","","","04","","01","22","03","","99","","","","","","","","CERT DE LICENCIAMENTO","20200113","1","","","","","","0","0","1","0","0","0","1","0","0","0","0","0","0","0",0,0,0,"0",0,0,0,0,0,0,0,0,0,0,0,0,0,0,"0",1,0,0,0,0,0,0,0,0,0,0,0,0,0,0,0,"1",0,0,0,"0",0,0,0,0,"0",0,0,0,0,0,0,0,0,0,0,0,0,0,0,0,"0","0","1","0","0","0","0","0","0","0","0","0","0","0","0","0","0","0","0","0","0","0","0","0","1","0","0","0","1","1","0","0","0","0","0","0","0","0","0","0","0","0","0","0","0","0","0","0","0","0","0","1","0","0","0","0","0","0","0","0","0","0","0","0","0","0","0","0","0","0","0","0","0","0","0","0","0","0","0","0","0","0","0","0","0","0","0","0","0","0","0","0","1","202002","202204","2305"
"0044725","530010","72640004","24206360000102","3","1","00000000000000","","","","","","0","E","","","04","","03","04","03","","99","","","","","","","","","","","","","","","","0","0","1","0","0","0","1","0","0","0","0","0","0","0",0,0,0,"0",0,0,0,0,0,0,0,0,0,0,0,0,0,0,"0",0,0,0,3,0,0,0,0,0,0,0,0,0,0,0,0,"1",0,0,0,"0",0,0,0,0,"0",0,0,0,0,0,0,0,0,0,0,0,0,0,0,0,"0","0","1","0","0","0","0","0","0","0","0","0","0","0","0","0","0","0","0","0","0","0","0","0","1","0","0","0","1","1","0","0","0","0","0","0","0","0","0","0","0","0","0","0","0","0","0","0","0","0","0","1","0","0","0","0","0","0","0","0","0","0","0","0","0","0","0","0","0","0","0","0","0","0","0","0","0","0","0","0","0","0","0","0","0","0","0","0","0","0","0","0","1","202002","202204","2062"
"0044849","530010","70390095","31266761000113","3","1","00000000000000","","","","0015","","0","E","","","04","","03","04","03","","99","","","","","","","","EAS.20751-01","20210128","1","","","","","","0","0","1","0","0","0","1","0","0","0","0","0","0","0",0,0,0,"0",0,0,0,0,0,0,0,0,0,0,0,0,0,0,"0",5,3,0,0,0,0,0,0,0,0,0,0,0,0,0,0,"1",0,0,0,"0",0,0,0,0,"0",0,0,0,0,0,0,0,0,0,0,0,0,0,0,0,"0","0","1","0","0","0","0","0","1","0","0","0","0","0","0","0","0","0","0","0","0","0","0","0","1","0","0","0","1","1","0","0","0","0","0","0","0","0","0","0","0","0","0","0","0","0","0","0","0","0","0","1","0","0","0","1","0","0","0","0","0","0","0","0","0","0","0","0","0","0","0","0","0","0","0","0","0","0","0","0","0","0","0","0","0","0","0","0","0","0","0","0","1","202111","202204","2062"
"0045659","530010","72316534","33055571000182","3","1","00000000000000","","","","0040","","0","E","","","04","","03","39","03","","99","","","","","","","","LAB - 0045.1","20210113","1","","","","","","0","0","1","0","0","0","1","0","0","0","0","0","0","0",0,0,0,"0",0,0,0,0,0,0,0,0,0,0,0,0,0,0,"0",0,0,0,3,0,0,0,0,0,0,0,0,0,0,0,0,"1",0,0,0,"0",0,0,0,0,"0",0,0,0,0,0,0,0,0,0,0,0,0,0,0,0,"0","0","1","0","0","0","0","0","0","0","0","0","0","0","0","0","0","0","0","0","0","0","0","0","1","1","0","0","1","1","0","0","0","0","0","0","0","0","0","0","0","0","0","0","0","0","0","0","0","0","0","0","0","0","0","0","0","0","1","0","0","1","1","0","0","0","0","0","0","0","0","0","0","0","0","0","0","0","0","0","0","0","0","0","0","0","0","0","0","0","0","0","1","202102","202204","2305"
"0046353","530010","71720585","34046366000113","3","1","00000000000000","","","","0100","","0","E","","","03","","01","22","03","","99","","","","","","","","0016-11","20190712","1","","","","","","0","0","1","0","0","0","1","0","0","0","0","0","0","0",0,0,0,"0",0,0,0,0,0,0,0,0,0,0,0,0,0,0,"0",0,0,0,1,0,0,0,0,0,0,0,0,0,0,0,0,"1",0,0,0,"0",0,0,0,0,"0",0,0,0,0,0,0,0,0,0,0,0,0,0,0,0,"0","0","1","0","0","0","0","0","0","0","1","0","0","0","0","0","0","0","0","0","0","0","0","0","1","0","0","0","1","1","0","0","0","0","0","0","0","0","0","0","0","0","0","0","0","0","0","0","0","0","0","1","0","0","0","0","0","0","0","0","0","0","0","0","0","0","0","0","0","0","0","0","0","0","0","0","0","0","0","0","0","0","0","0","0","0","0","0","0","0","0","0","1","202002","202204","2305"
"0046434","530010","72415101","73405557000267","3","1","00000000000000","","","","0060","","0","E","","","04","","03","04","03","","99","","","","","","","","LICENCA SANITARIA","20200415","1","","","","","","0","0","1","0","0","0","1","0","0","0","0","0","0","0",0,0,0,"0",0,0,0,0,0,0,0,0,0,0,0,0,0,0,"0",5,0,0,0,0,0,0,0,0,0,0,0,0,0,0,0,"1",0,0,0,"0",0,0,0,0,"0",0,0,0,0,0,0,0,0,0,0,0,0,0,0,0,"0","0","1","0","0","0","0","0","0","0","0","0","0","0","0","0","0","0","0","0","0","0","0","0","1","0","0","0","1","1","0","0","0","0","0","0","0","0","0","0","0","0","0","0","0","0","0","0","0","0","0","1","0","0","0","1","0","0","0","0","0","0","0","0","0","0","0","0","0","0","0","0","0","0","0","0","0","0","0","0","0","0","0","0","0","0","0","0","0","0","0","0","1","202104","202204","2062"
"0046469","530010","70390100","36152516000107","3","1","00000000000000","","","","","","0","E","","","04","","","22","03","","99","","","","","","","","","","","","","","","","0","0","1","0","0","0","1","0","0","0","0","0","0","0",0,0,0,"0",0,0,0,0,0,0,0,0,0,0,0,0,0,0,"0",1,0,0,0,0,0,0,0,0,0,0,0,0,0,0,0,"1",0,0,0,"0",0,0,0,0,"0",0,0,0,0,0,0,0,0,0,0,0,0,0,0,0,"0","0","0","0","0","0","0","0","0","0","0","0","0","0","0","0","0","0","0","0","0","0","0","0","0","0","0","0","1","1","0","0","0","0","0","0","0","0","0","0","0","0","0","0","0","0","0","0","0","0","0","0","0","0","1","1","0","0","0","0","0","0","0","0","0","0","0","0","0","0","0","0","0","0","0","0","0","0","0","0","0","0","0","0","0","0","0","0","0","0","0","0","1","202002","202204","2062"
"0046930","530010","71907720","35917587000182","3","1","00000000000000","","","","9901","","0","E","","","04","","01","22","04","","99","","","","","","","","","20200117","1","","","","","","0","0","1","0","0","0","1","0","0","0","0","0","0","0",0,0,0,"0",0,0,0,0,0,0,0,0,0,0,0,0,0,0,"0",0,0,0,2,0,0,0,0,0,0,0,0,0,0,0,0,"1",0,0,0,"0",0,0,0,0,"0",0,0,0,0,0,0,0,0,0,0,0,0,0,0,0,"0","0","1","0","0","0","0","0","0","0","0","0","0","0","0","0","0","0","0","0","0","0","0","0","1","0","0","0","1","1","0","0","0","0","0","0","0","0","0","0","0","0","0","0","0","0","0","0","0","0","0","1","0","0","1","1","0","0","0","0","0","0","0","0","0","0","0","0","0","0","0","0","0","0","0","0","0","0","0","0","0","0","0","0","0","0","0","0","0","0","0","0","1","202002","202204","2062"
"0049476","530010","70673416","35817690000150","3","1","00000000000000","","","","","","0","E","","","04","","03","36","03","","99","","","","","","","","124515","20191218","1","","","","","","0","0","1","0","0","0","1","0","0","0","0","0","0","0",0,0,0,"0",0,0,0,0,0,0,0,0,0,0,0,0,0,0,"0",0,0,0,1,0,0,0,0,0,0,0,0,0,0,0,0,"1",0,0,0,"0",0,0,0,0,"0",0,0,0,0,0,0,0,0,0,0,0,0,0,0,0,"0","0","1","0","0","0","0","0","0","0","0","0","0","0","0","0","0","0","0","0","0","0","0","0","1","0","0","0","1","1","0","0","0","0","0","0","0","0","0","0","0","0","0","0","0","0","0","0","0","0","0","1","0","0","0","0","0","0","0","0","0","0","0","0","0","0","0","0","0","0","0","0","0","0","0","0","0","0","0","0","0","0","0","0","0","0","0","0","0","0","0","0","1","202002","202204","2062"
"0049751","530010","70390700","33457306000120","3","1","00000000000000","","","","","","0","E","","","04","","03","36","03","","99","","","","","","","","ODO.01815-01","20200114","1","","","","","","0","0","1","0","0","0","1","0","0","0","0","0","0","0",0,0,0,"0",0,0,0,0,0,0,0,0,0,0,0,0,0,0,"0",0,0,0,0,0,0,0,0,2,0,0,0,0,0,0,0,"1",0,0,0,"0",0,0,0,0,"0",0,0,0,0,0,0,0,0,0,0,0,0,0,0,0,"0","0","1","0","0","0","0","0","1","0","0","0","0","0","0","0","0","0","0","0","0","0","0","0","1","0","0","0","1","1","0","0","0","0","0","0","0","0","0","0","0","0","0","0","0","0","0","0","0","0","0","1","0","0","0","1","0","0","0","0","0","0","0","0","0","0","0","0","0","0","0","0","0","0","0","0","0","0","0","0","0","0","0","0","0","0","0","0","0","0","0","0","1","202002","202204","2062"
"0049867","530010","71927360","60884855002440","3","1","00000000000000","","","","9901","","0","E","","","04","","03","05","06","","99","","","","","","","","EAS N° 019/2019","20210506","1","","","","","","0","0","1","0","1","0","1","0","0","1","0","1","0","1",56,42,154,"1",6,0,0,2,0,0,0,1,0,1,2,2,2,5,"1",10,30,0,0,0,0,0,0,0,0,1,0,2,0,1,1,"1",10,2,1,"1",0,3,0,3,"1",0,0,0,1,0,0,0,0,0,0,2,0,0,0,0,"0","1","0","0","0","0","1","0","1","0","1","0","0","0","0","0","0","0","1","1","0","0","1","0","1","1","1","0","1","1","0","0","0","0","0","0","0","0","1","0","0","0","1","0","1","0","0","0","1","0","0","1","0","0","0","1","0","0","1","0","0","0","1","0","0","1","0","0","0","1","0","0","0","0","0","0","0","0","0","0","0","0","0","0","0","0","0","0","0","0","0","0","1","202111","202204","2054"
"0050199","530010","71710505","18719936000132","3","1","00000000000000","","","","0010","","0","E","","","04","","03","22","03","","99","","","","","","","","","","","","","","","","0","0","1","0","0","0","1","0","0","0","0","0","0","0",0,0,0,"0",0,0,0,0,0,0,0,0,0,0,0,0,0,0,"0",0,0,0,0,0,0,0,0,1,0,0,0,0,0,0,0,"1",0,0,0,"0",0,0,0,0,"0",0,0,0,0,0,0,0,0,0,0,0,0,0,0,0,"0","0","1","0","0","0","0","0","1","0","0","0","0","0","0","0","0","0","0","0","0","0","0","0","1","1","1","0","1","1","0","0","0","0","0","0","0","0","0","0","0","0","0","0","0","0","0","0","0","0","0","1","0","0","0","0","0","0","0","0","0","0","0","0","0","0","0","0","0","0","0","0","0","0","0","0","0","0","0","0","0","0","0","0","0","0","0","0","0","0","0","0","1","202003","202204","2062"
"0050202","530010","70390145","33113297000150","3","1","00000000000000","","","","","","0","E","","","04","","01","22","03","","99","","","","","","","","","","","","","","","","0","0","1","0","0","0","1","0","0","0","0","0","0","0",0,0,0,"0",0,0,0,0,0,0,0,0,0,0,0,0,0,0,"0",0,0,0,0,0,0,0,0,1,0,0,0,0,0,0,0,"1",0,0,0,"0",0,0,0,0,"0",0,0,0,0,0,0,0,0,0,0,0,0,0,0,0,"0","0","1","0","0","0","0","0","0","0","0","0","0","0","0","0","0","0","0","0","0","0","0","0","1","0","0","0","1","1","0","0","0","0","0","0","0","0","0","0","0","0","0","0","0","0","0","0","0","0","0","1","0","0","0","0","0","0","0","0","0","0","0","0","0","0","0","0","0","0","0","0","0","0","0","0","0","0","0","0","0","0","0","0","0","0","0","0","0","0","0","0","1","202002","202204","2305"
"0050210","530010","72220215","35371955000130","3","1","00000000000000","","","","0040","","0","E","","","04","","03","39","03","","99","","","","","","","","LAB Nº 0038-03","20200207","2","","","","","","0","0","1","0","0","0","1","0","0","0","0","0","0","0",0,0,0,"0",0,0,0,0,0,0,0,0,0,0,0,0,0,0,"0",0,0,0,3,0,0,0,0,0,0,0,0,0,0,0,0,"1",0,0,0,"0",0,0,0,0,"0",0,0,0,0,0,0,0,0,0,0,0,0,0,0,0,"0","0","1","0","0","0","0","0","0","0","0","0","0","0","0","0","0","0","0","0","0","0","0","0","1","1","0","0","1","1","0","0","0","0","0","0","0","0","0","0","0","0","0","0","0","0","0","0","0","0","0","0","0","0","0","0","0","0","1","0","0","1","1","0","0","0","0","0","0","0","0","0","0","0","0","0","0","0","0","0","0","0","0","0","0","0","0","0","0","0","0","0","1","202002","202204","2062"
"0050229","530010","70610053","34389698000109","3","1","00000000000000","","","","","","0","E","","","04","","01","22","04","","99","","","","","","","","ODO.01812-01","20191220","1","","","","","","0","0","1","0","0","0","1","0","0","0","0","0","0","0",0,0,0,"0",0,0,0,0,0,0,0,0,0,0,0,0,0,0,"0",0,0,0,0,0,0,0,0,1,0,0,0,0,0,0,0,"1",0,0,0,"0",0,0,0,0,"0",0,0,0,0,0,0,0,0,0,0,0,0,0,0,0,"0","0","1","0","0","0","0","0","0","0","0","0","0","0","0","0","0","0","0","0","0","0","0","0","1","1","0","0","1","1","0","0","0","0","0","0","0","0","0","0","0","0","0","0","0","0","0","0","0","0","0","1","0","0","0","1","0","0","0","0","0","0","0","0","0","0","0","0","0","0","0","0","0","0","0","0","0","0","0","0","0","0","0","0","0","0","0","0","0","0","0","0","1","202002","202204","2305"
"0053538","530010","71503511","02526706000117","3","1","00000000000000","","","","","","0","E","","","04","","01","22","03","","99","","","","","","","","LICENCA RLE","20180725","1","","","","","","0","0","1","0","0","0","1","0","0","0","0","0","0","0",0,0,0,"0",0,0,0,0,0,0,0,0,0,0,0,0,0,0,"0",0,0,0,1,0,0,0,0,0,0,0,0,0,0,0,0,"1",0,0,0,"0",0,0,0,0,"0",0,0,0,0,0,0,0,0,0,0,0,0,0,0,0,"0","0","1","0","0","0","0","0","0","0","0","0","0","0","0","0","0","0","0","0","0","0","0","0","1","0","0","0","1","1","0","0","0","0","0","0","0","0","0","0","0","0","0","0","0","0","0","0","0","0","0","1","0","0","0","0","0","0","0","0","0","0","0","0","0","0","0","0","0","0","0","0","0","0","0","0","0","0","0","0","0","0","0","0","0","0","0","0","0","0","0","0","1","202003","202204","2305"
"0053651","530010","71681120","32545514000119","3","1","00000000000000","","","","","","0","E","","","04","","03","36","03","","99","","","","","","","","53202213793","20191107","1","","","","","","0","0","1","0","0","0","1","0","0","0","0","0","0","0",0,0,0,"0",0,0,0,0,0,0,0,0,0,0,0,0,0,0,"0",0,1,0,1,0,0,0,0,0,0,0,0,0,0,0,0,"1",0,0,0,"0",0,0,0,0,"0",0,0,0,0,0,0,0,0,0,0,0,0,0,0,0,"0","0","1","0","0","0","0","0","0","0","0","0","0","0","0","0","0","0","0","0","0","0","0","0","1","0","0","0","1","1","0","0","0","0","0","0","0","0","0","0","0","0","0","0","0","0","0","0","0","0","0","1","0","0","0","1","0","0","0","0","0","0","0","0","0","0","0","0","0","0","0","0","0","0","0","0","0","0","0","0","0","0","0","0","0","0","0","0","0","0","0","0","1","202002","202204","2062"
"0054569","530010","70340000","35538688000142","3","1","00000000000000","","","","0015","","0","E","","","04","","01","22","03","","99","","","","","","","","CERT DE DISPENSA DE LICEN","20191121","1","","","","","","0","0","1","0","0","0","1","0","0","0","0","0","0","0",0,0,0,"0",0,0,0,0,0,0,0,0,0,0,0,0,0,0,"0",1,0,0,0,0,0,0,0,0,0,0,0,0,0,0,0,"1",0,0,0,"0",0,0,0,0,"0",0,0,0,0,0,0,0,0,0,0,0,0,0,0,0,"0","0","1","1","0","0","0","0","0","0","0","0","0","0","0","0","0","0","0","0","0","0","0","0","1","0","0","0","1","1","0","0","0","0","0","0","0","0","0","0","0","0","0","0","0","0","0","0","0","0","0","1","0","0","0","1","0","0","0","0","0","0","0","0","0","0","0","0","0","0","0","0","0","0","0","0","0","0","0","0","0","0","0","0","0","0","0","0","0","0","0","0","1","202002","202204","2062"
"0055786","530010","72115700","34685616000165","3","1","00000000000000","","","","0180","","0","E","","","04","","03","36","03","","99","","","","","","","","CERTIFICADO RLE","20190911","1","","","","","","0","0","1","0","0","0","1","0","0","0","0","0","0","0",0,0,0,"0",0,0,0,0,0,0,0,0,0,0,0,0,0,0,"0",0,0,0,1,0,0,0,0,0,0,0,0,0,0,0,0,"1",0,0,0,"0",0,0,0,0,"0",0,0,0,0,0,0,0,0,0,0,0,0,0,0,0,"0","0","1","0","0","0","0","0","0","0","0","0","0","0","0","0","0","0","0","0","0","0","0","0","1","0","0","0","1","1","0","0","0","0","0","0","0","0","0","0","0","0","0","0","0","0","0","0","0","0","0","1","0","0","0","1","0","0","0","0","0","0","0","0","0","0","0","0","0","0","0","0","0","0","0","0","0","0","0","0","0","0","0","0","0","0","0","0","0","0","0","0","1","202009","202204","2062"
"0056928","530010","72445010","32524788000121","3","1","00000000000000","","","","","","0","E","","","04","","03","04","04","","99","","","","","","","","EAS.00091-20","20200129","1","","","","","","0","0","1","0","0","0","1","0","0","0","0","0","0","0",0,0,0,"0",0,0,0,0,0,0,0,0,0,0,0,0,0,0,"0",4,0,0,4,0,0,0,0,0,0,0,0,0,0,0,0,"1",0,0,0,"0",0,0,0,0,"0",0,0,0,0,0,0,0,0,0,0,0,0,0,0,0,"0","0","0","1","0","0","0","0","0","0","0","0","0","0","0","0","0","0","0","0","0","0","0","0","1","0","0","0","1","1","0","0","0","0","0","0","0","0","0","0","0","0","0","0","0","0","0","0","0","0","0","1","0","0","1","1","0","0","1","0","0","1","1","0","0","0","0","0","0","0","0","0","0","0","0","0","0","0","0","0","0","0","0","0","0","0","0","0","0","0","0","0","1","202002","202204","2062"
"0057738","530010","70770911","32679746000160","3","1","00000000000000","","","","0005","","0","E","","","04","","01","36","04","","99","","","","","","","","00544-02","20200630","1","","","","","","0","0","1","0","0","0","1","0","0","0","0","0","0","0",0,0,0,"0",0,0,0,0,0,0,0,0,0,0,0,0,0,0,"0",0,1,0,1,0,0,0,0,0,0,0,0,0,0,0,0,"1",0,0,0,"0",0,0,0,0,"0",0,0,0,0,0,0,0,0,0,0,0,0,0,0,0,"0","0","1","0","0","0","0","0","0","0","0","0","0","0","0","0","0","0","0","0","0","0","0","0","1","1","0","0","1","1","0","0","0","0","0","0","0","0","0","0","0","0","0","0","0","0","0","0","0","0","0","1","0","0","0","0","0","0","0","0","0","0","0","0","0","0","0","0","0","0","0","0","0","0","0","0","0","0","0","0","0","0","0","0","0","0","0","0","0","0","0","0","1","202103","202204","2062"
"0058564","530010","70701000","36080776000106","3","1","00000000000000","","","","0010","","0","E","","","04","","03","39","04","","99","","","","","","","","","","","","","","","","0","0","1","0","0","0","1","0","0","0","0","0","0","0",0,0,0,"0",0,0,0,0,0,0,0,0,0,0,0,0,0,0,"0",0,0,0,1,0,0,0,0,0,0,0,0,0,0,0,0,"1",0,0,0,"0",0,0,0,0,"0",0,0,0,0,0,0,0,0,0,0,0,0,0,0,0,"0","0","0","1","0","0","0","0","0","0","0","0","0","0","0","0","0","0","0","0","0","0","0","0","1","0","0","0","1","1","0","0","0","0","0","0","0","0","0","0","0","0","0","0","0","0","0","0","0","0","0","0","0","0","0","0","0","0","1","0","0","0","1","0","0","0","0","0","0","0","0","0","0","0","0","0","0","0","0","0","0","0","0","0","0","0","0","0","0","0","0","0","1","202002","202204","2135"
"0060720","530010","70308000","22838358000120","3","1","00000000000000","","","","0015","","0","E","","","04","","01","22","03","","99","","","","","","","","","","","","","","","","0","0","1","0","0","0","1","0","0","0","0","0","0","0",0,0,0,"0",0,0,0,0,0,0,0,0,0,0,0,0,0,0,"0",0,1,0,0,0,0,0,0,0,0,0,0,0,0,0,0,"1",0,0,0,"0",0,0,0,0,"0",0,0,0,0,0,0,0,0,0,0,0,0,0,0,0,"0","0","1","0","0","0","0","0","0","0","0","0","0","0","0","0","0","0","0","0","0","0","0","0","1","0","0","0","1","1","0","0","0","0","0","0","0","0","0","0","0","0","0","0","0","0","0","0","0","0","0","1","0","0","1","1","0","0","0","0","0","0","0","0","0","0","0","0","0","0","0","0","0","0","0","0","0","0","0","0","0","0","0","0","0","0","0","0","0","0","0","0","1","202101","202204","2062"
"0061190","530010","70712904","34325204000114","3","1","00000000000000","","","","0005","","0","E","","","04","","01","39","03","","99","","","","","","","","CERTIFICADO DE LICENCIAME","20190916","1","","","","","","0","0","1","0","0","0","1","0","0","0","0","0","0","0",0,0,0,"0",0,0,0,0,0,0,0,0,0,0,0,0,0,0,"0",0,0,0,0,0,0,0,1,0,0,1,0,0,0,0,0,"1",0,0,0,"0",0,0,0,0,"0",0,0,0,0,0,0,0,0,1,0,0,0,0,0,0,"0","0","1","0","0","0","0","0","0","0","0","0","0","0","0","0","0","0","0","0","0","0","0","0","1","1","0","0","1","1","0","0","0","0","0","0","0","0","0","0","0","0","0","0","0","0","0","0","0","0","0","1","0","0","0","0","0","0","1","0","0","0","0","0","0","0","0","0","0","0","0","0","0","0","0","0","0","0","0","0","0","0","0","0","0","0","0","0","0","0","0","0","1","202002","202204","2062"
"0061379","530010","70340907","24228632000175","3","1","00000000000000","","","","","","0","E","","","04","","01","36","03","","99","","","","","","","","","20180801","1","","","","","","0","0","1","0","0","0","1","0","0","0","0","0","0","0",0,0,0,"0",0,0,0,0,0,0,0,0,0,0,0,0,0,0,"0",0,0,0,1,0,0,0,0,0,0,0,0,0,0,0,0,"1",0,0,0,"0",0,0,0,0,"0",0,0,0,0,0,0,0,0,0,0,0,0,0,0,0,"0","0","1","0","0","0","0","0","0","0","0","0","0","0","0","0","0","0","0","0","0","0","0","0","1","0","0","0","1","1","0","0","0","0","0","0","0","0","0","0","0","0","0","0","0","0","0","0","0","0","0","1","0","0","0","0","0","0","0","0","0","0","0","0","0","0","0","0","0","0","0","0","0","0","0","0","0","0","0","0","0","0","0","0","0","0","0","0","0","0","0","0","1","202003","202204","2240"
"0061387","530010","71070512","10493037000233","3","1","00000000000000","","","","","","0","E","","","04","","03","36","03","","99","","","","","","","","53202260210","20210131","1","","","","","","0","0","1","0","0","0","1","0","0","0","0","0","0","0",0,0,0,"0",0,0,0,0,0,0,0,0,0,0,0,0,0,0,"0",0,1,0,0,0,0,0,0,0,0,0,0,0,0,0,0,"1",0,0,0,"0",0,0,0,0,"0",0,0,0,0,0,0,0,0,0,0,0,0,0,0,0,"0","0","1","0","0","0","0","0","0","0","0","0","0","0","0","0","0","0","0","0","0","0","0","0","1","1","1","0","1","1","0","0","0","0","0","0","0","0","0","0","0","0","0","0","0","0","0","0","0","0","0","1","0","0","0","1","0","0","0","0","0","0","0","0","0","0","0","0","0","0","0","0","0","0","0","0","0","0","0","0","0","0","0","0","0","0","0","0","0","0","0","0","1","202104","202204","2062"
"0061662","530010","72260779","13031243000481","3","1","00000000000000","","","","","","0","E","","","04","","03","39","05","","99","","","","","","","","LAB.00648.16","20200128","1","","","","","","0","0","1","0","0","0","1","0","0","0","0","0","0","0",0,0,0,"0",0,0,0,0,0,0,0,0,0,0,0,0,0,0,"0",0,0,0,1,0,0,0,0,0,0,0,0,0,0,0,0,"1",0,0,0,"0",0,0,0,0,"0",0,0,0,0,0,0,0,0,0,0,0,0,0,0,0,"0","0","1","0","0","0","0","0","0","0","0","0","0","0","0","0","0","0","0","0","0","0","0","0","1","1","0","0","1","1","0","0","0","0","0","0","0","0","0","0","0","0","0","0","0","0","0","0","0","0","0","0","0","0","0","0","0","0","1","0","0","0","0","0","0","0","0","0","0","0","0","0","0","0","0","0","0","0","0","0","0","0","0","0","0","0","0","0","0","0","0","0","1","202002","202204","2062"
"0062510","530010","70390906","36246342000133","3","1","00000000000000","","","","","","0","E","","","04","","03","36","03","","99","","","","","","","","","","","","","","","","0","0","1","0","0","0","1","0","0","0","0","0","0","0",0,0,0,"0",0,0,0,0,0,0,0,0,0,0,0,0,0,0,"0",1,0,0,0,0,0,0,0,0,0,0,0,0,0,0,0,"1",0,0,0,"0",0,0,0,0,"0",0,0,0,0,0,0,0,0,0,0,0,0,0,0,0,"0","0","1","0","0","0","0","0","0","0","0","0","0","0","0","0","0","0","0","0","0","0","0","0","1","0","0","0","1","1","0","0","0","0","0","0","0","0","0","0","0","0","0","0","0","0","0","0","0","0","0","1","0","0","0","0","0","0","0","0","0","0","0","0","0","0","0","0","0","0","0","0","0","0","0","0","0","0","0","0","0","0","0","0","0","0","0","0","0","0","0","0","1","202002","202204","2062"
"0062650","530010","71936250","30763672000110","3","1","00000000000000","","","","9901","","0","E","","","04","","01","36","03","","99","","","","","","","","ODO.00108-22","20200212","1","","","","","","0","0","1","0","0","0","1","0","0","0","0","0","0","0",0,0,0,"0",0,0,0,0,0,0,0,0,0,0,0,0,0,0,"0",0,0,0,0,0,0,0,0,2,0,0,0,0,0,0,0,"1",0,0,0,"0",0,0,0,0,"0",0,0,0,0,0,0,0,0,0,0,0,0,0,0,0,"0","0","1","0","0","0","0","0","0","0","0","0","0","0","0","0","0","0","0","0","0","0","0","0","1","1","1","0","1","1","0","0","0","0","0","0","0","0","0","0","0","0","0","0","0","0","0","0","0","0","0","1","0","0","0","0","0","0","0","0","0","0","0","0","0","0","0","0","0","0","0","0","0","0","0","0","0","0","0","0","0","0","0","0","0","0","0","0","0","0","0","0","1","202002","202204","2305"
"0062901","530010","72242007","28318992000119","3","1","00000000000000","","","","0040","","0","E","","","04","","01","22","03","","99","","","","","","","","CERT. DE LICENCIAMENTO","20200902","1","","","","","","0","0","1","0","0","0","1","0","0","0","0","0","0","0",0,0,0,"0",0,0,0,0,0,0,0,0,0,0,0,0,0,0,"0",0,0,0,0,0,0,0,0,5,0,0,0,0,0,0,0,"1",0,0,0,"0",0,0,0,0,"0",0,0,0,0,0,0,0,0,0,0,0,0,0,0,0,"0","0","1","0","0","0","0","0","0","0","0","0","0","0","0","0","0","0","0","0","0","0","0","0","1","1","0","0","0","1","0","0","0","0","0","0","0","0","0","0","0","0","0","0","0","0","0","0","0","0","0","1","0","0","0","0","0","0","0","0","0","0","0","0","0","0","0","0","0","0","0","0","0","0","0","0","0","0","0","0","0","0","0","0","0","0","0","0","0","0","0","0","1","202107","202204","2062"
"0063711","530010","70770560","06047087013621","3","1","00000000000000","","","","0005","","0","E","","","04","","03","04","03","","99","","","","","","","","EAS - 00176-02","20211126","1","","","","","","0","0","1","0","0","0","1","0","0","0","0","0","0","0",0,0,0,"0",0,0,0,0,0,0,0,0,0,0,0,0,0,0,"0",1,15,0,0,0,0,0,0,0,1,1,0,0,1,0,0,"1",0,0,0,"0",0,0,0,0,"0",0,0,0,0,0,0,0,0,0,0,0,0,0,0,0,"0","0","1","0","0","0","0","0","0","0","0","0","0","0","0","0","0","0","0","0","0","0","0","0","1","1","1","0","1","1","0","0","0","0","0","0","0","0","0","0","0","0","0","0","0","0","0","0","0","0","0","1","0","0","0","1","0","0","0","0","0","0","0","0","0","0","0","0","0","0","0","0","0","0","0","0","0","0","0","0","0","0","0","0","0","0","0","0","0","0","0","0","1","202204","202204","2046"
"0063770","530010","71990720","03989821000603","3","1","00000000000000","","","","9901","","0","E","","","04","","02","43","03","","99","","","","","","","","FAR.00093-22","20210222","1","","","","","","0","0","1","0","0","0","1","0","0","0","0","0","0","0",0,0,0,"0",0,0,0,0,0,0,0,0,0,0,0,0,0,0,"1",0,0,0,0,0,0,0,0,0,0,0,0,0,0,0,0,"0",0,0,0,"0",0,0,0,0,"0",1,1,1,0,0,0,0,0,0,0,0,0,0,0,0,"0","0","0","0","0","0","1","0","0","0","0","0","0","0","0","0","0","0","0","0","0","0","0","0","1","0","1","0","1","1","0","0","0","0","0","0","0","0","0","0","0","0","0","0","0","0","0","0","0","0","0","0","0","0","0","0","0","0","0","0","0","0","0","0","0","0","0","0","0","0","0","0","1","0","0","0","0","0","0","0","0","0","0","0","0","0","0","0","0","0","0","0","1","202204","202204","2054"
"0063886","530010","70333900","16850879000443","3","1","00000000000000","","","","0015","","0","E","","","04","","02","22","03","","99","","","","","","","","EAS.20519-01","20210709","1","","","","","","0","0","1","0","0","0","1","0","0","0","0","0","0","0",0,0,0,"0",0,0,0,0,0,0,0,0,0,0,0,0,0,0,"0",2,0,0,0,0,0,0,0,0,0,0,0,0,0,0,0,"1",0,0,0,"0",0,0,0,0,"0",0,0,0,0,0,0,0,0,0,0,0,0,0,0,0,"0","0","1","0","0","0","0","0","0","0","0","0","0","0","0","0","0","0","0","0","0","0","0","0","1","0","0","0","1","1","0","0","0","0","0","0","0","0","0","0","0","0","0","0","0","0","0","0","0","0","0","1","0","0","0","0","0","0","0","0","0","0","0","0","0","0","0","0","0","0","0","0","0","0","0","0","0","0","0","0","0","0","0","0","0","0","0","0","0","0","0","0","1","202204","202204","2062"
"0064785","530010","70715010","26353381000186","3","1","00000000000000","","","","","","0","E","","","04","","","22","03","","99","","","","","","","","","","","","","","","","0","0","1","0","0","0","1","0","0","0","0","0","0","0",0,0,0,"0",0,0,0,0,0,0,0,0,0,0,0,0,0,0,"0",0,0,0,0,0,0,0,0,1,0,0,0,0,0,0,0,"1",0,0,0,"0",0,0,0,0,"0",0,0,0,0,0,0,0,0,0,0,0,0,0,0,0,"0","0","0","0","0","0","0","0","0","0","0","0","0","0","0","0","0","0","0","0","0","0","0","0","0","0","0","0","1","1","0","0","0","0","0","0","0","0","0","0","0","0","0","0","0","0","0","0","0","0","0","1","0","0","0","0","0","0","0","0","0","0","0","0","0","0","0","0","0","0","0","0","0","0","0","0","0","0","0","0","0","0","0","0","0","0","0","0","0","0","0","0","1","202002","202204","2135"
"0065226","530010","71200035","10781710000150","3","1","00000000000000","","","","0010","","0","E","","","04","","03","36","03","","99","","","","","","","","RLE 53201053610","20200218","1","","","","","","0","0","1","0","0","0","1","0","0","0","0","0","0","0",0,0,0,"0",0,0,0,0,0,0,0,0,0,0,0,0,0,0,"0",0,1,0,0,0,0,0,0,0,0,0,0,0,0,0,0,"1",0,0,0,"0",0,0,0,0,"0",0,0,0,0,0,0,0,0,0,0,0,0,0,0,0,"0","0","1","0","0","0","0","0","0","0","0","0","0","0","0","0","0","0","0","0","0","0","0","0","1","0","0","0","1","1","0","0","0","0","0","0","0","0","0","0","0","0","0","0","0","0","0","0","0","0","0","1","0","0","0","0","0","0","0","0","0","0","0","0","0","0","0","0","0","0","0","0","0","0","0","0","0","0","0","0","0","0","0","0","0","0","0","0","0","0","0","0","1","202002","202204","2062"
"0065234","530010","72015575","27210275000106","3","1","00000000000000","","","","","","0","E","","","04","","03","22","03","","99","","","","","","","","RLE 53600201990","20200218","1","","","","","","0","0","1","0","0","0","1","0","0","0","0","0","0","0",0,0,0,"0",0,0,0,0,0,0,0,0,0,0,0,0,0,0,"0",0,0,0,0,0,0,0,0,1,0,0,0,0,0,0,0,"1",0,0,0,"0",0,0,0,0,"0",0,0,0,0,0,0,0,0,0,0,0,0,0,0,0,"0","0","1","0","0","0","0","0","1","0","0","0","0","0","0","0","0","0","0","1","0","0","0","0","1","1","1","0","1","1","0","0","0","0","0","0","0","0","0","0","0","0","0","0","0","0","0","0","0","0","0","1","0","0","0","0","0","0","0","0","0","0","0","0","0","0","0","0","0","0","0","0","0","0","0","0","0","0","0","0","0","0","0","0","0","0","0","0","0","0","0","0","1","202002","202204","2305"
"0065242","530010","71200045","04100254000132","3","1","00000000000000","","","","","","0","E","","","04","","03","36","03","","99","","","","","","","","RLE 53201053610","20200218","1","","","","","","0","0","1","0","0","0","1","0","0","0","0","0","0","0",0,0,0,"0",0,0,0,0,0,0,0,0,0,0,0,0,0,0,"0",0,1,0,0,0,0,0,0,0,0,0,0,0,0,0,0,"1",0,0,0,"0",0,0,0,0,"0",0,0,0,0,0,0,0,0,0,0,0,0,0,0,0,"0","0","1","0","0","0","0","0","0","0","0","0","0","0","0","0","0","0","0","0","0","0","0","0","1","0","0","0","1","1","0","0","0","0","0","0","0","0","0","0","0","0","0","0","0","0","0","0","0","0","0","1","0","0","0","0","0","0","0","0","0","0","0","0","0","0","0","0","0","0","0","0","0","0","0","0","0","0","0","0","0","0","0","0","0","0","0","0","0","0","0","0","1","202002","202204","2062"
"0067792","530010","71615205","12569929000115","3","1","00000000000000","","","","0090","","0","E","","","04","","03","36","03","","99","","","","","","","","1252311","20190227","1","","","","","","0","0","1","0","0","0","1","0","0","0","0","0","0","0",0,0,0,"0",0,0,0,0,0,0,0,0,0,0,0,0,0,0,"0",0,1,0,0,0,0,0,0,0,0,0,0,0,0,0,0,"1",0,0,0,"0",0,0,0,0,"0",0,0,0,0,0,0,0,0,0,0,0,0,0,0,0,"0","0","1","0","0","0","0","0","0","0","0","0","0","0","0","0","0","0","0","0","0","0","0","0","1","0","0","0","1","1","0","0","0","0","0","0","0","0","0","0","0","0","0","0","0","0","0","0","0","0","0","1","0","0","0","0","0","0","0","0","0","0","0","0","0","0","0","0","0","0","0","0","0","0","0","0","0","0","0","0","0","0","0","0","0","0","0","0","0","0","0","0","1","202009","202204","2062"
"0067806","530010","72215178","12569929000204","3","1","00000000000000","","","","0040","","0","E","","","04","","03","36","03","","99","","","","","","","","1252311","20190227","1","","","","","","0","0","1","0","0","0","1","0","0","0","0","0","0","0",0,0,0,"0",0,0,0,0,0,0,0,0,0,0,0,0,0,0,"0",0,1,0,0,0,0,0,0,0,0,0,0,0,0,0,0,"1",0,0,0,"0",0,0,0,0,"0",0,0,0,0,0,0,0,0,0,0,0,0,0,0,0,"0","0","1","0","0","0","0","0","0","0","0","0","0","0","0","0","0","0","0","0","0","0","0","0","1","0","0","0","1","1","0","0","0","0","0","0","0","0","0","0","0","0","0","0","0","0","0","0","0","0","0","1","0","0","0","0","0","0","0","0","0","0","0","0","0","0","0","0","0","0","0","0","0","0","0","0","0","0","0","0","0","0","0","0","0","0","0","0","0","0","0","0","1","202009","202204","2062"
"0068748","530010","73005081","33982654000117","3","1","00000000000000","","","","","","0","E","","","04","","01","36","03","","99","","","","","","","","RLE","20190716","1","","","","","","0","0","1","0","0","0","1","0","0","0","0","0","0","0",0,0,0,"0",0,0,0,0,0,0,0,0,0,0,0,0,0,0,"0",0,3,0,0,0,0,0,0,0,0,0,0,0,0,0,0,"1",0,0,0,"0",0,0,0,0,"0",0,0,0,0,0,0,0,0,0,0,0,0,0,0,0,"0","0","1","0","0","0","0","0","0","0","0","0","0","0","0","0","0","0","0","0","0","0","0","0","1","0","0","0","1","1","0","0","0","0","0","0","0","0","0","0","0","0","0","0","0","0","0","0","0","0","0","1","0","0","0","0","0","0","0","0","0","0","0","0","0","0","0","0","0","0","0","0","0","0","0","0","0","0","0","0","0","0","0","0","0","0","0","0","0","0","0","0","1","202106","202204","2062"
"0068829","530010","71919540","33765818000154","3","1","00000000000000","","","","","","0","E","","","04","","03","22","03","","99","","","","","","","","00107-22","20200121","1","","","","","","0","0","1","0","0","0","1","0","0","0","0","0","0","0",0,0,0,"0",0,0,0,0,0,0,0,0,0,0,0,0,0,0,"0",0,0,0,0,0,0,0,0,1,0,0,0,0,0,0,0,"1",0,0,0,"0",0,0,0,0,"0",0,0,0,0,0,0,0,0,0,0,0,0,0,0,0,"0","0","1","0","0","0","0","0","0","0","0","0","0","0","0","0","0","0","0","0","0","0","0","0","1","1","0","0","0","1","0","0","0","0","0","0","0","0","0","0","0","0","0","0","0","0","0","0","0","0","0","0","0","0","0","1","0","0","0","0","0","0","0","0","0","0","0","0","0","0","0","0","0","0","0","0","0","0","0","0","0","0","0","0","0","0","0","0","0","0","0","0","1","202111","202204","2135"
"0069035","530010","72460290","30898164000149","3","1","00000000000000","","","","","","0","E","","","04","","01","22","04","","99","","","","","","","","00048-20/2020","20201103","1","","","","","","0","0","1","0","0","0","1","0","0","0","0","0","0","0",0,0,0,"0",0,0,0,0,0,0,0,0,0,0,0,0,0,0,"0",0,0,0,1,0,0,0,0,0,0,0,0,0,0,0,0,"1",0,0,0,"0",0,0,0,0,"0",0,0,0,0,0,0,0,0,0,0,0,0,0,0,0,"0","0","0","0","0","0","0","0","0","0","0","0","0","0","0","0","0","0","0","0","0","0","0","0","0","0","0","0","1","1","0","0","0","0","0","0","0","0","0","0","0","0","0","0","0","0","0","0","0","0","0","1","0","0","0","0","0","0","0","0","0","0","0","0","0","0","0","0","0","0","0","0","0","0","0","0","0","0","0","0","0","0","0","0","0","0","0","0","0","0","0","0","1","202106","202204","2062"
"0069507","530010","72220503","13963017000196","3","1","00000000000000","","","","","","0","E","","","04","","03","22","03","","99","","","","","","","","","","1","","","","","","0","0","1","0","0","0","1","0","0","0","0","0","0","0",0,0,0,"0",0,0,0,0,0,0,0,0,0,0,0,0,0,0,"0",0,0,0,0,0,0,0,0,1,0,0,0,0,0,0,0,"1",0,0,0,"0",0,0,0,0,"0",0,0,0,0,0,0,0,0,0,0,0,0,0,0,0,"0","0","0","0","0","0","0","0","0","0","0","0","0","0","0","0","0","0","0","0","0","0","0","0","0","1","0","0","1","1","0","0","0","0","0","0","0","0","0","0","0","0","0","0","0","0","0","0","0","0","0","1","0","0","0","0","0","0","0","0","0","0","0","0","0","0","0","0","0","0","0","0","0","0","0","0","0","0","0","0","0","0","0","0","0","0","0","0","0","0","0","0","1","202003","202204","2135"
"0069795","530010","71573020","34690985000146","3","1","00000000000000","","","","","","0","E","","","04","","03","22","03","","99","","","","","","","","","20200130","1","","","","","","0","0","1","0","0","0","1","0","0","0","0","0","0","0",0,0,0,"0",0,0,0,0,0,0,0,0,0,0,0,0,0,0,"0",0,0,0,0,0,0,0,0,1,0,0,0,0,0,0,0,"1",0,0,0,"0",0,0,0,0,"0",0,0,0,0,0,0,0,0,0,0,0,0,0,0,0,"0","0","1","0","0","0","0","0","1","0","0","0","0","0","0","0","0","0","0","0","0","0","0","0","1","0","0","0","1","1","0","0","0","0","0","0","0","0","0","0","0","0","0","0","0","0","0","0","0","0","0","1","0","0","0","0","0","0","0","0","0","0","0","0","0","0","0","0","0","0","0","0","0","0","0","0","0","0","0","0","0","0","0","0","0","0","0","0","0","0","0","0","1","202003","202204","2305"
"0069892","530010","70200700","03835815000189","3","1","00000000000000","","","","0015","","0","E","","","04","","01","22","03","","99","001","10030","446548","","","","","EAS.02260-01","20190703","1","","","","","","0","0","1","0","0","0","1","0","0","0","0","0","0","0",0,0,0,"0",0,0,0,0,0,0,0,0,0,0,0,0,0,0,"0",2,0,0,0,0,0,0,0,0,0,0,0,0,0,0,0,"1",0,0,0,"0",0,0,0,0,"0",0,0,0,0,0,0,0,0,0,0,0,0,0,0,0,"0","0","1","0","0","0","0","0","0","0","0","0","0","0","0","0","0","0","0","0","0","0","0","0","1","1","0","0","1","1","0","0","0","0","0","0","0","0","0","0","0","0","0","0","0","0","0","0","0","0","0","1","0","0","0","0","0","0","0","0","0","0","0","0","0","0","0","0","0","0","0","0","0","0","0","0","0","0","0","0","0","0","0","0","0","0","0","0","0","0","0","0","1","202003","202204","2062"
"0069973","530010","70340902","35538930000188","3","1","00000000000000","","","","","","0","E","","","04","","03","22","03","","99","","","","","","","","53202274512","20191119","1","","","","","","0","0","1","0","0","0","1","0","0","0","0","0","0","0",0,0,0,"0",0,0,0,0,0,0,0,0,0,0,0,0,0,0,"0",0,1,0,3,0,0,0,0,0,0,0,0,0,0,0,0,"1",0,0,0,"0",0,0,0,0,"0",0,0,0,0,0,0,0,0,0,0,0,0,0,0,0,"0","0","1","0","0","0","0","0","0","0","0","0","0","0","0","0","0","0","0","1","0","0","0","0","1","0","0","0","1","1","0","0","0","0","0","0","0","0","0","0","0","0","0","0","0","0","0","0","0","0","0","1","0","0","0","1","0","0","0","0","0","0","0","0","0","0","0","0","0","0","0","0","0","0","0","0","0","0","0","0","0","0","0","0","0","0","0","0","0","0","0","0","1","202003","202204","2062"
"0070629","530010","72150607","14124483000140","3","1","00000000000000","","","","","","0","E","","","04","","01","22","03","","99","","","","","","","","LICENCIAMENTO","20170410","1","","","","","","0","0","1","0","0","0","1","0","0","0","0","0","0","0",0,0,0,"0",0,0,0,0,0,0,0,0,0,0,0,0,0,0,"0",0,0,0,1,0,0,0,0,0,0,0,0,0,0,0,0,"1",0,0,0,"0",0,0,0,0,"0",0,0,0,0,0,0,0,0,0,0,0,0,0,0,0,"0","0","0","0","0","0","0","0","0","1","0","0","0","0","0","0","0","0","0","0","0","0","0","0","1","0","0","0","1","1","0","0","0","0","0","0","0","0","0","0","0","0","0","0","0","0","0","0","0","0","0","1","0","0","0","0","0","0","0","0","0","0","0","0","0","0","0","0","0","0","0","0","0","0","0","0","0","0","0","0","0","0","0","0","0","0","0","0","0","0","0","0","1","202003","202204","2062"
"0070769","530010","73330010","12195523000110","3","1","00000000000000","","","","","","0","E","","","04","","03","22","03","","99","","","","","","","","ALVARA","20191019","1","","","","","","0","0","1","0","0","0","1","0","0","0","0","0","0","0",0,0,0,"0",0,0,0,0,0,0,0,0,0,0,0,0,0,0,"0",0,0,0,1,0,0,0,1,0,0,0,0,0,0,0,0,"1",0,0,0,"0",0,0,0,0,"0",0,0,0,0,0,0,0,0,0,0,0,0,0,0,0,"0","0","1","0","0","0","0","0","0","0","0","0","0","0","0","0","0","0","0","0","0","0","0","0","1","0","0","0","1","1","0","0","0","0","0","0","0","0","0","0","0","0","0","0","0","0","0","0","0","0","0","0","0","0","0","1","0","0","0","0","0","0","0","0","0","0","0","0","0","0","0","0","0","0","0","0","0","0","0","0","0","0","0","0","0","0","0","0","0","0","0","0","1","202003","202204","2062"
"0071498","530010","70390700","34278007000191","3","1","00000000000000","","","","","","0","E","","","04","","01","36","03","","99","","","","","","","","EAS20695-01","20210629","1","","","","","","0","0","1","0","0","0","1","0","0","0","0","0","0","0",0,0,0,"0",0,0,0,0,0,0,0,0,0,0,0,0,0,0,"0",0,1,0,0,0,0,0,0,0,0,0,0,0,0,0,0,"1",0,0,0,"0",0,0,0,0,"0",0,0,0,0,0,0,0,0,0,0,0,0,0,0,0,"0","0","1","0","0","0","0","0","0","0","0","0","0","0","0","0","0","0","0","0","0","0","0","0","1","0","0","0","1","1","0","0","0","0","0","0","0","0","0","0","0","0","0","0","0","0","0","0","0","0","0","1","0","0","0","1","0","0","0","0","0","0","0","0","0","0","0","0","0","0","0","0","0","0","0","0","0","0","0","0","0","0","0","0","0","0","0","0","0","0","0","0","1","202202","202204","2062"
"0073164","530010","70390145","34844592000140","3","1","00000000000000","","","","","","0","E","","","04","","03","22","03","","99","","","","","","","","RLE 53600394526","20191031","1","","","","","","0","0","1","0","0","0","1","0","0","0","0","0","0","0",0,0,0,"0",0,0,0,0,0,0,0,0,0,0,0,0,0,0,"0",0,1,0,0,0,0,0,0,0,0,0,0,0,0,0,0,"1",0,0,0,"0",0,0,0,0,"0",0,0,0,0,0,0,0,0,0,0,0,0,0,0,0,"0","0","1","0","0","0","0","0","0","0","0","0","0","0","0","0","0","0","0","0","0","0","0","0","1","0","0","0","1","1","0","0","0","0","0","0","0","0","0","0","0","0","0","0","0","0","0","0","0","0","0","1","0","0","0","0","0","0","0","0","0","0","0","0","0","0","0","0","0","0","0","0","0","0","0","0","0","0","0","0","0","0","0","0","0","0","0","0","0","0","0","0","1","202011","202204","2305"
"0074829","530010","71925000","12887407000161","3","1","00000000000000","","","","","","0","E","","","04","","03","36","03","","99","","","","","","","","","","","","","","","","0","0","1","0","0","0","1","0","0","0","0","0","0","0",0,0,0,"0",0,0,0,0,0,0,0,0,0,0,0,0,0,0,"0",0,0,0,0,0,0,0,0,1,0,0,0,0,0,0,0,"1",0,0,0,"0",0,0,0,0,"0",0,0,0,0,0,0,0,0,0,0,0,0,0,0,0,"0","0","1","0","0","0","0","0","0","0","0","0","0","0","0","0","0","0","0","0","0","0","0","0","1","1","0","0","0","1","0","0","0","0","0","0","0","0","0","0","0","0","0","0","0","0","0","0","0","0","0","1","0","0","1","1","0","0","0","0","0","0","0","0","0","0","0","0","0","0","0","0","0","0","0","0","0","0","0","0","0","0","0","0","0","0","0","0","0","0","0","0","1","202107","202204","2062"
"0075043","530010","71906750","33293632000140","3","1","00000000000000","","","","","","0","E","","","04","","03","22","03","","99","","","","","","","","RLE DIGITAL","20191203","1","","","","","","0","0","1","0","0","0","1","0","0","0","0","0","0","0",0,0,0,"0",0,0,0,0,0,0,0,0,0,0,0,0,0,0,"0",0,0,0,1,0,0,0,0,0,0,0,0,0,0,0,0,"1",0,0,0,"0",0,0,0,0,"0",0,0,0,0,0,0,0,0,0,0,0,0,0,0,0,"0","0","1","0","0","0","0","0","0","0","0","0","0","0","0","0","0","0","0","0","0","0","0","0","1","0","0","0","1","1","1","1","0","0","0","0","0","0","0","0","0","0","1","0","0","0","0","0","0","0","0","1","0","0","0","0","0","0","0","0","0","0","0","0","0","0","0","0","0","0","0","0","0","0","0","0","0","0","0","0","0","0","0","0","0","0","0","0","0","0","0","0","1","202003","202204","2062"
"0077356","530010","70340906","33487517000106","3","1","00000000000000","","","","0015","","0","E","","","04","","03","22","03","","99","","","","","","","","LICENCIAMENTO RLE","20190712","1","","","","","","0","0","1","0","0","0","1","0","0","0","0","0","0","0",0,0,0,"0",0,0,0,0,0,0,0,0,0,0,0,0,0,0,"0",1,0,0,0,0,0,0,0,0,0,0,0,0,0,0,0,"1",0,0,0,"0",0,0,0,0,"0",0,0,0,0,0,0,0,0,0,0,0,0,0,0,0,"0","0","1","0","0","0","0","0","0","0","0","0","0","0","0","0","0","0","0","0","0","0","0","0","1","0","0","0","1","1","0","0","0","0","0","0","0","0","0","0","0","0","0","0","0","0","0","0","0","0","0","1","0","0","0","0","0","0","0","0","0","0","0","0","0","0","0","0","0","0","0","0","0","0","0","0","0","0","0","0","0","0","0","0","0","0","0","0","0","0","0","0","1","202003","202204","2062"
"0078689","530010","72006865","35158893000182","3","1","00000000000000","","","","","","0","E","","","04","","03","22","03","","99","341","4275","27618","","","","","355030801-851-006393-1-1","20050715","2","","","","","","0","0","1","0","0","0","1","0","0","0","0","0","0","0",0,0,0,"0",0,0,0,0,0,0,0,0,0,0,0,0,0,0,"0",0,0,0,2,0,0,0,0,0,0,0,0,0,0,0,0,"1",0,0,0,"0",0,0,0,0,"0",0,0,0,0,0,0,0,0,0,0,0,0,0,0,0,"0","0","1","0","0","0","0","0","0","0","0","0","0","0","0","0","0","0","0","0","0","0","0","0","1","1","0","0","1","1","0","0","0","0","0","0","0","0","0","0","0","0","0","0","0","0","0","0","0","0","0","1","0","0","0","1","0","0","0","0","0","0","0","0","0","0","0","0","0","0","0","0","0","0","0","0","0","0","0","0","0","0","0","0","0","0","0","0","0","0","0","0","1","202111","202204","2062"
"0078913","530010","70680643","60884855002521","3","1","00000000000000","","","","9931","","0","E","","","04","","02","22","03","","99","","","","","","","","EAS 0038-2","20210828","1","","","","","","0","0","1","0","0","0","1","0","0","0","0","0","0","0",0,0,0,"0",0,0,0,0,0,0,0,0,0,0,0,0,0,0,"0",2,0,0,0,0,0,0,0,0,0,0,0,0,0,0,0,"1",0,0,0,"0",0,0,0,0,"0",0,0,0,0,0,0,0,0,0,0,0,0,0,0,0,"0","0","1","0","0","0","0","0","0","0","0","0","0","0","0","0","0","0","0","0","0","0","0","0","1","1","0","0","1","1","0","0","0","0","0","0","0","0","0","0","0","0","0","0","0","0","0","0","0","0","0","1","0","0","1","1","0","0","0","0","0","0","0","0","0","0","0","0","0","0","0","0","0","0","0","0","0","0","0","0","0","0","0","0","0","0","0","0","0","0","0","0","1","202111","202204","2054"
"0078948","530010","71635600","60884855002106","3","1","00000000000000","","","","0010","","0","E","","","04","","02","22","03","","99","","","","","","","","EAS 0041-1","20211013","1","","","","","","0","0","1","0","0","0","1","0","0","0","0","0","0","0",0,0,0,"0",0,0,0,0,0,0,0,0,0,0,0,0,0,0,"0",1,0,0,0,0,0,0,0,0,0,0,0,0,0,0,0,"1",0,0,0,"0",0,0,0,0,"0",0,0,0,0,0,0,0,0,0,0,0,0,0,0,0,"0","0","1","0","0","0","0","0","0","0","0","0","0","0","0","0","0","0","0","0","0","0","0","0","1","1","0","0","1","1","0","0","0","0","0","0","0","0","0","0","0","0","0","0","0","0","0","0","0","0","0","1","0","0","1","1","0","0","0","0","0","0","0","0","0","0","0","0","0","0","0","0","0","0","0","0","0","0","0","0","0","0","0","0","0","0","0","0","0","0","0","0","1","202111","202204","2054"
"0079871","530010","71939540","36169556000153","3","1","00000000000000","","","","","","0","E","","","04","","01","22","04","","99","","","","","","","","","20200131","1","","","","","","0","0","1","0","0","0","1","0","0","0","0","0","0","0",0,0,0,"0",0,0,0,0,0,0,0,0,0,0,0,0,0,0,"0",0,0,0,1,0,0,0,0,0,0,0,0,0,0,0,0,"1",0,0,0,"0",0,0,0,0,"0",0,0,0,0,0,0,0,0,0,0,0,0,0,0,0,"0","0","0","0","0","0","0","0","0","0","0","0","0","0","0","0","0","0","0","0","0","0","0","0","0","0","0","0","1","1","0","0","0","0","0","0","0","0","0","0","0","0","0","0","0","0","0","0","0","0","0","1","0","0","0","0","0","0","0","0","0","0","0","0","0","0","0","0","0","0","0","0","0","0","0","0","0","0","0","0","0","0","0","0","0","0","0","0","0","0","0","0","1","202003","202204","2062"
"0079936","530010","70390055","35983966000170","3","1","00000000000000","","","","0010","","0","E","","","04","","01","22","03","","99","","","","","","","","","","","","","","","","0","0","1","0","0","0","1","0","0","0","0","0","0","0",0,0,0,"0",0,0,0,0,0,0,0,0,0,0,0,0,0,0,"0",0,0,0,1,0,0,0,0,0,0,0,0,0,0,0,0,"1",0,0,0,"0",0,0,0,0,"0",0,0,0,0,0,0,0,0,0,0,0,0,0,0,0,"0","0","1","0","0","0","0","0","0","0","0","0","0","0","0","0","0","0","0","0","0","0","0","0","1","0","0","0","1","1","0","0","0","0","0","0","0","0","0","0","0","0","0","0","0","0","0","0","0","0","0","1","0","0","0","1","0","0","0","0","0","0","0","0","0","0","0","0","0","0","0","0","0","0","0","0","0","0","0","0","0","0","0","0","0","0","0","0","0","0","0","0","1","202003","202204","2062"
"0080195","530010","72010010","15674630000119","3","1","00000000000000","","","","","","0","E","","","04","","03","22","03","","99","","","","","","","","RLE","20191113","1","","","","","","0","0","1","0","0","0","1","0","0","0","0","0","0","0",0,0,0,"0",0,0,0,0,0,0,0,0,0,0,0,0,0,0,"0",0,0,0,0,0,0,0,0,3,0,0,0,0,0,0,0,"1",0,0,0,"0",0,0,0,0,"0",0,0,0,0,0,0,0,0,0,0,0,0,0,0,0,"0","0","1","0","0","0","0","0","0","0","0","0","0","0","0","0","0","0","0","0","0","0","0","0","1","1","0","0","1","1","0","0","0","0","0","0","0","0","0","0","0","0","0","0","0","0","0","0","0","0","0","1","0","0","0","1","0","0","0","0","0","0","0","0","0","0","0","0","0","0","0","0","0","0","0","0","0","0","0","0","0","0","0","0","0","0","0","0","0","0","0","0","1","202003","202204","2062"
"0080233","530010","72318595","04558329000476","3","1","00000000000000","","","","","","0","E","","","04","","03","22","03","","99","","","","","","","","31/2020","20200218","1","","","","","","0","0","1","0","0","0","1","0","0","0","0","0","0","0",0,0,0,"0",0,0,0,0,0,0,0,0,0,0,0,0,0,0,"0",0,0,0,0,0,0,0,0,1,0,0,0,0,0,0,0,"1",0,0,0,"0",0,0,0,0,"0",0,0,0,0,0,0,0,0,0,0,0,0,0,0,0,"0","0","1","0","0","0","0","0","1","0","0","0","0","0","0","0","0","0","0","0","0","0","0","0","1","0","0","0","1","1","0","0","0","0","0","0","0","0","0","0","0","0","0","0","0","0","0","0","0","0","0","1","0","0","1","1","0","0","0","0","0","0","0","0","0","0","0","0","0","0","0","0","0","0","0","0","0","0","0","0","0","0","0","0","0","0","0","0","0","0","0","0","1","202003","202204","2062"
"0080454","530010","70390095","26756599000181","3","1","00000000000000","","","","","","0","E","","","04","","03","36","04","","99","","","","","","","","53600191081","20200204","2","","","","","","0","0","1","0","0","0","1","0","0","0","0","0","0","0",0,0,0,"0",0,0,0,0,0,0,0,0,0,0,0,0,0,0,"0",0,1,0,2,0,0,0,0,0,0,0,0,0,0,0,0,"1",0,0,0,"0",0,0,0,0,"0",0,0,0,0,0,0,0,0,0,0,0,0,0,0,0,"0","0","1","0","0","0","0","0","0","0","0","0","0","0","0","0","0","0","0","1","0","0","0","0","1","0","0","0","1","1","0","0","0","0","0","0","0","0","0","0","0","0","0","0","0","0","0","0","0","0","0","0","0","0","0","1","1","0","0","0","0","0","0","0","0","0","0","0","0","0","0","0","0","0","0","0","0","0","0","0","0","0","0","0","0","0","0","0","0","0","0","0","1","202003","202204","2305"
"0080519","530010","70730523","35302679000158","3","1","00000000000000","","","","0005","","0","E","","","04","","03","22","03","","99","","","","","","","","CERTIFICADO LICENCIAMENTO","20210802","1","","","","","","0","0","1","0","0","0","1","0","0","0","0","0","0","0",0,0,0,"0",0,0,0,0,0,0,0,0,0,0,0,0,0,0,"0",0,0,0,1,0,0,0,0,0,0,0,0,0,0,0,0,"1",0,0,0,"0",0,0,0,0,"0",0,0,0,0,0,0,0,0,0,0,0,0,0,0,0,"0","0","0","0","0","0","0","0","0","0","0","0","0","0","0","0","0","0","0","0","1","0","0","0","1","0","0","0","1","1","0","0","0","0","0","0","0","0","0","0","0","0","0","0","0","0","0","0","0","0","0","1","0","0","0","0","0","0","0","0","0","0","0","0","0","0","0","0","0","0","0","0","0","0","0","0","0","0","0","0","0","0","0","0","0","0","0","0","0","0","0","0","1","202110","202204","2062"
"0081043","530010","70200730","33333003000104","3","1","00000000000000","","","","0015","","0","E","","","04","","03","04","03","","99","","","","","","","","EAS - 20018-01","20100310","1","","","","","","0","0","1","0","0","0","1","0","0","0","0","0","0","0",0,0,0,"0",0,0,0,0,0,0,0,0,0,0,0,0,0,0,"0",0,1,0,0,0,0,0,0,0,0,0,0,0,0,0,0,"1",0,0,0,"0",0,0,0,0,"0",0,0,0,0,0,0,0,0,0,0,0,0,0,0,0,"0","0","1","0","0","0","0","0","0","0","0","0","0","0","0","0","0","0","0","0","0","0","0","0","1","0","0","0","1","1","0","0","0","0","0","0","0","0","0","0","0","0","0","0","0","0","0","0","0","0","0","1","0","0","0","1","0","0","0","0","0","0","0","0","0","0","0","0","0","0","0","0","0","0","0","0","0","0","0","0","0","0","0","0","0","0","0","0","0","0","0","0","1","202003","202204","2062"
"0081671","530010","72405499","36160736000174","3","1","00000000000000","","","","0060","","0","E","","","04","","03","22","03","","99","","","","","","","","LICENCIAMENTO RLE","20200128","1","","","","","","0","0","1","0","0","0","1","0","0","0","0","0","0","0",0,0,0,"0",0,0,0,0,0,0,0,0,0,0,0,0,0,0,"0",0,0,0,1,0,0,0,0,0,0,0,0,0,0,0,0,"1",0,0,0,"0",0,0,0,0,"0",0,0,0,0,0,0,0,0,0,0,0,0,0,0,0,"0","0","1","0","1","0","0","0","0","0","0","0","0","0","0","0","0","0","0","0","0","0","0","0","1","0","0","0","1","1","0","0","0","0","0","0","0","0","0","0","0","0","0","0","0","0","0","0","0","0","0","1","0","0","0","0","0","0","0","0","0","0","0","0","0","0","0","0","0","0","0","0","0","0","0","0","0","0","0","0","0","0","0","0","0","0","0","0","0","0","0","0","1","202003","202204","2062"
"0082074","530010","72215178","05917171000284","3","1","00000000000000","","","","","","0","E","","","04","","03","36","03","","99","","","","","","","","53900336530","20220310","1","","","","","","0","0","1","0","0","0","1","0","0","0","0","0","0","0",0,0,0,"0",0,0,0,0,0,0,0,0,0,0,0,0,0,0,"0",5,2,0,0,0,0,0,0,0,0,0,0,0,0,0,0,"1",0,0,0,"0",0,0,0,0,"0",0,0,0,0,0,0,0,0,0,0,0,0,0,0,0,"0","0","1","0","0","0","0","0","0","0","0","0","0","0","0","0","0","0","0","0","0","0","0","0","1","1","0","0","1","1","0","0","0","0","0","0","0","0","0","0","0","0","0","0","0","0","0","0","0","0","0","1","0","0","0","1","0","0","0","0","0","0","0","0","0","0","0","0","0","0","0","0","0","0","0","0","0","0","0","0","0","0","0","0","0","0","0","0","0","0","0","0","1","202203","202204","2062"
"0083054","530010","70200700","33840776000179","3","1","00000000000000","","","","0010","","0","E","","","01","","01","04","03","","99","","","","","","","","0001","20210501","1","","","","","","0","0","1","0","0","0","1","0","0","0","0","0","0","0",0,0,0,"0",0,0,0,0,0,0,0,0,0,0,0,0,0,0,"0",2,1,0,2,0,0,0,0,0,0,0,0,0,0,0,0,"1",0,0,0,"0",0,0,0,0,"0",0,0,0,0,0,0,0,0,0,0,0,0,0,0,0,"0","0","1","0","0","0","0","0","0","0","0","0","0","0","0","0","0","0","0","0","0","0","0","0","1","1","0","0","1","1","0","0","0","0","0","0","0","0","0","0","0","0","0","0","0","0","0","0","0","0","0","1","0","0","0","1","0","0","0","0","0","0","0","0","0","0","0","0","0","0","0","0","0","0","0","0","0","0","0","0","0","0","0","0","0","0","0","0","0","0","0","0","1","202107","202204","2062"
"0083119","530010","70077900","24903147000150","3","1","00000000000000","","","","0005","","0","E","","","04","","01","22","03","","99","","","","","","","","RLE DIGITAL","20181212","1","","","","","","0","0","1","0","0","0","1","0","0","0","0","0","0","0",0,0,0,"0",0,0,0,0,0,0,0,0,0,0,0,0,0,0,"0",0,0,0,0,0,0,0,0,1,0,0,0,0,0,0,0,"1",0,0,0,"0",0,0,0,0,"0",0,0,0,0,0,0,0,0,0,0,0,0,0,0,0,"0","0","1","0","0","0","0","0","0","0","0","0","0","0","0","0","0","0","0","0","0","0","0","0","1","1","0","0","1","1","0","0","0","0","0","0","0","0","0","0","0","0","0","0","0","0","0","0","0","0","0","1","0","0","0","1","0","0","0","0","0","0","0","0","0","0","0","0","0","0","0","0","0","0","0","0","0","0","0","0","0","0","0","0","0","0","0","0","0","0","0","0","1","202008","202204","2062"
"0083623","530010","71936250","25065531000355","3","1","00000000000000","","","","9901","","0","E","","","04","","01","36","03","","99","","","","","","","","EAS 180-22/2021","20210122","1","","","","","","0","0","1","0","0","0","1","0","0","0","0","0","0","0",0,0,0,"0",0,0,0,0,0,0,0,0,0,0,0,0,0,0,"0",0,1,0,0,0,0,0,0,0,0,0,1,0,0,0,0,"1",0,0,0,"0",0,0,0,0,"0",0,0,0,0,0,0,0,0,0,0,0,0,0,0,0,"0","0","1","0","0","0","0","0","0","0","0","0","0","0","0","0","0","0","0","0","0","0","0","0","1","0","0","0","1","1","0","0","0","0","0","0","0","0","0","0","0","0","0","0","0","0","0","0","0","0","0","1","0","0","0","0","0","0","0","0","0","0","0","0","0","0","0","0","0","0","0","0","0","0","0","0","0","0","0","0","0","0","0","0","0","0","0","0","0","0","0","0","1","202112","202204","2062"
"0083739","530010","70712903","32097801000103","3","1","00000000000000","","","","","","0","E","","","04","","03","22","03","","99","","","","","","","","ODO 00476-02","20200729","1","","","","","","0","0","1","0","0","0","1","0","0","0","0","0","0","0",0,0,0,"0",0,0,0,0,0,0,0,0,0,0,0,0,0,0,"0",0,0,0,0,0,0,0,0,1,0,0,0,0,0,0,0,"1",0,0,0,"0",0,0,0,0,"0",0,0,0,0,0,0,0,0,0,0,0,0,0,0,0,"0","0","1","0","0","0","0","0","0","0","0","0","0","0","0","0","0","0","0","0","0","0","0","0","1","1","0","0","1","1","0","0","0","0","0","0","0","0","0","0","0","0","0","0","0","0","0","0","0","0","0","1","0","0","0","1","0","0","0","0","0","0","0","0","0","0","0","0","0","0","0","0","0","0","0","0","0","0","0","0","0","0","0","0","0","0","0","0","0","0","0","0","1","202008","202204","2305"
"0083844","530010","70390150","26252641000127","3","1","00000000000000","","","","0015","","0","E","","","04","","03","36","03","","99","","","","","","","","RLE","20200124","1","","","","","","0","0","1","0","0","0","1","0","0","0","0","0","0","0",0,0,0,"0",0,0,0,0,0,0,0,0,0,0,0,0,0,0,"0",0,0,0,1,0,0,0,0,0,0,0,0,0,0,0,0,"1",0,0,0,"0",0,0,0,0,"0",0,0,0,0,0,0,0,0,0,0,0,0,0,0,0,"0","0","1","0","0","0","0","0","0","0","0","0","0","0","0","0","0","0","0","0","0","0","0","0","1","0","0","0","1","1","0","0","0","0","0","0","0","0","0","0","0","0","0","0","0","0","0","0","0","0","0","1","0","0","0","0","0","0","0","0","0","0","0","0","0","0","0","0","0","0","0","0","0","0","0","0","0","0","0","0","0","0","0","0","0","0","0","0","0","0","0","0","1","202003","202204","2062"
"0083984","530010","72120290","35345216000173","3","1","00000000000000","","","","","","0","E","","","04","","01","22","03","","99","","","","","","","","LICENCA ANVISA","20191112","1","","","","","","0","0","1","0","0","0","1","0","0","0","0","0","0","0",0,0,0,"0",0,0,0,0,0,0,0,0,0,0,0,0,0,0,"0",0,0,0,0,0,0,0,0,1,0,0,0,0,0,0,0,"1",0,0,0,"0",0,0,0,0,"0",0,0,0,0,0,0,0,0,0,0,0,0,0,0,0,"0","0","1","0","0","0","0","0","1","0","0","0","0","0","0","0","0","0","0","0","0","0","0","0","1","1","0","0","1","1","0","0","0","0","0","0","0","0","0","0","0","0","0","0","0","0","0","0","0","0","0","1","0","0","0","0","0","0","0","0","0","0","0","0","0","0","0","0","0","0","0","0","0","0","0","0","0","0","0","0","0","0","0","0","0","0","0","0","0","0","0","0","1","202003","202204","2062"
"0084034","530010","70040908","36546532000176","3","1","00000000000000","","","","","","0","E","","","04","","02","36","04","","99","","","","","","","","2IGOY6","20200306","1","","","","","","0","0","1","0","0","0","1","0","0","0","0","0","0","0",0,0,0,"0",0,0,0,0,0,0,0,0,0,0,0,0,0,0,"0",0,1,0,0,0,0,0,0,0,0,0,0,0,0,0,0,"1",0,0,0,"0",0,0,0,0,"0",0,0,0,0,0,0,0,0,0,0,0,0,0,0,0,"0","0","1","0","0","0","0","0","0","0","0","0","0","0","0","0","0","0","0","0","0","0","0","0","1","0","0","0","1","1","0","0","0","0","0","0","0","0","0","0","0","0","0","0","0","0","0","0","0","0","0","1","0","0","0","0","0","0","0","0","0","0","0","0","0","0","0","0","0","0","0","0","0","0","0","0","0","0","0","0","0","0","0","0","0","0","0","0","0","0","0","0","1","202003","202204","2062"
"0084484","530010","70670432","24844183000190","3","1","00000000000000","","","","","","0","E","","","04","","01","04","03","","99","","","","","","","","EAS.00072-07","20210702","1","","","","","","0","0","1","0","0","0","1","0","0","0","0","0","0","0",0,0,0,"0",0,0,0,0,0,0,0,0,0,0,0,0,0,0,"0",0,2,0,0,0,0,0,0,1,0,0,0,0,0,0,0,"1",0,0,0,"0",0,0,0,0,"0",0,0,0,0,0,0,0,0,0,0,0,0,0,0,0,"0","0","1","0","0","0","0","0","1","0","0","0","0","0","0","0","0","0","0","1","0","0","0","0","1","1","0","0","1","1","0","0","0","0","0","0","0","0","0","0","0","0","0","0","0","0","0","0","0","0","0","1","0","0","0","1","0","0","0","0","0","0","0","0","0","0","0","0","0","0","0","0","0","0","0","0","0","0","0","0","0","0","0","0","0","0","0","0","0","0","0","0","1","202106","202204","2062"
"0086525","530010","70330530","36245235000190","3","1","00000000000000","","","","","","0","E","","","04","","01","36","03","","99","","","","","","","","","","","","","","","","0","0","1","0","0","0","1","0","0","0","0","0","0","0",0,0,0,"0",0,0,0,0,0,0,0,0,0,0,0,0,0,0,"0",1,0,0,0,0,0,0,0,0,0,0,0,0,0,0,0,"1",0,0,0,"0",0,0,0,0,"0",0,0,0,0,0,0,0,0,0,0,0,0,0,0,0,"0","0","1","0","0","0","0","0","0","0","0","0","0","0","0","0","0","0","0","0","0","0","0","0","1","0","0","0","1","1","0","0","0","0","0","0","0","0","0","0","0","0","0","0","0","0","0","0","0","0","0","1","0","0","0","0","0","0","0","0","0","0","0","0","0","0","0","0","0","0","0","0","0","0","0","0","0","0","0","0","0","0","0","0","0","0","0","0","0","0","0","0","1","202003","202204","2062"
"0086665","530010","70200760","27847754000138","3","1","00000000000000","","","","","","0","E","","","04","","03","04","03","","99","","","","","","","","2021041001","20210530","1","","","","","","0","0","1","0","0","0","1","0","0","0","0","0","0","0",0,0,0,"0",0,0,0,0,0,0,0,0,0,0,0,0,0,0,"0",0,1,0,0,0,0,0,0,0,0,0,0,0,0,0,0,"1",0,0,0,"0",0,0,0,0,"0",0,0,0,0,0,0,0,0,0,0,0,0,0,0,0,"0","0","1","0","0","0","0","0","0","0","0","0","0","0","0","0","0","0","0","0","0","0","0","0","1","0","0","0","1","1","0","0","0","0","0","0","0","0","0","0","0","0","0","0","0","0","0","0","0","0","0","1","0","0","0","0","0","0","0","0","0","0","0","0","0","0","0","0","0","0","0","0","0","0","0","0","0","0","0","0","0","0","0","0","0","0","0","0","0","0","0","0","1","202202","202204","2240"
"0086800","530010","72600200","17323143000137","3","1","00000000000000","","","","0130","","0","E","","","04","","03","36","03","","99","","","","","","","","EAS Nº 56785-17","20210204","1","","","","","","0","0","1","0","0","0","1","0","0","0","0","0","0","0",0,0,0,"0",0,0,0,0,0,0,0,0,0,0,0,0,0,0,"0",0,2,0,0,0,0,0,0,0,0,0,0,0,0,0,0,"1",0,0,0,"0",0,0,0,0,"0",0,0,0,0,0,0,0,0,0,0,0,0,0,0,0,"0","0","1","0","0","0","0","0","0","0","0","0","0","0","0","0","0","1","0","0","0","0","0","0","1","0","0","0","1","1","0","0","0","0","0","0","0","0","0","0","0","0","0","0","0","0","0","0","0","0","0","1","0","0","0","1","0","0","0","0","0","0","0","0","0","0","0","0","0","0","0","0","0","0","0","0","0","0","0","0","0","0","0","0","0","0","0","0","0","0","0","0","1","202110","202204","2240"
"0088455","530010","71929180","33472500000185","3","1","00000000000000","","","","9901","","0","E","","","04","","03","36","03","","99","","","","","","","","CERTIFICADO RLE","20191001","1","","","","","","0","0","1","0","0","0","1","0","0","0","0","0","0","0",0,0,0,"0",0,0,0,0,0,0,0,0,0,0,0,0,0,0,"0",0,1,0,0,0,0,0,0,0,0,0,0,0,0,0,0,"1",0,0,0,"0",0,0,0,0,"0",0,0,0,0,0,0,0,0,0,0,0,0,0,0,0,"0","0","1","0","0","0","0","0","0","0","0","0","0","0","0","0","0","0","0","0","0","0","0","0","1","0","0","0","1","1","0","0","0","0","0","0","0","0","0","0","0","0","0","0","0","0","0","0","0","0","0","1","0","0","0","1","0","0","0","0","0","0","0","0","0","0","0","0","0","0","0","0","0","0","0","0","0","0","0","0","0","0","0","0","0","0","0","0","0","0","0","0","1","202003","202204","2305"
"0090131","530010","72215176","34659435000164","3","1","00000000000000","","","","0040","","0","E","","","04","","03","36","04","","99","","","","","","","","53202255674","20190826","1","","","","","","0","0","1","0","0","0","1","0","0","0","0","0","0","0",0,0,0,"0",0,0,0,0,0,0,0,0,0,0,0,0,0,0,"0",0,0,0,2,0,0,0,0,0,0,0,0,0,0,0,0,"1",0,0,0,"0",0,0,0,0,"0",0,0,0,0,0,0,0,0,0,0,0,0,0,0,0,"0","0","1","0","0","0","0","0","0","0","0","0","0","0","0","0","0","0","0","0","0","0","0","0","1","0","0","0","1","1","0","0","0","0","0","0","0","0","0","0","0","0","0","0","0","0","0","0","0","0","0","1","0","0","0","0","0","0","0","0","0","0","0","0","0","0","0","0","0","0","0","0","0","0","0","0","0","0","0","0","0","0","0","0","0","0","0","0","0","0","0","0","1","202103","202204","2062"
"0092347","530010","71955000","34411225000152","3","1","00000000000000","","","","9901","","0","E","","","04","","01","22","03","","99","","","","","","","","CERT DE LICENCIAMENTO","20200123","1","","","","","","0","0","1","0","0","0","1","0","0","0","0","0","0","0",0,0,0,"0",0,0,0,0,0,0,0,0,0,0,0,0,0,0,"0",0,0,0,0,0,0,0,0,1,0,0,0,0,0,0,0,"1",0,0,0,"0",0,0,0,0,"0",0,0,0,0,0,0,0,0,0,0,0,0,0,0,0,"0","0","1","0","0","0","0","0","1","0","0","0","0","0","0","0","0","0","0","0","0","0","0","0","1","0","0","0","1","1","0","0","0","0","0","0","0","0","0","0","0","0","0","0","0","0","0","0","0","0","0","1","0","0","0","0","0","0","0","0","0","0","0","0","0","0","0","0","0","0","0","0","0","0","0","0","0","0","0","0","0","0","0","0","0","0","0","0","0","0","0","0","1","202003","202204","2305"
"0092592","530010","72710020","31110750000140","3","1","00000000000000","","","","","","0","E","","","04","","01","36","04","","99","","","","","","","","CERTIFICADO LICENCIAMENTO","20190704","1","","","","","","0","0","1","0","0","0","1","0","0","0","0","0","0","0",0,0,0,"0",0,0,0,0,0,0,0,0,0,0,0,0,0,0,"0",0,3,0,0,0,0,0,0,0,0,0,0,0,0,0,0,"1",0,0,0,"0",0,0,0,0,"0",0,0,0,0,0,0,0,0,0,0,0,0,0,0,0,"0","0","1","0","0","0","0","0","0","0","0","0","0","0","0","0","0","0","0","0","0","0","0","0","1","1","0","0","1","1","0","0","0","0","0","0","0","0","0","0","0","0","0","0","0","0","0","0","0","0","0","1","0","0","0","0","0","0","0","0","0","0","0","0","0","0","0","0","0","0","0","0","0","0","0","0","0","0","0","0","0","0","0","0","0","0","0","0","0","0","0","0","1","202003","202204","2305"
"0096911","530010","70750504","36672204000116","3","1","00000000000000","","","","","","0","E","","","04","","03","36","05","","99","","","","","","","","CERTIFICADO","20210316","1","","","","","","0","0","1","0","0","0","1","0","0","0","0","0","0","0",0,0,0,"0",0,0,0,0,0,0,0,0,0,0,0,0,0,0,"0",0,0,0,1,0,0,0,0,0,0,0,0,0,0,0,0,"1",0,0,0,"0",0,0,0,0,"0",0,0,0,0,0,0,0,0,0,0,0,0,0,0,0,"0","0","1","0","0","0","0","0","0","0","0","0","0","0","0","0","0","0","0","0","0","0","0","0","1","0","0","0","1","1","0","0","0","0","0","0","0","0","0","0","0","0","0","0","0","0","0","0","0","0","0","1","0","0","1","1","0","0","0","0","0","0","0","0","0","0","0","0","0","0","0","0","0","0","0","0","0","0","0","0","0","0","0","0","0","0","0","0","0","0","0","0","1","202103","202204","2062"
"0100773","530010","71505000","14990692000681","3","1","00000000000000","","","","0010","","0","E","","","04","","03","22","04","","99","","","","","","","","RLE","20200311","1","","","","","","0","0","1","0","0","0","1","0","0","0","0","0","0","0",0,0,0,"0",0,0,0,0,0,0,0,0,0,0,0,0,0,0,"0",0,0,0,1,0,0,0,0,0,0,0,0,0,0,0,0,"1",0,0,0,"0",0,0,0,0,"0",0,0,0,0,0,0,0,0,0,0,0,0,0,0,0,"0","0","1","0","0","0","0","0","0","0","0","0","0","0","0","0","0","0","0","0","0","0","0","0","1","0","0","0","1","1","0","0","0","0","0","0","0","0","0","0","0","0","0","0","0","0","0","0","0","0","0","1","0","0","0","1","0","0","0","0","0","0","0","0","0","0","0","0","0","0","0","0","0","0","0","0","0","0","0","0","0","0","0","0","0","0","0","0","0","0","0","0","1","202104","202204","2062"
"0101516","530010","71615350","09531743000162","3","1","00000000000000","","","","0090","","0","E","","","04","","01","22","03","","99","","","","","","","","","","","","","","","","0","0","1","0","0","0","1","0","0","0","0","0","0","0",0,0,0,"0",0,0,0,0,0,0,0,0,0,0,0,0,0,0,"0",1,0,0,0,0,0,0,0,0,0,0,0,0,0,0,0,"1",0,0,0,"0",0,0,0,0,"0",0,0,0,0,0,0,0,0,0,0,0,0,0,0,0,"0","0","1","0","0","0","0","0","0","0","0","0","0","0","0","0","0","0","0","0","0","0","0","0","1","0","0","0","1","1","0","0","0","0","0","0","0","0","0","0","0","0","0","0","0","0","0","0","0","0","0","1","0","0","0","0","0","0","0","0","0","0","0","0","0","0","0","0","0","0","0","0","0","0","0","0","0","0","0","0","0","0","0","0","0","0","0","0","0","0","0","0","1","202108","202204","2062"
"0102954","530010","70390100","35900533000104","3","1","00000000000000","","","","0015","","0","E","","","04","","03","36","03","","99","","","","","","","","EAS 00543211","20200121","1","","","","","","0","0","1","0","0","0","1","0","0","0","0","0","0","0",0,0,0,"0",0,0,0,0,0,0,0,0,0,0,0,0,0,0,"0",0,2,0,0,0,0,0,0,0,0,0,0,0,0,0,0,"1",0,0,0,"0",0,0,0,0,"0",0,0,0,0,0,0,0,0,0,0,0,0,0,0,0,"0","0","1","0","0","0","0","0","0","0","0","0","0","0","0","0","0","0","0","0","0","0","0","0","1","0","0","0","1","1","0","0","0","0","0","0","0","0","0","0","0","0","0","0","0","0","0","0","0","0","0","1","0","0","0","0","0","0","0","0","0","0","0","0","0","0","0","0","0","0","0","0","0","0","0","0","0","0","0","0","0","0","0","0","0","0","0","0","0","0","0","0","1","202003","202204","2062"
"0102962","530010","70770913","14990692000410","3","1","00000000000000","","","","0015","","0","E","","","04","","","36","03","","99","001","35998","984809","","","","","RLE","20200312","1","","","","","","0","0","1","0","0","0","1","0","0","0","0","0","0","0",0,0,0,"0",0,0,0,0,0,0,0,0,0,0,0,0,0,0,"0",0,0,0,7,0,0,0,0,0,0,0,0,0,0,0,0,"1",0,0,0,"0",0,0,0,0,"0",0,0,0,0,0,0,0,0,0,0,0,0,0,0,0,"0","0","1","0","0","0","0","0","0","0","0","0","0","0","0","0","0","0","0","0","0","0","0","0","1","0","0","0","1","1","0","0","0","0","0","0","0","0","0","0","0","0","0","0","0","0","0","0","0","0","0","1","0","0","0","1","0","0","0","0","0","0","0","0","0","0","0","0","0","0","0","0","0","0","0","0","0","0","0","0","0","0","0","0","0","0","0","0","0","0","0","0","1","202104","202204","2062"
"0103349","530010","70390150","14990692000509","3","1","00000000000000","","","","0015","","0","E","","","04","","","36","03","","99","","","","","","","","","20200312","1","","","","","","0","0","1","0","0","0","1","0","0","0","0","0","0","0",0,0,0,"0",0,0,0,0,0,0,0,0,0,0,0,0,0,0,"0",0,0,0,8,0,0,0,0,0,0,0,0,0,0,0,0,"1",0,0,0,"0",0,0,0,0,"0",0,0,0,0,0,0,0,0,0,0,0,0,0,0,0,"0","0","1","0","0","0","0","0","0","0","0","0","0","0","0","0","0","0","0","0","0","0","0","0","1","0","0","0","1","1","0","0","0","0","0","0","0","0","0","0","0","0","0","0","0","0","0","0","0","0","0","1","0","0","0","1","0","0","0","0","0","0","0","0","0","0","0","0","0","0","0","0","0","0","0","0","0","0","0","0","0","0","0","0","0","0","0","0","0","0","0","0","1","202104","202204","2062"
"0103446","530010","72215178","35588883000187","3","1","00000000000000","","","","","","0","E","","","04","","03","36","03","","99","","","","","","","","RLE","20201212","1","","","","","","0","0","1","0","0","0","1","0","0","0","0","0","0","0",0,0,0,"0",0,0,0,0,0,0,0,0,0,0,0,0,0,0,"0",0,1,0,0,0,0,0,0,0,0,0,0,0,0,0,0,"1",0,0,0,"0",0,0,0,0,"0",0,0,0,0,0,0,0,0,0,0,0,0,0,0,0,"0","0","1","0","0","0","0","0","0","0","0","0","0","0","0","0","0","0","0","0","0","0","0","0","1","0","0","0","1","1","0","0","0","0","0","0","0","0","0","0","0","0","0","0","0","0","0","0","0","0","0","1","0","0","0","1","0","0","0","0","0","0","0","0","0","0","0","0","0","0","0","0","0","0","0","0","0","0","0","0","0","0","0","0","0","0","0","0","0","0","0","0","1","202009","202204","2062"
"0103586","530010","70710146","30870248000174","3","1","00000000000000","","","","0005","","0","E","","","04","","01","22","05","","99","","","","","","","","","","","","","","","","0","0","1","0","0","0","1","0","0","0","0","0","0","0",0,0,0,"0",0,0,0,0,0,0,0,0,0,0,0,0,0,0,"0",0,1,0,0,0,0,0,0,0,0,0,0,0,0,0,0,"1",0,0,0,"0",0,0,0,0,"0",0,0,0,0,0,0,0,0,0,0,0,0,0,0,0,"0","0","1","0","0","0","0","0","0","0","0","0","0","0","0","0","0","0","0","0","0","0","0","0","1","1","0","0","1","1","0","0","0","0","0","0","0","0","0","0","0","0","0","0","0","0","0","0","0","0","0","1","0","0","0","0","0","0","0","0","0","0","0","0","0","0","0","0","0","0","0","0","0","0","0","0","0","0","0","0","0","0","0","0","0","0","0","0","0","0","0","0","1","202003","202204","2135"
"0104183","530010","70390150","35371851000125","3","1","00000000000000","","","","","","0","E","","","04","","03","22","03","","99","","","","","","","","202104220020","20211122","1","","","","","","0","0","1","0","0","0","1","0","0","0","0","0","0","0",0,0,0,"0",0,0,0,0,0,0,0,0,0,0,0,0,0,0,"0",0,1,0,0,0,0,0,0,0,0,0,0,0,0,0,0,"1",0,0,0,"0",0,0,0,0,"0",0,0,0,0,0,0,0,0,0,0,0,0,0,0,0,"0","0","1","0","0","0","0","0","0","0","0","0","0","0","0","0","0","0","0","0","0","0","0","0","1","0","0","0","1","1","0","0","0","0","0","0","0","0","0","0","0","0","0","0","0","0","0","0","0","0","0","1","0","0","0","1","0","0","0","0","0","0","0","0","0","0","0","0","0","0","0","0","0","0","0","0","0","0","0","0","0","0","0","0","0","0","0","0","0","0","0","0","1","202203","202204","2062"
"0104949","530010","70710149","36474273000115","3","1","00000000000000","","","","0005","","0","E","","","04","","03","22","03","","99","","","","","","","","ODO 00472-02","20200310","1","","","","","","0","0","1","0","0","0","1","0","0","0","0","0","0","0",0,0,0,"0",0,0,0,0,0,0,0,0,0,0,0,0,0,0,"0",0,0,0,0,0,0,0,0,1,0,0,0,0,0,0,0,"1",0,0,0,"0",0,0,0,0,"0",0,0,0,0,0,0,0,0,0,0,0,0,0,0,0,"0","0","1","0","0","0","0","0","1","0","0","0","0","0","0","0","0","0","0","0","0","0","0","0","1","1","1","0","1","1","0","0","0","0","0","0","0","0","0","0","0","0","0","0","0","0","0","0","0","0","0","1","0","0","1","1","0","0","0","0","0","0","0","0","0","0","0","0","0","0","0","0","0","0","0","0","0","0","0","0","0","0","0","0","0","0","0","0","0","0","0","0","1","202004","202204","2062"
"0106437","530010","71919180","61585865177400","3","1","00000000000000","","","","","","0","E","","","04","","03","43","04","","99","","","","","","","","FAR.00076-22","20210408","2","","","","","","0","0","1","0","0","0","1","0","0","0","0","0","0","0",0,0,0,"0",0,0,0,0,0,0,0,0,0,0,0,0,0,0,"0",0,0,0,0,0,0,0,0,0,0,0,1,0,0,0,0,"1",0,0,0,"0",0,0,0,0,"0",0,0,0,0,0,0,0,0,0,0,0,0,0,0,0,"0","0","0","0","0","0","0","0","0","0","0","0","0","0","0","0","0","0","0","0","0","0","0","0","0","1","0","0","1","1","0","0","0","0","0","0","0","0","0","0","0","0","0","0","0","0","0","0","0","0","0","1","0","0","0","0","0","0","0","0","0","0","0","0","0","0","0","0","0","0","0","0","0","0","0","0","0","0","0","0","0","0","0","0","0","0","0","0","0","0","0","0","1","202110","202204","2046"
"0106704","530010","72145450","34466510000170","3","1","00000000000000","","","","0180","","0","E","","","04","","01","22","03","","99","","","","","","","","Nº ODO.00201-15","20200217","1","","","","","","0","0","1","0","0","0","1","0","0","0","0","0","0","0",0,0,0,"0",0,0,0,0,0,0,0,0,1,0,0,0,0,0,"1",0,0,0,0,0,0,0,0,1,0,0,0,0,0,0,0,"1",0,0,0,"0",0,0,0,0,"0",0,0,0,0,0,0,0,0,0,0,0,0,0,0,0,"0","0","1","0","0","0","0","0","1","0","0","0","0","0","0","0","0","0","0","0","0","0","0","0","1","1","0","0","1","1","0","0","0","0","0","0","0","0","0","0","0","0","0","0","0","0","0","0","0","0","0","1","0","0","0","1","0","0","0","0","0","0","0","0","0","0","0","0","0","0","0","0","0","0","0","0","0","0","0","0","0","0","0","0","0","0","0","0","0","0","0","0","1","202004","202204","2135"
"0107158","530010","71936250","37992740000595","3","1","00000000000000","","","","","","0","E","","","04","","03","36","03","","99","","","","","","","","00160/2011","20110720","1","","","","","","0","0","1","0","0","0","1","0","0","0","0","0","0","0",0,0,0,"0",0,0,0,0,0,0,0,0,0,0,0,0,0,0,"0",0,2,0,0,0,0,0,0,0,0,0,0,0,0,0,0,"1",0,0,0,"0",0,0,0,0,"0",0,0,0,0,0,0,0,0,0,0,0,0,0,0,0,"0","0","1","0","0","0","0","0","0","0","0","0","0","0","0","0","0","0","0","0","0","0","0","0","1","0","0","0","1","1","0","0","0","0","0","0","0","0","0","0","0","0","0","0","0","0","0","0","0","0","0","1","0","0","1","1","0","0","1","0","0","0","1","0","0","0","0","0","0","0","0","0","0","0","0","0","0","0","0","0","0","0","0","0","0","0","0","0","0","0","0","0","1","202004","202204","2062"
"0108022","530010","70711905","36447179000177","3","1","00000000000000","","","","","","0","E","","","04","","01","36","03","","99","","","","","","","","EAS.00802-02","20200326","1","","","","","","0","0","1","0","0","0","1","0","0","0","0","0","0","0",0,0,0,"0",0,0,0,0,0,0,0,0,0,0,0,0,0,0,"0",0,0,0,3,0,0,0,0,0,0,0,0,0,0,0,0,"1",0,0,0,"0",0,0,0,0,"0",0,0,0,0,0,0,0,0,0,0,0,0,0,0,0,"0","0","1","0","0","0","0","0","0","0","1","0","0","0","0","0","0","0","0","0","0","0","0","0","1","0","0","0","1","1","0","0","0","0","0","0","0","0","0","0","0","0","0","0","0","0","0","0","0","0","0","1","0","0","0","0","0","0","0","0","0","0","0","0","0","0","0","0","0","0","0","0","0","0","0","0","0","0","0","0","0","0","0","0","0","0","0","0","0","0","0","0","1","202006","202204","2062"
"0108219","530010","70830301","26813645000137","3","1","00000000000000","","","","0005","","0","E","","","04","","03","22","04","","99","001","10030","53482-X","","","","","GREICECNUNES@HOTMAIL.COM","20170106","2","","","","","","0","0","1","0","0","0","1","0","0","0","0","0","0","0",0,0,0,"0",0,0,0,0,0,0,0,0,0,0,0,0,0,0,"0",0,0,0,2,0,0,0,0,0,0,0,0,0,0,0,0,"1",0,0,0,"0",0,0,0,0,"0",0,0,0,0,0,0,0,0,0,0,0,0,0,0,0,"0","0","0","0","0","0","0","0","0","0","0","0","0","0","0","0","0","0","0","0","0","0","0","0","0","0","0","0","0","0","0","0","0","0","0","0","0","0","0","0","0","0","0","0","0","0","0","0","0","0","0","1","0","0","1","1","0","0","0","0","0","0","0","0","0","0","0","0","0","0","0","0","0","0","0","0","0","0","0","0","0","0","0","0","0","0","0","0","0","0","0","0","1","202004","202204","2062"
"0108286","530010","71936250","35397242000145","3","1","00000000000000","","","","","","0","E","","","04","","01","22","03","","99","","","","","","","","CERTIF DE LICENCIAMENTO","20191104","1","","","","","","0","0","1","0","0","0","1","0","0","0","0","0","0","0",0,0,0,"0",0,0,0,0,0,0,0,0,0,0,0,0,0,0,"0",0,0,0,1,0,0,0,0,0,0,0,0,0,0,0,0,"1",0,0,0,"0",0,0,0,0,"0",0,0,0,0,0,0,0,0,0,0,0,0,0,0,0,"0","0","0","0","0","0","0","0","0","0","0","0","0","0","0","0","0","0","0","0","0","0","0","0","0","0","0","0","1","1","0","0","0","0","0","0","0","0","0","0","0","0","0","0","0","0","0","0","0","0","0","1","0","0","1","1","0","0","0","0","0","0","0","0","0","0","0","0","0","0","0","0","0","0","0","0","0","0","0","0","0","0","0","0","0","0","0","0","0","0","0","0","1","202004","202204","2062"
"0108618","530010","70390108","15437459000124","3","1","00000000000000","","","","","","0","E","","","04","","03","36","03","","99","","","","","","","","EAS.0043731","20200405","1","","","","","","0","0","1","0","0","0","1","0","0","0","0","0","0","0",0,0,0,"0",0,0,0,0,0,0,0,0,0,0,0,0,0,0,"0",3,0,0,0,0,0,0,0,0,0,0,0,0,0,0,0,"1",0,0,0,"0",0,0,0,0,"0",0,0,0,0,0,0,0,0,0,0,0,0,0,0,0,"0","0","1","0","0","0","0","0","1","0","0","0","0","0","0","0","0","1","0","1","0","0","0","0","1","0","1","0","1","1","0","0","0","0","0","0","0","0","0","0","0","0","0","0","0","0","0","0","0","0","0","1","0","0","0","1","0","0","0","0","0","0","0","0","0","0","0","0","0","0","0","0","0","0","0","0","0","0","0","0","0","0","0","0","0","0","0","0","0","0","0","0","1","202004","202204","2062"
"0108626","530010","71927540","34670393000162","3","1","00000000000000","","","","9901","61","0","E","","","04","","03","36","03","","99","","","","","","","","53600390253","20190827","1","","","","","","0","0","1","0","0","0","1","0","0","0","0","0","0","0",0,0,0,"0",0,0,0,0,0,0,0,0,0,0,0,0,0,0,"0",0,0,0,2,0,0,0,0,0,0,0,0,0,0,0,0,"1",0,0,0,"0",0,0,0,0,"0",0,0,0,0,0,0,0,0,0,0,0,0,0,0,0,"0","0","1","0","0","0","0","0","0","0","0","0","0","0","0","0","0","0","0","0","0","0","0","0","1","0","0","0","1","1","0","0","0","0","0","0","0","0","0","0","0","0","0","0","0","0","0","0","0","0","0","1","0","0","0","1","0","0","0","0","0","0","0","0","0","0","0","0","0","0","0","0","0","0","0","0","0","0","0","0","0","0","0","0","0","0","0","0","0","0","0","0","1","202108","202204","2305"
"0110647","530010","72115610","35659744000105","3","1","00000000000000","","","","","","0","E","","","04","","03","04","03","","99","","","","","","","","EAS.00040-15","20200217","1","","","","","","0","0","1","0","0","0","1","0","0","0","0","0","0","0",0,0,0,"0",0,0,0,0,0,0,0,0,0,0,0,0,0,0,"0",0,10,0,3,0,0,0,0,0,0,0,0,0,0,0,0,"1",0,0,0,"0",0,0,0,0,"0",0,0,0,0,0,0,0,0,0,0,0,0,0,0,0,"0","0","1","0","0","0","0","0","0","0","0","0","0","0","0","0","0","0","0","1","0","0","0","0","1","1","0","0","1","1","0","0","0","0","0","0","0","0","0","0","0","0","0","0","0","0","0","0","0","0","0","1","0","0","0","1","0","0","0","0","0","0","0","0","0","0","0","0","0","0","0","0","0","0","0","0","0","0","0","0","0","0","0","0","0","0","0","0","0","0","0","0","1","202004","202204","2305"
"0110671","530010","71020721","27273942000108","3","1","00000000000000","","","","","","0","E","","","04","","03","22","04","","99","","","","","","","","","","","","","","","","0","0","1","0","0","0","1","0","0","0","0","0","0","0",0,0,0,"0",0,0,0,0,0,0,0,0,0,0,0,0,0,0,"0",0,0,0,1,0,0,0,0,0,0,0,0,0,0,0,0,"1",0,0,0,"0",0,0,0,0,"0",0,0,0,0,0,0,0,0,0,0,0,0,0,0,0,"0","0","1","0","0","0","0","0","0","0","0","0","0","0","0","0","0","0","0","0","0","0","0","0","1","0","0","0","1","1","0","0","0","0","0","0","0","0","0","0","0","0","0","0","0","0","0","0","0","0","0","1","0","0","0","0","0","0","0","0","0","0","0","0","0","0","0","0","0","0","0","0","0","0","0","0","0","0","0","0","0","0","0","0","0","0","0","0","0","0","0","0","1","202004","202204","2305"
"0111627","530010","70390145","28616794000131","3","1","00000000000000","","","","","","0","E","","","04","","03","22","03","","99","","","","","","","","","","","","","","","","0","0","1","0","0","0","1","0","0","0","0","0","0","0",0,0,0,"0",0,0,0,0,0,0,0,0,0,1,0,0,1,1,"1",0,0,1,0,0,0,0,0,1,1,1,0,0,0,1,1,"1",0,0,0,"0",0,0,0,0,"0",0,0,0,0,0,0,0,0,0,0,0,0,0,0,0,"0","0","1","0","0","0","1","0","0","1","0","0","0","0","0","0","0","1","0","1","0","1","0","0","1","1","1","0","1","1","0","0","0","0","0","0","0","0","0","0","0","0","0","0","0","0","0","0","0","0","0","1","0","0","0","0","0","0","0","0","0","0","0","0","0","0","0","0","0","0","0","0","0","0","0","0","0","0","0","0","0","0","0","0","0","0","0","0","0","0","0","0","1","202004","202204","2062"
"0113751","530010","70390100","35764527000177","3","1","00000000000000","","","","0015","","0","E","","","04","","03","36","03","","99","","","","","","","","DISPENSADO - BAIXO RISCO","20191212","1","","","","","","0","0","1","0","0","0","1","0","0","0","0","0","0","0",0,0,0,"0",0,0,0,0,0,0,0,0,0,0,0,0,0,0,"0",0,1,0,0,0,0,0,0,0,0,0,0,0,0,0,0,"1",0,0,0,"0",0,0,0,0,"0",0,0,0,0,0,0,0,0,0,0,0,0,0,0,0,"0","0","1","0","0","0","0","0","0","0","0","0","0","0","0","0","0","0","0","0","0","0","0","0","1","0","0","0","1","1","0","0","0","0","0","0","0","0","0","0","0","0","0","0","0","0","0","0","0","0","0","1","0","0","0","1","0","0","0","0","0","0","0","0","0","0","0","0","0","0","0","0","0","0","0","0","0","0","0","0","0","0","0","0","0","0","0","0","0","0","0","0","1","202004","202204","2062"
"0113794","530010","70390100","21985575000180","3","1","00000000000000","","","","0015","","0","E","","","04","","03","36","03","","99","","","","","","","","EAS20321","20200201","","","","","","","0","0","1","0","0","0","1","0","0","0","0","0","0","0",0,0,0,"0",0,0,0,0,0,0,0,0,0,0,0,0,0,0,"0",0,2,0,0,0,0,0,0,0,0,0,0,0,0,0,0,"1",0,0,0,"0",0,0,0,0,"0",0,0,0,0,0,0,0,0,0,0,0,0,0,0,0,"0","0","1","0","0","0","0","0","0","0","0","0","0","0","0","0","0","0","0","0","0","0","0","0","1","0","0","0","1","1","0","0","0","0","0","0","0","0","0","0","0","0","0","0","0","0","0","0","0","0","0","1","0","0","0","0","0","0","0","0","0","0","0","0","0","0","0","0","0","0","0","0","0","0","0","0","0","0","0","0","0","0","0","0","0","0","0","0","0","0","0","0","1","202004","202204","2062"
"0114359","530010","70770904","33355178000104","3","1","00000000000000","","","","","","0","E","","","04","","02","36","03","","99","","","","","","","","EAS 00018-02","20200908","1","","","","","","0","0","1","0","0","0","1","0","0","0","0","0","0","0",0,0,0,"0",0,0,0,0,0,0,0,0,0,0,0,0,0,0,"0",0,1,0,0,0,0,0,0,0,0,0,0,0,0,0,0,"1",0,0,0,"0",0,0,0,0,"0",0,0,0,0,0,0,0,0,0,0,0,0,0,0,0,"0","0","1","0","0","0","0","0","0","0","0","0","0","0","0","0","0","0","0","0","0","0","0","0","1","0","0","0","1","1","0","0","0","0","0","0","0","0","0","0","0","0","0","0","0","0","0","0","0","0","0","1","0","0","0","0","0","0","0","0","0","0","0","0","0","0","0","0","0","0","0","0","0","0","0","0","0","0","0","0","0","0","0","0","0","0","0","0","0","0","0","0","1","202102","202204","2240"
"0114510","530010","72115095","34064702000150","3","1","00000000000000","","","","","","0","E","","","04","","01","22","03","","99","","","","","","","","53202296885","20200219","1","","","","","","0","0","1","0","0","0","1","0","0","0","0","0","0","0",0,0,0,"0",0,0,0,0,0,0,0,0,0,0,0,0,0,0,"0",0,0,0,1,0,0,0,0,0,0,0,0,0,0,0,0,"1",0,0,0,"0",0,0,0,0,"0",0,0,0,0,0,0,0,0,0,0,0,0,0,0,0,"0","0","0","0","0","0","0","0","0","0","0","0","0","0","0","0","0","0","0","0","0","0","0","0","0","0","0","0","1","1","0","0","0","0","0","0","0","0","0","0","0","0","0","0","0","0","0","0","0","0","0","1","0","0","0","0","0","0","0","0","0","0","0","0","0","0","0","0","0","0","0","0","0","0","0","0","0","0","0","0","0","0","0","0","0","0","0","0","0","0","0","0","1","202004","202204","2062"
"0114715","530010","70390700","36328010000106","3","1","00000000000000","","","","","","0","E","","","04","","02","04","03","","99","","","","","","","","EAS.20768-01","20210225","1","","","","","","0","0","1","0","0","0","1","0","0","0","0","0","0","0",0,0,0,"0",0,0,0,0,0,0,0,0,0,0,0,0,0,0,"0",0,1,0,0,0,0,0,0,0,0,0,0,0,0,0,0,"1",0,0,0,"0",0,0,0,0,"0",0,0,0,0,0,0,0,0,0,0,0,0,0,0,0,"0","0","0","1","0","0","0","0","0","0","0","0","0","0","0","0","0","0","0","0","0","0","0","0","1","1","0","0","1","1","0","0","0","0","0","0","0","0","0","0","0","0","0","0","0","0","0","0","0","0","0","1","0","0","0","1","0","0","0","0","0","0","0","0","0","0","0","0","0","0","0","0","0","0","0","0","0","0","0","0","0","0","0","0","0","0","0","0","0","0","0","0","1","202111","202204","2062"
"0116742","530010","70340000","35343038000141","3","1","00000000000000","","","","0015","","0","E","","","04","","01","22","03","","99","","","","","","","","RLE DIGITAL","20210618","","","","","","","0","0","1","0","0","0","1","0","0","0","0","0","0","0",0,0,0,"0",0,0,0,0,0,0,0,0,0,0,0,0,0,0,"0",0,1,0,0,0,0,0,0,0,0,0,0,0,0,0,0,"1",0,0,0,"0",0,0,0,0,"0",0,0,0,0,0,0,0,0,0,0,0,0,0,0,0,"0","0","1","0","0","0","0","0","0","0","0","0","0","0","0","0","0","0","0","0","0","0","0","0","1","0","1","0","1","1","0","0","0","0","0","0","0","0","0","0","0","0","0","0","0","0","0","0","0","0","0","1","0","0","0","1","0","0","0","0","0","0","0","0","0","0","0","0","0","0","0","0","0","0","0","0","0","0","0","0","0","0","0","0","0","0","0","0","0","0","0","0","1","202112","202204","2062"
"0116769","530010","70830100","35356596000141","3","1","00000000000000","","","","","","0","E","","","04","","03","22","04","","99","","","","","","","","","","1","","","","","","0","0","1","0","0","0","1","0","0","0","0","0","0","0",0,0,0,"0",0,0,0,0,0,0,0,0,0,0,0,0,0,0,"0",1,0,0,0,0,0,0,0,0,0,0,0,0,0,0,0,"1",0,0,0,"0",0,0,0,0,"0",0,0,0,0,0,0,0,0,0,0,0,0,0,0,0,"0","0","0","0","0","0","0","0","0","0","0","0","0","0","0","0","0","0","0","0","0","0","0","0","0","0","0","0","1","1","0","0","0","0","0","0","0","0","0","0","0","0","0","0","0","0","0","0","0","0","0","1","0","0","1","1","0","0","0","0","0","0","0","0","0","0","0","0","0","0","0","0","0","0","0","0","0","0","0","0","0","0","0","0","0","0","0","0","0","0","0","0","1","202004","202204","2062"
"0117536","530010","70070934","36297987000103","3","1","00000000000000","","","","0015","","0","E","","","04","","03","22","04","","99","","","","","","","","PARECER DA VIABILIDADE","20200302","1","","","","","","0","0","1","0","0","0","1","0","0","0","0","0","0","0",0,0,0,"0",0,0,0,0,0,0,0,0,0,0,0,0,0,0,"0",0,0,0,1,0,0,0,0,0,0,0,0,0,0,0,0,"1",0,0,0,"0",0,0,0,0,"0",0,0,0,0,0,0,0,0,0,0,0,0,0,0,0,"0","0","1","0","0","0","0","0","0","0","0","0","0","0","0","0","0","0","0","0","0","0","0","0","1","0","0","0","1","1","0","0","0","0","0","0","0","0","0","0","0","0","0","0","0","0","0","0","0","0","0","1","0","0","0","0","0","0","0","0","0","0","0","0","0","0","0","0","0","0","0","0","0","0","0","0","0","0","0","0","0","0","0","0","0","0","0","0","0","0","0","0","1","202111","202204","2062"
"0117722","530010","72405135","34142450000130","3","1","00000000000000","","","","","","0","E","","","04","","03","36","03","","99","","","","","","","","EAS00142-20","20200406","1","","","","","","0","0","1","0","0","0","1","0","0","0","0","0","0","0",0,0,0,"0",0,0,0,0,0,0,0,0,0,0,0,0,0,0,"0",0,1,0,0,0,0,0,0,0,0,0,0,0,0,0,0,"1",0,0,0,"0",0,0,0,0,"0",0,0,0,0,0,0,0,0,0,0,0,0,0,0,0,"0","0","1","0","0","0","0","0","0","0","0","0","0","0","0","0","0","0","0","0","0","0","0","0","1","1","0","0","1","1","0","0","0","0","0","0","0","0","0","0","0","0","0","0","0","0","0","0","0","0","0","1","0","0","1","1","0","0","0","0","0","0","0","0","0","0","0","0","0","0","0","0","0","0","0","0","0","0","0","0","0","0","0","0","0","0","0","0","0","0","0","0","1","202103","202204","2062"
"0118893","530010","70741640","00718528014665","3","1","00000000000000","","","","0005","","0","E","","","04","","01","39","03","","99","","","","","","","","LAB 00002-02","20200707","1","","","","","","0","0","1","0","0","0","1","0","0","0","0","0","0","0",0,0,0,"0",0,0,0,0,0,0,0,0,0,0,0,0,0,0,"0",0,0,0,0,0,0,0,0,0,0,0,0,0,0,0,0,"0",0,0,0,"0",0,0,0,0,"0",0,0,0,0,0,0,0,0,0,0,0,0,0,0,0,"0","0","1","0","0","0","0","0","0","0","0","0","0","0","0","0","0","0","0","0","0","0","0","0","1","1","0","0","1","1","0","0","0","0","0","0","0","0","0","0","0","0","0","0","0","0","0","0","0","0","0","0","0","0","0","0","0","0","1","0","0","1","1","0","0","0","0","0","0","0","0","0","0","0","0","0","0","0","0","0","0","0","0","0","0","0","0","0","0","0","0","0","1","202105","202204","2054"
"0119563","530010","70745520","29148664000184","3","1","00000000000000","","","","0005","","0","E","","","04","","03","22","04","","99","","","","","","","","RLE","20190731","1","","","","","","0","0","1","0","0","0","1","0","0","0","0","0","0","0",0,0,0,"0",0,0,0,0,0,0,0,0,0,0,0,0,0,0,"0",1,0,0,0,0,0,0,0,0,0,0,0,0,0,0,0,"1",0,0,0,"0",0,0,0,0,"0",0,0,0,0,0,0,0,0,0,0,0,0,0,0,0,"0","0","1","0","0","0","0","0","0","0","0","0","0","0","0","0","0","0","0","0","0","0","0","0","1","0","0","0","1","1","0","0","0","0","0","0","0","0","0","0","0","0","0","0","0","0","0","0","0","0","0","1","0","0","0","0","0","0","0","0","0","0","0","0","0","0","0","0","0","0","0","0","0","0","0","0","0","0","0","0","0","0","0","0","0","0","0","0","0","0","0","0","1","202204","202204","2135"
"0119571","530010","70745520","36026947000119","3","1","00000000000000","","","","0005","","0","E","","","04","","03","36","04","","99","","","","","","","","RLE - DISPENSADO","20210514","1","","","","","","0","0","1","0","0","0","1","0","0","0","0","0","0","0",0,0,0,"0",0,0,0,0,0,0,0,0,0,0,0,0,0,0,"0",0,1,0,0,0,0,0,0,0,0,0,0,0,0,0,0,"1",0,0,0,"0",0,0,0,0,"0",0,0,0,0,0,0,0,0,0,0,0,0,0,0,0,"0","0","1","0","0","0","0","0","0","0","0","0","0","0","0","0","0","0","0","0","0","0","0","0","1","0","0","0","1","1","0","0","0","0","0","0","0","0","0","0","0","0","0","0","0","0","0","0","0","0","0","1","0","0","0","0","0","0","0","0","0","0","0","0","0","0","0","0","0","0","0","0","0","0","0","0","0","0","0","0","0","0","0","0","0","0","0","0","0","0","0","0","1","202204","202204","2305"
"0119601","530010","70390700","18959931000187","3","1","00000000000000","","","","0015","","0","E","","","04","","03","36","04","","99","","","","","","","","RLE","20200212","1","","","","","","0","0","1","0","0","0","1","0","0","0","0","0","0","0",0,0,0,"0",0,0,0,0,0,0,0,0,0,0,0,0,0,0,"0",1,0,0,0,0,0,0,0,0,0,0,0,0,0,0,0,"1",0,0,0,"0",0,0,0,0,"0",0,0,0,0,0,0,0,0,0,0,0,0,0,0,0,"0","0","1","0","0","0","0","0","0","0","0","0","0","0","0","0","0","0","0","0","0","0","0","0","1","0","0","0","1","1","0","0","0","0","0","0","0","0","0","0","0","0","0","0","0","0","0","0","0","0","0","1","0","0","0","0","0","0","0","0","0","0","0","0","0","0","0","0","0","0","0","0","0","0","0","0","0","0","0","0","0","0","0","0","0","0","0","0","0","0","0","0","1","202111","202204","2305"
"0119628","530010","70830018","36272361000134","3","1","00000000000000","","","","0005","","0","E","","","04","","03","36","04","","99","","","","","","","","RLE","20200606","1","","","","","","0","0","1","0","0","0","1","0","0","0","0","0","0","0",0,0,0,"0",0,0,0,0,0,0,0,0,0,0,0,0,0,0,"0",0,0,0,1,0,0,0,0,0,0,0,0,0,0,0,0,"1",0,0,0,"0",0,0,0,0,"0",0,0,0,0,0,0,0,0,0,0,0,0,0,0,0,"0","0","1","0","0","0","0","0","0","0","0","0","0","0","0","0","0","0","0","0","0","0","0","0","1","0","0","0","1","1","0","0","0","0","0","0","0","0","0","0","0","0","0","0","0","0","0","0","0","0","0","1","0","0","0","0","0","0","0","0","0","0","0","0","0","0","0","0","0","0","0","0","0","0","0","0","0","0","0","0","0","0","0","0","0","0","0","0","0","0","0","0","1","202204","202204","2054"
"0128694","530010","71953000","36720801000179","3","1","00000000000000","","","","","","0","E","","","04","","03","22","03","","99","","","","","","","","53600355326","20200610","2","","","","","","0","0","1","0","0","0","1","0","0","0","0","0","0","0",0,0,0,"0",0,0,0,0,0,0,0,0,0,0,0,0,0,0,"0",0,0,0,0,0,0,0,0,1,0,0,0,0,0,0,0,"1",0,0,0,"0",0,0,0,0,"0",0,0,0,0,0,0,0,0,0,0,0,0,0,0,0,"0","0","1","0","0","0","0","0","1","0","0","0","0","0","0","0","0","0","0","0","0","0","0","0","1","0","0","0","1","1","0","0","0","0","0","0","0","0","0","0","0","0","0","0","0","0","0","0","0","0","0","1","0","0","0","1","0","0","0","0","0","0","0","0","0","0","0","0","0","0","0","0","0","0","0","0","0","0","0","0","0","0","0","0","0","0","0","0","0","0","0","0","1","202103","202204","2135"
"0128899","530010","72115115","36979796000113","3","1","00000000000000","","","","","","0","E","","","04","","03","22","04","","99","","","","","","","","","","1","","","","","","0","0","1","0","0","0","1","0","0","0","0","0","0","0",0,0,0,"0",0,0,0,0,0,0,0,0,0,0,0,0,0,0,"0",0,0,0,0,0,0,0,0,1,0,0,0,0,0,0,0,"1",0,0,0,"0",0,0,0,0,"0",0,0,0,0,0,0,0,0,0,0,0,0,0,0,0,"0","0","1","0","0","0","0","0","1","0","0","0","0","0","0","0","0","0","0","0","0","0","0","0","1","0","0","0","1","1","0","0","0","0","0","0","0","0","0","0","0","0","0","0","0","0","0","0","0","0","0","1","0","0","1","1","0","0","0","0","0","0","0","0","0","0","0","0","0","0","0","0","0","0","0","0","0","0","0","0","0","0","0","0","0","0","0","0","0","0","0","0","1","202004","202204","2062"
"0129143","530010","70670431","33036342000110","3","1","00000000000000","","","","","","0","E","","","04","","03","36","03","","99","","","","","","","","53202222938","20190702","1","","","","","","0","0","1","0","0","0","1","0","0","0","0","0","0","0",0,0,0,"0",0,0,0,0,0,0,0,0,0,0,0,0,0,0,"0",0,0,0,1,0,0,0,0,0,0,0,0,0,0,0,0,"1",0,0,0,"0",0,0,0,0,"0",0,0,0,0,0,0,0,0,0,0,0,0,0,0,0,"0","0","1","0","0","0","0","0","0","0","0","0","0","0","0","0","0","0","0","0","0","0","0","0","1","0","0","0","1","1","0","0","0","0","0","0","0","0","0","0","0","0","0","0","0","0","0","0","0","0","0","1","0","0","0","1","0","0","0","0","0","0","0","0","0","0","0","0","0","0","0","0","0","0","0","0","0","0","0","0","0","0","0","0","0","0","0","0","0","0","0","0","1","202005","202204","2062"
"0129275","530010","70711905","35649328000118","3","1","00000000000000","","","","","","0","E","","","04","","03","36","03","","99","","","","","","","","EAS 00694-02","20200309","1","","","","","","0","0","1","0","0","0","1","0","0","0","0","0","0","0",0,0,0,"0",0,0,0,0,0,0,0,0,0,0,0,0,0,0,"0",0,1,0,0,0,0,0,0,0,0,0,0,0,0,0,0,"1",0,0,0,"0",0,0,0,0,"0",0,0,0,0,0,0,0,0,0,0,0,0,0,0,0,"0","0","1","0","0","0","0","0","0","0","0","0","0","0","0","0","0","0","0","0","0","0","0","0","1","1","0","0","1","1","0","0","0","0","0","0","0","0","0","0","0","0","0","0","0","0","0","0","0","0","0","1","0","0","0","0","0","0","0","0","0","0","0","0","0","0","0","0","0","0","0","0","0","0","0","0","0","0","0","0","0","0","0","0","0","0","0","0","0","0","0","0","1","202005","202204","2062"
"0129321","530010","72405560","36443481000157","3","1","00000000000000","","","","0060","","0","E","","","04","","03","04","04","","99","","","","","","","","LICENCA SANITARIA","20200220","1","","","","","","0","0","1","0","0","0","1","0","0","0","0","0","0","0",0,0,0,"0",0,0,0,0,0,0,0,0,0,0,0,0,0,0,"0",0,1,0,0,0,0,0,0,0,0,0,0,0,0,0,0,"1",0,0,0,"0",0,0,0,0,"0",0,0,0,0,0,0,0,0,0,0,0,0,0,0,0,"0","0","0","0","0","0","0","0","0","1","0","0","0","0","0","0","0","1","0","0","0","1","0","0","1","0","0","0","1","1","0","0","0","0","0","0","0","0","0","0","0","0","0","0","0","0","0","0","0","0","0","1","0","0","0","0","0","0","0","0","0","0","0","0","0","0","0","0","0","0","0","0","0","0","0","0","0","0","0","0","0","0","0","0","0","0","0","0","0","0","0","0","1","202005","202204","2062"
"0129615","530010","71926000","24783307000174","3","1","00000000000000","","","","","","0","E","","","04","","03","22","04","","99","","","","","","","","EAS.00093-22","20200406","1","","","","","","0","0","1","0","0","0","1","0","0","0","0","0","0","0",0,0,0,"0",0,0,0,0,0,0,0,0,0,0,0,0,0,0,"0",3,0,0,0,0,0,0,0,0,0,0,0,0,0,0,0,"1",0,0,0,"0",0,0,0,0,"0",0,0,0,0,0,0,0,0,0,0,0,0,0,0,0,"0","0","0","0","0","0","0","0","0","0","0","0","0","0","0","0","0","0","0","0","0","0","0","0","0","0","0","0","1","1","0","0","0","0","0","0","0","0","0","0","0","0","0","0","0","0","0","0","0","0","0","1","0","0","0","1","0","0","0","0","0","0","0","0","0","0","0","0","0","0","0","0","0","0","0","0","0","0","0","0","0","0","0","0","0","0","0","0","0","0","0","0","1","202010","202204","2062"
"0131059","530010","70790150","36022220000163","3","1","00000000000000","","","","0005","","0","E","","","04","","03","22","03","","99","","","","","","","","","20200428","1","","","","","","0","0","1","0","0","0","1","0","0","0","0","0","0","0",0,0,0,"0",0,0,0,0,0,0,0,0,0,0,0,0,0,0,"0",1,0,0,0,0,0,0,0,0,0,0,0,0,0,0,0,"1",0,0,0,"0",0,0,0,0,"0",0,0,0,0,0,0,0,0,0,0,0,0,0,0,0,"0","0","1","0","0","0","0","0","0","0","0","0","0","0","0","0","0","0","0","0","0","0","0","0","1","0","0","0","1","1","0","0","0","0","0","0","0","0","0","0","0","0","0","0","0","0","0","0","0","0","0","1","0","0","0","1","0","0","0","0","0","0","0","0","0","0","0","0","0","0","0","0","0","0","0","0","0","0","0","0","0","0","0","0","0","0","0","0","0","0","0","0","1","202005","202204","2240"
"0131091","530010","71050013","27466195000116","3","1","00000000000000","","","","","","0","E","","","03","","03","36","03","","99","","","","","","","","LICENCIAMENTO","20210923","1","","","","","","0","0","1","0","0","0","1","0","0","0","0","0","0","0",0,0,0,"0",0,0,0,0,0,0,0,0,0,0,0,0,0,0,"0",0,0,0,1,0,0,0,0,0,0,0,0,0,0,0,0,"1",0,0,0,"0",0,0,0,0,"0",0,0,0,0,0,0,0,0,0,0,0,0,0,0,0,"0","0","0","0","0","0","0","0","0","0","0","0","0","0","0","0","0","0","0","0","0","0","0","0","0","0","0","0","1","1","0","0","0","0","0","0","0","0","0","0","0","0","0","0","0","0","0","0","0","0","0","1","0","0","0","0","0","0","0","0","0","0","1","0","0","0","0","0","0","0","0","0","0","0","0","0","0","0","0","0","0","0","0","0","0","0","0","0","0","0","0","0","1","202111","202204","2062"
"0132527","530010","70386010","36988672000102","3","1","00000000000000","","","","0015","","0","E","","","01","","03","22","04","","99","","","","","","","","RLE - DIGITAL 53600431804","20200423","1","","","","","","0","0","1","0","0","0","1","0","0","0","0","0","0","0",0,0,0,"0",0,0,0,0,0,0,0,0,0,0,0,0,0,0,"0",0,0,0,1,0,0,0,0,0,0,0,0,0,0,0,0,"1",0,0,0,"0",0,0,0,0,"0",0,0,0,0,0,0,0,0,0,0,0,0,0,0,0,"0","0","1","0","0","0","0","0","0","0","0","0","0","0","0","0","0","0","0","0","0","0","0","0","1","0","0","0","1","1","0","0","0","0","0","0","0","0","0","0","0","0","0","0","0","0","0","0","0","0","0","1","0","0","0","0","0","0","0","0","0","0","0","0","0","0","0","0","0","0","0","0","0","0","0","0","0","0","0","0","0","0","0","0","0","0","0","0","0","0","0","0","1","202204","202204","2305"
"0133833","530010","72115700","27586575000275","3","1","00000000000000","","","","0180","","0","E","","","04","","01","04","06","","99","","","","","","","","","","","","","","","","0","0","1","0","0","0","1","0","0","0","0","0","0","0",0,0,0,"0",0,0,0,0,0,0,0,0,0,0,0,0,0,0,"0",0,7,0,0,0,0,0,0,0,0,0,0,0,0,0,0,"1",0,0,0,"0",0,0,0,0,"0",0,0,0,0,0,0,0,0,0,0,0,0,0,0,0,"0","0","1","0","0","0","0","0","0","0","0","0","0","0","0","0","0","0","0","0","0","0","0","0","1","0","0","0","1","1","0","0","0","0","0","0","0","0","0","0","0","0","0","0","0","0","0","0","0","0","0","1","0","0","1","1","0","0","0","0","0","0","0","0","0","0","0","0","0","0","0","0","0","0","0","0","0","0","0","0","0","0","0","0","0","0","0","0","0","0","0","0","1","202005","202204","2062"
"0135283","530010","70390095","27099808000477","3","1","00000000000000","","","","0015","","0","E","","","04","","01","62","03","","99","","","","","","","","","","","","","","","","0","0","1","0","0","0","1","0","0","0","0","0","0","0",0,0,0,"0",0,0,0,0,0,0,0,0,0,0,0,0,0,0,"1",2,4,0,0,0,0,0,0,0,1,1,0,0,0,1,0,"1",0,0,0,"0",0,0,0,0,"0",0,0,1,0,0,0,0,0,0,0,0,0,0,0,0,"0","0","0","0","0","0","1","0","0","1","0","0","0","0","0","0","0","0","0","0","0","1","0","0","1","1","1","0","1","1","0","0","0","0","0","0","0","0","0","0","0","0","0","0","0","0","0","0","0","0","0","1","0","0","0","1","0","0","0","0","0","0","0","0","0","0","0","0","0","0","0","0","0","0","0","0","0","0","0","0","0","0","0","0","0","0","0","0","0","0","0","0","1","202103","202204","2062"
"0135747","530010","70340907","32636164000104","3","1","00000000000000","","","","","","0","E","","","04","","03","36","03","","99","","","","","","","","53202281055","20191216","1","","","","","","0","0","1","0","0","0","1","0","0","0","0","0","0","0",0,0,0,"0",0,0,0,0,0,0,0,0,0,0,0,0,0,0,"0",0,0,0,2,0,0,0,0,0,0,0,0,0,0,0,0,"1",0,0,0,"0",0,0,0,0,"0",0,0,0,0,0,0,0,0,0,0,0,0,0,0,0,"0","0","1","0","0","0","0","0","0","0","0","0","0","0","0","0","0","0","0","1","0","0","0","0","1","1","0","0","1","1","0","0","0","0","0","0","0","0","0","0","0","0","0","0","0","0","0","0","0","0","0","1","0","0","0","1","0","0","0","0","0","0","0","0","0","0","0","0","0","0","0","0","0","0","0","0","0","0","0","0","0","0","0","0","0","0","0","0","0","0","0","0","1","202005","202204","2062"
"0136565","530010","70340906","36774794000198","3","1","00000000000000","","","","","","0","E","","","04","","03","22","03","","99","","","","","","","","DFP2000053202","20200327","1","","","","","","0","0","1","0","0","0","1","0","0","0","0","0","0","0",0,0,0,"0",0,0,0,0,0,0,0,0,0,0,0,0,0,0,"0",0,1,0,0,0,0,0,0,0,0,0,0,0,0,0,0,"1",0,0,0,"0",0,0,0,0,"0",0,0,0,0,0,0,0,0,0,0,0,0,0,0,0,"0","0","1","0","0","0","0","0","0","0","0","0","0","0","0","0","0","0","0","0","0","0","0","0","1","0","0","0","1","1","0","0","0","0","0","0","0","0","0","0","0","0","0","0","0","0","0","0","0","0","0","1","0","0","1","1","0","0","0","0","0","0","0","0","0","0","0","0","0","0","0","0","0","0","0","0","0","0","0","0","0","0","0","0","0","0","0","0","0","0","0","0","1","202005","202204","2135"
"0144967","530010","70712903","33278047000170","3","1","00000000000000","","","","","","0","E","","","04","","01","22","03","","99","","","","","","","","RLE DIGITAL","20200508","1","","","","","","0","0","1","0","0","0","1","0","0","0","0","0","0","0",0,0,0,"0",0,0,0,0,0,0,0,0,0,0,0,0,0,0,"0",1,0,0,0,0,0,0,0,0,0,0,0,0,0,0,0,"1",0,0,0,"0",0,0,0,0,"0",0,0,0,0,0,0,0,0,0,0,0,0,0,0,0,"0","0","1","0","0","0","0","0","0","0","0","0","0","0","0","0","0","0","0","0","0","0","0","0","1","0","0","0","1","1","0","0","0","0","0","0","0","0","0","0","0","0","0","0","0","0","0","0","0","0","0","1","0","0","0","1","0","0","0","0","0","0","0","0","0","0","0","0","0","0","0","0","0","0","0","0","0","0","0","0","0","0","0","0","0","0","0","0","0","0","0","0","1","202008","202204","2062"
"0144983","530010","73343016","37037580000100","3","1","00000000000000","","","","","","0","E","","","04","","03","04","03","","99","","","","","","","","","","","","","","","","0","0","1","0","0","0","1","0","0","0","0","0","0","0",0,0,0,"0",0,0,0,0,0,0,0,0,0,0,0,0,0,0,"0",2,2,0,0,0,0,0,0,0,0,0,0,0,0,0,0,"1",0,0,0,"0",0,0,0,0,"0",0,0,0,0,0,0,0,0,0,0,0,0,0,0,0,"0","0","1","0","0","0","0","0","0","0","0","0","0","0","0","0","0","0","0","0","0","0","0","0","1","0","0","0","1","1","0","0","0","0","0","0","0","0","0","0","0","0","0","0","0","0","0","0","0","0","0","1","0","0","1","1","0","0","1","0","0","1","1","0","0","0","0","0","0","0","0","0","0","0","0","0","0","0","0","0","0","0","0","0","0","0","0","0","0","0","0","0","1","202005","202204","2062"
"0145858","530010","71926000","36901647000131","3","1","00000000000000","","","","9901","","0","E","","","04","","01","22","04","","99","","","","","","","","RLE DIGITAL","20200408","1","","","","","","0","0","1","0","0","0","1","0","0","0","0","0","0","0",0,0,0,"0",0,0,0,0,0,0,0,0,0,0,0,0,0,0,"0",1,0,0,0,0,0,0,0,0,0,0,0,0,0,0,0,"1",0,0,0,"0",0,0,0,0,"0",0,0,0,0,0,0,0,0,0,0,0,0,0,0,0,"0","0","1","0","0","0","0","0","0","0","1","1","0","0","0","0","0","0","0","0","0","0","0","0","1","0","0","0","1","1","0","0","0","0","0","0","0","0","0","0","0","0","0","0","0","0","0","0","0","0","0","1","0","0","0","1","0","0","0","0","0","0","0","0","0","0","0","0","0","0","0","0","0","0","0","0","0","0","0","0","0","0","0","0","0","0","0","0","0","0","0","0","1","202102","202204","2062"
"0148091","530010","72405610","35868345000146","3","1","00000000000000","","","","0060","","0","E","","","04","","03","36","04","","99","001","35998","430087-4","","","","","RLE DIGITAL","20200102","1","","","","","","0","0","1","0","0","0","1","0","0","0","0","0","0","0",0,0,0,"0",0,0,0,0,0,0,0,0,0,0,0,0,0,0,"0",0,0,0,16,0,0,0,0,0,0,0,0,0,0,0,0,"1",0,0,0,"0",0,0,0,0,"0",0,0,0,0,0,0,0,0,0,0,0,0,0,0,0,"0","0","1","0","0","0","0","0","0","0","0","0","0","0","0","0","0","0","0","0","0","0","0","0","1","1","0","0","1","1","0","0","0","0","0","0","1","0","0","0","0","0","1","0","0","0","0","0","0","0","0","1","0","0","1","1","0","0","0","0","0","0","0","0","0","0","0","0","0","0","0","0","0","0","0","0","0","0","0","0","0","0","0","0","0","0","0","0","0","0","0","0","1","202203","202204","2062"
"0148431","530010","70712904","36161221000199","3","1","00000000000000","","","","0005","","0","E","","","04","","03","22","03","","99","","","","","","","","","","","","","","","","0","0","1","0","0","0","1","0","0","0","0","0","0","0",0,0,0,"0",0,0,0,0,0,0,0,0,0,0,0,0,0,0,"0",0,2,0,0,1,1,0,0,0,0,0,0,0,0,0,0,"1",0,0,0,"0",0,0,0,0,"0",0,0,0,0,0,0,0,0,0,0,0,0,0,0,0,"0","0","0","1","0","0","0","0","0","0","0","0","0","0","0","0","0","0","0","0","0","0","0","0","1","1","0","0","1","1","0","0","0","0","0","0","0","0","0","0","0","0","0","0","0","0","0","0","0","0","0","1","0","0","0","1","0","0","0","0","0","0","0","0","0","0","0","0","0","0","0","0","0","0","0","0","0","0","0","0","0","0","0","0","0","0","0","0","0","0","0","0","1","202107","202204","2062"
"0149039","530010","72430201","01759280000189","3","1","00000000000000","","","","0060","","0","E","","","04","","01","04","03","","99","","","","","","","","CERTIF DE LICENCIAMENTO","20200128","1","","","","","","0","0","1","0","0","0","1","0","0","0","0","0","0","0",0,0,0,"0",0,0,0,0,0,0,0,0,0,0,0,0,0,0,"0",0,0,0,1,0,0,0,0,0,0,0,0,0,0,0,0,"1",0,0,0,"0",0,0,0,0,"0",0,0,0,0,0,0,0,0,0,0,0,0,0,0,0,"0","0","1","0","0","0","0","0","0","0","0","0","0","0","0","0","0","0","0","0","0","0","0","0","1","0","0","0","1","1","0","0","0","0","0","0","0","0","0","0","0","0","0","0","0","0","0","0","0","0","0","1","0","0","0","1","0","0","0","0","0","0","0","0","0","0","0","0","0","0","0","0","0","0","0","0","0","0","0","0","0","0","0","0","0","0","0","0","0","0","0","0","1","202005","202204","2062"
"0149128","530010","70719903","37059955000124","3","1","00000000000000","","","","0005","","0","E","","","04","","01","22","03","","99","","","","","","","","CERT.LICENCIAMENTO","20200504","1","","","","","","0","0","1","0","0","0","1","0","0","0","0","0","0","0",0,0,0,"0",0,0,0,0,0,0,0,0,0,0,0,0,0,0,"0",0,0,0,1,0,0,0,0,0,0,0,0,0,0,0,0,"1",0,0,0,"0",0,0,0,0,"0",0,0,0,0,0,0,0,0,0,0,0,0,0,0,0,"0","0","1","0","0","0","0","0","0","0","0","0","0","0","0","0","0","0","0","0","0","0","0","0","1","0","0","0","1","1","0","0","0","0","0","0","0","0","0","0","0","0","0","0","0","0","0","0","0","0","0","1","0","0","0","1","0","0","0","0","0","0","0","0","0","0","0","0","0","0","0","0","0","0","0","0","0","0","0","0","0","0","0","0","0","0","0","0","0","0","0","0","1","202204","202204","2062"
"0149160","530010","70390108","36107089000137","3","1","00000000000000","","","","0015","","0","E","","","04","","","22","04","","99","","","","","","","","CERT.LICENCIAMENTO","20200219","1","","","","","","0","0","1","0","0","0","1","0","0","0","0","0","0","0",0,0,0,"0",0,0,0,0,0,0,0,0,0,0,0,0,0,0,"0",0,0,0,1,0,0,0,0,0,0,0,0,0,0,0,0,"1",0,0,0,"0",0,0,0,0,"0",0,0,0,0,0,0,0,0,0,0,0,0,0,0,0,"0","0","1","0","0","0","0","0","0","0","0","0","0","0","0","0","0","0","0","0","0","0","0","0","1","0","0","0","1","1","0","0","0","0","0","0","0","0","0","0","0","0","0","0","0","0","0","0","0","0","0","1","0","0","0","0","0","0","0","0","0","0","0","0","0","0","0","0","0","0","0","0","0","0","0","0","0","0","0","0","0","0","0","0","0","0","0","0","0","0","0","0","1","202011","202204","2135"
"0149217","530010","70200700","27687365000192","3","1","00000000000000","","","","0015","","0","E","","","04","","03","36","03","","99","","","","","","","","EAS.067143","20200123","1","","","","","","0","0","1","0","0","0","1","0","0","0","0","0","0","0",0,0,0,"0",0,0,0,0,0,0,0,0,0,0,0,0,0,0,"0",0,3,0,0,0,0,0,0,0,0,0,0,0,0,0,0,"1",0,0,0,"0",0,0,0,0,"0",0,0,0,0,0,0,0,0,0,0,0,0,0,0,0,"0","0","1","0","0","0","0","0","1","0","0","0","0","0","0","0","0","1","0","1","0","0","0","0","1","1","0","0","1","1","0","0","0","0","0","0","0","0","0","0","0","0","0","0","0","0","0","0","0","0","0","1","0","0","0","1","0","0","0","0","0","0","0","0","0","0","0","0","0","0","0","0","0","0","0","0","0","0","0","0","0","0","0","0","0","0","0","0","0","0","0","0","1","202005","202204","2305"
"0151025","530010","70702902","28835743000109","3","1","00000000000000","","","","","","0","E","","","04","","02","22","04","","99","","","","","","","","","20200515","1","","","","","","0","0","1","0","0","0","1","0","0","0","0","0","0","0",0,0,0,"0",0,0,0,0,0,0,0,0,0,0,0,0,0,0,"0",1,0,0,0,0,0,0,0,0,0,0,0,0,0,0,0,"1",0,0,0,"0",0,0,0,0,"0",0,0,0,0,0,0,0,0,0,0,0,0,0,0,0,"0","0","1","0","0","0","0","0","0","0","0","0","0","0","0","0","0","0","0","0","0","0","0","0","1","0","0","0","1","1","0","0","0","0","0","0","0","0","0","0","0","0","0","0","0","0","0","0","0","0","0","1","0","0","0","0","0","0","0","0","0","0","0","0","0","0","0","0","0","0","0","0","0","0","0","0","0","0","0","0","0","0","0","0","0","0","0","0","0","0","0","0","1","202102","202204","2062"
"0151459","530010","70390150","35868118000110","3","1","00000000000000","","","","0015","","0","E","","","04","","01","22","04","","99","","","","","","","","","","","","","","","","0","0","1","0","0","0","1","0","0","0","0","0","0","0",0,0,0,"0",0,0,0,0,0,0,0,0,0,0,0,0,0,0,"0",0,0,0,1,0,0,0,0,0,0,0,0,0,0,0,0,"1",0,0,0,"0",0,0,0,0,"0",0,0,0,0,0,0,0,0,0,0,0,0,0,0,0,"0","0","1","0","0","0","0","0","0","0","0","0","0","0","0","0","0","0","0","0","0","0","0","0","1","0","0","0","1","1","0","0","0","0","0","0","0","0","0","0","0","0","0","0","0","0","0","0","0","0","0","1","0","0","0","0","0","0","0","0","0","0","0","0","0","0","0","0","0","0","0","0","0","0","0","0","0","0","0","0","0","0","0","0","0","0","0","0","0","0","0","0","1","202005","202204","2135"
"0152064","530010","70077000","00844704000140","3","1","00000000000000","","","","0005","","0","E","","","04","","01","36","03","","99","","","","","","","","ODO 00173-02","20190904","1","","","","","","0","0","1","0","0","0","1","0","0","0","0","0","0","0",0,0,0,"0",0,0,0,0,0,0,0,0,0,0,0,0,0,0,"0",0,0,0,0,0,0,0,0,1,0,0,0,0,0,0,0,"1",0,0,0,"0",0,0,0,0,"0",0,0,0,0,0,0,0,0,0,0,0,0,0,0,0,"0","0","1","0","0","0","0","0","1","0","0","0","0","0","0","0","0","0","0","0","0","0","0","0","1","1","0","0","1","1","0","0","0","0","0","0","0","0","0","0","0","0","0","0","0","0","0","0","0","0","0","1","0","0","0","0","0","0","0","0","0","0","0","0","0","0","0","0","0","0","0","0","0","0","0","0","0","0","0","0","0","0","0","0","0","0","0","0","0","0","0","0","1","202005","202204","2240"
"0152250","530010","70200760","35295729000117","3","1","00000000000000","","","","","","0","E","","","04","","03","36","03","","99","","","","","","","","RLE@DIGITAL","20211231","1","","","","","","0","0","1","0","0","0","1","0","0","0","0","0","0","0",0,0,0,"0",0,0,0,0,0,0,0,0,0,0,0,0,0,0,"0",0,2,0,0,0,0,0,0,0,0,0,0,0,0,0,0,"1",0,0,0,"0",0,0,0,0,"0",0,0,0,0,0,0,0,0,0,0,0,0,0,0,0,"0","0","1","0","0","0","0","0","0","0","0","0","0","0","0","0","0","0","0","0","0","0","0","0","1","1","0","0","1","1","0","0","0","0","0","0","0","0","0","0","0","0","0","0","0","0","0","0","0","0","0","1","0","0","0","1","0","0","0","0","0","0","0","0","0","0","0","0","0","0","0","0","0","0","0","0","0","0","0","0","0","0","0","0","0","0","0","0","0","0","0","0","1","202203","202204","2062"
"0152390","530010","70077900","35250897000196","3","1","00000000000000","","","","","","0","E","","","04","","03","22","03","","99","","","","","","","","00398-02","20200107","1","","","","","","0","0","1","0","0","0","1","0","0","0","0","0","0","0",0,0,0,"0",0,0,0,0,0,0,0,0,0,0,0,0,0,0,"0",0,0,0,0,0,0,0,0,2,0,0,0,0,0,0,0,"1",0,0,0,"0",0,0,0,0,"0",0,0,0,0,0,0,0,0,0,0,0,0,0,0,0,"0","0","0","0","0","0","0","0","0","0","0","0","0","0","0","0","0","0","0","0","0","0","0","0","0","0","0","0","1","1","0","0","0","0","0","0","0","0","0","0","0","0","0","0","0","0","0","0","0","0","0","1","0","0","0","0","0","0","0","0","0","0","0","0","0","0","0","0","0","0","0","0","0","0","0","0","0","0","0","0","0","0","0","0","0","0","0","0","0","0","0","0","1","202005","202204","2062"
"0152404","530010","72015090","33293700000170","3","1","00000000000000","","","","","","0","E","","","04","","01","22","03","","99","","","","","","","","ODO.00095-14","20191026","1","","","","","","0","0","1","0","0","0","1","0","0","0","0","0","0","0",0,0,0,"0",0,0,0,0,0,0,0,0,0,0,0,0,0,0,"0",0,0,0,0,0,0,0,0,1,0,0,0,0,0,0,0,"1",0,0,0,"0",0,0,0,0,"0",0,0,0,0,0,0,0,0,0,0,0,0,0,0,0,"0","0","0","0","0","0","0","0","0","0","0","0","0","0","0","0","0","0","0","0","0","0","0","0","0","1","1","0","1","1","0","0","0","0","0","0","0","0","0","0","0","0","0","0","0","0","0","0","0","0","0","1","0","0","0","0","0","0","0","0","0","0","0","0","0","0","0","0","0","0","0","0","0","0","0","0","0","0","0","0","0","0","0","0","0","0","0","0","0","0","0","0","1","202005","202204","2305"
"0153788","530010","70390150","26893287000110","3","1","00000000000000","","","","0015","","0","E","","","04","","03","36","03","","99","","","","","","","","","","","","","","","","0","0","1","0","0","0","1","0","0","0","0","0","0","0",0,0,0,"0",0,0,0,0,0,0,0,0,0,0,0,0,0,0,"0",0,0,0,1,0,0,0,0,0,0,0,0,0,0,0,0,"1",0,0,0,"0",0,0,0,0,"0",0,0,0,0,0,0,0,0,0,0,0,0,0,0,0,"0","0","1","0","0","0","0","0","0","0","0","0","0","0","0","0","0","0","0","0","0","0","0","0","1","0","0","0","1","1","0","0","0","0","0","0","0","0","0","0","0","0","0","0","0","0","0","0","0","0","0","1","0","0","0","0","0","0","0","0","0","0","0","0","0","0","0","0","0","0","0","0","0","0","0","0","0","0","0","0","0","0","0","0","0","0","0","0","0","0","0","0","1","202005","202204","2062"
"0154717","530010","70673416","32757241000176","3","1","00000000000000","","","","","","0","E","","","04","","01","22","03","","99","","","","","","","","ODO.00023-07","20200518","1","","","","","","0","0","1","0","0","0","1","0","0","0","0","0","0","0",0,0,0,"0",0,0,0,0,0,0,0,0,0,0,0,0,0,0,"0",0,0,0,0,0,0,0,0,1,0,0,0,0,0,0,0,"1",0,0,0,"0",0,0,0,0,"0",0,0,0,0,0,0,0,0,0,0,0,0,0,0,0,"0","0","1","0","0","0","0","0","1","0","0","0","0","0","0","0","0","0","0","1","0","0","0","0","1","1","0","0","1","1","0","0","0","0","0","0","0","0","0","0","0","0","0","0","0","0","0","0","0","0","0","1","0","0","0","0","0","0","0","0","0","0","0","0","0","0","0","0","0","0","0","0","0","0","0","0","0","0","0","0","0","0","0","0","0","0","0","0","0","0","0","0","1","202005","202204","2062"
"0154725","530010","71065310","28839422000174","3","1","00000000000000","","","","0070","","0","E","","","04","","03","36","03","","99","","","","","","","","53202137779","20180427","1","","","","","","0","0","1","0","0","0","1","0","0","0","0","0","0","0",0,0,0,"0",0,0,0,0,0,0,0,0,0,0,0,0,0,0,"0",1,1,0,1,0,0,0,0,1,0,0,0,0,0,0,0,"1",0,0,0,"0",0,0,0,0,"0",0,0,0,0,0,0,0,0,0,0,0,0,0,0,0,"0","0","1","0","0","0","0","0","0","0","0","0","0","0","0","0","0","0","0","0","0","0","0","0","1","1","0","0","1","1","0","0","0","0","0","0","0","0","0","0","0","0","0","0","0","0","0","0","0","0","0","1","0","0","1","1","0","0","0","0","0","0","0","0","0","0","0","0","0","0","0","0","0","0","0","0","0","0","0","0","0","0","0","0","0","0","0","0","0","0","0","0","1","202005","202204","2062"
"0155799","530010","72140260","37157671000170","3","1","00000000000000","","","","","","0","E","","","04","","01","22","03","","99","","","","","","","","CERTIF. DE LICENCIAMENTO","20200521","1","","","","","","0","0","1","0","0","0","1","0","0","0","0","0","0","0",0,0,0,"0",0,0,0,0,0,0,0,0,0,0,0,0,0,0,"0",0,0,0,0,0,0,0,0,3,0,0,0,0,0,0,0,"1",0,0,0,"0",0,0,0,0,"0",0,0,0,0,0,0,0,0,0,0,0,0,0,0,0,"0","0","1","0","0","0","0","0","1","0","0","0","0","0","0","0","0","0","0","0","0","0","0","0","1","1","0","0","1","1","0","0","0","0","0","0","0","0","0","0","0","0","0","0","0","0","0","0","0","0","0","1","0","0","0","0","0","0","0","0","0","0","0","0","0","0","0","0","0","0","0","0","0","0","0","0","0","0","0","0","0","0","0","0","0","0","0","0","0","0","0","0","1","202201","202204","2062"
"0155918","530010","70390095","37000147000191","3","1","00000000000000","","","","0015","","0","E","","","04","","01","36","03","","99","","","","","","","","RLE DIGITAL","20200424","1","","","","","","0","0","1","0","0","0","1","0","0","0","0","0","0","0",0,0,0,"0",0,0,0,0,0,0,0,0,0,0,0,0,0,0,"0",0,1,0,0,0,0,0,0,0,0,0,0,0,0,0,0,"1",0,0,0,"0",0,0,0,0,"0",0,0,0,0,0,0,0,0,0,0,0,0,0,0,0,"0","0","1","0","0","0","0","0","1","0","0","0","0","0","0","0","0","0","0","0","0","0","0","0","1","0","1","0","1","1","0","0","0","0","0","0","0","0","0","0","0","0","0","0","0","0","0","0","0","0","0","1","0","0","1","1","0","0","0","0","0","0","0","0","0","0","0","0","0","0","0","0","0","0","0","0","0","0","0","0","0","0","0","0","0","0","0","0","0","0","0","0","1","202005","202204","2062"
"0155950","530010","70390095","00768842000198","3","1","00000000000000","","","","","","0","E","","","04","","01","36","03","","99","","","","","","","","LICENCA DE FUNCIONAMENTO","20130814","1","","","","","","0","0","1","0","0","0","1","0","0","0","0","0","0","0",0,0,0,"0",0,0,0,0,0,0,0,0,0,0,0,0,0,0,"0",0,0,0,0,0,0,0,0,0,0,0,0,0,0,0,1,"1",0,0,0,"0",0,0,0,0,"0",0,0,0,0,0,0,0,0,0,0,0,0,0,0,0,"0","0","0","0","0","0","0","0","1","0","0","0","0","0","0","0","0","0","0","0","0","0","0","0","1","1","0","0","1","1","0","0","0","0","0","0","0","0","0","0","0","0","0","0","0","0","0","0","0","0","0","1","0","0","0","0","0","0","0","0","0","0","0","0","0","0","0","0","0","0","0","0","0","0","0","0","0","0","0","0","0","0","0","0","0","0","0","0","0","0","0","0","1","202005","202204","2240"
"0156566","530010","72215011","23670504000114","3","1","00000000000000","","","","","","0","E","","","04","","03","36","04","","99","","","","","","","","","","","","","","","","0","0","1","0","0","0","1","0","0","0","0","0","0","0",0,0,0,"0",0,0,0,0,0,0,0,0,0,0,0,0,0,0,"0",0,1,0,0,0,0,0,0,0,0,0,0,0,0,0,0,"1",0,0,0,"0",0,0,0,0,"0",0,0,0,0,0,0,0,0,0,0,0,0,0,0,0,"0","0","0","0","0","0","0","0","1","0","0","0","0","0","0","0","0","0","0","0","0","0","0","0","1","0","0","0","1","1","0","0","0","0","0","0","0","0","0","0","0","0","0","0","0","0","0","0","0","0","0","1","0","0","0","0","0","0","0","0","0","0","0","0","0","0","0","0","0","0","0","0","0","0","0","0","0","0","0","0","0","0","0","0","0","0","0","0","0","0","0","0","1","202005","202204","2062"
"0156736","530010","71953000","37156463000157","3","1","00000000000000","","","","0180","","0","E","","","04","","03","22","03","","99","","","","","","","","LICENCA SANITARIA","20211231","1","","","","","","0","0","1","0","0","0","1","0","0","0","0","0","0","0",0,0,0,"0",0,0,0,0,0,0,0,0,0,0,0,0,0,0,"0",0,0,0,0,0,0,0,0,1,0,0,0,0,0,0,0,"1",0,0,0,"0",0,0,0,0,"0",0,0,0,0,0,0,0,0,0,0,0,0,0,0,0,"0","0","0","0","0","0","0","0","1","0","0","0","0","0","0","0","0","0","0","0","0","0","0","0","1","1","0","0","1","1","0","0","0","0","0","0","0","0","0","0","0","0","0","0","0","0","0","0","0","0","0","1","0","0","0","1","0","0","0","0","0","0","0","0","0","0","0","0","0","0","0","0","0","0","0","0","0","0","0","0","0","0","0","0","0","0","0","0","0","0","0","0","1","202203","202204","2062"
"0156779","530010","71693133","36614864000140","3","1","00000000000000","","","","0160","","0","E","","","04","","03","22","03","","99","","","","","","","","","20200310","","","","","","","0","0","1","0","0","0","1","0","0","0","0","0","0","0",0,0,0,"0",0,0,0,0,0,0,0,0,0,0,0,0,0,0,"0",0,0,0,1,0,0,0,0,0,0,0,0,0,0,0,0,"1",0,0,0,"0",0,0,0,0,"0",0,0,0,0,0,0,0,0,0,0,0,0,0,0,0,"0","0","1","0","0","0","0","0","0","0","0","0","0","0","0","0","0","0","0","0","0","0","0","0","1","0","0","0","1","1","0","0","0","0","0","0","0","0","0","0","0","0","0","0","0","0","0","0","0","0","0","1","0","0","0","0","0","0","0","0","0","0","0","0","0","0","0","0","0","0","0","0","0","0","0","0","0","0","0","0","0","0","0","0","0","0","0","0","0","0","0","0","1","202005","202204","2135"
"0157325","530010","70340907","35978191000145","3","1","00000000000000","","","","0015","","0","E","","","04","","03","22","04","","99","","","","","","","","53202285905","20200124","1","","","","","","0","0","1","0","0","0","1","0","0","0","0","0","0","0",0,0,0,"0",0,0,0,0,0,0,0,0,0,0,0,0,0,0,"0",0,1,0,1,0,0,0,0,0,0,0,0,0,0,0,0,"1",0,0,0,"0",0,0,0,0,"0",0,0,0,0,0,0,0,0,0,0,0,0,0,0,0,"0","0","1","0","0","0","0","0","0","0","0","0","0","0","0","0","0","0","0","0","0","0","0","0","1","0","0","0","1","1","0","0","0","0","0","0","0","0","0","0","0","0","0","0","0","0","0","0","0","0","0","1","0","0","0","1","0","0","0","0","0","0","0","0","0","0","0","0","0","0","0","0","0","0","0","0","0","0","0","0","0","0","0","0","0","0","0","0","0","0","0","0","1","202005","202204","2062"
"0157422","530010","70390906","35841594000148","3","1","00000000000000","","","","0015","","0","E","","","04","","01","36","03","","99","","","","","","","","53202282710","20191223","1","","","","","","0","0","1","0","0","0","1","0","0","0","0","0","0","0",0,0,0,"0",0,0,0,0,0,0,0,0,0,0,0,0,0,0,"0",0,0,0,1,0,0,0,0,0,0,0,0,0,0,0,0,"1",0,0,0,"0",0,0,0,0,"0",0,0,0,0,0,0,0,0,0,0,0,0,0,0,0,"0","0","0","0","0","0","0","0","0","0","0","0","0","0","0","0","0","0","0","0","0","0","0","0","0","0","0","0","1","1","0","0","0","0","0","0","0","0","0","0","0","0","0","0","0","0","0","0","0","0","0","1","0","0","0","1","0","0","0","0","0","0","0","0","0","0","0","0","0","0","0","0","0","0","0","0","0","0","0","0","0","0","0","0","0","0","0","0","0","0","0","0","1","202005","202204","2062"
"0157694","530010","71710500","36979351000133","3","1","00000000000000","","","","","","0","E","","","04","","03","22","04","","99","","","","","","","","53202311388","20200422","1","","","","","","0","0","1","0","0","0","1","0","0","0","0","0","0","0",0,0,0,"0",0,0,0,0,0,0,0,0,0,0,0,0,0,0,"0",0,0,0,2,0,0,0,0,0,0,0,0,0,0,0,0,"1",0,0,0,"0",0,0,0,0,"0",0,0,0,0,0,0,0,0,0,0,0,0,0,0,0,"0","0","1","0","0","0","0","0","0","0","0","0","0","0","0","0","0","0","0","0","0","0","0","0","1","0","0","0","1","1","0","0","0","0","0","0","0","0","0","0","0","0","0","0","0","0","0","0","0","0","0","1","0","0","0","0","0","0","0","0","0","0","0","0","0","0","0","0","0","0","0","0","0","0","0","0","0","0","0","0","0","0","0","0","0","0","0","0","0","0","0","0","1","202005","202204","2062"
"0157759","530010","72145424","35375109000198","3","1","00000000000000","","","","","","0","E","","","04","","01","36","03","","99","","","","","","","","CERTIFICADO DE LICENCIAME","20191221","2","","","","","","0","0","1","0","0","0","1","0","0","0","0","0","0","0",0,0,0,"0",0,0,0,0,0,0,0,0,0,0,0,0,0,0,"0",0,3,0,0,0,0,0,0,0,0,0,0,0,0,0,0,"1",0,0,0,"0",0,0,0,0,"0",0,0,0,0,0,0,0,0,0,0,0,0,0,0,0,"0","0","1","0","0","0","0","0","0","0","0","0","0","0","0","0","0","0","0","0","0","0","0","0","1","0","0","0","1","1","0","0","0","0","0","0","0","0","0","0","0","0","0","0","0","0","0","0","0","0","0","1","0","0","0","0","0","0","0","0","0","0","0","0","0","0","0","0","0","0","0","0","0","0","0","0","0","0","0","0","0","0","0","0","0","0","0","0","0","0","0","0","1","202006","202204","2062"
"0157864","530010","70200760","24873579000246","3","1","00000000000000","","","","0015","","0","E","","","04","","02","36","04","","99","","","","","","","","84MTEN","20200427","1","","","","","","0","0","1","0","0","0","1","0","0","0","0","0","0","0",0,0,0,"0",0,0,0,0,0,0,0,0,0,0,0,0,0,0,"0",0,1,0,0,0,0,0,0,0,0,0,0,0,0,0,0,"1",0,0,0,"0",0,0,0,0,"0",0,0,0,0,0,0,0,0,0,0,0,0,0,0,0,"0","0","1","0","0","0","0","0","0","0","0","0","0","0","0","0","0","0","0","0","0","0","0","0","1","0","0","0","1","1","0","0","0","0","0","0","0","0","0","0","0","0","0","0","0","0","0","0","0","0","0","1","0","0","0","0","0","0","0","0","0","0","0","0","0","0","0","0","0","0","0","0","0","0","0","0","0","0","0","0","0","0","0","0","0","0","0","0","0","0","0","0","1","202109","202204","2062"
"0157953","530010","72025015","36580953000113","3","1","00000000000000","","","","0180","","0","E","","","04","","","36","03","","99","","","","","","","","RLE- 53202301510","20210428","1","","","","","","0","0","1","0","0","0","1","0","0","0","0","0","0","0",0,0,0,"0",0,0,0,0,0,0,0,0,0,0,0,0,0,0,"0",0,0,0,0,0,0,0,0,3,0,0,0,0,0,0,0,"1",0,0,0,"0",0,0,0,0,"0",0,0,0,0,0,0,0,0,0,0,0,0,0,0,0,"0","0","1","0","0","0","0","0","1","0","0","0","0","0","0","0","0","0","0","1","0","0","0","0","1","1","1","1","1","1","0","0","0","0","0","0","0","0","0","0","0","0","0","0","0","0","0","0","0","0","0","1","0","0","0","1","0","0","0","0","0","0","0","0","0","0","0","0","0","0","0","0","0","0","0","0","0","0","0","0","0","0","0","0","0","0","0","0","0","0","0","0","1","202203","202204","2062"
"0161616","530010","73017017","00000000000000","3","3","00394700000108","","","","","","1","E","","","03","","03","02","03","","99","","","","","","","","","","","","","","","","1","0","0","0","0","0","1","0","0","0","0","0","0","0",0,0,0,"0",0,0,0,0,0,0,0,0,0,0,0,0,0,0,"0",2,0,0,3,0,0,0,0,2,0,2,1,0,0,1,0,"1",0,0,0,"0",0,0,0,0,"0",0,0,0,0,0,0,0,0,0,0,0,0,0,0,0,"0","0","1","0","0","0","1","0","1","0","0","0","0","0","0","0","0","0","0","0","0","0","0","0","1","1","1","0","1","1","0","0","0","0","0","0","0","0","0","0","0","0","0","0","0","0","0","0","0","0","1","0","0","0","0","0","0","0","0","0","0","0","0","0","0","0","0","0","0","0","0","0","0","0","0","0","0","0","0","0","0","0","0","0","0","0","0","0","0","0","0","0","1","202204","202204","1023"
"0161802","530010","71901020","36605768000136","3","1","00000000000000","","","","0010","","0","E","","","04","","03","77","04","","99","","","","","","","","53202302311","20200505","1","","","","","","0","0","1","0","0","0","1","0","0","0","0","0","0","0",0,0,0,"0",0,0,0,0,0,0,0,0,0,0,0,0,0,0,"0",0,0,0,0,0,0,0,0,0,0,0,0,0,0,0,0,"0",0,0,0,"0",0,0,0,0,"0",0,0,0,0,0,0,0,0,0,0,0,0,0,0,0,"0","0","1","0","0","0","0","0","0","0","0","0","0","0","0","0","0","0","0","0","0","0","0","0","1","0","0","0","1","1","0","0","0","0","0","0","0","0","0","0","0","0","0","0","0","0","0","0","0","0","0","1","0","0","0","1","0","0","0","0","0","0","0","0","0","0","0","0","0","0","0","0","0","0","0","0","0","0","0","0","0","0","0","0","0","0","0","0","0","0","0","0","1","202005","202204","2062"
"0161837","530010","71692601","36698053000175","3","1","00000000000000","","","","0160","","0","E","","","04","","03","22","03","","99","","","","","","","","","","","","","","","","0","0","1","0","0","0","1","0","0","0","0","0","0","0",0,0,0,"0",0,0,0,0,0,0,0,0,0,0,0,0,0,0,"0",0,0,0,0,0,0,0,0,1,0,0,0,0,0,0,0,"1",0,0,0,"0",0,0,0,0,"0",0,0,0,0,0,0,0,0,0,0,0,0,0,0,0,"0","0","1","0","0","0","0","0","1","0","0","0","0","0","0","0","0","0","0","0","0","0","0","0","1","0","0","0","1","1","0","0","0","0","0","0","0","0","0","0","0","0","0","0","0","0","0","0","0","0","0","1","0","0","0","0","0","0","0","0","0","0","0","0","0","0","0","0","0","0","0","0","0","0","0","0","0","0","0","0","0","0","0","0","0","0","0","0","0","0","0","0","1","202005","202204","2062"
"0162019","530010","71691010","26135011000172","3","1","00000000000000","","","","0160","","0","E","","","04","","03","36","03","","99","","","","","","","","LICENCIAMENTO","20160901","1","","","","","","0","0","1","0","0","0","1","0","0","0","0","0","0","0",0,0,0,"0",0,0,0,0,0,0,0,0,0,0,0,0,0,0,"0",0,0,0,1,0,0,0,0,0,0,0,0,0,0,0,0,"1",0,0,0,"0",0,0,0,0,"0",0,0,0,0,0,0,0,0,0,0,0,0,0,0,0,"0","0","1","0","0","0","0","0","0","0","0","0","0","0","0","0","0","0","0","0","0","0","0","0","1","0","0","0","1","1","1","0","0","0","0","0","0","0","0","0","0","0","1","0","0","0","0","0","0","0","0","1","0","0","0","0","0","0","0","0","0","0","0","0","0","0","0","0","0","0","0","0","0","0","0","0","0","0","0","0","0","0","0","0","0","0","0","0","0","0","0","0","1","202005","202204","2062"
"0163902","530010","70390020","36213579000118","3","1","00000000000000","","","","","","0","E","","","04","","03","22","03","","99","","","","","","","","","","","","","","","","0","0","1","0","0","0","1","0","0","0","0","0","0","0",0,0,0,"0",0,0,0,0,0,0,0,0,0,0,0,0,0,0,"0",1,0,0,0,0,0,0,0,0,0,0,0,0,0,0,0,"1",0,0,0,"0",0,0,0,0,"0",0,0,0,0,0,0,0,0,0,0,0,0,0,0,0,"0","0","0","0","0","0","0","0","0","0","0","0","0","0","0","0","0","0","0","0","0","0","0","0","0","0","0","0","1","1","0","0","0","0","0","0","0","0","0","0","0","0","0","0","0","0","0","0","0","0","0","1","0","0","0","0","0","0","0","0","0","0","0","0","0","0","0","0","0","0","0","0","0","0","0","0","0","0","0","0","0","0","0","0","0","0","0","0","0","0","0","0","1","202006","202204","2062"
"0164054","530010","70701010","31726381000114","3","1","00000000000000","","","","0005","","0","E","","","04","","01","36","03","","99","","","","","","","","53202197186","20201106","1","","","","","","0","0","1","0","0","0","1","0","0","0","0","0","0","0",0,0,0,"0",0,0,0,0,0,0,0,0,0,0,0,0,0,0,"0",0,0,0,2,0,0,0,0,0,0,0,0,0,0,0,0,"1",0,0,0,"0",0,0,0,0,"0",0,0,0,0,0,0,0,0,0,0,0,0,0,0,0,"0","0","1","0","0","0","0","0","0","0","0","0","0","0","0","0","0","0","0","0","0","0","0","0","1","0","0","0","1","1","0","0","0","0","0","0","0","0","0","0","0","0","0","0","0","0","0","0","0","0","0","1","0","0","0","0","0","0","0","0","0","0","0","0","0","0","0","0","0","0","0","0","0","0","0","0","0","0","0","0","0","0","0","0","0","0","0","0","0","0","0","0","1","202111","202204","2062"
"0172197","530010","71625205","34963012000133","3","1","00000000000000","","","","0090","","0","E","","","04","","02","77","03","","99","","","","","","","","MED.00489-03","20200513","1","","","","","","0","0","1","0","1","0","1","0","0","0","0","0","0","0",0,0,0,"0",0,0,0,0,0,0,0,0,0,0,0,0,0,0,"0",0,0,0,0,0,0,0,0,0,0,0,0,0,0,0,0,"0",0,0,0,"0",0,0,0,0,"0",0,0,0,0,0,0,0,0,0,0,0,0,0,0,0,"0","0","1","0","0","0","1","1","0","0","0","1","0","0","0","0","0","0","0","1","0","1","0","0","1","1","0","0","1","1","0","0","0","0","0","0","0","0","0","0","0","0","0","0","0","0","0","0","0","0","0","0","0","0","0","1","0","0","0","0","0","0","0","0","0","0","0","0","0","0","0","0","0","0","0","0","0","0","0","0","0","0","0","0","0","0","0","0","0","0","0","0","1","202009","202204","2062"
"0174203","530010","72210185","30996968000180","3","1","00000000000000","","","","","","0","E","","","04","","03","36","03","","99","","","","","","","","53600301749","20191228","1","","","","","","0","0","1","0","0","0","1","0","0","0","0","0","0","0",0,0,0,"0",0,0,0,0,0,0,0,0,0,0,0,0,0,0,"0",0,2,0,2,0,0,0,0,0,0,1,0,0,0,0,0,"1",0,0,0,"0",0,0,0,0,"0",0,0,0,0,0,0,0,0,0,0,0,0,0,0,0,"0","0","1","0","0","0","0","0","0","0","0","0","0","0","0","0","0","0","0","1","0","0","0","0","1","1","0","0","1","1","0","0","0","0","0","0","0","0","0","0","0","0","0","0","0","0","0","0","0","0","0","1","0","0","0","1","0","0","0","0","0","0","0","0","0","0","0","0","0","0","0","0","0","0","0","0","0","0","0","0","0","0","0","0","0","0","0","0","0","0","0","0","1","202006","202204","2305"
"0176613","530010","70200740","13152417000111","3","1","00000000000000","","","","0015","","0","E","","","04","","01","36","03","","99","","","","","","","","20792/2020","20200512","1","","","","","","0","0","1","0","0","0","1","0","0","0","0","0","0","0",0,0,0,"0",0,0,0,0,0,0,0,0,0,0,0,0,0,0,"0",0,4,0,0,0,0,0,0,0,0,0,0,0,0,0,0,"1",0,0,0,"0",0,0,0,0,"0",0,0,0,0,0,0,0,0,0,0,0,0,0,0,0,"0","0","0","1","0","0","0","0","0","0","0","0","0","0","0","0","0","0","0","0","0","0","0","0","1","1","0","0","1","1","0","0","0","0","0","0","0","0","0","0","0","0","0","0","0","0","0","0","0","0","0","1","0","0","1","1","0","0","0","0","0","0","0","0","0","0","0","0","0","0","0","0","0","0","0","0","0","0","0","0","0","0","0","0","0","0","0","0","0","0","0","0","1","202006","202204","2062"
"0177067","530010","70760514","03394318000192","3","1","00000000000000","","","","0005","61","0","E","","","04","","03","36","03","","99","","","","","","","","EAS 00781-02/2021","20210225","1","","","","","","0","0","1","0","0","0","1","0","0","0","0","0","0","0",0,0,0,"0",0,0,0,0,0,0,0,0,0,0,0,0,0,0,"0",0,0,0,2,0,0,0,0,0,0,0,0,0,0,0,0,"1",0,0,0,"0",0,0,0,0,"0",0,0,0,0,0,0,0,0,0,0,0,0,0,0,0,"0","0","1","0","0","0","0","0","0","0","0","0","0","0","0","0","0","0","0","0","0","0","0","0","1","0","0","0","1","1","0","0","0","0","0","0","0","0","0","0","0","0","0","0","0","0","0","0","0","0","0","1","0","0","0","1","0","0","0","0","0","0","0","0","0","0","0","0","0","0","0","0","0","0","0","0","0","0","0","0","0","0","0","0","0","0","0","0","0","0","0","0","1","202111","202204","2062"
"0178829","530010","72210182","34705224000110","3","1","00000000000000","","","","","","0","E","","","04","","01","36","03","","99","","","","","","","","RLE","20191014","1","","","","","","0","0","1","0","0","0","1","0","0","0","0","0","0","0",0,0,0,"0",0,0,0,0,0,0,0,0,0,0,0,0,0,0,"0",0,1,0,0,0,0,0,0,0,0,0,0,0,0,0,0,"1",0,0,0,"0",0,0,0,0,"0",0,0,0,0,0,0,0,0,0,0,0,0,0,0,0,"0","0","1","0","0","0","0","0","0","0","0","0","0","0","0","0","0","0","0","0","0","0","0","0","1","0","0","0","1","1","0","0","0","0","0","0","0","0","0","0","0","0","0","0","0","0","0","0","0","0","0","1","0","0","0","0","0","0","0","0","0","0","0","0","0","0","0","0","0","0","0","0","0","0","0","0","0","0","0","0","0","0","0","0","0","0","0","0","0","0","0","0","1","202006","202204","2062"
"0180203","530010","72010010","35460249000164","3","1","00000000000000","","","","","","0","E","","","04","","03","22","04","","99","","","","","","","","VISADF","20191120","1","","","","","","0","0","1","0","0","0","1","0","0","0","0","0","0","0",0,0,0,"0",0,0,0,0,0,0,0,0,0,0,0,0,0,0,"0",0,0,0,1,0,0,0,0,0,0,0,0,0,0,0,0,"1",0,0,0,"0",0,0,0,0,"0",0,0,0,0,0,0,0,0,0,0,0,0,0,0,0,"0","0","1","0","0","0","0","0","0","0","0","0","0","0","0","0","0","0","0","0","0","0","0","0","1","0","0","0","1","1","0","0","0","0","0","0","0","0","0","0","0","0","0","0","0","0","0","0","0","0","0","1","0","0","0","0","0","0","0","0","0","0","0","0","0","0","0","0","0","0","0","0","0","0","0","0","0","0","0","0","0","0","0","0","0","0","0","0","0","0","0","0","1","202006","202204","2062"
"0181552","530010","70160900","00530352000159","3","1","00000000000000","","","","0010","","0","E","","","04","","01","04","04","","99","","","","","","","","","","","","","","","","0","0","1","0","0","0","1","0","0","0","0","0","0","0",0,0,0,"0",0,0,0,2,0,0,0,4,0,0,0,0,0,4,"1",13,10,0,7,0,0,0,0,0,1,1,1,0,1,1,0,"1",0,0,0,"0",0,0,0,0,"0",0,0,0,6,0,0,0,0,0,0,0,0,0,0,0,"0","0","1","0","0","0","1","0","1","0","0","0","0","0","0","0","0","0","0","0","1","0","0","0","1","1","0","0","1","1","0","0","0","0","0","0","0","0","0","0","0","0","0","0","0","0","0","0","0","0","0","0","0","0","1","0","0","0","0","0","0","1","0","0","0","0","0","0","1","0","0","0","0","0","0","0","0","0","0","0","0","0","0","0","0","0","0","0","0","0","0","0","1","202006","202204","1040"
"0185256","530010","71955000","00025841000668","3","1","00000000000000","","","","9901","","0","E","","","04","","03","05","06","","99","","","","","","","","EAS.00050-14","20210615","1","","","","","","0","0","1","0","1","0","1","0","0","0","0","1","0","1",0,24,0,"1",6,0,0,0,0,0,0,14,0,0,1,1,1,0,"1",0,6,0,0,0,0,0,0,0,0,0,0,0,1,1,0,"1",0,0,0,"0",0,0,0,0,"0",0,0,0,6,0,0,0,0,0,0,0,0,0,0,0,"0","0","1","0","1","0","0","0","0","1","0","0","1","0","1","0","0","1","1","1","0","1","1","0","1","1","1","1","1","1","0","0","0","0","0","0","0","0","0","0","0","0","0","0","1","0","0","1","1","0","0","1","0","0","1","0","0","0","1","0","0","1","1","0","0","0","0","0","0","0","0","0","0","0","0","0","0","0","0","0","0","0","0","0","0","0","0","0","0","0","0","0","1","202107","202204","2054"
"0186066","530010","70770505","24165296000169","3","1","00000000000000","","","","0005","","0","E","","","04","","03","22","04","","99","","","","","","","","CERTIFICADO DE LICENCIAME","","1","","","","","","1","0","0","0","0","0","1","0","0","0","0","0","0","0",0,0,0,"0",0,0,0,0,0,0,0,0,0,0,0,0,0,0,"0",0,0,0,0,0,0,0,0,0,0,1,0,0,0,0,0,"1",0,0,0,"0",0,0,0,0,"0",0,0,0,0,0,0,0,0,0,0,0,0,0,0,0,"0","0","0","0","0","0","0","0","0","0","0","0","0","0","0","0","0","0","0","0","0","0","0","0","0","0","0","0","1","1","0","0","0","0","0","0","0","0","0","0","0","0","0","0","0","0","0","0","0","0","0","1","0","0","1","1","1","0","0","0","0","0","0","0","0","0","0","0","0","0","0","0","0","0","0","0","0","0","0","0","0","0","0","0","0","0","0","0","0","0","0","0","1","202006","202204","2305"
"0186619","530010","71953000","28732903001158","3","1","00000000000000","","","","","","0","E","","","04","","","36","03","","99","","","","","","","","534355030801","20211123","1","","","","","","0","0","1","0","0","0","1","0","0","0","0","0","0","0",0,0,0,"0",0,0,0,0,0,0,0,0,0,0,0,0,0,0,"0",1,0,0,0,0,0,0,0,0,0,0,0,0,0,0,0,"1",0,0,0,"0",0,0,0,0,"0",0,0,0,0,0,0,0,0,0,0,0,0,0,0,0,"0","0","1","0","0","0","0","0","0","0","0","0","0","0","0","0","0","0","0","1","0","0","0","0","1","1","0","0","1","1","0","0","0","0","0","0","0","0","0","0","0","0","0","0","0","0","0","0","0","0","0","1","0","0","0","1","0","0","0","0","0","0","0","0","0","0","0","0","0","0","0","0","0","0","0","0","0","0","0","0","0","0","0","0","0","0","0","0","0","0","0","0","1","202203","202204","2062"
"0186694","530010","72010010","16649488000112","3","1","00000000000000","","","","","","0","E","","","04","","03","22","03","","99","","","","","","","","113.00200.5700","20190121","2","","","","","","0","0","1","0","0","0","1","0","0","0","0","0","0","0",0,0,0,"0",0,0,0,0,0,0,0,0,0,0,0,0,0,0,"0",0,0,0,0,0,0,0,0,1,0,0,0,0,0,0,0,"1",0,0,0,"0",0,0,0,0,"0",0,0,0,0,0,0,0,0,0,0,0,0,0,0,0,"0","0","1","0","0","0","0","0","1","0","0","0","0","0","0","0","0","0","0","1","0","0","0","0","1","1","0","0","1","1","0","0","0","0","0","0","0","0","0","0","0","0","0","0","0","0","0","0","0","0","0","1","0","0","1","1","0","0","0","0","0","0","0","0","0","0","0","0","0","0","0","0","0","0","0","0","0","0","0","0","0","0","0","0","0","0","0","0","0","0","0","0","1","202006","202204","2062"
"0189103","530010","72220185","34705224000200","3","1","00000000000000","","","","","","0","E","","","04","","01","36","03","","99","","","","","","","","RLE","20200609","2","","","","","","0","0","1","0","0","0","1","0","0","0","0","0","0","0",0,0,0,"0",0,0,0,0,0,0,0,0,0,0,0,0,0,0,"0",0,1,0,0,0,0,0,0,0,0,0,0,0,0,0,0,"1",0,0,0,"0",0,0,0,0,"0",0,0,0,0,0,0,0,0,0,0,0,0,0,0,0,"0","0","1","0","0","0","0","0","0","0","0","0","0","0","0","0","0","0","0","0","0","0","0","0","1","0","0","0","1","1","0","0","0","0","0","0","0","0","0","0","0","0","0","0","0","0","0","0","0","0","0","1","0","0","0","0","0","0","0","0","0","0","0","0","0","0","0","0","0","0","0","0","0","0","0","0","0","0","0","0","0","0","0","0","0","0","0","0","0","0","0","0","1","202006","202204","2062"
"0189189","530010","71907720","05628997000142","3","1","00000000000000","","","","9901","","0","E","","","04","","01","04","01","","99","","","","","","","","53201192849","20200415","1","","","","","","0","0","1","0","0","0","1","0","0","0","0","0","0","0",0,0,0,"0",0,0,0,0,0,0,0,0,0,0,0,0,0,0,"0",0,0,0,1,0,0,0,0,0,0,0,0,0,0,0,0,"1",0,0,0,"0",0,0,0,0,"0",0,0,0,0,0,0,0,0,0,0,0,0,0,0,0,"0","0","1","0","0","0","0","0","0","0","0","0","0","0","0","0","0","0","0","0","0","0","0","0","1","0","0","0","1","1","0","0","0","0","0","0","0","0","0","0","0","0","0","0","0","0","0","0","0","0","0","1","0","0","0","0","0","0","0","0","0","0","0","0","0","0","0","0","0","0","0","0","0","0","0","0","0","0","0","0","0","0","0","0","0","0","0","0","0","0","0","0","1","202104","202204","2062"
"0190292","530010","70301000","28993671000110","3","1","00000000000000","","","","","","0","E","","","04","","03","36","03","","99","","","","","","","","969-23183/50","20191002","2","","","","","","0","0","1","0","0","0","1","0","0","0","0","0","0","0",0,0,0,"0",0,0,0,0,0,0,0,0,0,0,0,0,0,0,"0",0,0,0,0,0,0,0,0,2,0,0,0,0,0,0,0,"1",0,0,0,"0",0,0,0,0,"0",0,0,0,0,0,0,0,0,0,0,0,0,0,0,0,"0","0","1","0","0","0","0","0","1","0","0","0","0","0","0","0","0","0","0","1","0","0","0","0","1","1","0","0","1","1","0","0","0","0","0","0","0","0","0","0","0","0","0","0","0","0","0","0","0","0","0","1","0","0","1","1","0","0","0","0","0","0","0","0","0","0","0","0","0","0","0","0","0","0","0","0","0","0","0","0","0","0","0","0","0","0","0","0","0","0","0","0","1","202006","202204","2062"
"0191566","530010","71926000","36634744000105","3","1","00000000000000","","","","9901","","0","E","","","04","","01","22","03","","99","","","","","","","","CERT. DE LICENCIAMENTO","20200327","1","","","","","","0","0","1","0","0","0","1","0","0","0","0","0","0","0",0,0,0,"0",0,0,0,0,0,0,0,0,0,0,0,0,0,0,"0",0,0,0,1,0,0,0,0,0,0,0,0,0,0,0,0,"1",0,0,0,"0",0,0,0,0,"0",0,0,0,0,0,0,0,0,0,0,0,0,0,0,0,"0","0","0","0","1","0","0","0","0","0","0","0","0","0","0","0","0","0","0","0","0","0","0","0","1","0","0","0","1","1","0","0","0","0","0","0","0","0","0","0","0","0","0","0","0","0","0","0","0","0","0","1","0","0","0","1","0","0","0","0","0","0","0","0","0","0","0","0","0","0","0","0","0","0","0","0","0","0","0","0","0","0","0","0","0","0","0","0","0","0","0","0","1","202006","202204","2062"
"0192481","530010","70686600","23577483000197","3","1","00000000000000","","","","0010","","0","E","","","04","","01","22","03","","99","","","","","","","","23696","20200601","","","","","","","0","0","1","0","0","0","1","0","0","0","0","0","0","0",0,0,0,"0",0,0,0,0,0,0,0,0,0,0,0,0,0,0,"0",0,0,0,1,0,0,0,0,0,0,0,0,0,0,0,0,"1",0,0,0,"0",0,0,0,0,"0",0,0,0,0,0,0,0,0,0,0,0,0,0,0,0,"0","0","1","0","0","0","0","0","0","0","0","0","0","0","0","0","0","0","0","0","0","0","0","0","1","0","0","0","1","1","0","0","0","0","0","0","0","0","0","0","0","0","0","0","0","0","0","0","0","0","0","0","0","0","0","1","0","0","0","0","0","0","0","0","0","0","0","0","0","0","0","0","0","0","0","0","0","0","0","0","0","0","0","0","0","0","0","0","0","0","0","0","1","202006","202204","2135"
"0192740","530010","70632300","36751663000195","3","1","00000000000000","","","","","","0","E","","","04","","01","22","03","","99","","","","","","","","","","","","","","","","0","0","1","0","0","0","1","0","0","0","0","0","0","0",0,0,0,"0",0,0,0,0,0,0,0,0,0,0,0,0,0,0,"0",0,0,0,1,0,0,0,0,0,0,0,0,0,0,0,0,"1",0,0,0,"0",0,0,0,0,"0",0,0,0,0,0,0,0,0,0,0,0,0,0,0,0,"0","0","1","0","0","0","0","0","0","0","0","0","0","0","0","0","0","0","0","0","0","0","0","0","1","0","0","0","1","1","0","0","0","0","0","0","0","0","0","0","0","0","0","0","0","0","0","0","0","0","0","0","0","0","0","1","0","0","0","0","0","0","0","0","0","0","0","0","0","0","0","0","0","0","0","0","0","0","0","0","0","0","0","0","0","0","0","0","0","0","0","0","1","202006","202204","2062"
"0193364","530010","72139900","27067525000109","3","1","00000000000000","","","","","","0","E","","","04","","03","22","03","","99","","","","","","","","ODO.00195-15","20190826","1","","","","","","0","0","1","0","0","0","1","0","0","0","0","0","0","0",0,0,0,"0",0,0,0,0,0,0,0,0,0,0,0,0,0,0,"0",0,0,0,0,0,0,0,0,1,0,0,0,0,0,0,0,"1",0,0,0,"0",0,0,0,0,"0",0,0,0,0,0,0,0,0,0,0,0,0,0,0,0,"0","0","1","0","0","0","0","0","1","0","0","0","0","0","0","0","0","0","0","0","0","0","0","0","1","1","1","1","1","1","0","0","0","0","0","0","0","0","0","0","0","0","0","0","0","0","0","0","0","0","0","1","0","0","0","1","0","0","0","0","0","0","0","0","0","0","0","0","0","0","0","0","0","0","0","0","0","0","0","0","0","0","0","0","0","0","0","0","0","0","0","0","1","202006","202204","2062"
"0193372","530010","71215650","36963751000150","3","1","00000000000000","","","","","","0","E","","","04","","01","22","04","","99","","","","","","","","","","","","","","","","0","0","1","0","0","0","1","0","0","0","0","0","0","0",0,0,0,"0",0,0,0,0,0,0,0,0,0,0,0,0,0,0,"0",0,1,0,0,0,0,0,0,0,0,0,0,0,0,0,0,"1",0,0,0,"0",0,0,0,0,"0",0,0,0,0,0,0,0,0,0,0,0,0,0,0,0,"0","0","1","0","0","0","0","0","0","0","0","0","0","0","0","0","0","0","0","0","0","0","0","0","1","0","0","0","1","1","0","0","0","0","0","0","0","0","0","0","0","0","0","0","0","0","0","0","0","0","0","0","0","0","0","1","0","0","0","0","0","0","0","0","0","0","0","0","0","0","0","0","0","0","0","0","0","0","0","0","0","0","0","0","0","0","0","0","0","0","0","0","1","202006","202204","2062"
"0197262","530010","70386010","31572253000163","3","1","00000000000000","","","","0010","","0","E","","","04","","03","36","04","","99","","","","","","","","","20200616","1","","","","","","0","0","1","0","0","0","1","0","0","0","0","0","0","0",0,0,0,"0",0,0,0,0,0,0,0,0,0,0,0,0,0,0,"0",0,3,0,0,0,0,0,0,0,0,0,0,0,0,0,0,"1",0,0,0,"0",0,0,0,0,"0",0,0,0,0,0,0,0,0,0,0,0,0,0,0,0,"0","0","1","0","0","0","0","0","0","0","0","0","0","0","0","0","0","0","0","0","0","0","0","0","1","0","0","0","1","1","0","0","0","0","0","0","0","0","0","0","0","0","0","0","0","0","0","0","0","0","0","1","0","0","0","0","0","0","0","0","0","0","0","0","0","0","0","0","0","0","0","0","0","0","0","0","0","0","0","0","0","0","0","0","0","0","0","0","0","0","0","0","1","202103","202204","2062"
"0198110","530010","70712010","73887424002480","3","1","00000000000000","","","","","","0","E","","","04","","03","36","06","","99","","","","","","","","35365150186200001210","20211112","2","","","","","","0","0","1","0","0","0","1","0","0","0","0","0","0","0",0,0,0,"0",0,0,0,0,0,0,0,0,0,0,0,0,0,0,"0",2,2,0,0,0,0,0,0,0,0,0,0,0,0,0,0,"1",0,0,0,"0",0,0,0,0,"0",0,0,0,0,0,0,0,0,0,0,0,0,0,0,0,"0","0","1","0","0","0","0","0","0","0","0","0","0","0","0","0","0","0","0","0","1","0","0","0","1","1","0","0","1","1","0","0","0","0","0","0","0","0","0","0","0","0","0","0","0","0","0","0","0","0","0","1","0","0","0","1","0","0","0","0","0","0","0","0","0","0","0","0","0","0","0","0","0","0","0","0","0","0","0","0","0","0","0","0","0","0","0","0","0","0","0","0","1","202201","202204","2062"
"0198749","530010","72308527","37180909000189","3","1","00000000000000","","","","0140","","0","E","","","04","","01","22","04","","99","","","","","","","","CERT. DE LICENCIAMENTO","20200515","1","","","","","","0","0","1","0","0","0","1","0","0","0","0","0","0","0",0,0,0,"0",0,0,0,0,0,0,0,0,0,0,0,0,0,0,"0",0,0,0,1,0,0,0,0,0,0,0,0,0,0,0,0,"1",0,0,0,"0",0,0,0,0,"0",0,0,0,0,0,0,0,0,0,0,0,0,0,0,0,"0","0","1","0","0","0","0","0","0","0","0","0","0","0","0","0","0","0","0","0","0","0","0","0","1","0","0","0","1","1","0","0","0","0","0","0","0","0","0","0","0","0","0","0","0","0","0","0","0","0","0","1","0","0","0","0","0","0","0","0","0","0","0","0","0","0","0","0","0","0","0","0","0","0","0","0","0","0","0","0","0","0","0","0","0","0","0","0","0","0","0","0","1","202204","202204","2062"
"0198803","530010","72025110","38024717000227","3","1","00000000000000","","","","","","0","E","","","04","","01","36","04","","99","","","","","","","","RLE -53900405914","20200609","1","","","","","","0","0","1","0","0","0","1","0","0","0","0","0","0","0",0,0,0,"0",0,0,0,0,0,0,0,0,0,0,0,0,0,0,"0",0,1,0,0,0,0,0,0,0,0,0,0,0,0,0,0,"1",0,0,0,"0",0,0,0,0,"0",0,0,0,0,0,0,0,0,0,0,0,0,0,0,0,"0","0","0","1","0","0","0","0","0","0","0","0","0","0","0","0","0","0","0","0","0","0","0","0","1","1","1","0","1","1","0","0","0","0","0","0","0","0","0","0","0","0","0","0","0","0","0","0","0","0","0","1","0","0","0","1","0","0","0","0","0","0","0","0","0","0","0","0","0","0","0","0","0","0","0","0","0","0","0","0","0","0","0","0","0","0","0","0","0","0","0","0","1","202101","202204","2062"
"0200131","530010","71215650","37263752000155","3","1","00000000000000","","","","","","0","E","","","04","","","22","03","","99","","","","","","","","53202319532","20200529","1","","","","","","0","0","1","0","0","0","1","0","0","0","0","0","0","0",0,0,0,"0",0,0,0,0,0,0,0,0,0,0,0,0,0,0,"0",0,0,0,0,0,0,0,0,1,0,0,0,0,0,0,0,"1",0,0,0,"0",0,0,0,0,"0",0,0,0,0,0,0,0,0,0,0,0,0,0,0,0,"0","0","0","0","0","0","0","0","0","0","0","0","0","0","0","0","0","0","0","0","0","0","0","0","0","0","0","0","1","1","0","0","0","0","0","0","0","0","0","0","0","0","0","0","0","0","0","0","0","0","0","1","0","0","0","0","0","0","0","0","0","0","0","0","0","0","0","0","0","0","0","0","0","0","0","0","0","0","0","0","0","0","0","0","0","0","0","0","0","0","0","0","1","202006","202204","2062"
"0200468","530010","71060270","36209410000194","3","1","00000000000000","","","","","","0","E","","","04","","03","22","01","","99","","","","","","","","RLE","20200131","1","","","","","","0","0","1","0","0","0","1","0","0","0","0","0","0","0",0,0,0,"0",0,0,0,0,0,0,0,0,0,0,0,0,0,0,"0",0,0,0,0,0,0,0,0,2,0,0,0,0,0,0,0,"1",0,0,0,"0",0,0,0,0,"0",0,0,0,0,0,0,0,0,0,0,0,0,0,0,0,"0","0","0","0","0","0","0","0","0","0","0","0","0","0","0","0","0","0","0","0","0","0","0","0","0","1","1","0","1","1","0","0","0","0","0","0","0","0","0","0","0","0","0","0","0","0","0","0","0","0","0","1","0","0","1","1","0","0","0","0","0","0","0","0","0","0","0","0","0","0","0","0","0","0","0","0","0","0","0","0","0","0","0","0","0","0","0","0","0","0","0","0","1","202006","202204","2305"
"0200646","530010","72015180","00008835206642","1","1","00000000000000","","","","0180","","0","E","","","04","","01","22","03","","99","","","","","","","","","20200409","1","","","","","","0","0","1","0","0","0","1","0","0","0","0","0","0","0",0,0,0,"0",0,0,0,0,0,0,0,0,0,0,0,0,0,0,"0",0,1,0,0,0,0,0,0,0,0,0,0,0,0,0,0,"1",0,0,0,"0",0,0,0,0,"0",0,0,0,0,0,0,0,0,0,0,0,0,0,0,0,"0","0","1","0","0","0","0","0","0","0","0","0","0","0","0","0","0","0","0","0","0","0","0","0","1","0","0","0","1","1","0","0","0","0","0","0","0","0","0","0","0","0","0","0","0","0","0","0","0","0","0","0","0","0","0","1","0","0","0","0","0","0","0","0","0","0","0","0","0","0","0","0","0","0","0","0","0","0","0","0","0","0","0","0","0","0","0","0","0","0","0","0","1","202006","202204","4000"
"0204420","530010","72210502","34046911000171","3","1","00000000000000","","","","","","0","E","","","04","","01","22","03","","99","","","","","","","","4546","20200101","1","","","","","","0","0","1","0","0","0","1","0","0","0","0","0","0","0",0,0,0,"0",0,0,0,0,0,0,0,0,0,0,0,0,0,0,"0",0,1,0,0,0,0,0,0,0,0,0,0,0,0,0,0,"1",0,0,0,"0",0,0,0,0,"0",0,0,0,0,0,0,0,0,0,0,0,0,0,0,0,"0","0","1","0","0","0","0","0","0","0","0","0","0","0","0","0","0","0","0","0","0","0","0","0","1","0","0","0","1","1","0","0","0","0","0","0","1","0","0","0","0","0","1","0","0","0","0","0","0","0","0","1","0","0","0","0","0","0","0","0","0","0","0","0","0","0","0","0","0","0","0","0","0","0","0","0","0","0","0","0","0","0","0","0","0","0","0","0","0","0","0","0","1","202006","202204","2062"
"0205222","530010","70770905","34209463000180","3","1","00000000000000","","","","0005","","0","E","","","04","","03","36","03","","99","","","","","","","","EAS - 000645-02","20200601","1","","","","","","0","0","1","0","0","0","1","0","0","0","0","0","0","0",0,0,0,"0",0,0,0,0,0,0,0,0,0,0,0,0,0,0,"0",0,1,0,0,0,0,0,0,0,0,0,0,0,0,0,0,"1",0,0,0,"0",0,0,0,0,"0",0,0,0,0,0,0,0,0,0,0,0,0,0,0,0,"0","0","1","0","0","0","0","0","0","0","0","0","0","0","0","0","0","0","0","0","0","0","0","0","1","1","0","0","1","1","0","0","0","0","0","0","0","0","0","0","0","0","0","0","0","0","0","0","0","0","0","1","0","0","0","1","0","0","0","0","0","0","0","0","0","0","0","0","0","0","0","0","0","0","0","0","0","0","0","0","0","0","0","0","0","0","0","0","0","0","0","0","1","202006","202204","2062"
"0207225","530010","71691047","00000000000000","3","3","00394700000108","","07","","0160","","1","E","","","03","","01","02","03","","99","","","","","","","","","","","","","","","","1","0","1","0","0","0","1","0","0","0","0","0","0","0",0,0,0,"0",0,0,0,0,0,0,0,0,0,0,0,0,0,0,"0",1,0,0,2,0,0,0,0,0,0,1,1,0,0,1,0,"1",0,0,0,"0",0,0,0,0,"0",0,0,0,0,0,0,0,0,0,0,0,0,0,0,0,"0","0","1","0","0","0","1","0","1","0","0","1","0","0","0","0","0","0","0","0","0","0","0","0","1","1","0","0","1","1","0","0","0","0","0","0","0","0","0","0","0","0","0","0","0","0","0","0","0","0","1","0","0","0","0","0","0","0","0","0","0","0","0","0","0","0","0","0","0","0","0","0","0","0","0","0","0","0","1","0","0","0","0","0","0","0","0","0","0","0","0","0","1","202203","202204","1023"
"0209716","530010","70670432","37263509000137","3","1","00000000000000","","","","","61","0","E","","","04","","02","22","03","","99","","","","","","","","EAS.00117-07/2021","20210715","1","","","","","","0","0","1","0","0","0","1","0","0","0","0","0","0","0",0,0,0,"0",0,0,0,0,0,0,0,0,0,0,0,0,0,0,"0",0,1,0,0,0,0,0,0,0,0,0,0,0,0,0,0,"1",0,0,0,"0",0,0,0,0,"0",0,0,0,0,0,0,0,0,0,0,0,0,0,0,0,"0","0","1","1","0","0","0","0","0","0","0","0","0","0","0","0","0","0","0","0","0","0","0","0","1","0","0","0","1","1","0","0","0","0","0","0","0","0","0","0","0","0","0","0","0","0","0","0","0","0","0","1","0","0","0","0","0","0","0","0","0","0","0","0","0","0","0","0","0","0","0","0","0","0","0","0","0","0","0","0","0","0","0","0","0","0","0","0","0","0","0","0","1","202204","202204","2062"
"0209740","530010","72410610","37089594000169","3","1","00000000000000","","","","0060","","0","E","","","04","","01","36","03","","99","","","","","","","","","20200508","1","","","","","","0","0","1","0","0","0","1","0","0","0","0","0","0","0",0,0,0,"0",0,0,0,0,0,0,0,0,0,0,0,0,0,0,"0",0,1,0,0,0,0,0,0,0,0,0,0,0,0,0,0,"1",0,0,0,"0",0,0,0,0,"0",0,0,0,0,0,0,0,0,0,0,0,0,0,0,0,"0","0","1","0","0","0","0","0","0","0","0","0","0","0","0","0","0","0","0","0","0","0","0","0","1","0","0","0","1","1","0","0","0","0","0","0","0","0","0","0","0","0","0","0","0","0","0","0","0","0","0","1","0","0","1","1","0","0","0","0","0","0","0","0","0","0","0","0","0","0","0","0","0","0","0","0","0","0","0","0","0","0","0","0","0","0","0","0","0","0","0","0","1","202006","202204","2062"
"0209767","530010","71917000","34867817000183","3","1","00000000000000","","","","9901","","0","E","","","04","","03","22","04","","99","","","","","","","","LICENCA DE FUNCIONAMENTO","20190906","1","","","","","","0","0","1","0","0","0","1","0","0","0","0","0","0","0",0,0,0,"0",0,0,0,0,0,0,0,0,0,0,0,0,0,0,"0",0,0,0,2,0,0,0,0,0,0,0,0,0,0,0,0,"1",0,0,0,"0",0,0,0,0,"0",0,0,0,0,0,0,0,0,0,0,0,0,0,0,0,"0","0","1","0","0","0","0","0","0","0","1","0","0","0","0","0","0","0","0","0","0","0","0","0","1","0","0","0","1","1","0","0","0","0","0","0","0","0","0","0","0","0","0","0","0","0","0","0","0","0","0","1","0","0","0","0","0","0","0","0","0","0","0","0","0","0","0","0","0","0","0","0","0","0","0","0","0","0","0","0","0","0","0","0","0","0","0","0","0","0","0","0","1","202006","202204","2062"
"0211435","530010","72420280","36993006000154","3","1","00000000000000","","","","0060","","0","E","","","04","","01","36","04","","99","","","","","","","","RLE DIGITLA","20200424","1","","","","","","0","0","1","0","0","0","1","0","0","0","0","0","0","0",0,0,0,"0",0,0,0,0,0,0,0,0,0,0,0,0,0,0,"0",0,1,0,0,0,0,0,0,0,0,0,0,0,0,0,0,"1",0,0,0,"0",0,0,0,0,"0",0,0,0,0,0,0,0,0,0,0,0,0,0,0,0,"0","0","1","0","0","0","0","0","0","0","0","0","0","0","0","0","0","0","0","0","0","0","0","0","1","0","0","0","1","1","0","0","0","0","0","0","0","0","0","0","0","0","0","0","0","0","0","0","0","0","0","1","0","0","1","1","0","0","0","0","0","0","0","0","0","0","0","0","0","0","0","0","0","0","0","0","0","0","0","0","0","0","0","0","0","0","0","0","0","0","0","0","1","202007","202204","2062"
"0213500","530010","72210502","27169471000184","3","1","00000000000000","","","","","","0","E","","","04","","03","36","03","","99","","","","","","","","ODO 00460","20190601","1","","","","","","0","0","1","0","0","0","1","0","0","0","0","0","0","0",0,0,0,"0",0,0,0,0,0,0,0,0,0,0,0,0,0,0,"0",0,0,0,0,0,0,0,0,1,0,0,0,0,0,0,0,"1",0,0,0,"0",0,0,0,0,"0",0,0,0,0,0,0,0,0,0,0,0,0,0,0,0,"0","0","1","0","0","0","0","0","1","0","0","0","0","0","0","0","0","0","0","1","0","0","0","0","1","1","0","0","1","1","0","0","0","0","0","0","0","0","0","0","0","0","0","0","0","0","0","0","0","0","0","1","0","0","0","1","0","0","0","0","0","0","0","0","0","0","0","0","0","0","0","0","0","0","0","0","0","0","0","0","0","0","0","0","0","0","0","0","0","0","0","0","1","202007","202204","2135"
"0215376","530010","70673622","08258737000463","3","1","00000000000000","","","","","","0","E","","","04","","01","36","03","","99","","","","","","","","53900406490","20200623","1","","","","","","0","0","1","0","0","0","1","0","0","0","0","0","0","0",0,0,0,"0",0,0,0,0,0,0,0,0,0,0,0,0,0,0,"0",0,0,0,1,0,0,0,0,0,0,0,0,0,0,0,0,"1",0,0,0,"0",0,0,0,0,"0",0,0,0,0,0,0,0,0,0,0,0,0,0,0,0,"0","0","1","0","0","0","0","0","0","0","0","0","0","0","0","0","0","0","0","0","0","0","0","0","1","0","0","0","1","1","0","0","0","0","0","0","0","0","0","0","0","0","0","0","0","0","0","0","0","0","0","1","0","0","0","1","0","0","0","0","0","0","0","0","0","0","0","0","0","0","0","0","0","0","0","0","0","0","0","0","0","0","0","0","0","0","0","0","0","0","0","0","1","202007","202204","2062"
"0218235","530010","70200700","34069147000150","3","1","00000000000000","","","","","","0","E","","","04","","03","04","03","","99","","","","","","","","20800/2020","20200618","1","","","","","","0","0","1","0","0","0","1","0","0","0","0","0","0","0",0,0,0,"0",0,0,0,0,0,0,0,0,0,0,0,0,0,0,"0",1,1,0,0,0,0,0,0,0,0,0,0,0,0,0,0,"1",0,0,0,"0",0,0,0,0,"0",0,0,0,0,0,0,0,0,0,0,0,0,0,0,0,"0","0","1","0","0","0","0","0","0","0","0","0","0","0","0","0","0","0","0","0","0","0","0","0","1","1","0","0","1","1","0","0","0","0","0","0","0","0","0","0","0","0","0","0","0","0","0","0","0","0","0","0","0","0","0","1","0","0","0","0","0","0","0","0","0","0","0","0","0","0","0","0","0","0","0","0","0","0","0","0","0","0","0","0","0","0","0","0","0","0","0","0","1","202007","202204","2240"
"0219266","530010","70774520","36138740000136","3","1","00000000000000","","","","0005","","0","E","","","04","","03","77","06","","99","","","","","","","","","","","","","","","","0","0","1","0","0","0","1","0","0","0","0","0","0","0",0,0,0,"0",0,0,0,0,0,0,0,0,0,0,0,0,0,0,"1",0,0,0,0,0,0,0,0,0,0,1,0,0,0,0,0,"1",0,0,0,"0",0,0,0,0,"0",0,1,0,0,0,0,0,0,0,0,0,0,0,0,0,"0","0","0","1","0","0","1","0","0","0","0","0","0","0","0","0","0","0","0","0","0","0","0","0","1","1","0","0","1","1","0","0","0","0","0","0","0","0","0","0","0","0","0","0","0","0","0","0","0","0","0","1","0","0","1","1","0","0","0","0","0","0","0","0","0","0","0","0","0","0","0","0","0","0","0","0","0","0","0","0","0","0","0","0","0","0","0","0","0","0","0","0","1","202007","202204","2135"
"0219274","530010","70390095","00718528014908","3","1","00000000000000","","","","0015","","0","E","","","04","","01","39","03","","99","","","","","","","","LAB 05685-01","20210821","1","","","","","","0","0","1","0","0","0","1","0","0","0","0","0","0","0",0,0,0,"0",0,0,0,0,0,0,0,0,0,0,0,0,0,0,"0",0,0,0,0,0,0,0,0,0,0,0,0,0,0,0,0,"0",0,0,0,"0",0,0,0,0,"0",0,0,0,0,0,0,0,0,0,0,0,0,0,0,0,"0","0","1","0","0","0","0","0","0","0","0","0","0","0","0","0","0","0","0","0","0","0","0","0","1","1","0","0","1","1","0","0","0","0","0","0","0","0","0","0","0","0","0","0","0","0","0","0","0","0","0","0","0","0","0","0","0","0","1","0","0","1","1","0","0","0","0","0","0","0","0","0","0","0","0","0","0","0","0","0","0","0","0","0","0","0","0","0","0","0","0","0","1","202110","202204","2054"
"0219363","530010","72006555","28340324000198","3","1","00000000000000","","","","9934","","0","E","","","04","","03","22","03","","99","","","","","","","","LICENCA DE FUNCIONAMENTO","20200414","1","","","","","","0","0","1","0","0","0","1","0","0","0","0","0","0","0",0,0,0,"0",0,0,0,0,0,0,0,0,0,0,0,0,0,0,"0",0,0,0,0,0,0,0,0,1,0,0,0,0,0,0,0,"1",0,0,0,"0",0,0,0,0,"0",0,0,0,0,0,0,0,0,0,0,0,0,0,0,0,"0","0","1","0","0","0","0","0","0","0","0","0","0","0","0","0","0","0","0","0","0","0","0","0","1","1","0","0","1","1","0","0","0","0","0","0","0","0","0","0","0","0","0","0","0","0","0","0","0","0","0","1","0","0","0","0","0","0","0","0","0","0","0","0","0","0","0","0","0","0","0","0","0","0","0","0","0","0","0","0","0","0","0","0","0","0","0","0","0","0","0","0","1","202007","202204","2135"
"0219495","530010","70393900","32252620000104","3","1","00000000000000","","","","0015","","0","E","","","04","","01","36","03","","99","","","","","","","","RLE DIGITAL","20200520","1","","","","","","0","0","1","0","0","0","1","0","0","0","0","0","0","0",0,0,0,"0",0,0,0,0,0,0,0,0,0,0,0,0,0,0,"0",2,0,0,0,0,0,0,0,0,0,0,0,0,0,0,0,"1",0,0,0,"0",0,0,0,0,"0",0,0,0,0,0,0,0,0,0,0,0,0,0,0,0,"0","0","1","0","0","0","0","0","0","0","0","0","0","0","0","0","0","0","0","0","0","0","0","0","1","1","0","0","1","1","0","0","0","0","0","0","0","0","0","0","0","0","0","0","0","0","0","0","0","0","0","1","0","0","0","0","0","0","0","0","0","0","0","0","0","0","0","0","0","0","0","0","0","0","0","0","0","0","0","0","0","0","0","0","0","0","0","0","0","0","0","0","1","202007","202204","2062"
"0219509","530010","70340000","36704885000157","3","1","00000000000000","","","","0015","","0","E","","","04","","01","36","04","","99","","","","","","","","RLE DIGITAL","20200603","1","","","","","","0","0","1","0","0","0","1","0","0","0","0","0","0","0",0,0,0,"0",0,0,0,0,0,0,0,0,0,0,0,0,0,0,"0",0,0,0,2,0,0,0,0,0,0,0,0,0,0,0,0,"1",0,0,0,"0",0,0,0,0,"0",0,0,0,0,0,0,0,0,0,0,0,0,0,0,0,"0","0","1","0","0","0","0","0","0","0","0","0","0","0","0","0","0","0","0","0","0","0","0","0","1","0","0","0","1","1","0","0","0","0","0","0","0","0","0","0","0","0","0","0","0","0","0","0","0","0","0","1","0","0","0","1","0","0","0","0","0","0","0","0","0","0","0","0","0","0","0","0","0","0","0","0","0","0","0","0","0","0","0","0","0","0","0","0","0","0","0","0","1","202007","202204","2062"
"0219541","530010","70200730","35001570000180","3","1","00000000000000","","","","","","0","E","","","04","","03","36","03","","99","","","","","","","","LICENCA SANITARIA RLE","20201109","1","","","","","","0","0","1","0","0","0","1","0","0","0","0","0","0","0",0,0,0,"0",0,0,0,0,0,0,0,0,0,0,0,0,0,0,"0",0,2,0,0,0,0,0,0,0,0,0,0,0,0,0,0,"1",0,0,0,"0",0,0,0,0,"0",0,0,0,0,0,0,0,0,0,0,0,0,0,0,0,"0","0","1","0","0","0","0","0","0","0","0","0","0","0","0","0","0","0","0","0","0","0","0","0","1","1","0","0","1","1","0","0","0","0","0","0","1","0","0","0","0","0","1","0","0","0","0","0","0","0","0","1","0","0","0","1","0","0","0","0","0","0","0","0","0","0","0","0","0","0","0","0","0","0","0","0","0","0","0","0","0","0","0","0","0","0","0","0","0","0","0","0","1","202103","202204","2062"
"0219606","530010","73006040","33668008000180","3","1","00000000000000","","","","","","0","E","","","04","","03","04","03","","99","","","","","","","","EAS-01214-09","20200514","1","","","","","","0","0","1","0","0","0","1","0","0","0","0","0","0","0",0,0,0,"0",0,0,0,0,0,0,0,0,0,0,0,0,0,0,"0",4,7,0,2,0,0,0,0,0,0,0,0,0,0,0,0,"1",0,0,0,"0",0,0,0,0,"0",0,0,0,0,0,0,0,0,0,0,0,0,0,0,0,"0","0","1","0","0","0","0","0","0","0","0","0","0","0","0","0","0","0","0","0","0","0","0","0","1","1","0","0","1","1","0","0","0","0","0","0","0","0","0","0","0","0","0","0","0","0","0","0","0","0","0","1","0","0","0","1","0","0","0","0","0","0","0","0","0","0","0","0","0","0","0","0","0","0","0","0","0","0","0","0","0","0","0","0","0","0","0","0","0","0","0","0","1","202007","202204","2062"
"0219843","530010","70670431","26107638000110","3","1","00000000000000","","","","","","0","E","","","04","","01","36","03","","99","","","","","","","","EAS.00058-07","20210521","1","","","","","","0","0","1","0","0","0","1","0","0","0","0","0","0","0",0,0,0,"0",0,0,0,0,0,0,0,0,0,0,0,0,0,0,"0",0,1,0,0,0,0,0,0,0,0,0,0,0,0,0,0,"1",0,0,0,"0",0,0,0,0,"0",0,0,0,0,0,0,0,0,0,0,0,0,0,0,0,"0","0","1","0","0","0","0","0","0","0","0","0","0","0","0","0","0","0","0","0","0","0","0","0","1","0","0","0","1","1","0","0","0","0","0","0","0","0","0","0","0","0","0","0","0","0","0","0","0","0","0","1","0","0","0","0","0","0","0","0","0","0","0","0","0","0","0","0","0","0","0","0","0","0","0","0","0","0","0","0","0","0","0","0","0","0","0","0","0","0","0","0","1","202111","202204","2305"
"0221988","530010","72125250","26070874000109","3","1","00000000000000","","","","","","0","E","","","04","","01","22","04","","99","","","","","","","","CERTI LICENCIAMENTO","20200428","1","","","","","","0","0","1","0","0","0","1","0","0","0","0","0","0","0",0,0,0,"0",0,0,0,0,0,0,0,0,0,0,0,0,0,0,"0",0,0,0,0,0,0,0,0,1,0,0,0,0,0,0,0,"1",0,0,0,"0",0,0,0,0,"0",0,0,0,0,0,0,0,0,0,0,0,0,0,0,0,"0","0","0","0","0","0","0","0","0","0","0","0","0","0","0","0","0","0","0","0","0","0","0","0","0","0","0","0","1","1","0","0","0","0","0","0","0","0","0","0","0","0","0","0","0","0","0","0","0","0","0","1","0","0","1","1","0","0","0","0","0","0","0","0","0","0","0","0","0","0","0","0","0","0","0","0","0","0","0","0","0","0","0","0","0","0","0","0","0","0","0","0","1","202007","202204","2062"
"0222003","530010","72215565","35172879000133","3","1","00000000000000","","","","","","0","E","","","04","","03","39","03","","99","","","","","","","","LICENCA DE FUNCIONAMENTO","20200821","1","","","","","","0","0","1","0","0","0","1","0","0","0","0","0","0","0",0,0,0,"0",0,0,0,0,0,0,0,0,0,0,0,0,0,0,"0",0,2,0,0,0,0,0,0,0,0,0,0,0,0,0,0,"1",0,0,0,"0",0,0,0,0,"0",0,0,0,0,0,0,0,0,0,0,0,0,0,0,0,"0","0","1","0","0","0","0","0","0","0","0","0","0","0","0","0","0","0","0","0","0","0","0","0","1","0","0","0","1","1","0","0","0","0","0","0","0","0","0","0","0","0","0","0","0","0","0","0","0","0","0","1","0","0","0","0","0","0","0","0","0","0","0","0","0","0","0","0","0","0","0","0","0","0","0","0","0","0","0","0","0","0","0","0","0","0","0","0","0","0","0","0","1","202008","202204","2062"
"0222216","530010","72015901","37355432000125","3","1","00000000000000","","","","0180","","0","E","","","04","","03","22","03","","99","","","","","","","","53202322401","20200619","1","","","","","","0","0","1","0","0","0","1","0","0","0","0","0","0","0",0,0,0,"0",0,0,0,0,0,0,0,0,2,0,0,0,0,0,"1",0,0,0,0,0,0,0,0,2,0,0,0,0,0,0,0,"1",0,0,0,"0",0,0,0,0,"0",0,0,0,0,0,0,0,0,0,0,0,0,0,0,0,"0","0","1","0","0","0","0","0","0","0","0","0","0","0","0","0","0","0","0","0","0","0","0","0","1","1","0","0","1","1","0","0","0","0","0","0","0","0","0","0","0","0","0","0","0","0","0","0","0","0","0","1","0","0","0","1","0","0","0","0","0","0","0","0","0","0","0","0","0","0","0","0","0","0","0","0","0","0","0","0","0","0","0","0","0","0","0","0","0","0","0","0","1","202007","202204","2062"
"0222526","530010","70200760","08220989000150","3","1","00000000000000","","","","","","0","E","","","04","","01","22","04","","99","","","","","","","","","20200428","1","","","","","","0","0","1","0","0","0","1","0","0","0","0","0","0","0",0,0,0,"0",0,0,0,0,0,0,0,0,0,0,0,0,0,0,"0",2,0,0,0,0,0,0,0,0,0,0,0,0,0,0,0,"1",0,0,0,"0",0,0,0,0,"0",0,0,0,0,0,0,0,0,0,0,0,0,0,0,0,"0","0","1","0","0","0","0","0","0","0","0","0","0","0","0","0","0","0","0","0","0","0","0","0","1","0","0","0","1","1","0","0","0","0","0","0","0","0","0","0","0","0","0","0","0","0","0","0","0","0","0","1","0","0","0","1","0","0","0","0","0","0","0","0","0","0","0","0","0","0","0","0","0","0","0","0","0","0","0","0","0","0","0","0","0","0","0","0","0","0","0","0","1","202007","202204","2062"
"0222771","530010","70390095","28036123000100","3","1","00000000000000","","","","9931","","0","E","","","04","","01","22","03","","99","","","","","","","","53600224515","20210514","1","","","","","","0","0","1","0","0","0","1","0","0","0","0","0","0","0",0,0,0,"0",0,0,0,0,0,0,0,0,0,0,0,0,0,0,"0",0,1,0,0,0,0,0,0,0,0,0,0,0,0,0,0,"1",0,0,0,"0",0,0,0,0,"0",0,0,0,0,0,0,0,0,0,0,0,0,0,0,0,"0","0","0","1","0","0","0","0","0","0","0","0","0","0","0","0","0","0","0","0","0","0","0","0","1","0","0","0","1","1","0","0","0","0","0","0","0","0","0","0","0","0","0","0","0","0","0","0","0","0","0","1","0","0","0","0","0","0","0","0","0","0","0","0","0","0","0","0","0","0","0","0","0","0","0","0","0","0","0","0","0","0","0","0","0","0","0","0","0","0","0","0","1","202105","202204","2305"
"0223441","530010","72460000","00025841000404","3","1","00000000000000","","","","0060","","0","E","","","04","","03","05","06","","99","001","10030","298263","","","","","EAS.00119-20/2021","20210609","1","","","","","","0","0","0","0","1","0","1","0","0","0","0","1","0","1",22,66,55,"1",1,0,0,0,1,1,0,2,0,0,1,1,1,12,"1",0,15,0,0,0,0,0,0,0,0,0,0,0,0,0,0,"1",9,1,0,"1",0,0,0,0,"0",6,1,0,21,0,0,0,0,0,0,11,0,0,0,0,"0","1","1","0","0","0","1","0","0","1","0","1","0","0","0","0","0","1","1","0","1","0","1","0","1","1","1","0","1","1","0","0","0","1","0","1","1","0","1","0","0","0","1","0","1","0","0","1","1","0","0","1","0","0","1","1","0","0","1","0","0","1","1","0","0","1","0","0","1","1","0","0","0","0","0","0","0","0","0","0","0","0","0","0","0","0","0","0","0","0","0","0","1","202203","202204","2054"
"0223565","530010","72622100","32841266000153","3","1","00000000000000","","","","0130","","0","E","","","04","","03","22","03","","99","","","","","","","","EAS2332","20191001","1","","","","","","0","0","1","0","0","0","1","0","0","0","0","0","0","0",0,0,0,"0",0,0,0,0,0,0,0,0,0,0,0,0,0,0,"0",0,0,0,0,0,0,0,0,3,0,0,0,0,0,0,0,"1",0,0,0,"0",0,0,0,0,"0",0,0,0,0,0,0,0,0,0,0,0,0,0,0,0,"0","0","1","0","0","0","0","0","1","0","0","0","0","0","0","0","0","0","0","0","0","0","0","0","1","1","0","0","1","1","0","0","0","0","0","0","0","0","0","0","0","0","0","0","0","0","0","0","0","0","0","0","0","0","0","0","0","0","1","0","0","0","1","0","0","0","0","0","0","0","0","0","0","0","0","0","0","0","0","0","0","0","0","0","0","0","0","0","0","0","0","0","1","202007","202204","2305"
"0223662","530010","70070938","36286782000114","3","1","00000000000000","","","","","","0","E","","","04","","","22","03","","99","","","","","","","","","","1","","","","","","0","0","1","0","0","0","1","0","0","0","0","0","0","0",0,0,0,"0",0,0,0,0,0,0,0,0,0,0,0,0,0,0,"0",0,0,0,1,0,0,0,0,0,0,0,0,0,0,0,0,"1",0,0,0,"0",0,0,0,0,"0",0,0,0,0,0,0,0,0,0,0,0,0,0,0,0,"0","0","0","0","0","0","0","0","0","0","0","0","0","0","0","0","0","0","0","0","0","0","0","0","0","0","0","0","1","1","0","0","0","0","0","0","0","0","0","0","0","0","0","0","0","0","0","0","0","0","0","1","0","0","0","0","0","0","0","0","0","0","0","0","0","0","0","0","0","0","0","0","0","0","0","0","0","0","0","0","0","0","0","0","0","0","0","0","0","0","0","0","1","202007","202204","2240"
"0223670","530010","72220025","37542847000108","3","1","00000000000000","","","","","","0","E","","","04","","03","36","03","","99","","","","","","","","RLE","20220311","1","","","","","","0","0","1","0","0","0","1","0","0","0","0","0","0","0",0,0,0,"0",0,0,0,0,0,0,0,0,0,0,0,0,0,0,"0",0,0,0,0,0,0,0,0,2,0,0,0,0,0,0,0,"1",0,0,0,"0",0,0,0,0,"0",0,0,0,0,0,0,0,0,0,0,0,0,0,0,0,"0","0","1","0","0","0","0","0","1","0","0","0","0","0","0","0","0","0","0","1","0","0","0","0","1","1","1","1","1","1","0","0","0","0","0","0","0","0","0","0","0","0","0","0","0","0","0","0","0","0","0","1","0","0","1","1","0","0","0","0","0","0","0","0","0","0","0","0","0","0","0","0","0","0","0","0","0","0","0","0","0","0","0","0","0","0","0","0","0","0","0","0","1","202204","202204","2062"
"0223700","530010","70390125","34295708000139","3","1","00000000000000","","","","","","0","E","","","04","","03","22","03","","99","","","","","","","","53600380657","20200723","1","","","","","","0","0","1","0","0","0","1","0","0","0","0","0","0","0",0,0,0,"0",0,0,0,0,0,0,0,0,0,0,0,0,0,0,"0",0,1,0,0,0,0,0,0,0,0,0,0,0,0,0,0,"1",0,0,0,"0",0,0,0,0,"0",0,0,0,0,0,0,0,0,0,0,0,0,0,0,0,"0","0","1","0","0","0","0","0","0","0","0","0","0","0","0","0","0","0","0","0","0","0","0","0","1","0","0","0","1","1","0","0","0","0","0","0","0","0","0","0","0","0","0","0","0","0","0","0","0","0","0","1","0","0","1","1","0","0","0","0","0","0","0","0","0","0","0","0","0","0","0","0","0","0","0","0","0","0","0","0","0","0","0","0","0","0","0","0","0","0","0","0","1","202007","202204","2305"
"0223786","530010","71010018","25422287000179","3","1","00000000000000","","","","","","0","E","","","04","","03","22","03","","99","","","","","","","","ODO 1820/2020","20200527","1","","","","","","0","0","1","0","0","0","1","0","0","0","0","0","0","0",0,0,0,"0",0,0,0,0,0,0,0,0,0,0,0,0,0,0,"0",0,0,0,0,0,0,0,0,1,0,0,0,0,0,0,0,"1",0,0,0,"0",0,0,0,0,"0",0,0,0,0,0,0,0,0,0,0,0,0,0,0,0,"0","0","0","0","0","0","0","0","1","0","0","0","0","0","0","0","0","0","0","0","0","0","0","0","1","1","0","0","1","1","0","0","0","0","0","0","0","0","0","0","0","0","0","0","0","0","0","0","0","0","0","1","0","0","0","1","0","0","0","0","0","0","0","0","0","0","0","0","0","0","0","0","0","0","0","0","0","0","0","0","0","0","0","0","0","0","0","0","0","0","0","0","1","202007","202204","2062"
"0225614","530010","70200760","33467039000172","3","1","00000000000000","","","","0015","","0","E","","","04","","01","36","03","","99","","","","","","","","53202232038","20190506","1","","","","","","0","0","1","0","0","0","1","0","0","0","0","0","0","0",0,0,0,"0",0,0,0,0,0,0,0,0,0,0,0,0,0,0,"0",0,0,0,1,0,0,0,0,0,0,0,0,0,0,0,0,"1",0,0,0,"0",0,0,0,0,"0",0,0,0,0,0,0,0,0,0,0,0,0,0,0,0,"0","0","1","0","0","0","0","0","0","0","0","0","0","0","0","0","0","0","0","0","0","0","0","0","1","0","0","0","1","1","0","0","0","0","0","0","0","0","0","0","0","0","0","0","0","0","0","0","0","0","0","0","0","0","0","1","0","0","0","0","0","0","0","0","0","0","0","0","0","0","0","0","0","0","0","0","0","0","0","0","0","0","0","0","0","0","0","0","0","0","0","0","1","202007","202204","2062"
"0226815","530010","70390055","11820670000170","3","1","00000000000000","","","","0070","","0","E","","","04","","03","36","03","","99","","","","","","","","EAS 00058-10/2021","20210526","1","","","","","","0","0","1","0","0","0","1","0","0","0","0","0","0","0",0,0,0,"0",0,0,0,0,0,0,0,0,0,0,0,0,0,0,"0",0,1,0,0,0,0,0,0,0,0,0,0,0,0,0,0,"1",0,0,0,"0",0,0,0,0,"0",0,0,0,0,0,0,0,0,0,0,0,0,0,0,0,"0","0","0","1","0","0","1","0","0","1","0","0","0","0","0","0","0","0","1","0","0","0","0","0","1","0","0","0","1","1","0","0","0","0","0","0","0","0","0","0","0","0","0","0","0","0","0","0","0","0","0","1","0","0","0","1","0","0","0","0","0","0","0","0","0","0","0","0","0","0","0","0","0","0","0","0","0","0","0","0","0","0","0","0","0","0","0","0","0","0","0","0","1","202111","202204","2062"
"0228133","530010","70711903","35594355000130","3","1","00000000000000","","","","","","0","E","","","04","","01","36","04","","99","","","","","","","","CERTIFICADO DE LICENCIAME","20210708","1","","","","","","0","0","1","0","0","0","1","0","0","0","0","0","0","0",0,0,0,"0",0,0,0,0,0,0,0,0,0,0,0,0,0,0,"0",0,0,0,1,0,0,0,0,0,0,0,0,0,0,0,0,"1",0,0,0,"0",0,0,0,0,"0",0,0,0,0,0,0,0,0,0,0,0,0,0,0,0,"0","0","0","0","0","0","0","0","0","0","0","0","0","0","0","0","0","0","0","0","0","0","0","0","0","0","0","0","1","1","0","0","0","0","0","0","0","0","0","0","0","0","0","0","0","0","0","0","0","0","0","1","0","0","0","1","0","0","0","0","0","0","0","0","0","0","0","0","0","0","0","0","0","0","0","0","0","0","0","0","0","0","0","0","0","0","0","0","0","0","0","0","1","202107","202204","2305"
"0229318","530010","70872510","35849126000110","3","1","00000000000000","","","","0005","","0","E","","","04","","01","22","03","","99","","","","","","","","","20191226","1","","","","","","0","0","1","0","0","0","1","0","0","0","0","0","0","0",0,0,0,"0",0,0,0,0,0,0,0,0,0,0,0,0,0,0,"0",0,0,0,1,0,0,0,0,0,0,0,0,0,0,0,0,"1",0,0,0,"0",0,0,0,0,"0",0,0,0,0,0,0,0,0,0,0,0,0,0,0,0,"0","0","1","0","0","0","0","0","0","0","0","0","0","0","0","0","0","0","0","0","0","0","0","0","1","0","0","0","1","1","0","0","0","0","0","0","0","0","0","0","0","0","0","0","0","0","0","0","0","0","0","1","0","0","0","0","0","0","0","0","0","0","0","0","0","0","0","0","0","0","0","0","0","0","0","0","0","0","0","0","0","0","0","0","0","0","0","0","0","0","0","0","1","202007","202204","2062"
"0242047","530010","72115700","02572550000291","3","1","00000000000000","","","","0180","","0","E","","","04","","01","39","03","","99","","","","","","","","LAB. 002-91","20210717","1","","","","","","0","0","1","0","0","0","1","0","0","0","0","0","0","0",0,0,0,"0",0,0,0,0,0,0,0,0,0,0,0,0,0,0,"0",0,0,0,0,0,0,0,1,0,0,0,0,0,0,0,0,"1",0,0,0,"0",0,0,0,0,"0",0,0,0,0,0,0,0,0,1,0,0,0,0,0,0,"0","0","1","0","0","0","0","0","0","0","0","0","0","0","0","0","0","0","0","0","0","0","0","0","1","1","1","0","1","1","0","0","0","0","0","0","0","0","0","0","0","0","0","0","0","0","0","0","0","0","0","0","0","0","0","0","0","0","1","0","0","1","1","0","0","0","0","0","0","0","0","0","0","0","0","0","0","0","0","0","0","0","0","0","0","0","0","0","0","0","0","0","1","202107","202204","2062"
"0242055","530010","70390100","37551788000134","3","1","00000000000000","","","","","","0","E","","","04","","03","22","03","","99","","","","","","","","","","","","","","","","0","0","1","0","0","0","1","0","0","0","0","0","0","0",0,0,0,"0",0,0,0,0,0,0,0,0,0,0,0,0,0,0,"0",0,0,0,1,0,0,0,0,0,0,0,0,0,0,0,0,"1",0,0,0,"0",0,0,0,0,"0",0,0,0,0,0,0,0,0,0,0,0,0,0,0,0,"0","0","1","0","0","0","0","0","0","0","0","0","0","0","0","0","0","0","0","0","0","0","0","0","1","0","0","0","1","1","0","0","0","0","0","0","0","0","0","0","0","0","0","0","0","0","0","0","0","0","0","0","0","0","0","1","0","0","0","0","0","0","0","0","0","0","0","0","0","0","0","0","0","0","0","0","0","0","0","0","0","0","0","0","0","0","0","0","0","0","0","0","1","202008","202204","2062"
"0242292","530010","72015525","35232769000110","3","1","00000000000000","","","","","","0","E","","","04","","01","22","03","","99","","","","","","","","ODO.00161-14","20200715","1","","","","","","0","0","1","0","0","0","1","0","0","0","0","0","0","0",0,0,0,"0",0,0,0,0,0,0,0,0,0,0,0,0,0,0,"0",0,0,0,0,0,0,0,0,1,0,0,0,0,0,0,0,"1",0,0,0,"0",0,0,0,0,"0",0,0,0,0,0,0,0,0,0,0,0,0,0,0,0,"0","0","0","0","0","0","0","0","0","0","0","0","0","0","0","0","0","0","0","0","0","0","0","0","0","1","1","0","1","1","0","0","0","0","0","0","0","0","0","0","0","0","0","0","0","0","0","0","0","0","0","1","0","0","0","1","0","0","0","0","0","0","0","0","0","0","0","0","0","0","0","0","0","0","0","0","0","0","0","0","0","0","0","0","0","0","0","0","0","0","0","0","1","202007","202204","2135"
"0245232","530010","70390150","20619347000124","3","1","00000000000000","","","","","","0","E","","","04","","03","04","03","","99","","","","","","","","53201952428","20200715","1","","","","","","0","0","1","0","0","0","1","0","0","0","0","0","0","0",0,0,0,"0",0,0,0,0,0,0,0,0,0,0,0,0,0,0,"0",0,2,0,2,0,0,0,0,0,0,0,0,0,0,0,0,"1",0,0,0,"0",0,0,0,0,"0",0,0,0,0,0,0,0,0,0,0,0,0,0,0,0,"0","0","1","0","0","0","0","0","0","0","0","0","0","0","0","0","0","0","0","0","0","0","0","0","1","0","0","0","1","1","0","0","0","0","0","0","0","0","0","0","0","0","0","0","0","0","0","0","0","0","0","1","0","0","0","1","0","0","0","0","0","0","0","0","0","0","0","0","0","0","0","0","0","0","0","0","0","0","0","0","0","0","0","0","0","0","0","0","0","0","0","0","1","202007","202204","2062"
"0245879","530010","72542220","33455065000180","3","1","00000000000000","","","","","","0","E","","","04","","03","04","03","","99","","","","","","","","536500249610","20210612","2","","","","","","0","0","1","0","0","0","1","0","0","0","0","0","0","0",0,0,0,"0",0,0,0,0,0,0,0,0,0,0,0,0,0,0,"0",0,7,0,4,0,0,0,0,1,0,0,0,0,0,0,0,"1",0,0,0,"0",0,0,0,0,"0",0,0,0,0,0,0,0,0,0,0,0,0,0,0,0,"0","0","1","0","0","0","0","0","1","0","0","0","0","0","0","0","0","0","0","1","0","0","0","0","1","0","0","0","1","1","0","0","0","0","0","0","0","0","0","0","0","0","0","0","0","0","0","0","0","0","0","1","0","0","0","1","0","0","0","0","0","0","0","0","0","0","0","0","0","0","0","0","0","0","0","0","0","0","0","0","0","0","0","0","0","0","0","0","0","0","0","0","1","202202","202204","2305"
"0245887","530010","70710100","15789436000189","3","1","00000000000000","","","","","","0","E","","","04","","01","36","03","","99","","","","","","","","ALVARA DE FUNCIONAMENTO","20200721","1","","","","","","0","0","1","0","0","0","1","0","0","0","0","0","0","0",0,0,0,"0",0,0,0,0,0,0,0,0,0,0,0,0,0,0,"0",1,0,0,0,0,0,0,0,0,0,0,0,0,0,0,0,"1",0,0,0,"0",0,0,0,0,"0",0,0,0,0,0,0,0,0,0,0,0,0,0,0,0,"0","0","1","0","0","0","0","0","0","0","0","0","0","0","0","0","0","0","0","0","0","0","0","0","1","1","0","0","1","1","0","0","0","0","0","0","0","0","0","0","0","0","0","0","0","0","0","0","0","0","0","1","0","0","0","0","0","0","0","0","0","0","0","0","0","0","0","0","0","0","0","0","0","0","0","0","0","0","0","0","0","0","0","0","0","0","0","0","0","0","0","0","1","202007","202204","2062"
"0245895","530010","70673623","04576346000193","3","1","00000000000000","","","","9931","","0","E","","","04","","03","22","03","","99","","","","","","","","00066274","20190412","1","","","","","","0","0","1","0","0","0","1","0","0","0","0","0","0","0",0,0,0,"0",0,0,0,0,0,0,0,0,0,0,0,0,0,0,"0",1,0,0,1,0,0,0,0,0,0,0,0,0,0,0,0,"1",0,0,0,"0",0,0,0,0,"0",0,0,0,0,0,0,0,0,0,0,0,0,0,0,0,"0","0","1","0","0","0","0","0","0","0","0","0","0","0","0","0","0","0","0","0","0","0","0","0","1","0","0","0","1","1","0","0","0","0","0","0","0","0","0","0","0","0","0","0","0","0","0","0","0","0","0","1","0","0","0","0","0","0","0","0","0","0","0","0","0","0","0","0","0","0","0","0","0","0","0","0","0","0","0","0","0","0","0","0","0","0","0","0","0","0","0","0","1","202109","202204","2062"
"0247154","530010","71926000","35386130000199","3","1","00000000000000","","","","","","0","E","","","04","","03","22","03","","99","","","","","","","","","","","","","","","","0","0","1","0","0","0","1","0","0","0","0","0","0","0",0,0,0,"0",0,0,0,0,0,0,0,0,0,0,0,0,0,0,"0",0,0,0,1,0,0,0,0,0,0,0,0,0,0,0,0,"1",0,0,0,"0",0,0,0,0,"0",0,0,0,0,0,0,0,0,0,0,0,0,0,0,0,"0","0","1","0","0","0","0","0","0","0","0","0","0","0","0","0","0","0","0","0","0","0","0","0","1","0","0","0","1","1","0","0","0","0","0","0","0","0","0","0","0","0","0","0","0","0","0","0","0","0","0","1","0","0","0","0","0","0","0","0","0","0","0","0","0","0","0","0","0","0","0","0","0","0","0","0","0","0","0","0","0","0","0","0","0","0","0","0","0","0","0","0","1","202007","202204","2305"
"0247189","530010","71908180","37245893000145","3","1","00000000000000","","","","","","0","E","","","04","","","22","03","","99","","","","","","","","LICENCA DE FUNCIONAMENTO","20200527","1","","","","","","0","0","1","0","0","0","1","0","0","0","0","0","0","0",0,0,0,"0",0,0,0,0,0,0,0,0,0,0,0,0,0,0,"0",0,1,0,0,0,0,0,0,0,0,0,0,0,0,0,0,"1",0,0,0,"0",0,0,0,0,"0",0,0,0,0,0,0,0,0,0,0,0,0,0,0,0,"0","0","0","0","0","0","0","0","0","0","0","0","0","0","0","0","0","0","0","0","0","0","0","0","0","0","0","0","1","1","0","0","0","0","0","0","0","0","0","0","0","0","0","0","0","0","0","0","0","0","0","1","0","0","0","1","0","0","0","0","0","0","0","0","0","0","0","0","0","0","0","0","0","0","0","0","0","0","0","0","0","0","0","0","0","0","0","0","0","0","0","0","1","202007","202204","2305"
"0247340","530010","71200055","33765852000129","3","1","00000000000000","","","","0070","","0","E","","","04","","01","36","04","","99","","","","","","","","RLE DIGITAL","20200713","1","","","","","","0","0","1","0","0","0","1","0","0","0","0","0","0","0",0,0,0,"0",0,0,0,0,0,0,0,0,0,0,0,0,0,0,"0",0,0,0,0,0,0,0,0,2,0,0,0,0,0,0,0,"1",0,0,0,"0",0,0,0,0,"0",0,0,0,0,0,0,0,0,0,0,0,0,0,0,0,"0","0","1","0","0","0","0","0","0","0","0","0","0","0","0","0","0","0","0","0","0","0","0","0","1","1","0","0","1","1","0","0","0","0","0","0","0","0","0","0","0","0","0","0","0","0","0","0","0","0","0","1","0","0","0","1","0","0","0","0","0","0","0","0","0","0","0","0","0","0","0","0","0","0","0","0","0","0","0","0","0","0","0","0","0","0","0","0","0","0","0","0","1","202007","202204","2062"
"0249041","530010","70390700","18596193000150","3","1","00000000000000","","","","0015","","0","E","","","04","","01","04","04","","99","","","","","","","","LICENCA SANITARIA","20200127","1","","","","","","0","0","1","0","0","0","1","0","0","0","0","0","0","0",0,0,0,"0",0,0,0,0,0,0,0,0,0,0,0,0,0,0,"0",0,1,0,0,0,0,0,0,0,0,0,0,0,0,0,0,"1",0,0,0,"0",0,0,0,0,"0",0,0,0,0,0,0,0,0,0,0,0,0,0,0,0,"0","0","0","1","0","0","0","0","0","0","0","0","0","0","0","0","0","0","0","0","0","0","0","0","1","1","0","0","1","1","0","0","0","0","0","0","0","0","0","0","0","0","0","0","0","0","0","0","0","0","0","0","0","0","0","1","0","0","0","0","0","0","0","0","0","0","0","0","0","0","0","0","0","0","0","0","0","0","0","0","0","0","0","0","0","0","0","0","0","0","0","0","1","202106","202204","2062"
"0250228","530010","70730718","37755664000170","3","1","00000000000000","","","","","","0","E","","","03","","01","04","04","","99","","","","","","","","","","","","","","","","0","0","1","0","0","0","1","0","0","0","0","0","0","0",0,0,0,"0",0,0,0,0,0,0,0,0,0,0,0,0,0,0,"0",0,0,0,1,0,0,0,0,0,0,0,0,0,0,0,0,"1",0,0,0,"0",0,0,0,0,"0",0,0,0,0,0,0,0,0,0,0,0,0,0,0,0,"0","0","1","0","0","0","0","0","0","0","0","0","0","0","0","0","0","0","0","0","0","0","0","0","1","0","0","0","1","1","0","0","0","0","0","0","0","0","0","0","0","0","0","0","0","0","0","0","0","0","0","1","0","0","0","0","0","0","0","0","0","0","0","0","0","0","0","0","0","0","0","0","0","0","0","0","0","0","0","0","0","0","0","0","0","0","0","0","0","0","0","0","1","202010","202204","2062"
"0250422","530010","70390150","36079222000199","3","1","00000000000000","","","","","","0","E","","","04","","02","36","03","","99","","","","","","","","53202288009","20200121","1","","","","","","0","0","1","0","0","0","1","0","0","0","0","0","0","0",0,0,0,"0",0,0,0,0,0,0,0,0,0,0,0,0,0,0,"0",0,0,0,4,0,0,0,0,0,0,0,0,0,0,0,0,"1",0,0,0,"0",0,0,0,0,"0",0,0,0,0,0,0,0,0,0,0,0,0,0,0,0,"0","0","1","0","0","0","0","0","0","0","0","0","0","0","0","0","0","0","0","0","0","0","0","0","1","0","0","0","1","1","0","0","0","0","0","0","0","0","0","0","0","0","0","0","0","0","0","0","0","0","0","1","0","0","0","0","0","0","0","0","0","0","0","0","0","0","0","0","0","0","0","0","0","0","0","0","0","0","0","0","0","0","0","0","0","0","0","0","0","0","0","0","1","202007","202204","2062"
"0251429","530010","72215551","09185743000158","3","1","00000000000000","","","","0040","","0","E","","","04","","03","36","04","","99","","","","","","","","LICENCA SANITARIA","20200619","1","","","","","","0","0","1","0","0","0","1","0","0","0","0","0","0","0",0,0,0,"0",0,0,0,0,0,0,0,0,0,0,0,0,0,0,"0",0,0,0,0,0,0,0,0,3,0,0,0,0,0,0,0,"1",0,0,0,"0",0,0,0,0,"0",0,0,0,0,0,0,0,0,0,0,0,0,0,0,0,"0","0","0","0","0","0","0","0","1","0","0","0","0","0","0","0","0","0","0","0","0","0","0","0","1","1","0","0","1","1","0","0","0","0","0","0","0","0","0","0","0","0","0","0","0","0","0","0","0","0","0","1","0","0","0","1","0","0","0","0","0","0","0","0","0","0","0","0","0","0","0","0","0","0","0","0","0","0","0","0","0","0","0","0","0","0","0","0","0","0","0","0","1","202105","202204","2240"
"0251488","530010","70710100","15725891000200","3","1","00000000000000","","","","","","0","E","","","04","","01","36","04","","99","001","18872","39467X","","","","","ALVARA","20200713","1","","","","","","0","0","1","0","0","0","1","0","0","0","0","0","0","0",0,0,0,"0",0,0,0,0,0,0,0,0,0,0,0,0,0,0,"0",0,0,0,2,0,0,0,0,0,0,0,0,0,0,0,0,"1",0,0,0,"0",0,0,0,0,"0",0,0,0,0,0,0,0,0,0,0,0,0,0,0,0,"0","0","1","0","0","0","0","0","0","0","0","0","0","0","0","0","0","0","0","0","0","0","0","0","1","0","0","0","1","1","0","0","0","0","0","0","0","0","0","0","0","0","0","0","0","0","0","0","0","0","0","1","0","0","0","0","0","0","0","0","0","0","0","0","0","0","0","0","0","0","0","0","0","0","0","0","0","0","0","0","0","0","0","0","0","0","0","0","0","0","0","0","1","202007","202204","2062"
"0251976","530010","70390108","37499972000182","3","1","00000000000000","","","","0015","","0","E","","","04","","03","36","03","","99","","","","","","","","RLE@DIGITAL","20200715","1","","","","","","0","0","1","0","0","0","1","0","0","0","0","0","0","0",0,0,0,"0",0,0,0,0,0,0,0,0,0,0,0,0,0,0,"0",0,3,0,0,0,0,0,0,0,0,0,0,0,0,0,0,"1",0,0,0,"0",0,0,0,0,"0",0,0,0,0,0,0,0,0,0,0,0,0,0,0,0,"0","0","1","0","0","0","0","0","1","0","0","0","0","0","0","0","0","1","0","1","0","0","0","0","1","0","1","0","1","1","0","0","0","0","0","0","0","0","0","0","0","0","0","0","0","0","0","0","0","0","0","1","0","0","0","1","0","0","0","0","0","0","0","0","0","0","0","0","0","0","0","0","0","0","0","0","0","0","0","0","0","0","0","0","0","0","0","0","0","0","0","0","1","202007","202204","2305"
"0252077","530010","72115650","37024520000144","3","1","00000000000000","","","","0180","","0","E","","","04","","01","36","03","","99","","","","","","","","EAS.0301-15/2020","20200821","1","","","","","","0","0","1","0","0","0","1","0","0","0","0","0","0","0",0,0,0,"0",0,0,0,0,0,0,0,0,0,0,0,0,0,0,"0",0,1,0,0,0,0,0,0,0,0,0,0,0,0,0,0,"1",0,0,0,"0",0,0,0,0,"0",0,0,0,0,0,0,0,0,0,0,0,0,0,0,0,"0","0","0","1","0","0","0","0","0","0","0","0","0","0","0","0","0","0","0","0","0","0","0","0","1","0","0","0","1","1","0","0","0","0","0","0","0","0","0","0","0","0","0","0","0","0","0","0","0","0","0","1","0","0","0","0","0","0","0","0","0","0","0","0","0","0","0","0","0","0","0","0","0","0","0","0","0","0","0","0","0","0","0","0","0","0","0","0","0","0","0","0","1","202203","202204","2062"
"0252492","530010","70610200","00000000000000","3","3","00394700000108","","","","","","1","E","","","04","","02","05","06","","99","","","","","","","","","","","","","","","","0","0","1","0","1","0","1","0","0","1","0","1","0","1",0,1,100,"1",0,0,0,0,0,0,0,0,0,0,0,0,0,0,"0",0,0,0,0,0,0,0,0,0,0,0,0,0,0,0,0,"0",0,0,0,"0",0,0,0,0,"0",0,0,0,0,0,0,0,0,0,0,0,0,0,0,0,"0","0","1","0","1","0","1","0","0","0","0","0","0","0","0","0","1","0","0","0","0","0","1","0","1","1","1","0","1","1","0","0","0","0","0","0","0","0","0","0","0","0","0","1","0","0","0","0","0","0","1","0","0","0","0","0","0","1","0","0","0","0","0","0","0","0","0","0","0","0","0","0","0","0","0","0","0","0","0","0","0","0","0","0","0","0","0","0","0","0","0","0","1","202202","202204","1023"
"0252611","530010","71908540","28313291000197","3","1","00000000000000","","","","9901","","0","E","","","04","","03","36","04","","99","","","","","","","","EAS.4582-61","20210307","1","","","","","","0","0","1","0","0","0","1","0","0","0","0","0","0","0",0,0,0,"0",0,0,0,0,0,0,0,0,0,0,0,0,0,0,"0",0,0,0,3,0,0,0,0,0,0,0,0,0,0,0,0,"1",0,0,0,"0",0,0,0,0,"0",0,0,0,0,0,0,0,0,0,0,0,0,0,0,0,"0","0","1","0","0","0","0","0","1","0","0","0","0","0","0","0","0","1","0","1","0","0","0","0","1","0","0","0","1","1","0","0","0","0","0","0","0","0","0","0","0","0","0","0","0","0","0","0","0","0","0","1","0","0","0","1","0","0","0","0","0","0","0","0","0","0","0","0","0","0","0","0","0","0","0","0","0","0","0","0","0","0","0","0","0","0","0","0","0","0","0","0","1","202104","202204","2305"
"0253804","530010","71570903","00000000000000","3","3","00394700000108","","07","","0110","","1","E","","","04","","03","36","06","","99","","","","","","","","","","","","","","","","0","0","1","0","0","0","1","0","0","0","0","0","0","0",0,0,0,"0",0,0,0,0,0,0,0,0,0,0,0,0,0,0,"0",0,0,0,3,0,0,0,0,0,0,0,0,0,0,0,0,"1",0,0,0,"0",0,0,0,0,"0",0,0,0,0,0,0,0,0,0,0,0,0,0,0,0,"0","0","0","0","0","0","0","0","0","0","0","0","0","0","0","0","0","0","0","0","0","0","0","0","0","0","0","0","1","1","0","0","0","0","0","0","0","0","0","0","0","0","0","0","0","0","0","0","0","0","1","0","0","0","0","0","0","0","0","0","0","0","0","0","0","0","0","0","0","0","0","0","0","0","0","0","0","0","0","0","0","0","0","0","0","0","0","0","0","0","0","0","1","202202","202204","1023"
"0253812","530010","71691081","00000000000000","3","3","00394700000108","","07","","0160","","1","E","","","04","","03","36","06","","99","","","","","","","","","","","","","","","","0","0","1","0","0","0","1","0","0","0","0","0","0","0",0,0,0,"0",0,0,0,0,0,0,0,0,0,0,0,0,0,0,"0",0,0,0,3,0,0,0,0,0,0,0,0,0,0,0,0,"1",0,0,0,"0",0,0,0,0,"0",0,0,0,0,0,0,0,0,0,0,0,0,0,0,0,"0","0","0","0","0","0","0","0","0","0","0","0","0","0","0","0","0","0","0","0","0","0","0","0","0","0","0","0","1","1","0","0","0","0","0","0","0","0","0","0","0","0","0","0","0","0","0","0","0","0","1","0","0","0","0","0","0","0","0","0","0","0","0","0","0","0","0","0","0","0","0","0","0","0","0","0","0","0","0","0","0","0","0","0","0","0","0","0","0","0","0","0","1","202202","202204","1023"
"0253928","530010","70830302","28487686000106","3","1","00000000000000","","","","","","0","E","","","04","","03","36","05","","99","","","","","","","","RLE 53202130740","20200720","1","","","","","","0","0","1","0","0","0","1","0","0","0","0","0","0","0",0,0,0,"0",0,0,0,0,0,0,0,0,0,0,0,0,0,0,"0",0,0,0,1,0,0,0,0,0,0,0,0,0,0,0,0,"1",0,0,0,"0",0,0,0,0,"0",0,0,0,0,0,0,0,0,0,0,0,0,0,0,0,"0","0","1","0","0","0","0","0","0","0","0","0","0","0","0","0","0","0","0","0","0","0","0","0","1","0","0","0","1","1","0","0","0","0","0","0","0","0","0","0","0","0","0","0","0","0","0","0","0","0","0","1","0","0","1","1","0","0","0","0","0","0","0","0","0","0","0","0","0","0","0","0","0","0","0","0","0","0","0","0","0","0","0","0","0","0","0","0","0","0","0","0","1","202204","202204","2062"
"0254231","530010","70775510","35728442000133","3","1","00000000000000","","","","0005","","0","E","","","04","","03","36","03","","99","","","","","","","","EAS.00704-02","20200722","1","","","","","","0","0","1","0","0","0","1","0","0","0","0","0","0","0",0,0,0,"0",0,0,0,0,0,0,0,0,0,0,0,0,0,0,"0",0,2,0,0,0,0,0,0,0,0,0,0,0,0,0,0,"1",0,0,0,"0",0,0,0,0,"0",0,0,0,0,0,0,0,0,0,0,0,0,0,0,0,"0","0","1","0","0","0","0","0","0","0","0","0","0","0","0","0","0","0","0","0","0","0","0","0","1","1","0","0","1","1","0","0","0","0","0","0","0","0","0","0","0","0","0","0","0","0","0","0","0","0","0","1","0","0","0","1","0","0","0","0","0","0","0","0","0","0","0","0","0","0","0","0","0","0","0","0","0","0","0","0","0","0","0","0","0","0","0","0","0","0","0","0","1","202102","202204","2062"
"0255122","530010","72210550","00000000000000","3","3","00394700000108","","0008","","0040","","1","E","","","04","","02","43","03","","99","","","","","","","","","","","","","","","","0","0","1","0","0","0","1","0","0","0","0","0","0","0",0,0,0,"0",0,0,0,0,0,0,0,0,0,0,0,0,0,0,"0",0,0,0,0,0,0,0,0,0,0,0,0,0,0,0,0,"0",0,0,0,"0",0,0,0,0,"0",0,0,0,0,0,0,0,0,0,0,0,0,0,0,0,"0","0","0","0","0","0","1","0","0","0","0","0","0","0","0","0","0","0","0","0","0","0","0","0","1","0","0","0","1","1","0","0","0","0","0","0","0","0","0","0","0","0","0","0","0","0","0","0","0","0","0","0","0","0","0","0","0","0","0","0","0","0","0","0","0","0","0","0","0","0","0","1","0","0","0","0","0","0","0","0","0","0","0","0","0","0","0","0","0","0","0","0","1","202203","202204","1023"
"0255319","530010","71918000","35917599000107","3","1","00000000000000","","","","","","0","E","","","04","","01","36","03","","99","","","","","","","","","","","","","","","","0","0","1","0","0","0","1","0","0","0","0","0","0","0",0,0,0,"0",0,0,0,0,0,0,0,0,0,0,0,0,0,0,"0",0,0,0,1,0,0,0,0,0,0,0,0,0,0,0,0,"1",0,0,0,"0",0,0,0,0,"0",0,0,0,0,0,0,0,0,0,0,0,0,0,0,0,"0","0","1","0","0","0","0","0","0","0","0","0","0","0","0","0","0","0","0","0","0","0","0","0","1","0","0","0","1","1","0","0","0","0","0","0","0","0","0","0","0","0","0","0","0","0","0","0","0","0","0","1","0","0","1","1","0","0","0","0","0","0","0","0","0","0","0","0","0","0","0","0","0","0","0","0","0","0","0","0","0","0","0","0","0","0","0","0","0","0","0","0","1","202007","202204","2062"
"0255416","530010","70200760","34639032000153","3","1","00000000000000","","","","","","0","E","","","04","","01","62","03","","99","","","","","","","","53300020850","20200616","","","","","","","0","0","1","0","0","0","1","0","0","0","0","0","0","0",0,0,0,"0",0,0,0,0,0,0,0,0,0,0,0,0,0,0,"0",0,0,0,12,0,0,0,0,0,0,0,0,0,0,0,0,"1",0,0,0,"0",0,0,0,0,"0",0,0,0,0,0,0,0,0,0,0,0,0,0,0,0,"0","0","1","0","0","0","0","0","0","0","0","0","0","0","0","0","0","0","0","0","0","0","0","0","1","0","0","0","1","1","0","0","0","0","0","0","0","0","0","0","0","0","0","0","0","0","0","0","0","0","0","1","0","0","0","1","0","0","0","0","0","0","0","0","0","0","0","0","0","0","0","0","0","0","0","0","0","0","0","0","0","0","0","0","0","0","0","0","0","0","0","0","1","202008","202204","2054"
"0256196","530010","70711000","04649144000124","3","1","00000000000000","","","","0005","","0","E","","","04","","01","22","03","","99","","","","","","","","","","1","","","","","","0","0","1","0","0","0","1","0","0","0","0","0","0","0",0,0,0,"0",0,0,0,0,0,0,0,0,0,0,0,0,0,0,"0",0,0,0,0,0,0,0,0,2,0,0,0,0,0,0,0,"1",0,0,0,"0",0,0,0,0,"0",0,0,0,0,0,0,0,0,0,0,0,0,0,0,0,"0","0","1","0","0","0","0","0","0","0","0","0","0","0","0","0","0","0","0","0","0","0","0","0","1","0","0","0","1","1","0","0","0","0","0","0","0","0","0","0","0","0","0","0","0","0","0","0","0","0","0","1","0","0","0","0","0","0","0","0","0","0","0","0","0","0","0","0","0","0","0","0","0","0","0","0","0","0","0","0","0","0","0","0","0","0","0","0","0","0","0","0","1","202008","202204","2305"
"0258202","530010","70390108","37076062000197","3","1","00000000000000","","","","0015","","0","E","","","04","","03","36","03","","99","","","","","","","","EAS 20807/2020","20200701","1","","","","","","0","0","1","0","0","0","1","0","0","0","0","0","0","0",0,0,0,"0",0,0,0,0,0,0,0,0,0,0,0,0,0,0,"0",1,1,0,0,0,0,0,0,0,0,0,0,0,0,0,0,"1",0,0,0,"0",0,0,0,0,"0",0,0,0,0,0,0,0,0,0,0,0,0,0,0,0,"0","0","1","0","0","0","0","0","0","0","0","0","0","0","0","0","0","0","0","0","0","0","0","0","1","1","0","0","1","1","0","0","0","0","0","0","0","0","0","0","0","0","0","0","0","0","0","0","0","0","0","1","0","0","0","1","0","0","0","0","0","0","0","0","0","0","0","0","0","0","0","0","0","0","0","0","0","0","0","0","0","0","0","0","0","0","0","0","0","0","0","0","1","202111","202204","2062"
"0258369","530010","71635610","26959628000102","3","1","00000000000000","","","","","","0","E","","","04","","03","22","03","","99","","","","","","","","","","1","","","","","","0","0","1","0","0","0","1","0","0","0","0","0","0","0",0,0,0,"0",0,0,0,0,0,0,0,0,0,0,0,0,0,0,"0",1,0,0,0,0,0,0,0,0,0,0,0,0,0,0,0,"1",0,0,0,"0",0,0,0,0,"0",0,0,0,0,0,0,0,0,0,0,0,0,0,0,0,"0","0","0","0","0","0","0","0","0","0","0","0","0","0","0","0","0","0","0","0","0","0","0","0","0","0","0","0","1","1","0","0","0","0","0","0","0","0","0","0","0","0","0","0","0","0","0","0","0","0","0","1","0","0","0","0","0","0","0","0","0","0","0","0","0","0","0","0","0","0","0","0","0","0","0","0","0","0","0","0","0","0","0","0","0","0","0","0","0","0","0","0","1","202008","202204","2062"
"0259454","530010","70762540","36295473000100","3","1","00000000000000","","","","0005","","0","E","","","04","","01","22","02","","99","","","","","","","","ODO 00477-02","20200708","1","","","","","","0","0","1","0","0","0","1","0","0","0","0","0","0","0",0,0,0,"0",0,0,0,0,0,0,0,0,1,0,0,0,0,0,"1",0,0,0,0,0,0,0,0,1,0,0,0,0,0,0,0,"1",0,0,0,"0",0,0,0,0,"0",0,0,0,0,2,0,0,0,0,0,0,0,0,0,0,"0","0","0","0","0","0","0","0","0","0","0","0","0","0","0","0","0","0","0","0","0","0","0","0","0","1","0","0","1","1","0","0","0","0","0","0","0","0","0","0","0","0","0","0","0","0","0","0","0","0","0","1","0","0","0","0","0","0","0","0","0","0","0","0","0","1","0","0","0","0","0","0","0","0","0","0","0","0","0","0","0","0","0","0","0","0","0","0","0","0","0","0","1","202008","202204","2062"
"0260843","530010","71020001","00069451680187","1","1","00000000000000","","","","","","0","E","","","04","","03","22","03","","99","","","","","","","","","","","","","","","","0","0","1","0","0","0","1","0","0","0","0","0","0","0",0,0,0,"0",0,0,0,0,0,0,0,0,0,0,0,0,0,0,"0",0,0,0,0,0,0,0,0,1,0,0,0,0,0,0,0,"1",0,0,0,"0",0,0,0,0,"0",0,0,0,0,0,0,0,0,0,0,0,0,0,0,0,"0","0","0","0","0","0","0","0","0","0","0","0","0","0","0","0","0","0","0","0","0","0","0","0","0","1","0","0","1","1","0","0","0","0","0","0","0","0","0","0","0","0","0","0","0","0","0","0","0","0","0","1","0","0","0","0","0","0","0","0","0","0","0","0","0","0","0","0","0","0","0","0","0","0","0","0","0","0","0","0","0","0","0","0","0","0","0","0","0","0","0","0","1","202008","202204","4000"
"0261416","530010","70340901","33091445000183","3","1","00000000000000","","","","0010","","0","E","","","04","","03","04","03","","99","","","","","","","","53202224035","20190403","1","","","","","","0","0","1","0","0","0","1","0","0","0","0","0","0","0",0,0,0,"0",0,0,0,0,0,0,0,0,0,0,0,0,0,0,"0",0,0,0,0,0,0,0,0,0,0,1,0,0,0,0,0,"1",0,0,0,"0",0,0,0,0,"0",0,0,0,0,0,0,0,0,0,0,0,0,0,0,0,"0","0","1","0","0","0","0","0","0","0","0","0","0","0","0","0","0","0","0","0","0","0","0","0","1","0","0","0","1","1","0","0","0","0","0","0","0","0","0","0","0","0","0","0","0","0","0","0","0","0","0","1","0","0","0","0","0","0","0","0","0","0","0","0","0","0","0","0","0","0","0","0","0","0","0","0","0","0","0","0","0","0","0","0","0","0","0","0","0","0","0","0","1","202008","202204","2062"
"0261440","530010","72215178","30230526000129","3","1","00000000000000","","","","","","0","E","","","04","","03","22","03","","99","","","","","","","","","","","","","","","","0","0","1","0","0","0","1","0","0","0","0","0","0","0",0,0,0,"0",0,0,0,0,0,0,0,0,0,0,0,0,0,0,"0",0,1,0,0,0,0,0,0,0,0,0,0,0,0,0,0,"1",0,0,0,"0",0,0,0,0,"0",0,0,0,0,0,0,0,0,0,0,0,0,0,0,0,"0","0","0","0","0","0","0","0","0","0","0","0","0","0","0","0","0","0","0","0","0","0","0","0","0","0","0","0","1","1","0","0","0","0","0","0","0","0","0","0","0","0","0","0","0","0","0","0","0","0","0","1","0","0","0","0","0","0","0","0","0","0","0","0","0","0","0","0","0","0","0","0","0","0","0","0","0","0","0","0","0","0","0","0","0","0","0","0","0","0","0","0","1","202008","202204","2062"
"0262889","530010","70303900","35158725000197","3","1","00000000000000","","","","","","0","E","","","04","","","22","03","","99","","","","","","","","","","1","","","","","","0","0","1","0","0","0","1","0","0","0","0","0","0","0",0,0,0,"0",0,0,0,0,0,0,0,0,0,0,0,0,0,0,"0",1,0,0,0,0,0,0,0,0,0,0,0,0,0,0,0,"1",0,0,0,"0",0,0,0,0,"0",0,0,0,0,0,0,0,0,0,0,0,0,0,0,0,"0","0","0","0","0","0","0","0","0","0","0","0","0","0","0","0","0","0","0","0","0","0","0","0","0","0","0","0","1","1","0","0","0","0","0","0","0","0","0","0","0","0","0","0","0","0","0","0","0","0","0","1","0","0","1","1","0","0","0","0","0","0","0","0","0","0","0","0","0","0","0","0","0","0","0","0","0","0","0","0","0","0","0","0","0","0","0","0","0","0","0","0","1","202008","202204","2305"
"0262900","530010","70200740","34678396000142","3","1","00000000000000","","","","0015","","0","E","","","04","","03","04","03","","99","","","","","","","","EAS 20819-01","20210531","1","","","","","","0","0","1","0","0","0","1","0","0","0","0","0","0","0",0,0,0,"0",0,0,0,0,0,0,0,0,0,0,0,0,0,0,"0",0,1,0,0,0,0,0,0,0,0,0,0,0,0,0,0,"1",0,0,0,"0",0,0,0,0,"0",0,0,0,0,0,0,0,0,0,0,0,0,0,0,0,"0","0","1","0","0","0","0","0","0","0","0","0","0","0","0","0","0","0","0","0","0","0","0","0","1","0","0","0","1","1","0","0","0","0","0","0","0","0","0","0","0","0","0","0","0","0","0","0","0","0","0","1","0","0","0","1","0","0","0","0","0","0","0","0","0","0","0","0","0","0","0","0","0","0","0","0","0","0","0","0","0","0","0","0","0","0","0","0","0","0","0","0","1","202111","202204","2062"
"0263346","530010","70340000","34839620000130","3","1","00000000000000","","","","","","0","E","","","04","","01","36","04","","99","","","","","","","","","","","","","","","","0","0","1","0","0","0","1","0","0","0","0","0","0","0",0,0,0,"0",0,0,0,0,0,0,0,0,0,0,0,0,0,0,"0",0,0,0,2,0,0,0,0,0,0,0,0,0,0,0,0,"1",0,0,0,"0",0,0,0,0,"0",0,0,0,0,0,0,0,0,0,0,0,0,0,0,0,"0","0","1","0","0","0","0","0","0","0","0","0","0","0","0","0","0","0","0","0","0","0","0","0","1","0","0","0","1","1","0","0","0","0","0","0","0","0","0","0","0","0","0","0","0","0","0","0","0","0","0","1","0","0","0","0","0","0","0","0","0","0","0","0","0","0","0","0","0","0","0","0","0","0","0","0","0","0","0","0","0","0","0","0","0","0","0","0","0","0","0","0","1","202008","202204","2062"
"0263419","530010","72010010","10853107000217","3","1","00000000000000","","","","","","0","E","","","04","","01","36","04","","99","","","","","","","","","","","","","","","","0","0","1","0","0","0","1","0","0","0","0","0","0","0",0,0,0,"0",0,0,0,0,0,0,0,0,0,0,0,0,0,0,"0",0,0,0,2,0,0,0,0,0,0,0,0,0,0,0,0,"1",0,0,0,"0",0,0,0,0,"0",0,0,0,0,0,0,0,0,0,0,0,0,0,0,0,"0","0","1","1","0","0","0","0","0","0","0","0","0","0","0","0","0","0","0","0","0","0","0","0","1","0","0","0","1","1","0","0","0","0","0","0","0","0","0","0","0","0","0","0","0","0","0","0","0","0","0","1","0","0","1","1","0","0","0","0","0","0","0","0","0","0","0","0","0","0","0","0","0","0","0","0","0","0","0","0","0","0","0","0","0","0","0","0","0","0","0","0","1","202012","202204","2062"
"0263540","530010","70200760","35218058000190","3","1","00000000000000","","","","","","0","E","","","04","","01","22","03","","99","","","","","","","","53202267508","20191017","1","","","","","","0","0","1","0","0","0","1","0","0","0","0","0","0","0",0,0,0,"0",0,0,0,0,0,0,0,0,0,0,0,0,0,0,"0",0,0,0,1,0,0,0,0,0,0,0,0,0,0,0,0,"1",0,0,0,"0",0,0,0,0,"0",0,0,0,0,0,0,0,0,0,0,0,0,0,0,0,"0","0","0","0","0","0","0","0","0","0","0","0","0","0","0","0","0","0","0","0","0","0","0","0","0","0","0","0","1","1","0","0","0","0","0","0","0","0","0","0","0","0","0","0","0","0","0","0","0","0","0","1","0","0","0","0","0","0","0","0","0","0","0","0","0","0","0","0","0","0","0","0","0","0","0","0","0","0","0","0","0","0","0","0","0","0","0","0","0","0","0","0","1","202008","202204","2062"
"0263680","530010","70610907","00000000000000","3","3","00394700000108","","","","0015","","1","E","","","04","","02","02","03","","99","","","","","","","","","","","","","","","","1","0","0","0","0","0","1","0","0","0","0","0","0","0",0,0,0,"0",0,0,0,0,0,0,0,0,0,0,0,0,0,0,"0",1,0,0,1,0,0,0,0,0,0,0,0,0,0,0,0,"1",0,0,0,"0",0,0,0,0,"0",0,0,0,0,0,0,0,0,0,0,0,0,0,0,0,"0","0","1","0","0","0","0","0","0","0","0","0","0","0","0","0","0","0","0","0","1","0","0","0","1","0","0","0","1","1","0","0","0","0","0","0","0","0","0","0","0","0","0","0","0","0","0","0","0","0","1","0","0","0","0","0","0","0","0","0","0","0","0","0","0","0","0","0","0","0","0","0","0","0","0","0","0","0","0","0","0","0","0","0","0","0","0","0","0","0","0","0","1","202105","202204","1023"
"0264148","530010","70390100","34361114000189","3","1","00000000000000","","","","0015","","0","E","","","04","","03","36","03","","99","","","","","","","","RAD 0537401","20191211","1","","","","","","0","0","1","0","0","0","1","0","0","0","0","0","0","0",0,0,0,"0",0,0,0,0,0,0,0,0,0,0,0,0,0,0,"0",0,1,0,0,0,0,0,0,0,0,0,0,0,0,0,0,"1",0,0,0,"0",0,0,0,0,"0",0,0,0,0,0,0,0,0,0,0,0,0,0,0,0,"0","0","1","0","0","0","0","0","0","0","0","0","0","0","0","0","0","0","0","0","0","0","0","0","1","1","0","0","1","1","0","0","0","0","0","0","0","0","0","0","0","0","0","0","0","0","0","0","0","0","0","1","0","0","0","1","0","0","0","0","0","0","0","0","0","0","0","0","0","0","0","0","0","0","0","0","0","0","0","0","0","0","0","0","0","0","0","0","0","0","0","0","1","202008","202204","2062"
"0264253","530010","70200740","30018978000141","3","1","00000000000000","","","","0015","","0","E","","","04","","01","36","03","","99","","","","","","","","","","","","","","","","0","0","1","0","0","0","1","0","0","0","0","0","0","0",0,0,0,"0",0,0,0,0,0,0,0,0,0,0,0,0,0,0,"0",0,4,0,0,0,0,0,0,0,0,0,0,0,0,0,0,"1",0,0,0,"0",0,0,0,0,"0",0,0,0,0,0,0,0,0,0,0,0,0,0,0,0,"0","0","0","1","0","0","0","0","0","0","0","0","0","0","0","0","0","0","0","0","0","0","0","0","1","1","0","0","1","1","0","0","0","0","0","0","0","0","0","0","0","0","0","0","0","0","0","0","0","0","0","1","0","0","1","1","0","0","0","0","0","0","0","0","0","0","0","0","0","0","0","0","0","0","0","0","0","0","0","0","0","0","0","0","0","0","0","0","0","0","0","0","1","202008","202204","2062"
"0264318","530010","72235567","27315031000198","3","1","00000000000000","","","","0040","","0","E","","","04","","03","39","03","","99","","","","","","","","","","","","","","","","0","0","1","0","0","0","1","0","0","0","0","0","0","0",0,0,0,"0",0,0,0,0,0,0,0,0,0,0,0,0,0,0,"0",0,0,0,0,0,0,0,0,0,0,0,0,0,0,0,0,"0",0,0,0,"0",0,0,0,0,"0",0,0,0,0,0,0,0,0,0,0,0,0,0,0,0,"0","0","0","0","0","0","0","0","0","0","0","0","0","0","0","0","0","0","0","0","0","0","0","0","0","1","1","0","1","1","0","0","0","0","0","0","0","0","0","0","0","0","0","0","0","0","0","0","0","0","0","1","0","0","0","0","0","0","0","0","0","0","0","0","0","0","0","0","0","0","0","0","0","0","0","0","0","0","0","0","0","0","0","0","0","0","0","0","0","0","0","0","1","202008","202204","2305"
"0264628","530010","70710146","28109408000115","3","1","00000000000000","","","","","","0","E","","","04","","01","22","03","","99","","","","","","","","","20200101","1","","","","","","0","0","1","0","0","0","1","0","0","0","0","0","0","0",0,0,0,"0",0,0,0,0,0,0,0,0,0,0,0,0,0,0,"0",0,0,0,1,0,0,0,0,0,0,0,0,0,0,0,0,"1",0,0,0,"0",0,0,0,0,"0",0,0,0,0,0,0,0,0,0,0,0,0,0,0,0,"0","0","0","1","0","0","0","0","0","0","0","0","0","0","0","0","0","0","0","0","0","0","0","0","1","0","0","0","1","1","0","0","0","0","0","0","0","0","0","0","0","0","0","0","0","0","0","0","0","0","0","0","0","0","0","1","0","0","0","0","0","0","0","0","0","0","0","0","0","0","0","0","0","0","0","0","0","0","0","0","0","0","0","0","0","0","0","0","0","0","0","0","1","202008","202204","2062"
"0264679","530010","70390140","35741041000113","3","1","00000000000000","","","","0015","","0","E","","","04","","01","04","04","","99","","","","","","","","53600412176","20191209","1","","","","","","0","0","1","0","0","0","1","0","0","0","0","0","0","0",0,0,0,"0",0,0,0,0,0,0,0,0,0,0,0,0,0,0,"0",1,2,0,1,0,0,0,0,0,0,0,0,0,0,0,0,"1",0,0,0,"0",0,0,0,0,"0",0,0,0,0,0,0,0,0,0,0,0,0,0,0,0,"0","0","0","1","0","0","0","0","0","0","0","0","0","0","0","0","0","0","0","0","0","0","0","0","1","0","0","0","1","1","0","0","0","0","0","0","0","0","0","0","0","0","0","0","0","0","0","0","0","0","0","1","0","0","0","0","0","0","0","0","0","0","0","0","0","0","0","0","0","0","0","0","0","0","0","0","0","0","0","0","0","0","0","0","0","0","0","0","0","0","0","0","1","202104","202204","2305"
"0265403","530010","71916500","11208523000144","3","1","00000000000000","","","","9901","","0","E","","","04","","01","36","04","","99","","","","","","","","","","","","","","","","0","0","1","0","0","0","1","0","0","0","0","0","0","0",0,0,0,"0",0,0,0,0,0,0,0,0,0,0,0,0,0,0,"0",0,0,0,1,0,0,0,0,0,0,0,0,0,0,0,0,"1",0,0,0,"0",0,0,0,0,"0",0,0,0,0,0,0,0,0,0,0,0,0,0,0,0,"0","0","1","0","0","0","0","0","0","0","0","0","0","0","0","0","0","0","0","0","0","0","0","0","1","0","0","0","1","1","0","0","0","0","0","0","0","0","0","0","0","0","0","0","0","0","0","0","0","0","0","1","0","0","0","1","0","0","0","0","0","0","0","0","0","0","0","0","0","0","0","0","0","0","0","0","0","0","0","0","0","0","0","0","0","0","0","0","0","0","0","0","1","202008","202204","2062"
"0266825","530010","71931720","31822110000162","3","1","00000000000000","","","","","","0","E","","","04","","03","22","04","","99","","","","","","","","08.086.401/001-86","20210924","2","","","","","","0","0","1","0","0","0","1","0","0","0","0","0","0","0",0,0,0,"0",0,0,0,0,0,0,0,0,0,0,0,0,0,0,"0",0,0,0,1,0,0,0,0,0,0,0,0,0,0,0,0,"1",0,0,0,"0",0,0,0,0,"0",0,0,0,0,0,0,0,0,0,0,0,0,0,0,0,"0","0","1","0","0","0","0","0","0","0","0","0","0","0","0","0","0","0","0","1","0","0","0","0","1","1","0","0","1","1","0","0","0","0","0","0","0","0","0","0","0","0","0","0","0","0","0","0","0","0","0","1","0","0","0","1","0","0","0","0","0","0","0","0","0","0","0","0","0","0","0","0","0","0","0","0","0","0","0","0","0","0","0","0","0","0","0","0","0","0","0","0","1","202111","202204","2135"
"0267384","530010","70297400","07931087000160","3","1","00000000000000","","","","","","0","E","","","04","","03","22","03","","99","","","","","","","","","","","","","","","","0","0","1","0","0","0","1","0","0","0","0","0","0","0",0,0,0,"0",0,0,0,0,0,0,0,0,0,0,0,0,0,0,"0",0,0,0,0,0,0,0,0,1,0,0,0,0,0,0,0,"1",0,0,0,"0",0,0,0,0,"0",0,0,0,0,0,0,0,0,0,0,0,0,0,0,0,"0","0","0","0","0","0","0","0","0","0","0","0","0","0","0","0","0","0","0","0","0","0","0","0","0","0","0","0","1","1","0","0","0","0","0","0","0","0","0","0","0","0","0","0","0","0","0","0","0","0","0","1","0","0","0","0","0","0","0","0","0","0","0","0","0","0","0","0","0","0","0","0","0","0","0","0","0","0","0","0","0","0","0","0","0","0","0","0","0","0","0","0","1","202009","202204","2062"
"0269980","530010","70340000","33055918000197","3","1","00000000000000","","","","","","0","E","","","04","","03","22","04","","99","","","","","","","","","20190325","1","","","","","","1","0","0","0","0","0","1","0","0","0","0","0","0","0",0,0,0,"0",0,0,0,0,0,0,0,0,0,0,0,0,0,0,"0",0,0,0,1,0,0,0,0,0,0,0,0,0,0,0,0,"1",0,0,0,"0",0,0,0,0,"0",0,0,0,0,0,0,0,0,0,0,0,0,0,0,0,"0","0","1","0","0","0","0","0","0","0","0","0","0","0","0","0","0","0","0","0","0","0","0","0","1","0","0","0","1","1","0","0","0","0","0","0","0","0","0","0","0","0","0","0","0","0","0","0","0","0","0","1","0","0","0","0","0","0","0","0","0","0","0","0","0","0","0","0","0","0","0","0","0","0","0","0","0","0","0","0","0","0","0","0","0","0","0","0","0","0","0","0","1","202008","202204","2062"
"0270806","530010","72210180","04212488000171","3","1","00000000000000","","","","","","0","E","","","04","","01","36","03","","99","","","","","","","","ODO-00502/2021","20220209","1","","","","","","0","0","1","0","0","0","1","0","0","0","0","0","0","0",0,0,0,"0",0,0,0,0,0,0,0,0,0,0,0,0,0,0,"0",0,0,0,0,0,0,0,0,1,0,0,0,0,0,0,0,"1",0,0,0,"0",0,0,0,0,"0",0,0,0,0,0,0,0,0,0,0,0,0,0,0,0,"0","0","1","0","0","0","0","0","1","0","0","0","0","0","0","0","0","0","0","0","0","0","0","0","1","1","0","0","0","1","0","0","0","0","0","0","0","0","0","0","0","0","0","0","0","0","0","0","0","0","0","1","0","0","0","1","0","0","0","0","0","0","0","0","0","0","0","0","0","0","0","0","0","0","0","0","0","0","0","0","0","0","0","0","0","0","0","0","0","0","0","0","1","202203","202204","2305"
"0270881","530010","70719903","37645921000111","3","1","00000000000000","","","","","","0","E","","","04","","03","36","03","","99","","","","","","","","53202330935","20200708","1","","","","","","0","0","1","0","0","0","1","0","0","0","0","0","0","0",0,0,0,"0",0,0,0,0,0,0,0,0,0,0,0,0,0,0,"0",0,0,0,0,0,0,0,0,1,0,0,0,0,0,0,0,"1",0,0,0,"0",0,0,0,0,"0",0,0,0,0,0,0,0,0,0,0,0,0,0,0,0,"0","0","1","0","0","0","0","0","0","0","0","0","0","0","0","0","0","0","0","1","0","0","0","0","1","1","0","0","1","1","0","0","0","0","0","0","0","0","0","0","0","0","0","0","0","0","0","0","0","0","0","1","0","0","0","0","0","0","0","0","0","0","0","0","0","0","0","0","0","0","0","0","0","0","0","0","0","0","0","0","0","0","0","0","0","0","0","0","0","0","0","0","1","202010","202204","2062"
"0271004","530010","71953000","00063263000735","3","1","00000000000000","","","","9901","","0","E","","","04","","03","39","03","","99","","","","","","","","LAB Nº 00008-14","20210715","1","","","","","","0","0","1","0","0","0","1","0","0","0","0","0","0","0",0,0,0,"0",0,0,0,0,0,0,0,0,0,0,0,0,0,0,"0",0,0,0,0,0,0,0,0,0,0,0,0,0,0,0,0,"0",0,0,0,"0",0,0,0,0,"0",0,0,0,0,0,0,0,0,0,0,0,0,0,0,0,"0","0","0","0","0","0","0","0","0","0","0","0","0","0","0","0","0","0","0","0","0","0","0","0","0","1","0","0","1","1","0","0","0","0","0","0","0","0","0","0","0","0","0","0","0","0","0","0","0","0","0","0","0","0","0","0","0","0","1","0","0","0","1","0","0","0","0","0","0","0","0","0","0","0","0","0","0","0","0","0","0","0","0","0","0","0","0","0","0","0","0","0","1","202203","202204","2054"
"0272183","530010","71710585","37127021000182","3","1","00000000000000","","","","","","0","E","","","04","","01","36","03","","99","","","","","","","","","20200617","1","","","","","","0","0","1","0","0","0","1","0","0","0","0","0","0","0",0,0,0,"0",0,0,0,0,0,0,0,0,0,0,0,0,0,0,"0",0,2,0,0,0,0,0,0,0,0,0,0,0,0,0,0,"1",0,0,0,"0",0,0,0,0,"0",0,0,0,0,0,0,0,0,0,0,0,0,0,0,0,"0","0","1","0","0","0","0","0","0","0","0","0","0","0","0","0","0","0","0","0","0","0","0","0","1","0","0","0","1","1","0","0","0","0","0","0","0","0","0","0","0","0","0","0","0","0","0","0","0","0","0","1","0","0","0","1","0","0","0","0","0","0","0","0","0","0","0","0","0","0","0","0","0","0","0","0","0","0","0","0","0","0","0","0","0","0","0","0","0","0","0","0","1","202008","202204","2062"
"0273562","530010","70770560","34865026000114","3","1","00000000000000","","","","","","0","E","","","04","","01","22","03","","99","","","","","","","","EAS 0058102","20200325","1","","","","","","0","0","1","0","0","0","1","0","0","0","0","0","0","0",0,0,0,"0",0,0,0,0,0,0,0,0,0,0,0,0,0,0,"0",1,0,0,0,0,0,0,0,0,0,0,0,0,0,0,0,"1",0,0,0,"0",0,0,0,0,"0",0,0,0,0,0,0,0,0,0,0,0,0,0,0,0,"0","0","0","0","0","0","0","0","0","0","0","0","0","0","0","0","0","0","0","0","0","0","0","0","0","1","0","0","0","1","0","0","0","0","0","0","0","0","0","0","0","0","0","0","0","0","0","0","0","0","0","1","0","0","0","0","0","0","0","0","0","0","0","0","0","0","0","0","0","0","0","0","0","0","0","0","0","0","0","0","0","0","0","0","0","0","0","0","0","0","0","0","1","202008","202204","2305"
"0273694","530010","71215100","35394305000100","3","1","00000000000000","","","","0070","","0","E","","","04","","03","36","03","","99","","","","","","","","RLE","20200620","1","","","","","","0","0","1","0","0","0","1","0","0","0","0","0","0","0",0,0,0,"0",0,0,0,0,0,0,0,0,0,0,0,0,0,0,"0",1,0,0,0,0,0,0,0,0,0,0,0,0,0,0,0,"1",0,0,0,"0",0,0,0,0,"0",0,0,0,0,0,0,0,0,0,0,0,0,0,0,0,"0","0","1","0","0","0","0","0","0","0","0","0","0","0","0","0","0","0","0","0","0","0","0","0","1","0","0","0","1","1","0","0","0","0","0","0","0","0","0","0","0","0","0","0","0","0","0","0","0","0","0","1","0","0","1","1","0","0","0","0","0","0","0","0","0","0","0","0","0","0","0","0","0","0","0","0","0","0","0","0","0","0","0","0","0","0","0","0","0","0","0","0","1","202008","202204","2062"
"0274291","530010","70655775","37985922000105","3","1","00000000000000","","","","0005","","0","E","","","04","","03","36","03","","99","","","","","","","","RLE","20210825","1","","","","","","0","0","1","0","0","0","1","0","0","0","0","0","0","0",0,0,0,"0",0,0,0,0,0,0,0,0,0,0,0,0,0,0,"0",0,0,0,1,0,0,0,0,0,0,0,0,0,0,0,0,"1",0,0,0,"0",0,0,0,0,"0",0,0,0,0,0,0,0,0,0,0,0,0,0,0,0,"0","0","1","0","0","0","0","0","0","0","0","0","0","0","0","0","0","0","0","1","0","0","0","0","1","0","0","0","1","1","0","0","0","0","0","0","0","0","0","0","0","0","0","0","0","0","0","0","0","0","0","1","0","0","0","0","0","0","0","0","0","0","0","0","0","0","0","0","0","0","0","0","0","0","0","0","0","0","0","0","0","0","0","0","0","0","0","0","0","0","0","0","1","202201","202204","2054"
"0274313","530010","71927540","36927229000113","3","1","00000000000000","","","","9901","","0","E","","","04","","03","36","03","","99","","","","","","","","RLE","20210723","1","","","","","","0","0","1","0","0","0","1","0","0","0","0","0","0","0",0,0,0,"0",0,0,0,0,0,0,0,0,0,0,0,0,0,0,"0",0,0,0,1,0,0,0,0,0,0,0,0,0,0,0,0,"1",0,0,0,"0",0,0,0,0,"0",0,0,0,0,0,0,0,0,0,0,0,0,0,0,0,"0","0","1","0","0","0","0","0","0","0","0","0","0","0","0","0","0","0","0","1","0","0","0","0","1","0","0","0","1","1","0","0","0","0","0","0","0","0","0","0","0","0","0","0","0","0","0","0","0","0","0","1","0","0","0","0","0","0","0","0","0","0","0","0","0","0","0","0","0","0","0","0","0","0","0","0","0","0","0","0","0","0","0","0","0","0","0","0","0","0","0","0","1","202204","202204","2305"
"0274976","530010","72145450","33343607000123","3","1","00000000000000","","","","0010","","0","E","","","04","","01","22","06","","99","","","","","","","","B-002016","20190801","1","","","","","","0","0","1","0","0","0","1","0","0","0","0","0","0","0",0,0,0,"0",0,0,0,0,0,0,0,0,0,0,0,0,0,0,"0",0,0,0,3,0,0,0,0,0,0,0,0,0,0,0,0,"1",0,0,0,"0",0,0,0,0,"0",0,0,0,0,0,0,0,0,0,0,0,0,0,0,0,"0","0","1","0","0","0","0","0","0","0","0","0","0","0","0","0","0","0","0","0","0","0","0","0","1","0","0","0","1","1","0","0","0","0","0","0","0","0","0","0","0","0","0","0","0","0","0","0","0","0","0","1","0","0","0","0","0","0","0","0","0","0","0","0","0","0","0","0","0","0","0","0","0","0","0","0","0","0","0","0","0","0","0","0","0","0","0","0","0","0","0","0","1","202009","202204","2062"
"0274992","530010","70330530","29207314000141","3","1","00000000000000","","","","0015","","0","E","","","04","","03","39","03","","99","","","","","","","","LABNº 00345-2020","20200801","1","","","","","","0","0","1","0","0","0","1","0","0","0","0","0","0","0",0,0,0,"0",0,0,0,0,0,0,0,0,0,0,0,0,0,0,"0",0,0,0,2,0,0,0,0,0,0,0,0,0,0,0,0,"1",0,0,0,"0",0,0,0,0,"0",0,0,0,0,0,0,0,0,0,0,0,0,0,0,0,"0","0","1","0","0","0","0","0","0","0","0","0","0","0","0","0","0","0","0","0","0","0","0","0","1","1","0","0","1","1","0","0","0","0","0","0","0","0","0","0","0","0","0","0","0","0","0","0","0","0","0","1","0","0","1","1","0","0","0","0","0","0","0","0","0","0","0","0","0","0","0","0","0","0","0","0","0","0","0","0","0","0","0","0","0","0","0","0","0","0","0","0","1","202008","202204","2062"
"0275700","530010","70670432","36779495000146","3","1","00000000000000","","","","","","0","E","","","04","","01","36","04","","99","","","","","","","","ODO.00081-07","20200803","1","","","","","","0","0","1","0","0","0","1","0","0","0","0","0","0","0",0,0,0,"0",0,0,0,0,0,0,0,0,0,0,0,0,0,0,"0",0,0,0,0,0,0,0,0,4,0,0,0,0,0,0,0,"1",0,0,0,"0",0,0,0,0,"0",0,0,0,0,0,0,0,0,0,0,0,0,0,0,0,"0","0","1","0","0","0","0","0","1","0","0","0","0","0","0","0","0","0","0","1","0","0","0","0","1","1","0","0","1","1","0","0","0","0","0","0","0","0","0","0","0","0","0","0","0","0","0","0","0","0","0","1","0","0","1","0","0","0","0","0","0","0","0","0","0","0","0","0","0","0","0","0","0","0","0","0","0","0","0","0","0","0","0","0","0","0","0","0","0","0","0","0","1","202008","202204","2062"
"0275808","530010","70632320","20720905000143","3","1","00000000000000","","","","","","0","E","","","04","","03","36","04","","99","","","","","","","","53101426015","20191002","2","","","","","","0","0","1","0","0","0","1","0","0","0","0","0","0","0",0,0,0,"0",0,0,0,0,0,0,0,0,0,0,0,0,0,0,"0",0,1,0,0,0,0,0,0,0,0,0,0,0,0,0,0,"1",0,0,0,"0",0,0,0,0,"0",0,0,0,0,0,0,0,0,0,0,0,0,0,0,0,"0","0","1","0","0","0","0","0","0","0","0","0","0","0","0","0","0","0","0","0","0","0","0","0","1","0","0","0","1","1","0","0","0","0","0","0","0","0","0","0","0","0","0","0","0","0","0","0","0","0","0","1","0","0","0","1","0","0","0","0","0","0","0","0","0","0","0","0","0","0","0","0","0","0","0","0","0","0","0","0","0","0","0","0","0","0","0","0","0","0","0","0","1","202008","202204","2062"
"0275921","530010","70200730","32449337000258","3","1","00000000000000","","","","","","0","E","","","04","","03","22","01","","99","","","","","","","","","","1","","","","","","0","0","1","0","0","0","1","0","0","0","0","0","0","0",0,0,0,"0",0,0,0,0,0,0,0,0,0,0,0,0,0,0,"0",1,0,0,0,0,0,0,0,0,0,0,0,0,0,0,0,"1",0,0,0,"0",0,0,0,0,"0",0,0,0,0,0,0,0,0,0,0,0,0,0,0,0,"0","0","0","0","0","0","0","0","0","0","0","0","0","0","0","0","0","0","0","0","0","0","0","0","0","0","0","0","1","1","0","0","0","0","0","0","0","0","0","0","0","0","0","0","0","0","0","0","0","0","0","1","0","0","0","1","0","0","0","0","0","0","0","0","0","0","0","0","0","0","0","0","0","0","0","0","0","0","0","0","0","0","0","0","0","0","0","0","0","0","0","0","1","202008","202204","2305"
"0275948","530010","71906750","37718196000164","3","1","00000000000000","","","","","","0","E","","","04","","03","22","03","","99","","","","","","","","53600443560","20200714","2","","","","","","0","0","1","0","0","0","1","0","0","0","0","0","0","0",0,0,0,"0",0,0,0,0,0,0,0,0,0,0,0,0,0,0,"0",0,0,0,1,0,0,0,0,0,0,0,0,0,0,0,0,"1",0,0,0,"0",0,0,0,0,"0",0,0,0,0,0,0,0,0,0,0,0,0,0,0,0,"0","0","1","0","0","0","0","0","0","0","0","0","0","0","0","0","0","0","0","1","0","0","0","0","1","0","0","0","1","1","0","0","0","0","0","0","0","0","0","0","0","0","0","0","0","0","0","0","0","0","0","1","0","0","0","1","0","0","0","0","0","0","0","0","0","0","0","0","0","0","0","0","0","0","0","0","0","0","0","0","0","0","0","0","0","0","0","0","0","0","0","0","1","202008","202204","2305"
"0278084","530010","70200760","32063020000106","3","1","00000000000000","","","","","","0","E","","","04","","03","22","04","","99","","","","","","","","","20200821","1","","","","","","0","0","1","0","0","0","1","0","0","0","0","0","0","0",0,0,0,"0",0,0,0,0,0,0,0,0,0,0,0,0,0,0,"0",0,0,0,1,0,0,0,0,0,0,0,0,0,0,0,0,"1",0,0,0,"0",0,0,0,0,"0",0,0,0,0,0,0,0,0,0,0,0,0,0,0,0,"0","0","0","0","0","0","0","0","0","0","0","0","0","0","0","0","0","0","0","0","0","0","0","0","0","0","0","0","1","1","0","0","0","0","0","0","0","0","0","0","0","0","0","0","0","0","0","0","0","0","0","1","0","0","0","0","0","0","0","0","0","0","0","0","0","0","0","0","0","0","0","0","0","0","0","0","0","0","0","0","0","0","0","0","0","0","0","0","0","0","0","0","1","202008","202204","2305"
"0279277","530010","70390145","38146771000164","3","1","00000000000000","","","","0015","","0","E","","","04","","01","22","03","","99","","","","","","","","RLE DIGITAL","20200821","1","","","","","","0","0","1","0","0","0","1","0","0","0","0","0","0","0",0,0,0,"0",0,0,0,0,0,0,0,0,0,0,0,0,0,0,"0",1,0,0,0,0,0,0,0,0,0,0,0,0,0,0,0,"1",0,0,0,"0",0,0,0,0,"0",0,0,0,0,0,0,0,0,0,0,0,0,0,0,0,"0","0","1","0","0","0","0","0","0","0","0","0","0","0","0","0","0","0","0","0","0","0","0","0","1","1","0","0","1","1","0","0","0","0","0","0","0","0","0","0","0","0","0","0","0","0","0","0","0","0","0","1","0","0","0","1","0","0","0","0","0","0","0","0","0","0","0","0","0","0","0","0","0","0","0","0","0","0","0","0","0","0","0","0","0","0","0","0","0","0","0","0","1","202008","202204","2305"
"0279293","530010","72405400","37831292000114","3","1","00000000000000","","","","0060","","0","E","","","04","","01","36","03","","99","","","","","","","","RLE DIGITAL","20200819","1","","","","","","0","0","1","0","0","0","1","0","0","0","0","0","0","0",0,0,0,"0",0,0,0,0,0,0,0,0,0,0,0,0,0,0,"0",0,0,0,0,0,0,0,0,4,0,0,0,0,0,0,0,"1",0,0,0,"0",0,0,0,0,"0",0,0,0,0,0,0,0,0,0,0,0,0,0,0,0,"0","0","1","0","0","0","0","0","0","0","0","0","0","0","0","0","0","0","0","0","0","0","0","0","1","1","0","0","1","1","0","0","0","0","0","0","0","0","0","0","0","0","0","0","0","0","0","0","0","0","0","1","0","0","0","1","0","0","0","0","0","0","0","0","0","0","0","0","0","0","0","0","0","0","0","0","0","0","0","0","0","0","0","0","0","0","0","0","0","0","0","0","1","202008","202204","2305"
"0279390","530010","72215565","38014241000162","3","1","00000000000000","","","","","","0","E","","","04","","03","36","03","","99","","","","","","","","LICENCIAMENTO","20200810","1","","","","","","0","0","1","0","0","0","1","0","0","0","0","0","0","0",0,0,0,"0",0,0,0,0,0,0,0,0,0,0,0,0,0,0,"0",1,0,0,0,0,0,0,0,0,0,0,0,0,0,0,0,"1",0,0,0,"0",0,0,0,0,"0",0,0,0,0,0,0,0,0,0,0,0,0,0,0,0,"0","0","0","1","0","0","0","0","0","1","0","0","0","0","0","0","0","0","0","0","0","0","0","0","1","0","0","0","1","1","0","0","0","0","0","0","0","0","0","0","0","0","0","0","0","0","0","0","0","0","0","0","0","0","0","1","0","0","0","0","0","0","0","0","0","0","0","0","0","0","0","0","0","0","0","0","0","0","0","0","0","0","0","0","0","0","0","0","0","0","0","0","1","202008","202204","2062"
"0280623","530010","73036135","35208075000147","3","1","00000000000000","","","","0170","","0","E","","","04","","01","22","04","","99","","","","","","","","RLE DIGITAL","20201123","1","","","","","","0","0","1","0","0","0","1","0","0","0","0","0","0","0",0,0,0,"0",0,0,0,0,0,0,0,0,0,0,0,0,0,0,"0",0,0,0,2,0,0,0,0,0,0,0,0,0,0,0,0,"1",0,0,0,"0",0,0,0,0,"0",0,0,0,0,0,0,0,0,0,0,0,0,0,0,0,"0","0","1","0","0","0","0","0","0","0","0","0","0","0","0","0","0","0","0","0","0","0","0","0","1","0","0","0","1","1","0","0","0","0","0","0","0","0","0","0","0","0","0","0","0","0","0","0","0","0","0","1","0","0","0","1","0","0","0","0","0","0","0","0","0","0","0","0","0","0","0","0","0","0","0","0","0","0","0","0","0","0","0","0","0","0","0","0","0","0","0","0","1","202012","202204","2062"
"0280658","530010","71680349","36363743000173","3","1","00000000000000","","","","","","0","E","","","04","","","22","03","","99","","","","","","","","53101443068","20200218","1","","","","","","0","0","1","0","0","0","1","0","0","0","0","0","0","0",0,0,0,"0",0,0,0,0,0,0,0,0,0,0,0,0,0,0,"0",0,0,0,1,0,0,0,0,0,0,0,0,0,0,0,0,"1",0,0,0,"0",0,0,0,0,"0",0,0,0,0,0,0,0,0,0,0,0,0,0,0,0,"0","0","0","0","0","0","0","0","0","0","0","0","0","0","0","0","0","0","0","0","0","0","0","0","0","0","0","0","1","1","0","0","0","0","0","0","0","0","0","0","0","0","0","0","0","0","0","0","0","0","0","1","0","0","1","0","0","0","0","0","0","0","0","0","0","0","0","0","0","0","0","0","0","0","0","0","0","0","0","0","0","0","0","0","0","0","0","0","0","0","0","0","1","202008","202204","2135"
"0281727","530010","72215507","37257282000117","3","1","00000000000000","","","","","","0","E","","","04","","01","77","06","","99","","","","","","","","","20200806","1","","","","","","0","0","1","0","0","0","1","0","0","0","0","0","0","0",0,0,0,"0",0,0,0,0,0,0,0,0,0,0,0,0,0,0,"0",0,0,0,0,0,0,0,0,0,0,0,0,0,0,0,0,"0",0,0,0,"0",0,0,0,0,"0",0,0,0,0,0,0,0,0,0,0,0,0,0,0,0,"0","0","1","0","0","0","0","0","0","0","0","0","0","0","0","0","0","0","0","0","0","0","0","0","1","0","0","0","1","1","0","1","0","0","0","0","0","0","0","0","0","0","1","0","0","0","0","0","0","0","0","1","0","0","0","0","0","0","0","0","0","0","0","0","0","0","0","0","0","0","0","0","0","0","0","0","0","0","0","0","0","0","0","0","0","0","0","0","0","0","0","0","1","202009","202204","2062"
"0282014","530010","71907720","37151656000115","3","1","00000000000000","","","","9901","","0","E","","","04","","03","36","03","","99","","","","","","","","ODO-00109-22","20200825","1","","","","","","0","0","1","0","0","0","1","0","0","0","0","0","0","0",0,0,0,"0",0,0,0,0,0,0,0,0,0,0,0,0,0,0,"0",0,0,0,0,0,0,0,0,2,0,0,0,0,0,0,0,"1",0,0,0,"0",0,0,0,0,"0",0,0,0,0,0,0,0,0,0,0,0,0,0,0,0,"0","0","0","0","0","0","0","0","1","0","0","0","0","0","0","0","0","0","0","0","0","0","0","0","1","1","1","0","1","1","0","0","0","0","0","0","0","0","0","0","0","0","0","0","0","0","0","0","0","0","0","1","0","0","1","1","0","0","0","0","0","0","0","0","0","0","0","0","0","0","0","0","0","0","0","0","0","0","0","0","0","0","0","0","0","0","0","0","0","0","0","0","1","202008","202204","2062"
"0282030","530010","70390078","36005344000130","3","1","00000000000000","","","","0015","","0","E","","","04","","01","22","03","","99","","","","","","","","RLE","20200414","1","","","","","","0","0","1","0","0","0","1","0","0","0","0","0","0","0",0,0,0,"0",0,0,0,0,0,0,0,0,0,0,0,0,0,0,"0",0,0,0,1,0,0,0,0,0,0,0,0,0,0,0,0,"1",0,0,0,"0",0,0,0,0,"0",0,0,0,0,0,0,0,0,0,0,0,0,0,0,0,"0","0","1","0","0","0","0","0","0","0","0","0","0","0","0","0","0","0","0","0","0","0","0","0","1","0","0","0","1","1","0","0","0","0","0","0","0","0","0","0","0","0","0","0","0","0","0","0","0","0","0","1","0","0","0","0","0","0","0","0","0","0","0","0","0","0","0","0","0","0","0","0","0","0","0","0","0","0","0","0","0","0","0","0","0","0","0","0","0","0","0","0","1","202008","202204","2062"
"0282154","530010","71995020","37524366000170","3","1","00000000000000","","","","","","0","E","","","04","","03","77","04","","99","","","","","","","","LPI- 00004-22/2020","20200805","1","","","","","","0","0","1","0","0","0","1","0","0","0","0","0","0","0",0,0,0,"0",0,0,0,0,0,0,0,0,0,0,0,0,0,0,"0",0,1,0,1,0,0,0,0,0,0,0,0,0,0,0,0,"1",0,0,0,"0",0,0,0,0,"0",0,0,0,0,0,0,0,0,0,0,0,0,0,0,0,"0","0","0","0","0","0","0","0","0","0","0","0","0","0","0","0","0","0","0","0","0","0","0","0","0","0","0","0","1","1","0","0","0","0","0","0","0","0","0","0","0","0","0","0","0","0","0","0","0","0","0","1","0","0","0","1","0","0","0","0","0","0","0","0","0","0","0","0","0","0","0","0","0","0","0","0","0","0","0","0","0","0","0","0","0","0","0","0","0","0","0","0","1","202008","202204","2062"
"0283444","530010","70330530","19954752000110","3","1","00000000000000","","","","0015","","0","E","","","04","","01","36","03","","99","","","","","","","","CERTIFICADO LICENCIAMETO","20200429","1","","","","","","0","0","1","0","0","0","1","0","0","0","0","0","0","0",0,0,0,"0",0,0,0,0,0,0,0,0,0,0,0,0,0,0,"0",0,1,0,0,0,0,0,0,0,0,0,0,0,0,0,0,"1",0,0,0,"0",0,0,0,0,"0",0,0,0,0,0,0,0,0,0,0,0,0,0,0,0,"0","0","1","0","0","0","0","0","0","0","0","0","0","0","0","0","0","0","0","0","0","0","0","0","1","0","0","0","1","1","0","0","0","0","0","0","0","0","0","0","0","0","0","0","0","0","0","0","0","0","0","1","0","0","0","0","0","0","0","0","0","0","0","0","0","0","0","0","0","0","0","0","0","0","0","0","0","0","0","0","0","0","0","0","0","0","0","0","0","0","0","0","1","202008","202204","2062"
"0283452","530010","72115180","32889478000100","3","1","00000000000000","","","","0180","","0","E","","","04","","01","22","01","","99","","","","","","","","CERT DISP LICENCIAMENTO","20200417","1","","","","","","0","0","1","0","0","0","1","0","0","0","0","0","0","0",0,0,0,"0",0,0,0,0,0,0,0,0,0,0,0,0,0,0,"0",1,0,0,0,0,0,0,0,0,0,0,0,0,0,0,0,"1",0,0,0,"0",0,0,0,0,"0",0,0,0,0,0,0,0,0,0,0,0,0,0,0,0,"0","0","1","0","0","0","0","0","0","0","0","0","0","0","0","0","0","0","0","0","0","0","0","0","1","0","0","0","1","1","0","0","0","0","0","0","0","0","0","0","0","0","0","0","0","0","0","0","0","0","0","1","0","0","0","0","0","0","0","0","0","0","0","0","0","0","0","0","0","0","0","0","0","0","0","0","0","0","0","0","0","0","0","0","0","0","0","0","0","0","0","0","1","202008","202204","2305"
"0283460","530010","70390908","37277568000164","3","1","00000000000000","","","","0015","","0","E","","","04","","01","36","03","","99","","","","","","","","CERT LICENCIAMENTO","20200624","1","","","","","","0","0","1","0","0","0","1","0","0","0","0","0","0","0",0,0,0,"0",0,0,0,0,0,0,0,0,0,0,0,0,0,0,"0",0,1,0,0,0,0,0,0,0,0,0,0,0,0,0,0,"1",0,0,0,"0",0,0,0,0,"0",0,0,0,0,0,0,0,0,0,0,0,0,0,0,0,"0","0","1","0","0","0","0","0","0","0","0","0","0","0","0","0","0","0","0","0","0","0","0","0","1","0","0","0","1","1","0","0","0","0","0","0","0","0","0","0","0","0","0","0","0","0","0","0","0","0","0","1","0","0","0","0","0","0","0","0","0","0","0","0","0","0","0","0","0","0","0","0","0","0","0","0","0","0","0","0","0","0","0","0","0","0","0","0","0","0","0","0","1","202008","202204","2062"
"0283495","530010","70200740","36317745000126","3","1","00000000000000","","","","0015","","0","E","","","04","","01","36","03","","99","","","","","","","","CERTIFICADO DE LICENCIAME","20200210","1","","","","","","0","0","1","0","0","0","1","0","0","0","0","0","0","0",0,0,0,"0",0,0,0,0,0,0,0,0,0,0,0,0,0,0,"0",0,1,0,0,0,0,0,0,0,0,0,0,0,0,0,0,"1",0,0,0,"0",0,0,0,0,"0",0,0,0,0,0,0,0,0,0,0,0,0,0,0,0,"0","0","1","0","0","0","0","0","0","0","0","0","0","0","0","0","0","0","0","0","0","0","0","0","1","0","0","0","1","1","0","0","0","0","0","0","0","0","0","0","0","0","0","0","0","0","0","0","0","0","0","1","0","0","0","0","0","0","0","0","0","0","0","0","0","0","0","0","0","0","0","0","0","0","0","0","0","0","0","0","0","0","0","0","0","0","0","0","0","0","0","0","1","202008","202204","2062"
"0283541","530010","70390108","27698842000115","3","1","00000000000000","","","","0015","","0","E","","","04","","01","36","03","","99","","","","","","","","CERTIFICADO DE LICENCIAME","20200505","1","","","","","","0","0","1","0","0","0","1","0","0","0","0","0","0","0",0,0,0,"0",0,0,0,0,0,0,0,0,0,0,0,0,0,0,"0",0,1,0,0,0,0,0,0,0,0,0,0,0,0,0,0,"1",0,0,0,"0",0,0,0,0,"0",0,0,0,0,0,0,0,0,0,0,0,0,0,0,0,"0","0","1","0","0","0","0","0","0","0","0","0","0","0","0","0","0","0","0","0","0","0","0","0","1","0","0","0","1","1","0","0","0","0","0","0","0","0","0","0","0","0","0","0","0","0","0","0","0","0","0","1","0","0","0","0","0","0","0","0","0","0","0","0","0","0","0","0","0","0","0","0","0","0","0","0","0","0","0","0","0","0","0","0","0","0","0","0","0","0","0","0","1","202008","202204","2062"
"0284548","530010","71010900","00000000000000","3","3","00394700000108","","","","0070","","1","E","","","04","","01","68","03","","99","","","","","","","","","","","","","","","","0","0","0","0","0","0","0","0","0","0","0","0","0","0",0,0,0,"0",0,0,0,0,0,0,0,0,0,0,0,0,0,0,"0",0,0,0,0,0,0,0,0,0,0,0,0,0,0,0,0,"0",0,0,0,"0",0,0,0,0,"0",0,0,0,0,0,0,0,0,0,0,0,0,0,0,0,"0","0","0","0","0","0","0","0","0","0","0","0","0","0","0","0","0","0","0","0","0","0","0","0","0","1","0","0","1","1","0","0","0","0","0","0","0","0","0","0","0","0","0","0","0","0","0","0","0","0","1","0","0","0","0","0","0","0","0","0","0","0","0","0","0","0","0","0","0","0","0","0","0","0","0","0","0","0","1","0","0","0","0","0","0","1","0","0","0","0","0","0","1","202009","202204","1023"
"0287296","530010","72546304","30440828000121","3","1","00000000000000","","","","0150","","0","E","","","04","","01","22","03","","99","","","","","","","","RLE DIGITAL","20200824","1","","","","","","0","0","1","0","0","0","1","0","0","0","0","0","0","0",0,0,0,"0",0,0,0,0,0,0,0,0,0,0,0,0,0,0,"0",0,0,0,1,0,0,0,0,0,0,0,0,0,0,0,0,"1",0,0,0,"0",0,0,0,0,"0",0,0,0,0,0,0,0,0,0,0,0,0,0,0,0,"0","0","1","0","0","0","0","0","0","0","0","0","0","0","0","0","0","0","0","0","0","0","0","0","1","0","0","0","1","1","0","0","0","0","0","0","0","0","0","0","0","0","0","0","0","0","0","0","0","0","0","1","0","0","0","1","0","0","0","0","0","0","0","0","0","0","0","0","0","0","0","0","0","0","0","0","0","0","0","0","0","0","0","0","0","0","0","0","0","0","0","0","1","202009","202204","2062"
"0287318","530010","70315900","26042232000104","3","1","00000000000000","","","","0015","","0","E","","","04","","01","22","03","","99","","","","","","","","RLE","20190823","1","","","","","","0","0","1","0","0","0","1","0","0","0","0","0","0","0",0,0,0,"0",0,0,0,0,0,0,0,0,0,0,0,0,0,0,"0",1,0,0,0,0,0,0,0,0,0,0,0,0,0,0,0,"1",0,0,0,"0",0,0,0,0,"0",0,0,0,0,0,0,0,0,0,0,0,0,0,0,0,"0","0","1","0","0","0","0","0","0","0","0","0","0","0","0","0","0","0","0","0","0","0","0","0","1","0","0","0","1","1","0","0","0","0","0","0","0","0","0","0","0","0","0","0","0","0","0","0","0","0","0","1","0","0","0","1","0","0","0","0","0","0","0","0","0","0","0","0","0","0","0","0","0","0","0","0","0","0","0","0","0","0","0","0","0","0","0","0","0","0","0","0","1","202009","202204","2135"
"0288071","530010","70390095","26475009000142","3","1","00000000000000","","","","","","0","E","","","04","","03","04","03","","99","","","","","","","","53202085752","20211028","1","","","","","","0","0","1","0","0","0","1","0","0","0","0","0","0","0",0,0,0,"0",0,0,0,0,0,0,0,0,0,0,0,0,0,0,"0",0,4,0,2,0,0,0,0,0,0,0,0,0,0,0,0,"1",0,0,0,"0",0,0,0,0,"0",0,0,0,0,0,0,0,0,0,0,0,0,0,0,0,"0","0","1","0","0","0","0","0","0","0","0","0","0","0","0","0","0","0","0","0","0","0","0","0","1","1","0","0","1","1","0","0","0","0","0","0","0","0","0","0","0","0","0","0","0","0","0","0","0","0","0","1","0","0","0","1","0","0","0","0","0","0","0","0","0","0","0","0","0","0","0","0","0","0","0","0","0","0","0","0","0","0","0","0","0","0","0","0","0","0","0","0","1","202205","202204","2062"
"0295906","530010","70340000","33602255000183","3","1","00000000000000","","","","","","0","E","","","04","","01","22","04","","99","","","","","","","","CERTIFICADO","","1","","","","","","0","0","1","0","0","0","1","0","0","0","0","0","0","0",0,0,0,"0",0,0,0,0,0,0,0,0,0,0,0,0,0,0,"0",0,0,0,1,0,0,0,0,0,0,0,0,0,0,0,0,"1",0,0,0,"0",0,0,0,0,"0",0,0,0,0,0,0,0,0,0,0,0,0,0,0,0,"0","0","0","0","0","0","0","0","0","0","0","0","0","0","0","0","0","0","0","0","0","0","0","0","0","0","0","0","1","1","0","0","0","0","0","0","0","0","0","0","0","0","0","0","0","0","0","0","0","0","0","1","0","0","0","0","0","0","0","0","0","0","0","0","0","0","0","0","0","0","0","0","0","0","0","0","0","0","0","0","0","0","0","0","0","0","0","0","0","0","0","0","1","202009","202204","2135"
"0295930","530010","72410239","32220993000101","3","1","00000000000000","","","","0060","","0","E","","","04","","01","36","03","","99","","","","","","","","","","","","","","","","0","0","1","0","0","0","1","0","0","0","0","0","0","0",0,0,0,"0",0,0,0,0,0,0,0,0,0,0,0,0,0,0,"0",0,0,0,4,0,0,0,0,0,0,0,0,0,0,0,0,"1",0,0,0,"0",0,0,0,0,"0",0,0,0,0,0,0,0,0,0,0,0,0,0,0,0,"0","0","0","0","0","0","0","0","0","0","0","0","0","0","0","0","0","0","0","0","0","0","0","0","0","0","0","0","1","1","0","0","0","0","0","0","0","0","0","0","0","0","0","0","0","0","0","0","0","0","0","1","0","0","0","1","0","0","0","0","0","0","0","0","0","0","0","0","0","0","0","0","0","0","0","0","0","0","0","0","0","0","0","0","0","0","0","0","0","0","0","0","1","202009","202204","2062"
"0297380","530010","70680400","34199668000121","3","1","00000000000000","","","","9931","","0","E","","","04","","01","36","03","","99","","","","","","","","RLE DIGITAL","20200827","1","","","","","","0","0","1","0","0","0","1","0","0","0","0","0","0","0",0,0,0,"0",0,0,0,0,0,0,0,0,0,0,0,0,0,0,"0",1,0,0,0,0,0,0,0,0,0,0,0,0,0,0,0,"1",0,0,0,"0",0,0,0,0,"0",0,0,0,0,0,0,0,0,0,0,0,0,0,0,0,"0","0","1","0","0","0","0","0","0","0","0","0","0","0","0","0","0","0","0","0","0","0","0","0","1","1","1","0","1","1","0","0","0","0","0","0","0","0","0","0","0","0","0","0","0","0","0","0","0","0","0","1","0","0","0","1","0","0","0","0","0","0","0","0","0","0","0","0","0","0","0","0","0","0","0","0","0","0","0","0","0","0","0","0","0","0","0","0","0","0","0","0","1","202009","202204","2305"
"0297518","530010","70200740","33697109000189","3","1","00000000000000","","","","","","0","E","","","04","","03","22","04","","99","","","","","","","","53101422681","20200507","2","","","","","","0","0","1","0","0","0","1","0","0","0","0","0","0","0",0,0,0,"0",0,0,0,0,0,0,0,0,0,0,0,0,0,0,"0",0,1,0,0,0,0,0,0,0,0,0,0,0,0,0,0,"1",0,0,0,"0",0,0,0,0,"0",0,0,0,0,0,0,0,0,0,0,0,0,0,0,0,"0","0","1","0","0","0","0","0","0","0","0","0","0","0","0","0","0","0","0","1","0","0","0","0","1","0","0","0","1","1","0","0","0","0","0","0","0","0","0","0","0","0","0","0","0","0","0","0","0","0","0","1","0","0","0","1","0","0","0","0","0","0","0","0","0","0","0","0","0","0","0","0","0","0","0","0","0","0","0","0","0","0","0","0","0","0","0","0","0","0","0","0","1","202009","202204","2135"
"0297526","530010","72404903","35844460000180","3","1","00000000000000","","","","0060","","0","E","","","04","","01","36","04","","99","","","","","","","","RLE DIGITAL","20200227","1","","","","","","0","0","1","0","0","0","1","0","0","0","0","0","0","0",0,0,0,"0",0,0,0,0,0,0,0,0,0,0,0,0,0,0,"0",0,1,0,0,0,0,0,0,0,0,0,0,0,0,0,0,"1",0,0,0,"0",0,0,0,0,"0",0,0,0,0,0,0,0,0,0,0,0,0,0,0,0,"0","0","1","0","0","0","0","0","0","0","0","0","0","0","0","0","0","0","0","0","0","0","0","0","1","1","0","0","1","1","0","0","0","0","0","0","0","0","0","0","0","0","0","0","0","0","0","0","0","0","0","1","0","0","1","1","0","0","0","0","0","0","0","0","0","0","0","0","0","0","0","0","0","0","0","0","0","0","0","0","0","0","0","0","0","0","0","0","0","0","0","0","1","202009","202204","2062"
"0298115","530010","71906750","35344796000184","3","1","00000000000000","","","","","","0","E","","","04","","01","22","04","","99","","","","","","","","GEBXRI","20191120","1","","","","","","0","0","1","0","0","0","1","0","0","0","0","0","0","0",0,0,0,"0",0,0,0,0,0,0,0,0,0,0,0,0,0,0,"0",0,0,0,2,0,0,0,0,0,0,0,0,0,0,0,0,"1",0,0,0,"0",0,0,0,0,"0",0,0,0,0,0,0,0,0,0,0,0,0,0,0,0,"0","0","1","0","0","0","0","0","0","0","0","0","0","0","0","0","0","0","0","0","0","0","0","0","1","0","0","0","1","1","0","0","0","0","0","0","0","0","0","0","0","0","0","0","0","0","0","0","0","0","0","1","0","0","0","1","0","0","0","0","0","0","0","0","0","0","0","0","0","0","0","0","0","0","0","0","0","0","0","0","0","0","0","0","0","0","0","0","0","0","0","0","1","202201","202204","2062"
"0298212","530010","72145450","34410566000103","3","1","00000000000000","","","","0180","","0","E","","","04","","03","39","03","","99","","","","","","","","LAB0002415","20200318","1","","","","","","0","0","1","0","0","0","1","0","0","0","0","0","0","0",0,0,0,"0",0,0,0,0,0,0,0,0,0,0,0,0,0,0,"0",0,0,0,0,0,0,0,0,0,0,0,0,0,0,0,0,"0",0,0,0,"0",0,0,0,0,"0",0,0,0,0,0,0,0,0,0,0,0,0,0,0,0,"0","0","0","0","0","0","0","0","0","0","0","0","0","0","0","0","0","0","0","0","0","0","0","0","0","1","0","0","0","1","0","0","0","0","0","0","0","0","0","0","0","0","0","0","0","0","0","0","0","0","0","1","0","0","0","1","0","0","0","0","0","0","0","0","0","0","0","0","0","0","0","0","0","0","0","0","0","0","0","0","0","0","0","0","0","0","0","0","0","0","0","0","1","202009","202204","2305"
"0298476","530010","71906250","35188420000128","3","1","00000000000000","","","","","","0","E","","","04","","03","22","03","","99","","","","","","","","09039249/2020","20200811","2","","","","","","0","0","1","0","0","0","1","0","0","0","0","0","0","0",0,0,0,"0",0,0,0,0,0,0,0,0,0,0,0,0,0,0,"0",0,0,0,2,0,0,0,0,0,0,0,0,0,0,0,0,"1",0,0,0,"0",0,0,0,0,"0",0,0,0,0,0,0,0,0,0,0,0,0,0,0,0,"0","0","1","0","0","0","0","0","0","0","0","0","0","0","0","0","0","0","0","1","0","0","0","0","1","1","0","0","1","1","0","0","0","0","0","0","0","0","0","0","0","0","0","0","0","0","0","0","0","0","0","1","0","0","0","1","0","0","0","0","0","0","0","0","0","0","0","0","0","0","0","0","0","0","0","0","0","0","0","0","0","0","0","0","0","0","0","0","0","0","0","0","1","202009","202204","2062"
"0298514","530010","70097900","02011574000190","3","1","00000000000000","","","","0015","","0","E","","","04","","01","04","03","","99","","","","","","","","EAS.30030-01","20210224","1","","","","","","0","0","1","0","0","0","1","0","0","0","0","0","0","0",0,0,0,"0",0,0,0,0,0,0,0,0,0,0,0,0,0,0,"0",4,0,0,2,0,0,0,1,0,0,3,0,0,0,1,0,"1",0,0,0,"0",0,0,0,0,"0",0,0,0,0,0,0,0,0,0,0,0,0,0,0,0,"0","0","0","0","0","0","0","0","0","1","0","0","0","0","0","0","0","1","0","0","1","0","0","0","1","1","0","0","1","1","0","0","0","0","0","0","0","0","0","0","0","0","0","0","0","0","0","0","0","0","0","0","0","0","1","0","0","0","0","0","0","0","0","0","0","0","0","0","0","0","0","0","0","0","0","0","0","0","0","0","0","0","0","0","0","0","0","0","0","0","0","0","1","202203","202204","1074"
"0298719","530010","70390055","10962494000149","3","1","00000000000000","","","","","","0","E","","","04","","03","22","03","","99","","","","","","","","530011685121","20210430","1","","","","","","0","0","1","0","0","0","1","0","0","0","0","0","0","0",0,0,0,"0",0,0,0,0,0,0,0,0,0,0,0,0,0,0,"0",0,0,0,1,0,0,0,0,0,0,0,0,0,0,0,0,"1",0,0,0,"0",0,0,0,0,"0",0,0,0,0,0,0,0,0,0,0,0,0,0,0,0,"0","0","1","0","0","0","0","0","0","0","0","0","0","0","0","0","0","0","0","0","0","0","0","0","1","1","0","0","1","1","0","0","0","0","0","0","0","0","0","0","0","0","0","0","0","0","0","0","0","0","0","1","0","0","0","1","0","0","0","0","0","0","0","0","0","0","0","0","0","0","0","0","0","0","0","0","0","0","0","0","0","0","0","0","0","0","0","0","0","0","0","0","1","202106","202204","2062"
"0298786","530010","72020180","29667538000136","3","1","00000000000000","","","","0180","","0","E","","","04","","01","04","03","","99","","","","","","","","EAS.00281-14","20200831","1","","","","","","0","0","1","0","0","0","1","0","0","0","0","0","0","0",0,0,0,"0",0,0,0,0,0,0,0,0,0,0,0,0,0,0,"0",15,5,3,0,0,0,0,0,0,2,0,0,0,0,0,0,"1",0,0,0,"0",0,0,0,0,"0",0,0,0,0,0,0,0,0,0,0,0,0,0,0,0,"0","0","1","0","0","0","0","0","0","0","0","0","0","0","0","0","0","0","0","0","0","0","0","0","1","0","0","0","1","1","0","0","0","0","0","0","0","0","0","0","0","0","0","0","0","0","0","0","0","0","0","1","0","0","0","0","0","0","1","0","0","0","0","0","0","0","0","0","0","0","0","0","0","0","0","0","0","0","0","0","0","0","0","0","0","0","0","0","0","0","0","0","1","202202","202204","2062"
"0299634","530010","72600400","37406467000146","3","1","00000000000000","","","","","","0","E","","","04","","03","22","03","","99","","","","","","","","CERTIFICADO LICENCIAMENTO","20210615","1","","","","","","0","0","1","0","0","0","1","0","0","0","0","0","0","0",0,0,0,"0",0,0,0,0,0,0,0,0,0,0,0,0,0,0,"0",0,0,0,2,0,0,0,0,0,0,0,0,0,0,0,0,"1",0,0,0,"0",0,0,0,0,"0",0,0,0,0,0,0,0,0,0,0,0,0,0,0,0,"0","0","0","1","0","0","0","0","0","0","0","0","0","0","0","0","0","0","0","0","0","0","0","0","1","0","0","0","1","1","0","0","0","0","0","0","0","0","0","0","0","0","0","0","0","0","0","0","0","0","0","0","0","0","0","1","0","0","0","0","0","0","0","0","0","0","0","0","0","0","0","0","0","0","0","0","0","0","0","0","0","0","0","0","0","0","0","0","0","0","0","0","1","202105","202204","2305"
"0299804","530010","70711070","30404226000976","3","1","00000000000000","","","","0005","","0","E","","","04","","03","36","04","","99","","","","","","","",".","20200827","2","","","","","","0","0","1","0","0","0","1","0","0","0","0","0","0","0",0,0,0,"0",0,0,0,0,0,0,0,0,0,0,0,0,0,0,"0",0,0,0,0,0,0,0,0,1,0,0,0,0,0,0,0,"1",0,0,0,"0",0,0,0,0,"0",0,0,0,0,0,0,0,0,0,0,0,0,0,0,0,"0","0","1","0","0","0","0","0","0","0","0","0","0","0","0","0","0","0","0","0","0","0","0","0","1","1","1","0","1","1","0","0","0","0","0","0","0","0","0","0","0","0","0","0","0","0","0","0","0","0","0","1","0","0","0","0","0","0","0","0","0","0","0","0","0","0","0","0","0","0","0","0","0","0","0","0","0","0","0","0","0","0","0","0","0","0","0","0","0","0","0","0","1","202009","202204","2062"
"0300578","530010","71200020","03803317000740","3","1","00000000000000","","","","9933","","0","E","","","04","","03","04","03","","99","","","","","","","","","20200825","1","","","","","","0","0","1","0","0","0","1","0","0","0","0","0","0","0",0,0,0,"0",0,0,0,0,0,0,0,0,0,0,0,0,0,0,"0",4,0,0,0,0,0,0,0,0,0,0,0,0,0,0,0,"1",0,0,0,"0",0,0,0,0,"0",0,0,0,0,0,0,0,0,0,0,0,0,0,0,0,"0","0","1","0","0","0","0","0","0","0","0","0","0","0","0","0","0","0","0","0","0","0","0","0","1","0","0","0","1","1","0","0","0","0","0","0","0","0","0","0","0","0","0","0","0","0","0","0","0","0","0","1","0","0","0","0","0","0","0","0","0","0","0","0","0","0","0","0","0","0","0","0","0","0","0","0","0","0","0","0","0","0","0","0","0","0","0","0","0","0","0","0","1","202103","202204","3077"
"0301221","530010","70710146","30755777000127","3","1","00000000000000","","","","","","0","E","","","04","","03","22","03","","99","","","","","","","","EAS-00234-02","20200805","1","","","","","","0","0","1","0","0","0","1","0","0","0","0","0","0","0",0,0,0,"0",0,0,0,0,0,0,0,0,0,0,0,0,0,0,"0",0,0,0,1,0,0,0,0,0,0,0,0,0,0,0,0,"1",0,0,0,"0",0,0,0,0,"0",0,0,0,0,0,0,0,0,0,0,0,0,0,0,0,"0","0","0","0","0","0","0","0","0","0","0","0","0","0","0","0","0","0","0","0","0","0","0","0","0","0","0","0","1","1","0","0","0","0","0","0","0","0","0","0","0","0","0","0","0","0","0","0","0","0","0","1","0","0","0","1","0","0","0","0","0","0","0","0","0","0","0","0","0","0","0","0","0","0","0","0","0","0","0","0","0","0","0","0","0","0","0","0","0","0","0","0","1","202009","202204","2062"
"0301884","530010","72035503","37471573000103","3","1","00000000000000","","","","0180","","0","E","","","04","","03","77","06","","99","","","","","","","","DFP2000155307","20200715","1","","","","","","0","0","1","0","0","0","1","0","0","0","0","0","0","0",0,0,0,"0",0,0,0,0,0,0,0,0,0,0,0,0,0,0,"1",0,0,0,0,0,0,0,0,0,0,0,0,0,0,0,0,"0",0,0,0,"0",0,0,0,0,"0",0,0,1,0,0,0,0,0,0,0,0,0,0,0,0,"0","0","0","0","0","0","0","0","0","0","0","0","0","0","0","0","0","0","0","0","1","0","0","0","1","1","0","0","1","1","0","0","0","0","0","0","0","0","0","0","0","0","0","0","0","0","0","0","0","0","0","1","0","0","1","1","0","0","0","0","0","0","0","0","0","0","0","0","0","0","0","0","0","0","0","0","0","0","0","0","0","0","0","0","0","0","0","0","0","0","0","0","1","202204","202204","2062"
"0302392","530010","73006040","00601179000566","3","1","00000000000000","","","","0170","","0","E","","","04","","03","36","03","","99","","","","","","","","EAS -01221-09","20200526","1","","","","","","0","0","1","0","0","0","1","0","0","0","0","0","0","0",0,0,0,"0",0,0,0,0,0,0,0,0,0,0,0,0,0,0,"0",0,1,0,0,0,0,0,0,0,0,0,0,0,0,0,0,"1",0,0,0,"0",0,0,0,0,"0",0,0,0,0,0,0,0,0,0,0,0,0,0,0,0,"0","0","1","0","0","0","0","0","0","0","0","0","0","0","0","0","0","0","1","0","0","0","0","0","1","0","0","0","1","1","0","0","0","0","0","0","1","0","0","0","0","0","1","0","0","0","0","0","0","0","0","1","0","0","1","1","0","0","1","0","0","1","1","0","0","0","0","0","0","0","0","0","0","0","0","0","0","0","0","0","0","0","0","0","0","0","0","0","0","0","0","0","1","202009","202204","2062"
"0302457","530010","72215206","00601179000485","3","1","00000000000000","","","","0040","","0","E","","","04","","03","36","03","","99","","","","","","","","EAS.00634-16","20200601","1","","","","","","0","0","1","0","0","0","1","0","0","0","0","0","0","0",0,0,0,"0",0,0,0,0,0,0,0,0,0,0,0,0,0,0,"0",0,1,0,0,0,0,0,0,0,0,0,0,0,0,0,0,"1",0,0,0,"0",0,0,0,0,"0",0,0,0,0,0,0,0,0,0,0,0,0,0,0,0,"0","0","1","0","0","0","0","0","0","0","0","0","0","0","0","0","0","0","0","1","0","0","0","0","1","0","0","0","1","1","0","0","0","0","0","0","1","0","0","0","0","0","1","0","0","0","0","0","0","0","0","1","0","0","1","1","0","0","1","0","0","1","1","0","0","0","0","0","0","0","0","0","0","0","0","0","0","0","0","0","0","0","0","0","0","0","0","0","0","0","0","0","1","202009","202204","2062"
"0303232","530010","70673416","36737569000181","3","1","00000000000000","","","","","","0","E","","","04","","01","36","03","","99","","","","","","","","ODO.00051-07","20200701","1","","","","","","0","0","1","0","0","0","1","0","0","0","0","0","0","0",0,0,0,"0",0,0,0,0,0,0,0,0,0,0,0,0,0,0,"0",0,0,0,0,0,0,0,0,2,0,0,0,0,0,0,0,"1",0,0,0,"0",0,0,0,0,"0",0,0,0,0,0,0,0,0,0,0,0,0,0,0,0,"0","0","1","0","0","0","0","0","1","0","0","0","0","0","0","0","0","0","0","1","0","0","0","0","1","1","0","0","1","1","0","0","0","0","0","0","0","0","0","0","0","0","0","0","0","0","0","0","0","0","0","1","0","0","0","0","0","0","0","0","0","0","0","0","0","0","0","0","0","0","0","0","0","0","0","0","0","0","0","0","0","0","0","0","0","0","0","0","0","0","0","0","1","202009","202204","2305"
"0303399","530010","71919540","06111032000140","3","1","00000000000000","","","","","","0","E","","","04","","01","22","03","","99","","","","","","","","","","","","","","","","0","0","1","0","0","0","1","0","0","0","0","0","0","0",0,0,0,"0",0,0,0,0,0,0,0,0,0,0,0,0,0,0,"0",0,1,0,0,0,0,0,0,0,0,0,0,0,0,0,0,"1",0,0,0,"0",0,0,0,0,"0",0,0,0,0,0,0,0,0,0,0,0,0,0,0,0,"0","0","1","0","0","0","0","0","0","0","0","0","0","0","0","0","0","0","0","0","0","0","0","0","1","0","0","0","1","1","0","0","0","0","0","0","0","0","0","0","0","0","0","0","0","0","0","0","0","0","0","1","0","0","0","0","0","0","0","0","0","0","0","0","0","0","0","0","0","0","0","0","0","0","0","0","0","0","0","0","0","0","0","0","0","0","0","0","0","0","0","0","1","202009","202204","2062"
"0303755","530010","71200010","00000000000000","3","3","00394700000108","","","","9933","","1","E","","","04","","01","84","03","","99","","","","","","","","","","","","","","","","0","0","0","0","0","0","0","0","0","0","0","0","0","0",0,0,0,"0",0,0,0,0,0,0,0,0,0,0,0,0,0,0,"1",0,0,0,0,0,0,0,0,0,0,0,0,0,0,0,0,"0",0,0,0,"0",0,0,0,0,"0",1,2,1,1,1,0,0,0,0,0,0,0,0,0,0,"0","0","0","0","0","0","0","0","0","0","0","0","0","0","0","0","0","0","0","0","0","0","0","0","0","1","1","0","1","1","0","0","0","0","0","0","0","0","0","0","0","0","0","0","0","0","0","0","0","0","0","0","0","0","0","0","0","0","0","0","0","0","0","0","0","0","0","0","0","0","0","0","0","0","0","0","0","0","1","0","0","0","0","0","0","0","0","0","0","0","0","0","1","202103","202204","1023"
"0305049","530010","70200700","11512164000203","3","1","00000000000000","","","","0015","","0","E","","","04","","03","22","03","","99","","","","","","","","EAS 20411-01","20210804","","","","","","","0","0","1","0","0","0","1","0","0","0","0","0","0","0",0,0,0,"0",0,0,0,0,0,0,0,0,0,0,0,0,0,0,"0",1,0,0,0,0,0,0,0,0,0,0,0,0,0,0,0,"1",0,0,0,"0",0,0,0,0,"0",0,0,0,0,0,0,0,0,0,0,0,0,0,0,0,"0","0","1","0","0","0","0","0","0","0","0","0","0","0","0","0","0","0","0","0","0","0","0","0","1","0","0","0","1","1","0","0","0","0","0","0","0","0","0","0","0","0","0","0","0","0","0","0","0","0","0","1","0","0","0","1","0","0","0","0","0","0","0","0","0","0","0","0","0","0","0","0","0","0","0","0","0","0","0","0","0","0","0","0","0","0","0","0","0","0","0","0","1","202111","202204","2062"
"0310638","530010","70390095","15684249000211","3","1","00000000000000","","","","0015","","0","E","","","04","","03","36","03","","99","","","","","","","","EAS 00640-02/2021","20210805","1","","","","","","0","0","1","0","0","0","1","0","0","0","0","0","0","0",0,0,0,"0",0,0,0,0,0,0,0,0,0,0,0,0,0,0,"0",0,1,0,0,0,0,0,0,0,0,0,0,0,0,0,0,"1",0,0,0,"0",0,0,0,0,"0",0,0,0,0,0,0,0,0,0,0,0,0,0,0,0,"0","0","1","0","0","0","0","0","0","0","0","0","0","0","0","0","0","0","0","0","0","0","0","0","1","1","0","0","1","1","0","0","0","0","0","0","0","0","0","0","0","0","0","0","0","0","0","0","0","0","0","1","0","0","0","1","0","0","0","0","0","0","0","0","0","0","0","0","0","0","0","0","0","0","0","0","0","0","0","0","0","0","0","0","0","0","0","0","0","0","0","0","1","202202","202204","2062"
"0310670","530010","70277210","34486542000138","3","1","00000000000000","","","","0015","","0","E","","","04","","03","22","03","","99","","","","","","","","RLE","20200221","1","","","","","","0","0","1","0","0","0","1","0","0","0","0","0","0","0",0,0,0,"0",0,0,0,0,0,0,0,0,0,0,0,0,0,0,"0",1,0,0,0,0,0,0,0,0,0,0,0,0,0,0,0,"1",0,0,0,"0",0,0,0,0,"0",0,0,0,0,0,0,0,0,0,0,0,0,0,0,0,"0","0","1","0","0","0","0","0","0","0","0","0","0","0","0","0","0","0","0","0","0","0","0","0","1","1","0","0","1","1","0","0","0","0","0","0","0","0","0","0","0","0","0","0","0","0","0","0","0","0","0","1","0","0","0","1","0","0","0","0","0","0","0","0","0","0","0","0","0","0","0","0","0","0","0","0","0","0","0","0","0","0","0","0","0","0","0","0","0","0","0","0","1","202009","202204","2305"
"0310689","530010","70390100","36379900000139","3","1","00000000000000","","","","0015","","0","E","","","04","","03","22","03","","99","","","","","","","","RLE","20200305","1","","","","","","0","0","1","0","0","0","1","0","0","0","0","0","0","0",0,0,0,"0",0,0,0,0,0,0,0,0,0,0,0,0,0,0,"0",1,0,0,0,0,0,0,0,0,0,0,0,0,0,0,0,"1",0,0,0,"0",0,0,0,0,"0",0,0,0,0,0,0,0,0,0,0,0,0,0,0,0,"0","0","1","0","0","0","0","0","0","0","0","0","0","0","0","0","0","0","0","0","0","0","0","0","1","1","0","0","0","1","0","0","0","0","0","0","0","0","0","0","0","0","0","0","0","0","0","0","0","0","0","1","0","0","0","1","0","0","0","0","0","0","0","0","0","0","0","0","0","0","0","0","0","0","0","0","0","0","0","0","0","0","0","0","0","0","0","0","0","0","0","0","1","202009","202204","2062"
"0310719","530010","71736970","37566567000130","3","1","00000000000000","","","","0100","","0","E","","","04","","02","40","06","","99","","","","","","","","EAS 0033-11","20211001","1","","","","","","0","0","1","0","0","0","1","0","0","0","0","0","0","0",0,0,0,"0",0,0,0,0,0,0,0,0,0,0,0,0,0,0,"0",0,0,0,0,0,0,0,0,0,0,0,0,0,0,0,0,"0",0,0,0,"0",0,0,0,0,"0",0,0,0,0,0,0,0,0,0,0,0,0,0,0,0,"0","0","0","0","0","0","0","0","0","0","0","0","0","0","0","0","0","0","0","0","1","0","0","0","1","1","0","0","1","1","0","0","0","0","0","0","0","0","0","0","0","0","0","0","0","0","0","0","0","0","0","0","0","0","0","0","0","0","0","0","0","0","0","0","0","0","0","0","0","0","0","0","0","0","0","0","0","0","0","0","0","0","0","0","0","0","0","0","0","0","1","0","1","202111","202204","2062"
"0310727","530010","70390150","35935008000124","3","1","00000000000000","","","","0015","","0","E","","","04","","03","36","03","","99","","","","","","","","RLE","20200526","1","","","","","","0","0","1","0","0","0","1","0","0","0","0","0","0","0",0,0,0,"0",0,0,0,0,0,0,0,0,0,0,0,0,0,0,"0",0,1,0,0,0,0,0,0,0,0,0,0,0,0,0,0,"1",0,0,0,"0",0,0,0,0,"0",0,0,0,0,0,0,0,0,0,0,0,0,0,0,0,"0","0","1","0","0","0","0","0","0","0","0","0","0","0","0","0","0","0","0","0","0","0","0","0","1","0","1","0","1","1","0","0","0","0","0","0","0","0","0","0","0","0","0","0","0","0","0","0","0","0","0","1","0","0","0","1","0","0","0","0","0","0","0","0","0","0","0","0","0","0","0","0","0","0","0","0","0","0","0","0","0","0","0","0","0","0","0","0","0","0","0","0","1","202009","202204","2062"
"0310743","530010","71250010","32738240000184","3","1","00000000000000","","","","","","0","E","","","04","","03","40","04","","99","","","","","","","","532023908459","20210108","2","","","","","","0","0","1","0","0","0","1","0","0","0","0","0","0","0",0,0,0,"0",0,0,0,0,0,0,0,0,0,0,0,0,0,0,"0",0,3,0,0,0,0,0,0,0,0,0,0,0,0,0,0,"1",0,0,0,"0",0,0,0,0,"0",0,0,0,0,0,0,0,0,0,0,0,0,0,0,0,"0","0","1","0","0","0","0","0","0","0","0","0","0","0","0","0","0","0","0","0","1","0","0","0","1","1","0","0","1","1","0","0","0","0","0","0","0","0","0","0","0","0","0","0","0","0","0","0","0","0","0","1","0","0","0","1","0","0","0","0","0","0","0","0","0","0","0","0","0","0","0","0","0","0","0","0","0","0","0","0","0","0","0","0","0","0","0","0","0","0","0","0","1","202203","202204","2062"
"0310794","530010","70390906","36741020000160","3","1","00000000000000","","","","","","0","E","","","04","","01","22","03","","99","","","","","","","","53202306511","20200427","1","","","","","","0","0","1","0","0","0","1","0","0","0","0","0","0","0",0,0,0,"0",0,0,0,0,0,0,0,0,0,0,0,0,0,0,"0",1,0,0,0,0,0,0,0,0,0,0,0,0,0,0,0,"1",0,0,0,"0",0,0,0,0,"0",0,0,0,0,0,0,0,0,0,0,0,0,0,0,0,"0","0","0","0","0","0","0","0","0","0","0","0","0","0","0","0","0","0","0","0","0","0","0","0","0","0","0","0","1","1","0","0","0","0","0","0","0","0","0","0","0","0","0","0","0","0","0","0","0","0","0","1","0","0","0","0","0","0","0","0","0","0","0","0","0","0","0","0","0","0","0","0","0","0","0","0","0","0","0","0","0","0","0","0","0","0","0","0","0","0","0","0","1","202009","202204","2062"
"0311367","530010","72225171","05399715000263","3","1","00000000000000","","","","0040","","0","E","","","04","","03","36","03","","99","","","","","","","","RLE","20201217","1","","","","","","0","0","1","0","0","0","1","0","0","0","0","0","0","0",0,0,0,"0",0,0,0,0,0,0,0,0,0,0,0,0,0,0,"0",0,1,0,0,0,0,0,0,0,0,0,0,0,0,0,0,"1",0,0,0,"0",0,0,0,0,"0",0,0,0,0,0,0,0,0,0,0,0,0,0,0,0,"0","0","1","0","0","0","0","0","0","0","0","0","0","0","0","0","0","0","0","0","0","0","0","0","1","1","0","0","1","1","0","0","0","0","0","0","0","0","0","0","0","0","0","0","0","0","0","0","0","0","0","1","0","0","0","0","0","0","0","0","0","0","0","0","0","0","0","0","0","0","0","0","0","0","0","0","0","0","0","0","0","0","0","0","0","0","0","0","0","0","0","0","1","202009","202204","2062"
"0314579","530010","71605460","38078804000186","3","1","00000000000000","","","","9931","","0","E","","","04","","03","36","03","","99","","","","","","","","ODO.00059-03","20190109","1","","","","","","0","0","1","0","0","0","1","0","0","0","0","0","0","0",0,0,0,"0",0,0,0,0,0,0,0,0,0,0,0,0,0,0,"0",0,0,0,0,0,0,0,0,4,0,0,0,0,0,0,0,"1",0,0,0,"0",0,0,0,0,"0",0,0,0,0,0,0,0,0,0,0,0,0,0,0,0,"0","0","1","0","0","0","0","0","0","0","0","0","0","0","0","0","0","0","0","0","0","0","0","0","1","1","0","0","1","1","0","0","0","0","0","0","0","0","0","0","0","0","0","0","0","0","0","0","0","0","0","1","0","0","0","1","0","0","0","0","0","0","0","0","0","0","0","0","0","0","0","0","0","0","0","0","0","0","0","0","0","0","0","0","0","0","0","0","0","0","0","0","1","202111","202204","2062"
"0314587","530010","70680550","05114249000141","3","1","00000000000000","","","","9931","","0","E","","","04","","03","36","03","","99","","","","","","","","RLE","20210507","1","","","","","","0","0","1","0","0","0","1","0","0","0","0","0","0","0",0,0,0,"0",0,0,0,0,0,0,0,0,0,0,0,0,0,0,"0",0,2,0,0,0,0,0,0,0,0,0,0,0,0,0,0,"1",0,0,0,"0",0,0,0,0,"0",0,0,0,0,0,0,0,0,0,0,0,0,0,0,0,"0","0","1","0","0","0","0","0","0","0","0","0","0","0","0","0","0","0","0","0","0","0","0","0","1","0","0","0","1","1","0","0","0","0","0","0","0","0","0","0","0","0","0","0","0","0","0","0","0","0","0","1","0","0","0","1","0","0","0","0","0","0","0","0","0","0","0","0","0","0","0","0","0","0","0","0","0","0","0","0","0","0","0","0","0","0","0","0","0","0","0","0","1","202111","202204","2062"
"0316954","530010","70070938","28286170000950","3","1","00000000000000","","","","","","0","E","","","04","","02","85","03","","99","","","","","","","","EAS2084801","20210917","1","","","","","","0","0","1","0","0","0","1","0","0","0","0","0","0","0",0,0,0,"0",0,0,0,0,0,0,0,0,0,0,0,0,0,0,"0",0,0,0,0,0,0,0,0,0,0,0,1,0,0,0,0,"1",0,0,0,"0",0,0,0,0,"0",0,0,0,0,0,0,0,0,0,0,0,0,0,0,0,"0","0","0","0","0","0","0","0","0","0","0","0","0","0","0","0","0","0","0","0","0","0","0","0","0","1","0","0","1","1","0","0","0","0","0","0","0","0","0","0","0","0","0","0","0","0","0","0","0","0","0","1","0","0","0","1","0","0","1","0","0","0","1","0","0","0","0","0","0","0","0","0","0","0","0","0","0","0","0","0","0","0","0","0","0","0","0","0","0","0","0","0","1","202201","202204","2062"
"0316970","530010","72302536","38193572000107","3","1","00000000000000","","","","0140","","0","E","","","04","","03","22","03","","99","","","","","","","","RLE","20200824","1","","","","","","0","0","1","0","0","0","1","0","0","0","0","0","0","0",0,0,0,"0",0,0,0,0,0,0,0,0,0,0,0,0,0,0,"0",0,0,0,1,0,0,0,0,0,0,0,0,0,0,0,0,"1",0,0,0,"0",0,0,0,0,"0",0,0,0,0,0,0,0,0,0,0,0,0,0,0,0,"0","0","1","0","0","0","0","0","0","0","0","0","0","0","0","0","0","0","0","0","0","0","0","0","1","0","0","0","1","1","0","0","0","0","0","0","0","0","0","0","0","0","0","0","0","0","0","0","0","0","0","1","0","0","0","1","0","0","0","0","0","0","0","0","0","0","0","0","0","0","0","0","0","0","0","0","0","0","0","0","0","0","0","0","0","0","0","0","0","0","0","0","1","202009","202204","2062"
"0317047","530010","71936970","37946287000157","3","1","00000000000000","","","","","","0","E","","","04","","01","36","04","","99","","","","","","","","53101452342","20200902","1","","","","","","0","0","1","0","0","0","1","0","0","0","0","0","0","0",0,0,0,"0",0,0,0,0,0,0,0,0,0,0,0,0,0,0,"0",0,0,0,1,0,0,0,0,0,0,0,0,0,0,0,0,"1",0,0,0,"0",0,0,0,0,"0",0,0,0,0,0,0,0,0,0,0,0,0,0,0,0,"0","0","1","0","0","0","0","0","0","0","0","0","0","0","0","0","0","0","0","0","0","0","0","0","1","0","0","0","1","1","0","0","0","0","0","0","0","0","0","0","0","0","0","0","0","0","0","0","0","0","0","1","0","0","0","0","0","0","0","0","0","0","0","0","0","0","0","0","0","0","0","0","0","0","0","0","0","0","0","0","0","0","0","0","0","0","0","0","0","0","0","0","1","202009","202204","2135"
"0359262","530010","70200740","37714863000130","3","1","00000000000000","","","","0015","","0","E","","","04","","03","36","03","","99","","","","","","","","EAS.20835-01","20200709","2","","","","","","0","0","1","0","0","0","1","0","0","0","0","0","0","0",0,0,0,"0",0,0,0,0,0,0,0,0,0,0,0,0,0,0,"0",3,1,0,0,0,0,0,0,0,0,0,0,0,0,0,0,"1",0,0,0,"0",0,0,0,0,"0",0,0,0,0,0,0,0,0,0,0,0,0,0,0,0,"0","0","1","0","0","0","0","0","0","0","0","0","0","0","0","0","0","0","0","0","0","0","0","0","1","1","0","0","1","1","0","0","0","0","0","0","0","0","0","0","0","0","0","0","0","0","0","0","0","0","0","1","0","0","0","1","0","0","0","0","0","0","0","0","0","0","0","0","0","0","0","0","0","0","0","0","0","0","0","0","0","0","0","0","0","0","0","0","0","0","0","0","1","202012","202204","2062"
"0359297","530010","70712904","37195865000160","3","1","00000000000000","","","","","","0","E","","","04","","03","22","03","","99","","","","","","","","DFP2000160144","20200909","1","","","","","","0","0","1","0","0","0","1","0","0","0","0","0","0","0",0,0,0,"0",0,0,0,0,0,0,0,0,0,0,0,0,0,0,"0",2,1,0,1,0,0,0,0,0,0,0,0,0,0,0,0,"1",0,0,0,"0",0,0,0,0,"0",0,0,0,0,0,0,0,0,0,0,0,0,0,0,0,"0","0","1","0","0","0","0","0","0","0","0","0","0","0","0","0","0","0","0","0","0","0","0","0","1","1","0","0","1","1","0","0","0","0","0","0","0","0","0","0","0","0","0","0","0","0","0","0","0","0","0","1","0","0","0","1","0","0","0","0","0","0","0","0","0","0","0","0","0","0","0","0","0","0","0","0","0","0","0","0","0","0","0","0","0","0","0","0","0","0","0","0","1","202201","202204","2062"
"0359653","530010","70712904","37195698000158","3","1","00000000000000","","","","","","0","E","","","04","","03","22","03","","99","","","","","","","","EAS 00496-02","20210915","1","","","","","","0","0","1","0","0","0","1","0","0","0","0","0","0","0",0,0,0,"0",0,0,0,0,0,0,0,0,0,0,0,0,0,0,"0",0,2,0,0,0,0,0,0,0,0,0,0,0,0,0,0,"1",0,0,0,"0",0,0,0,0,"0",0,0,0,0,0,0,0,0,0,0,0,0,0,0,0,"0","0","1","0","0","0","0","0","0","0","0","0","0","0","0","0","0","0","0","0","0","0","0","0","1","1","0","0","1","1","0","0","0","0","0","0","0","0","0","0","0","0","0","0","0","0","0","0","0","0","0","1","0","0","0","1","0","0","0","0","0","0","0","0","0","0","0","0","0","0","0","0","0","0","0","0","0","0","0","0","0","0","0","0","0","0","0","0","0","0","0","0","1","202110","202204","2062"
"0366986","530010","72304520","38014443000104","3","1","00000000000000","","","","0140","","0","E","","","04","","03","36","04","","99","","","","","","","","EAS - 00023 - 05","20200923","1","","","","","","0","0","1","0","0","0","1","0","0","0","0","0","0","0",0,0,0,"0",0,0,0,0,0,0,0,0,0,0,0,0,0,0,"0",0,3,0,0,0,0,0,0,0,0,0,0,0,0,0,0,"1",0,0,0,"0",0,0,0,0,"0",0,0,0,0,0,0,0,0,0,0,0,0,0,0,0,"0","0","1","0","0","0","0","0","0","0","0","0","0","0","0","0","0","0","0","0","0","1","0","0","1","0","0","0","1","1","0","0","0","0","0","0","0","0","0","0","0","0","0","0","0","0","0","0","0","0","0","1","0","0","0","1","0","0","0","0","0","0","0","0","0","0","0","0","0","0","0","0","0","0","0","0","0","0","0","0","0","0","0","0","0","0","0","0","0","0","0","0","1","202009","202204","2062"
"0372501","530010","70710100","30642085000172","3","1","00000000000000","","","","0005","","0","E","","","04","","01","22","03","","99","","","","","","","","LICENCA","20200826","1","","","","","","0","0","1","0","0","0","1","0","0","0","0","0","0","0",0,0,0,"0",0,0,0,0,0,0,0,0,0,0,0,0,0,0,"0",4,0,0,0,0,0,0,0,0,0,0,0,0,0,0,0,"1",0,0,0,"0",0,0,0,0,"0",0,0,0,0,0,0,0,0,0,0,0,0,0,0,0,"0","0","1","0","0","0","0","0","0","0","0","0","0","0","0","0","0","0","0","0","0","0","0","0","1","0","0","0","1","1","0","0","0","0","0","0","0","0","0","0","0","0","0","0","0","0","0","0","0","0","0","1","0","0","0","1","0","0","0","0","0","0","0","0","0","0","0","0","0","0","0","0","0","0","0","0","0","0","0","0","0","0","0","0","0","0","0","0","0","0","0","0","1","202009","202204","2305"
"0372846","530010","72015240","38311831000157","3","1","00000000000000","","","","","","0","E","","","04","","03","22","03","","99","","","","","","","","53202352751","20200902","1","","","","","","0","0","1","0","0","0","1","0","0","0","0","0","0","0",0,0,0,"0",0,0,0,0,0,0,0,0,0,0,0,0,0,0,"0",0,0,0,0,0,0,0,0,1,0,0,0,0,0,0,0,"1",0,0,0,"0",0,0,0,0,"0",0,0,0,0,0,0,0,0,0,0,0,0,0,0,0,"0","0","0","0","0","0","0","0","0","0","0","0","0","0","0","0","0","0","0","0","0","0","0","0","0","0","0","0","1","1","0","0","0","0","0","0","0","0","0","0","0","0","0","0","0","0","0","0","0","0","0","1","0","0","0","0","0","0","0","0","0","0","0","0","0","0","0","0","0","0","0","0","0","0","0","0","0","0","0","0","0","0","0","0","0","0","0","0","0","0","0","0","1","202009","202204","2062"
"0373869","530010","71950550","38449442000192","3","1","00000000000000","","","","9901","","0","E","","","04","","03","36","03","","99","","","","","","","","LICENCIAMENTO","20200914","1","","","","","","0","0","1","0","0","0","1","0","0","0","0","0","0","0",0,0,0,"0",0,0,0,0,0,0,0,0,0,0,0,0,0,0,"0",0,0,0,1,0,0,0,0,0,0,0,0,0,0,0,0,"1",0,0,0,"0",0,0,0,0,"0",0,0,0,0,0,0,0,0,0,0,0,0,0,0,0,"0","0","1","0","0","0","0","0","0","0","0","0","0","0","0","0","0","0","0","0","0","0","0","0","1","0","0","0","1","1","0","0","0","0","0","0","0","0","0","0","0","0","0","0","0","0","0","0","0","0","0","1","0","0","0","0","0","0","0","0","0","0","0","0","0","0","0","0","0","0","0","0","0","0","0","0","0","0","0","0","0","0","0","0","0","0","0","0","0","0","0","0","1","202009","202204","2062"
"0377848","530010","71020721","72599939000125","3","1","00000000000000","","","","","","0","E","","","04","","03","22","03","","99","","","","","","","","ODO.00027-10","20200818","1","","","","","","0","0","1","0","0","0","1","0","0","0","0","0","0","0",0,0,0,"0",0,0,0,0,0,0,0,0,0,0,0,0,0,0,"0",0,0,0,0,0,0,0,0,2,0,0,0,0,0,0,0,"1",0,0,0,"0",0,0,0,0,"0",0,0,0,0,0,0,0,0,0,0,0,0,0,0,0,"0","0","1","0","0","0","0","0","1","0","0","0","0","0","0","0","0","0","0","0","0","0","0","0","1","1","0","0","1","1","0","0","0","0","0","0","0","0","0","0","0","0","0","0","0","0","0","0","0","0","0","1","0","0","0","1","0","0","0","0","0","0","0","0","0","0","0","0","0","0","0","0","0","0","0","0","0","0","0","0","0","0","0","0","0","0","0","0","0","0","0","0","1","202010","202204","2062"
"0379158","530010","70711000","37461892000138","3","1","00000000000000","","","","","","0","E","","","04","","03","36","03","","99","","","","","","","","LAS 00185-0","20200820","1","","","","","","0","0","1","0","0","0","1","0","0","0","0","0","0","0",0,0,0,"0",0,0,0,0,0,0,0,0,0,0,0,0,0,0,"0",0,0,0,3,0,0,0,0,0,0,0,0,0,0,0,0,"1",0,0,0,"0",0,0,0,0,"0",0,0,0,0,0,0,0,0,0,0,0,0,0,0,0,"0","0","1","0","0","0","0","0","0","0","0","0","0","0","0","0","0","0","0","0","0","0","0","0","1","1","0","0","1","1","0","0","0","0","0","0","0","0","0","0","0","0","0","0","0","0","0","0","0","0","0","1","0","0","1","1","0","0","0","0","0","0","0","0","0","0","0","0","0","0","0","0","0","0","0","0","0","0","0","0","0","0","0","0","0","0","0","0","0","0","0","0","1","202102","202204","2062"
"0380563","530010","71919180","12389274000446","3","1","00000000000000","","","","9901","","0","E","","","04","","01","36","03","","99","","","","","","","","EAS 000001/2020","20200618","1","","","","","","0","0","1","0","0","0","1","0","0","0","0","0","0","0",0,0,0,"0",0,0,0,0,0,0,0,0,0,0,0,0,0,0,"0",0,2,0,0,0,0,0,0,0,0,0,0,0,0,0,0,"1",0,0,0,"0",0,0,0,0,"0",0,0,0,0,0,0,0,0,0,0,0,0,0,0,0,"0","0","1","0","0","0","0","0","0","0","0","0","0","0","0","0","0","0","0","1","0","0","0","0","1","1","1","1","1","1","0","0","0","0","0","0","0","0","0","0","0","0","0","0","0","0","0","0","0","0","0","1","0","0","0","1","0","0","0","0","0","0","0","0","0","0","0","0","0","0","0","0","0","0","0","0","0","0","0","0","0","0","0","0","0","0","0","0","0","0","0","0","1","202105","202204","2240"
"0380989","530010","70200740","06277192000407","3","1","00000000000000","","","","0015","","0","E","","","04","","03","36","04","","99","001","35998","4300874","","","","","CNAE8650004","20180802","1","","","","","","0","0","1","0","0","0","1","0","0","0","0","0","0","0",0,0,0,"0",0,0,0,0,0,0,0,0,0,0,0,0,0,0,"0",0,0,0,13,0,0,0,0,0,0,0,0,0,0,0,0,"1",0,0,0,"0",0,0,0,0,"0",0,0,0,0,0,0,0,0,0,0,0,0,0,0,0,"0","0","1","0","0","0","0","0","1","0","0","0","0","0","0","0","0","1","0","1","0","0","0","0","1","1","0","0","1","1","0","0","0","0","0","1","1","0","0","0","0","0","1","0","0","0","0","0","0","0","0","1","0","0","1","1","1","0","0","0","0","0","0","0","0","0","0","0","0","0","0","0","0","0","0","0","0","0","0","0","0","0","0","0","0","0","0","0","0","0","0","0","1","202109","202204","2062"
"0382493","530010","72320565","35895050000169","3","1","00000000000000","","","","","","0","E","","","04","","03","04","03","","99","","","","","","","","","","","","","","","","0","0","1","0","0","0","1","0","0","0","0","0","0","0",0,0,0,"0",0,0,0,0,0,0,0,0,0,0,0,0,0,0,"0",0,1,0,0,0,0,0,0,0,0,0,0,0,0,0,0,"1",0,0,0,"0",0,0,0,0,"0",0,0,0,0,0,0,0,0,0,0,0,0,0,0,0,"0","0","1","0","0","0","0","0","0","0","0","0","0","0","0","0","0","0","0","0","0","0","0","0","1","0","0","0","1","1","0","0","0","0","0","0","0","0","0","0","0","0","0","0","0","0","0","0","0","0","0","1","0","0","0","1","0","0","0","0","0","0","0","0","0","0","0","0","0","0","0","0","0","0","0","0","0","0","0","0","0","0","0","0","0","0","0","0","0","0","0","0","1","202010","202204","2062"
"0382612","530010","70673603","38926468000184","3","1","00000000000000","","","","","","0","E","","","04","","03","22","03","","99","","","","","","","","53202361351","20200925","1","","","","","","0","0","1","0","0","0","1","0","0","0","0","0","0","0",0,0,0,"0",0,0,0,0,0,0,0,0,0,0,0,0,0,0,"0",0,0,0,1,0,0,0,0,0,0,0,0,0,0,0,0,"1",0,0,0,"0",0,0,0,0,"0",0,0,0,0,0,0,0,0,0,0,0,0,0,0,0,"0","0","1","0","0","0","0","0","0","0","0","0","0","0","0","0","0","0","0","0","0","0","0","0","1","0","0","0","1","1","0","0","0","0","0","0","0","0","0","0","0","0","0","0","0","0","0","0","0","0","0","1","0","0","0","1","0","0","0","0","0","0","0","0","0","0","0","0","0","0","0","0","0","0","0","0","0","0","0","0","0","0","0","0","0","0","0","0","0","0","0","0","1","202010","202204","2062"
"0383562","530010","71953000","16902037000145","3","1","00000000000000","","","","","","0","E","","","04","","01","22","03","","99","","","","","","","","EAS.00253-14","20200925","1","","","","","","0","0","1","0","0","0","1","0","0","0","0","0","0","0",0,0,0,"0",0,0,0,0,0,0,0,0,0,0,0,0,0,0,"0",1,0,0,0,0,0,0,0,0,0,0,0,0,0,0,0,"1",0,0,0,"0",0,0,0,0,"0",0,0,0,0,0,0,0,0,0,0,0,0,0,0,0,"0","0","0","0","0","0","0","0","0","0","0","0","0","0","0","0","0","0","0","0","0","0","0","0","0","0","0","0","1","1","0","0","0","0","0","0","0","0","0","0","0","0","0","0","0","0","0","0","0","0","0","1","0","0","0","0","0","0","0","0","0","0","0","0","0","0","0","0","0","0","0","0","0","0","0","0","0","0","0","0","0","0","0","0","0","0","0","0","0","0","0","0","1","202010","202204","2305"
"0391530","530010","70200700","09455454000121","3","1","00000000000000","","","","0015","","0","E","","","04","","03","36","03","","99","","","","","","","","LICENCA SANITARIA","20200927","1","","","","","","0","0","1","0","0","0","1","0","0","0","0","0","0","0",0,0,0,"0",0,0,0,0,0,0,0,0,0,0,0,0,0,0,"0",1,1,0,0,0,0,0,0,0,0,0,0,0,0,0,0,"1",0,0,0,"0",0,0,0,0,"0",0,0,0,0,0,0,0,0,0,0,0,0,0,0,0,"0","0","1","0","0","0","0","0","0","0","0","0","0","0","0","0","0","0","0","0","0","0","0","0","1","1","0","0","1","1","0","0","0","0","0","0","0","0","0","0","0","0","0","0","0","0","0","0","0","0","0","1","0","0","0","1","0","0","0","0","0","0","0","0","0","0","0","0","0","0","0","0","0","0","0","0","0","0","0","0","0","0","0","0","0","0","0","0","0","0","0","0","1","202010","202204","2062"
"0391565","530010","72025110","12389274000365","3","1","00000000000000","","","","0180","","0","E","","","04","","01","36","04","","99","","","","","","","","EAS 0000279/14","20210725","1","","","","","","0","0","1","0","0","0","1","0","0","0","0","0","0","0",0,0,0,"0",0,0,0,0,0,0,0,0,0,0,0,0,0,0,"0",0,3,0,0,0,0,0,0,0,0,0,0,0,0,0,0,"1",0,0,0,"0",0,0,0,0,"0",0,0,0,0,0,0,0,0,0,0,0,0,0,0,0,"0","0","1","0","0","0","0","0","0","0","0","0","0","0","0","0","0","0","1","1","0","0","0","0","1","1","1","0","1","1","0","0","0","0","0","0","0","0","0","0","0","0","0","0","0","0","0","0","0","0","0","1","0","0","0","1","0","0","0","0","0","0","0","0","0","0","0","0","0","0","0","0","0","0","0","0","0","0","0","0","0","0","0","0","0","0","0","0","0","0","0","0","1","202204","202204","2240"
"0392588","530010","71953000","07592441000330","3","1","00000000000000","","","","","","0","E","","","04","","01","22","02","","99","","","","","","","","RAD.00016-14","20211206","1","","","","","","0","0","1","0","0","0","1","0","0","0","0","0","0","0",0,0,0,"0",0,0,0,0,0,0,0,0,0,0,0,0,0,0,"0",2,0,0,0,0,0,0,0,0,0,0,0,0,0,0,0,"1",0,0,0,"0",0,0,0,0,"0",0,0,0,0,0,0,0,0,0,0,0,0,0,0,0,"0","0","1","0","0","0","0","0","0","0","0","0","0","0","0","0","0","0","0","0","0","0","0","0","1","0","0","0","1","1","0","0","0","0","0","0","0","0","0","0","0","0","0","0","0","0","0","0","0","0","0","1","0","0","0","1","0","0","0","0","0","0","0","0","0","0","0","0","0","0","0","0","0","0","0","0","0","0","0","0","0","0","0","0","0","0","0","0","0","0","0","0","1","202201","202204","2062"
"0392618","530010","70770909","35823937000141","3","1","00000000000000","","","","","","0","E","","","04","","03","22","03","","99","","","","","","","","","","","","","","","","0","0","1","0","0","0","1","0","0","0","0","0","0","0",0,0,0,"0",0,0,0,0,0,0,0,0,0,0,0,0,0,0,"0",0,1,0,0,0,0,0,0,0,0,0,0,0,0,0,0,"1",0,0,0,"0",0,0,0,0,"0",0,0,0,0,0,0,0,0,0,0,0,0,0,0,0,"0","0","0","0","0","0","0","0","0","0","0","0","0","0","0","0","0","0","0","0","0","0","0","0","0","0","0","0","1","1","0","0","0","0","0","0","0","0","0","0","0","0","0","0","0","0","0","0","0","0","0","1","0","0","0","0","0","0","0","0","0","0","0","0","0","0","0","0","0","0","0","0","0","0","0","0","0","0","0","0","0","0","0","0","0","0","0","0","0","0","0","0","1","202010","202204","2062"
"0392677","530010","72304523","35488375000127","3","1","00000000000000","","","","0140","","0","E","","","04","","03","04","04","","99","","","","","","","","EAS.00064-18/2020","20201015","1","","","","","","0","0","1","0","0","0","1","0","0","0","0","0","0","0",0,0,0,"0",0,0,0,0,0,0,0,0,0,0,0,0,0,0,"0",0,6,0,0,0,0,0,0,0,0,0,0,0,0,0,0,"1",0,0,0,"0",0,0,0,0,"0",0,0,0,0,0,0,0,0,0,0,0,0,0,0,0,"0","0","0","1","0","0","0","0","0","0","0","0","0","0","0","0","0","0","0","0","0","1","0","0","1","1","0","0","1","1","0","0","0","0","0","0","0","0","0","0","0","0","0","0","0","0","0","0","0","0","0","1","0","0","0","1","0","0","0","0","0","0","0","0","0","0","0","0","0","0","0","0","0","0","0","0","0","0","0","0","0","0","0","0","0","0","0","0","0","0","0","0","1","202010","202204","2062"
"0392723","530010","70701040","13034922000161","3","1","00000000000000","","","","","","0","E","","","04","","03","36","03","","99","","","","","","","","1800028069","20200926","1","","","","","","0","0","1","0","0","0","1","0","0","0","0","0","0","0",0,0,0,"0",0,0,0,0,0,0,0,0,0,0,0,0,0,0,"0",0,0,0,1,0,0,0,0,0,0,0,0,0,0,0,0,"1",0,0,0,"0",0,0,0,0,"0",0,0,0,0,0,0,0,0,0,0,0,0,0,0,0,"0","0","1","0","0","0","0","0","0","0","0","0","0","0","0","0","0","0","0","1","0","0","0","0","1","1","0","0","1","1","0","0","0","0","0","0","0","0","0","0","0","0","0","0","0","0","0","0","0","0","0","1","0","0","1","1","0","0","0","0","0","0","0","0","0","0","0","0","0","0","0","0","0","0","0","0","0","0","0","0","0","0","0","0","0","0","0","0","0","0","0","0","1","202010","202204","2305"
"0398772","530010","72025065","30773719000126","3","1","00000000000000","","","","0180","","0","E","","","04","","03","36","03","","99","","","","","","","","EAS00685-25","20201012","1","","","","","","0","0","1","0","0","0","1","0","0","0","0","0","0","0",0,0,0,"0",0,0,0,0,0,0,0,0,0,0,0,0,0,0,"0",0,0,0,1,0,0,0,0,0,0,0,0,0,0,0,0,"1",0,0,0,"0",0,0,0,0,"0",0,0,0,0,0,0,0,0,0,0,0,0,0,0,0,"0","0","1","0","0","0","0","0","0","0","0","0","0","0","0","0","0","0","0","0","0","0","0","0","1","0","0","0","1","1","0","0","0","0","0","0","0","0","0","0","0","0","0","0","0","0","0","0","0","0","0","1","0","0","0","0","0","0","0","0","0","0","0","0","0","0","0","0","0","0","0","0","0","0","0","0","0","0","0","0","0","0","0","0","0","0","0","0","0","0","0","0","1","202010","202204","2232"
"0398802","530010","72023500","37864996000193","3","1","00000000000000","","","","0180","","0","E","","","04","","01","22","03","","99","","","","","","","","","","1","","","","","","0","0","1","0","0","0","1","0","0","0","0","0","0","0",0,0,0,"0",0,0,0,0,0,0,0,0,0,0,0,0,0,0,"0",1,0,0,0,0,0,0,0,0,0,0,0,0,0,0,0,"1",0,0,0,"0",0,0,0,0,"0",0,0,0,0,0,0,0,0,0,0,0,0,0,0,0,"0","0","0","1","0","0","0","0","0","0","0","0","0","0","0","0","0","0","0","0","1","0","0","0","1","0","0","0","1","1","0","0","0","0","0","0","0","0","0","0","0","0","0","0","0","0","0","0","0","0","0","1","0","0","0","0","0","0","0","0","0","0","0","0","0","0","0","0","0","0","0","0","0","0","0","0","0","0","0","0","0","0","0","0","0","0","0","0","0","0","0","0","1","202010","202204","2062"
"0399035","530010","70715900","37163249000128","3","1","00000000000000","","","","","","0","E","","","04","","01","36","03","","99","","","","","","","","ODO 0047902/2021","20211209","1","","","","","","0","0","1","0","0","0","1","0","0","0","0","0","0","0",0,0,0,"0",0,0,0,0,0,0,0,0,0,0,0,0,0,0,"0",0,1,0,0,0,0,0,0,0,0,0,0,0,0,0,0,"1",0,0,0,"0",0,0,0,0,"0",0,0,0,0,0,0,0,0,0,0,0,0,0,0,0,"0","0","0","0","0","0","0","0","0","0","0","0","0","0","0","0","0","0","0","0","0","0","0","0","0","1","0","1","1","1","0","0","0","0","0","0","0","0","0","0","0","0","0","0","0","0","0","0","0","0","0","1","0","0","0","0","0","0","0","0","0","0","0","0","0","0","0","0","0","0","0","0","0","0","0","0","0","0","0","0","0","0","0","0","0","0","0","0","0","0","0","0","1","202202","202204","2062"
"0401404","530010","70680524","31250118000100","3","1","00000000000000","","","","","","0","E","","","04","","01","22","03","","99","","","","","","","","","","","","","","","","0","0","1","0","0","0","1","0","0","0","0","0","0","0",0,0,0,"0",0,0,0,0,0,0,0,0,0,0,0,0,0,0,"0",1,0,0,0,0,0,0,0,0,0,0,0,0,0,0,0,"1",0,0,0,"0",0,0,0,0,"0",0,0,0,0,0,0,0,0,0,0,0,0,0,0,0,"0","0","0","0","0","0","0","0","0","0","0","0","0","0","0","0","0","0","0","0","0","0","0","0","0","0","0","0","1","1","0","0","0","0","0","0","0","0","0","0","0","0","0","0","0","0","0","0","0","0","0","1","0","0","0","0","0","0","0","0","0","0","0","0","0","0","0","0","0","0","0","0","0","0","0","0","0","0","0","0","0","0","0","0","0","0","0","0","0","0","0","0","1","202010","202204","2305"
"0404543","530010","72115535","39324858000147","3","1","00000000000000","","","","0180","","0","E","","","04","","01","04","03","","99","","","","","","","","","","","","","","","","0","0","1","0","0","0","1","0","0","0","0","0","0","0",0,0,0,"0",0,0,0,0,0,0,0,0,0,0,0,0,0,0,"0",0,6,0,0,0,0,0,0,0,0,0,0,0,0,0,0,"1",0,0,0,"0",0,0,0,0,"0",0,0,0,0,0,0,0,0,0,0,0,0,0,0,0,"0","0","1","0","0","0","0","0","0","0","0","0","0","0","0","0","0","0","0","0","0","0","0","0","1","0","1","0","1","1","0","0","0","0","0","0","0","0","0","0","0","0","0","0","0","0","0","0","0","0","0","1","0","0","0","0","0","0","0","0","0","0","0","0","0","0","0","0","0","0","0","0","0","0","0","0","0","0","0","0","0","0","0","0","0","0","0","0","0","0","0","0","1","202101","202204","2062"
"0405221","530010","70200740","22633546000201","3","1","00000000000000","","","","0015","","0","E","","","04","","01","22","03","","99","","","","","","","","EAS2006669","20200801","1","","","","","","0","0","1","0","0","0","1","0","0","0","0","0","0","0",0,0,0,"0",0,0,0,0,0,0,0,0,0,0,0,0,0,0,"0",0,1,0,0,0,0,0,0,0,0,0,0,0,0,0,0,"1",0,0,0,"0",0,0,0,0,"0",0,0,0,0,0,0,0,0,0,0,0,0,0,0,0,"0","0","1","0","0","0","0","0","0","0","0","0","0","0","0","0","0","0","0","0","0","0","0","0","1","0","0","0","1","1","0","0","0","0","0","0","0","0","0","0","0","0","0","0","0","0","0","0","0","0","0","1","0","0","0","1","0","0","0","0","0","0","0","0","0","0","0","0","0","0","0","0","0","0","0","0","0","0","0","0","0","0","0","0","0","0","0","0","0","0","0","0","1","202010","202204","2135"
"0405434","530010","72145424","37469529000169","3","1","00000000000000","","","","0180","","0","E","","","04","","03","36","03","","99","","","","","","","","EAS 0325-0","20200901","1","","","","","","0","0","1","0","0","0","1","0","0","0","0","0","0","0",0,0,0,"0",0,0,0,0,0,0,0,0,0,0,0,0,0,0,"0",0,0,0,3,0,0,0,0,0,0,0,0,0,0,0,0,"1",0,0,0,"0",0,0,0,0,"0",0,0,0,0,0,0,0,0,0,0,0,0,0,0,0,"0","0","1","0","0","0","0","0","0","0","0","0","0","0","0","0","0","0","0","0","0","0","0","0","1","1","0","0","1","1","0","0","0","0","0","0","0","0","0","0","0","0","0","0","0","0","0","0","0","0","0","1","0","0","1","1","0","0","0","0","0","0","0","0","0","0","0","0","0","0","0","0","0","0","0","0","0","0","0","0","0","0","0","0","0","0","0","0","0","0","0","0","1","202010","202204","2062"
"0405752","530010","71065315","00700949000102","3","1","00000000000000","","","","0070","","0","E","","","04","","03","04","03","","99","","","","","","","","0116/2016","20180814","1","","","","","","0","0","1","0","0","0","1","0","0","0","0","0","0","0",0,0,0,"0",0,0,0,0,0,0,0,0,0,0,0,0,0,0,"0",0,0,0,7,0,0,0,0,0,0,0,0,0,0,0,0,"1",0,0,0,"0",0,0,0,0,"0",0,0,0,0,0,0,0,0,0,0,0,0,0,0,0,"0","0","1","0","0","0","0","0","0","0","0","0","0","0","0","0","0","0","0","0","0","0","0","0","1","0","0","0","1","1","0","0","0","0","0","0","0","0","0","0","0","0","0","0","0","0","0","0","0","0","0","1","0","0","0","0","0","0","0","0","0","0","0","0","0","0","0","0","0","0","0","0","0","0","0","0","0","0","0","0","0","0","0","0","0","0","0","0","0","0","0","0","1","202012","202204","2240"
"0405787","530010","70340907","33385853000148","3","1","00000000000000","","","","","","0","E","","","04","","01","22","03","","99","","","","","","","","","","","","","","","","0","0","1","0","0","0","1","0","0","0","0","0","0","0",0,0,0,"0",0,0,0,0,0,0,0,0,0,0,0,0,0,0,"0",0,0,0,1,0,0,0,0,1,0,0,0,0,0,0,0,"1",0,0,0,"0",0,0,0,0,"0",0,0,0,0,0,0,0,0,0,0,0,0,0,0,0,"0","0","0","0","0","0","0","0","0","0","0","0","0","0","0","0","0","0","0","0","0","0","0","0","0","0","0","0","1","1","0","0","0","0","0","0","0","0","0","0","0","0","0","0","0","0","0","0","0","0","0","1","0","0","0","0","1","0","0","0","0","0","0","0","0","0","0","0","0","0","0","0","0","0","0","0","0","0","0","0","0","0","0","0","0","0","0","0","0","0","0","0","1","202010","202204","2305"
"0406740","530010","71916500","35415164000164","3","1","00000000000000","","","","","","0","E","","","04","","01","22","03","","99","","","","","","","","RLE","20201119","1","","","","","","0","0","1","0","0","0","1","0","0","0","0","0","0","0",0,0,0,"0",0,0,0,0,0,0,0,0,0,0,0,0,0,0,"0",1,0,0,0,0,0,0,0,0,0,0,0,0,0,0,0,"1",0,0,0,"0",0,0,0,0,"0",0,0,0,0,0,0,0,0,0,0,0,0,0,0,0,"0","0","0","0","0","0","0","0","0","0","0","0","0","0","0","0","0","0","0","0","0","0","0","0","0","1","0","0","1","1","0","0","0","0","0","0","0","0","0","0","0","0","0","0","0","0","0","0","0","0","0","1","0","0","0","0","0","0","0","0","0","0","0","0","0","0","0","0","0","0","0","0","0","0","0","0","0","0","0","0","0","0","0","0","0","0","0","0","0","0","0","0","1","202010","202204","2062"
"0407003","530010","70770909","10859143000298","3","1","00000000000000","","","","","","0","E","","","04","","03","22","03","","99","","","","","","","","53900401927","20191119","1","","","","","","0","0","1","0","0","0","1","0","0","0","0","0","0","0",0,0,0,"0",0,0,0,0,0,0,0,0,0,0,0,0,0,0,"0",0,0,0,1,0,0,0,0,0,0,0,0,0,0,0,0,"1",0,0,0,"0",0,0,0,0,"0",0,0,0,0,0,0,0,0,0,0,0,0,0,0,0,"0","0","1","0","0","0","0","0","0","0","0","0","0","0","0","0","0","0","0","1","0","0","0","0","1","1","0","0","1","1","0","0","0","0","0","0","0","0","0","0","0","0","0","0","0","0","0","0","0","0","0","1","0","0","0","1","0","0","0","0","0","0","0","0","0","0","0","0","0","0","0","0","0","0","0","0","0","0","0","0","0","0","0","0","0","0","0","0","0","0","0","0","1","202010","202204","2062"
"0407259","530010","70340000","25173753000120","3","1","00000000000000","","","","","","0","E","","","03","","01","22","03","","99","","","","","","","","ODO 01826-01","20200715","1","","","","","","0","0","1","0","0","0","1","0","0","0","0","0","0","0",0,0,0,"0",0,0,0,0,0,0,0,0,0,0,0,0,0,0,"0",0,0,0,0,0,0,0,0,1,0,0,0,0,0,0,0,"1",0,0,0,"0",0,0,0,0,"0",0,0,0,0,0,0,0,0,0,0,0,0,0,0,0,"0","0","1","0","0","0","0","0","0","0","0","0","0","0","0","0","0","0","0","0","0","0","0","0","1","0","0","0","1","1","0","0","0","0","0","0","0","0","0","0","0","0","0","0","0","0","0","0","0","0","0","1","0","0","0","0","0","0","0","0","0","0","0","0","0","0","0","0","0","0","0","0","0","0","0","0","0","0","0","0","0","0","0","0","0","0","0","0","0","0","0","0","1","202010","202204","2305"
"0407925","530010","70673416","00008874212291","1","1","00000000000000","","","","","","0","E","","","04","","01","22","03","","99","","","","","","","","LICENCIAMENTO","20200629","2","","","","","","0","0","1","0","0","0","1","0","0","0","0","0","0","0",0,0,0,"0",0,0,0,0,0,0,0,0,0,0,0,0,0,0,"0",0,0,0,0,0,0,0,0,1,0,0,0,0,0,0,0,"1",0,0,0,"0",0,0,0,0,"0",0,0,0,0,0,0,0,0,0,0,0,0,0,0,0,"0","0","1","0","0","0","0","0","0","0","0","0","0","0","0","0","0","0","0","0","0","0","0","0","1","0","0","0","1","1","1","0","0","0","0","0","0","0","0","0","0","0","1","0","0","0","0","0","0","0","0","1","0","0","0","0","0","0","0","0","0","0","0","0","0","0","0","0","0","0","0","0","0","0","0","0","0","0","0","0","0","0","0","0","0","0","0","0","0","0","0","0","1","202011","202204","4000"
"0407968","530010","70390055","35114912000179","3","1","00000000000000","","","","","","0","E","","","04","","03","04","03","","99","","","","","","","","53202265271","20191011","1","","","","","","0","0","1","0","0","0","1","0","0","0","0","0","0","0",0,0,0,"0",0,0,0,0,0,0,0,0,0,0,0,0,0,0,"0",2,0,0,2,0,0,0,0,0,0,0,0,0,0,0,0,"1",0,0,0,"0",0,0,0,0,"0",0,0,0,0,0,0,0,0,0,0,0,0,0,0,0,"0","0","1","0","0","0","0","0","0","0","0","0","0","0","0","0","0","0","0","1","0","0","0","0","1","1","0","0","1","1","0","0","0","0","0","0","0","0","0","0","0","0","0","0","0","0","0","0","0","0","0","1","0","0","0","1","0","0","0","0","0","0","0","0","0","0","0","0","0","0","0","0","0","0","0","0","0","0","0","0","0","0","0","0","0","0","0","0","0","0","0","0","1","202011","202204","2062"
"0408034","530010","71692604","08149481000294","3","1","00000000000000","","","","","","0","E","","","04","","01","22","03","","99","","","","","","","","","","","","","","","","0","0","1","0","0","0","1","0","0","0","0","0","0","0",0,0,0,"0",0,0,0,0,0,0,0,0,0,0,0,0,0,0,"0",0,1,0,0,0,0,0,0,0,0,0,0,0,0,0,0,"1",0,0,0,"0",0,0,0,0,"0",0,0,0,0,0,0,0,0,0,0,0,0,0,0,0,"0","0","1","0","0","0","0","0","0","0","0","0","0","0","0","0","0","0","1","1","0","0","0","0","1","1","0","0","1","1","0","0","0","0","0","0","0","0","0","0","0","0","0","0","0","0","0","0","0","0","0","1","0","0","0","0","0","0","0","0","0","0","0","0","0","0","0","0","0","0","0","0","0","0","0","0","0","0","0","0","0","0","0","0","0","0","0","0","0","0","0","0","1","202010","202204","2062"
"0410047","530010","72005635","09722254000198","3","1","00000000000000","","","","","","0","E","","","04","","03","36","04","","99","","","","","","","","53202265271","20201008","1","","","","","","0","0","1","0","0","0","1","0","0","0","0","0","0","0",0,0,0,"0",0,0,0,0,0,0,0,0,0,0,0,0,0,0,"0",0,0,0,1,0,0,0,0,0,0,0,0,0,0,0,0,"1",0,0,0,"0",0,0,0,0,"0",0,0,0,0,0,0,0,0,0,0,0,0,0,0,0,"0","0","1","0","0","0","0","0","0","0","0","0","0","0","0","0","0","0","0","1","0","0","0","0","1","0","0","0","1","1","0","0","0","0","0","0","0","0","0","0","0","0","0","0","0","0","0","0","0","0","0","1","0","0","0","1","0","0","0","0","0","0","0","0","0","0","0","0","0","0","0","0","0","0","0","0","0","0","0","0","0","0","0","0","0","0","0","0","0","0","0","0","1","202010","202204","2062"
"0410977","530010","71918180","37437961000178","3","1","00000000000000","","","","9901","","0","E","","","04","","01","22","03","","99","","","","","","","","CERT DE LICENCIAMENTO","20200917","1","","","","","","0","0","1","0","0","0","1","0","0","0","0","0","0","0",0,0,0,"0",0,0,0,0,0,0,0,0,0,0,0,0,0,0,"0",0,0,0,1,0,0,0,0,0,0,0,0,0,0,0,0,"1",0,0,0,"0",0,0,0,0,"0",0,0,0,0,0,0,0,0,0,0,0,0,0,0,0,"0","0","1","0","0","0","0","0","0","0","0","0","0","0","0","0","0","0","0","0","0","0","0","0","1","0","0","0","1","1","0","0","0","0","0","0","0","0","0","0","0","0","0","0","0","0","0","0","0","0","0","1","0","0","0","0","0","0","0","0","0","0","0","0","0","0","0","0","0","0","0","0","0","0","0","0","0","0","0","0","0","0","0","0","0","0","0","0","0","0","0","0","1","202204","202204","2062"
"0411558","530010","70390150","37101469000127","3","1","00000000000000","","","","","","0","E","","","04","","03","04","04","","99","","","","","","","","EAS.20843-01","20201005","1","","","","","","0","0","1","0","0","0","1","0","0","0","0","0","0","0",0,0,0,"0",0,0,0,0,0,0,0,0,0,0,0,0,0,0,"0",0,3,0,0,0,0,0,0,0,0,0,0,0,0,0,0,"1",0,0,0,"0",0,0,0,0,"0",0,0,0,0,0,0,0,0,0,0,0,0,0,0,0,"0","0","1","0","0","0","0","0","0","0","0","0","0","0","0","0","0","0","0","0","0","0","0","0","1","0","0","0","1","1","0","0","0","0","0","0","0","0","0","0","0","0","0","0","0","0","0","0","0","0","0","1","0","0","0","0","0","0","0","0","0","0","0","0","0","0","0","0","0","0","0","0","0","0","0","0","0","0","0","0","0","0","0","0","0","0","0","0","0","0","0","0","1","202010","202204","2062"
"0412554","530010","70710100","32802599000173","3","1","00000000000000","","","","","","0","E","","","04","","01","22","03","","99","","","","","","","","","20200721","1","","","","","","0","0","1","0","0","0","1","0","0","0","0","0","0","0",0,0,0,"0",0,0,0,0,0,0,0,0,0,0,0,0,0,0,"0",0,2,0,0,0,0,0,0,0,0,0,0,0,0,0,0,"1",0,0,0,"0",0,0,0,0,"0",0,0,0,0,0,0,0,0,0,0,0,0,0,0,0,"0","0","1","0","0","0","0","0","0","0","0","0","0","0","0","0","0","0","0","0","0","0","0","0","1","1","0","0","0","1","0","0","0","0","0","0","0","0","0","0","0","0","0","0","0","0","0","0","0","0","0","1","0","0","1","1","0","0","0","0","0","0","0","0","0","0","0","0","0","0","0","0","0","0","0","0","0","0","0","0","0","0","0","0","0","0","0","0","0","0","0","0","1","202010","202204","2062"
"0414727","530010","72120140","36229446000130","3","1","00000000000000","","","","0180","","0","E","","","04","","03","62","03","","99","","","","","","","","","","","","","","","","0","0","1","0","0","0","1","0","0","0","0","0","0","0",0,0,0,"0",0,0,0,0,0,0,0,0,0,0,0,0,0,0,"0",0,3,0,1,0,0,0,0,0,0,0,0,0,0,0,0,"1",0,0,0,"0",0,0,0,0,"0",0,0,0,0,0,0,0,0,0,0,0,0,0,0,0,"0","0","0","1","0","0","0","0","0","0","0","0","0","0","0","0","0","0","0","0","0","0","0","0","1","0","0","0","1","1","0","0","1","0","0","0","0","0","0","0","0","0","1","0","0","0","0","0","0","0","0","1","0","0","1","0","0","0","0","0","0","0","0","0","0","0","0","0","0","0","0","0","0","0","0","0","0","0","0","0","0","0","0","0","0","0","0","0","0","0","0","0","1","202112","202204","2062"
"0416401","530010","70770560","36040739000174","3","1","00000000000000","","","","","","0","E","","","04","","01","04","03","","99","","","","","","","","CERT. DE LICENCIAMENTO","20200124","1","","","","","","0","0","1","0","0","0","1","0","0","0","0","0","0","0",0,0,0,"0",0,0,0,0,0,0,0,0,0,0,0,0,0,0,"0",1,0,0,1,0,0,0,0,0,0,0,0,0,0,0,0,"1",0,0,0,"0",0,0,0,0,"0",0,0,0,0,0,0,0,0,0,0,0,0,0,0,0,"0","0","1","0","0","0","0","0","0","1","0","0","0","0","0","0","0","0","0","0","0","0","0","0","1","1","0","0","1","1","0","0","0","0","0","0","0","0","0","0","0","0","0","0","0","0","0","0","0","0","0","1","0","0","0","1","0","0","0","0","0","0","0","0","0","0","0","0","0","0","0","0","0","0","0","0","0","0","0","0","0","0","0","0","0","0","0","0","0","0","0","0","1","202011","202204","2062"
"0417521","530010","72115700","30116889000138","3","1","00000000000000","","","","0180","","0","E","","","04","","03","36","03","","99","","","","","","","","EAS.00308-15/2020","20220204","1","","","","","","0","0","1","0","0","0","1","0","0","0","0","0","0","0",0,0,0,"0",0,0,0,0,0,0,0,0,0,0,0,0,0,0,"0",0,1,0,0,0,0,0,0,0,0,0,0,0,0,0,0,"1",0,0,0,"0",0,0,0,0,"0",0,0,0,0,0,0,0,0,0,0,0,0,0,0,0,"0","0","1","0","0","0","0","0","0","0","0","0","0","0","0","0","0","0","0","0","0","0","0","0","1","0","0","0","1","1","0","0","0","0","0","0","0","0","0","0","0","0","0","0","0","0","0","0","0","0","0","1","0","0","0","1","0","0","0","0","0","0","0","0","0","0","0","0","0","0","0","0","0","0","0","0","0","0","0","0","0","0","0","0","0","0","0","0","0","0","0","0","1","202203","202204","2062"
"0417610","530010","70390089","04119705000183","3","1","00000000000000","","","","0015","","0","E","","","04","","03","04","04","","99","","","","","","","","","20190830","1","","","","","","0","0","1","0","0","0","1","0","0","0","0","0","0","0",0,0,0,"0",0,0,0,0,0,0,0,0,0,0,0,0,0,0,"0",0,0,0,6,0,0,0,0,0,0,0,0,0,0,0,0,"1",0,0,0,"0",0,0,0,0,"0",0,0,0,0,0,0,0,0,0,0,0,0,0,0,0,"0","0","1","0","0","0","0","0","0","0","0","0","0","0","0","0","0","0","0","0","0","0","0","0","1","0","0","0","1","1","0","0","0","0","0","0","0","0","0","0","0","0","0","0","0","0","0","0","0","0","0","1","0","0","0","0","0","0","0","0","0","0","0","0","0","0","0","0","0","0","0","0","0","0","0","0","0","0","0","0","0","0","0","0","0","0","0","0","0","0","0","0","1","202106","202204","2062"
"0417920","530010","71927180","38559626000105","3","1","00000000000000","","","","9901","","0","E","","","04","","01","22","03","","99","","","","","","","","","","","","","","","","0","0","1","0","0","0","1","0","0","0","0","0","0","0",0,0,0,"0",0,0,0,0,0,0,0,0,0,0,0,0,0,0,"0",0,0,0,1,0,0,0,0,0,0,0,0,0,0,0,0,"1",0,0,0,"0",0,0,0,0,"0",0,0,0,0,0,0,0,0,0,0,0,0,0,0,0,"0","0","1","0","0","0","0","0","0","0","0","0","0","0","0","0","0","0","0","0","0","0","0","0","1","0","0","0","1","1","0","0","0","0","0","0","0","0","0","0","0","0","0","0","0","0","0","0","0","0","0","1","0","0","0","0","0","0","0","0","0","0","0","0","0","0","0","0","0","0","0","0","0","0","0","0","0","0","0","0","0","0","0","0","0","0","0","0","0","0","0","0","1","202011","202204","2062"
"0417971","530010","70719900","39584051000143","3","1","00000000000000","","","","0005","","0","E","","","04","","03","36","04","","99","","","","","","","","","","","","","","","","0","0","1","0","0","0","1","0","0","0","0","0","0","0",0,0,0,"0",0,0,0,0,0,0,0,0,0,0,0,0,0,0,"0",0,1,0,0,0,0,0,0,0,0,0,0,0,0,0,0,"1",0,0,0,"0",0,0,0,0,"0",0,0,0,0,0,0,0,0,0,0,0,0,0,0,0,"0","0","0","0","0","0","0","0","0","0","0","0","0","0","0","0","0","0","0","0","0","0","0","0","0","0","0","0","1","1","0","0","0","0","0","0","0","0","0","0","0","0","0","0","0","0","0","0","0","0","0","1","0","0","0","1","0","0","0","0","0","0","0","0","0","0","0","0","0","0","0","0","0","0","0","0","0","0","0","0","0","0","0","0","0","0","0","0","0","0","0","0","1","202011","202204","2305"
"0418102","530010","72304523","38294798000102","3","1","00000000000000","","","","0140","","0","E","","","04","","03","22","03","","99","","","","","","","","ODO 00011-18 / 2020","20201029","1","","","","","","0","0","1","0","0","0","1","0","0","0","0","0","0","0",0,0,0,"0",0,0,0,0,0,0,0,0,0,0,0,0,0,0,"0",0,0,0,0,0,0,0,0,1,0,0,0,0,0,0,0,"1",0,0,0,"0",0,0,0,0,"0",0,0,0,0,0,0,0,0,0,0,0,0,0,0,0,"0","0","1","0","0","0","0","0","0","0","0","0","0","0","0","0","0","0","0","0","0","0","0","0","1","1","0","0","1","1","0","0","0","0","0","0","0","0","0","0","0","0","0","0","0","0","0","0","0","0","0","1","0","0","0","1","0","0","0","0","0","0","0","0","0","0","0","0","0","0","0","0","0","0","0","0","0","0","0","0","0","0","0","0","0","0","0","0","0","0","0","0","1","202011","202204","2062"
"0418307","530010","70390907","33188869000160","3","1","00000000000000","","","","","","0","E","","","04","","03","22","03","","99","","","","","","","","53600355326","20200610","2","","","","","","0","0","1","0","0","0","1","0","0","0","0","0","0","0",0,0,0,"0",0,0,0,0,0,0,0,0,0,0,0,0,0,0,"0",0,0,0,0,0,0,0,0,1,0,0,0,0,0,0,0,"1",0,0,0,"0",0,0,0,0,"0",0,0,0,0,0,0,0,0,0,0,0,0,0,0,0,"0","0","1","0","0","0","0","0","1","0","0","0","0","0","0","0","0","0","0","0","0","0","0","0","1","0","0","0","1","1","0","0","0","0","0","0","0","0","0","0","0","0","0","0","0","0","0","0","0","0","0","1","0","0","0","1","0","0","0","0","0","0","0","0","0","0","0","0","0","0","0","0","0","0","0","0","0","0","0","0","0","0","0","0","0","0","0","0","0","0","0","0","1","202011","202204","2305"
"0418358","530010","70770909","39592372000190","3","1","00000000000000","","","","0010","","0","E","","","04","","01","22","04","","99","","","","","","","","53202372077","20201028","1","","","","","","0","0","1","0","0","0","1","0","0","0","0","0","0","0",0,0,0,"0",0,0,0,0,0,0,0,0,0,0,0,0,0,0,"0",0,0,0,1,0,0,0,0,0,0,0,0,0,0,0,0,"1",0,0,0,"0",0,0,0,0,"0",0,0,0,0,0,0,0,0,0,0,0,0,0,0,0,"0","0","1","0","0","0","0","0","0","0","0","0","0","0","0","0","0","0","0","0","0","0","0","0","1","0","0","0","1","1","0","0","0","0","0","0","0","0","0","0","0","0","0","0","0","0","0","0","0","0","0","1","0","0","0","0","0","0","0","0","0","0","0","0","0","0","0","0","0","0","0","0","0","0","0","0","0","0","0","0","0","0","0","0","0","0","0","0","0","0","0","0","1","202011","202204","2062"
"0418560","530010","70711905","39575605000146","3","1","00000000000000","","","","","","0","E","","","04","","03","22","03","","99","","","","","","","","","","","","","","","","0","0","1","0","0","0","1","0","0","0","0","0","0","0",0,0,0,"0",0,0,0,0,0,0,0,0,0,0,0,0,0,0,"0",0,0,0,1,0,0,0,0,0,0,0,0,0,0,0,0,"1",0,0,0,"0",0,0,0,0,"0",0,0,0,0,0,0,0,0,0,0,0,0,0,0,0,"0","0","1","0","0","0","0","0","0","0","0","0","0","0","0","0","0","0","0","0","0","0","0","0","1","0","0","0","1","1","0","0","0","0","0","0","0","0","0","0","0","0","0","0","0","0","0","0","0","0","0","1","0","0","0","1","0","0","0","0","0","0","0","0","0","0","0","0","0","0","0","0","0","0","0","0","0","0","0","0","0","0","0","0","0","0","0","0","0","0","0","0","1","202011","202204","2062"
"0423513","530010","70316109","27252789000124","3","1","00000000000000","","","","","","0","E","","","04","","03","36","06","","99","","","","","","","","","20201006","1","","","","","","0","0","1","0","0","0","1","0","0","0","0","0","0","0",0,0,0,"0",0,0,0,0,0,0,0,0,0,0,0,0,0,0,"0",0,0,0,5,0,0,0,0,0,0,0,0,0,0,0,0,"1",0,0,0,"0",0,0,0,0,"0",0,0,0,0,0,0,0,0,0,0,0,0,0,0,0,"0","0","1","0","0","0","0","0","0","0","0","0","0","0","0","0","0","0","0","0","0","0","0","0","1","0","0","0","1","1","0","0","0","0","0","0","0","0","0","0","0","0","0","0","0","0","0","0","0","0","0","1","0","0","0","0","0","0","0","0","0","0","0","0","0","0","0","0","0","0","0","0","0","0","0","0","0","0","0","0","0","0","0","0","0","0","0","0","0","0","0","0","1","202011","202204","2062"
"0424129","530010","72410305","26907302000131","3","1","00000000000000","","","","","","0","E","","","04","","03","42","04","","99","","","","","","","","53202096185","20190507","1","","","","","","0","0","1","0","0","0","1","0","0","0","0","0","0","0",0,0,0,"0",0,0,0,0,0,0,0,0,0,0,0,0,0,0,"0",0,0,0,0,0,0,0,0,0,0,0,0,0,0,0,0,"0",0,0,0,"0",0,0,0,0,"0",0,0,0,0,0,0,0,0,0,0,0,0,0,0,0,"0","0","1","0","0","0","0","0","0","0","0","0","0","0","0","0","0","0","0","1","1","0","0","0","1","1","0","0","1","1","0","0","0","0","0","0","0","0","0","0","0","0","0","0","0","0","0","0","0","0","0","1","0","0","0","1","0","0","0","0","0","0","0","0","0","0","0","0","0","0","0","0","0","0","0","0","0","0","0","0","0","0","0","0","0","0","0","0","0","0","0","0","1","202011","202204","2062"
"0424714","530010","71710015","36358049000168","3","1","00000000000000","","","","","","0","E","","","04","","01","22","03","","99","","","","","","","","53202295170","20200213","1","","","","","","0","0","1","0","0","0","1","0","0","0","0","0","0","0",0,0,0,"0",0,0,0,0,0,0,0,0,0,0,0,0,0,0,"0",1,0,0,0,0,0,0,0,0,0,0,0,0,0,0,0,"1",0,0,0,"0",0,0,0,0,"0",0,0,0,0,0,0,0,0,0,0,0,0,0,0,0,"0","0","0","0","0","0","0","0","0","0","0","0","0","0","0","0","0","0","0","0","0","0","0","0","0","0","0","0","0","0","0","0","0","0","0","0","0","0","0","0","0","0","0","0","0","0","0","0","0","0","0","1","0","0","0","0","0","0","0","0","0","0","0","0","0","0","0","0","0","0","0","0","0","0","0","0","0","0","0","0","0","0","0","0","0","0","0","0","0","0","0","0","1","202011","202204","2062"
"0426024","530010","70770560","28065264000142","3","1","00000000000000","","","","0005","","0","E","","","04","","03","36","01","","99","","","","","","","","ODO 00331-02","20200618","1","","","","","","0","0","1","0","0","0","1","0","0","0","0","0","0","0",0,0,0,"0",0,0,0,0,0,0,0,0,0,0,0,0,0,0,"0",0,0,0,6,0,0,0,0,0,0,0,0,0,0,0,0,"1",0,0,0,"0",0,0,0,0,"0",0,0,0,0,0,0,0,0,0,0,0,0,0,0,0,"0","0","1","0","0","0","0","0","1","0","0","0","0","0","0","0","0","0","0","0","0","0","0","0","1","0","0","0","1","1","0","0","0","0","0","0","0","0","0","0","0","0","0","0","0","0","0","0","0","0","0","1","0","0","1","1","0","0","0","0","0","0","0","0","0","0","0","0","0","0","0","0","0","0","0","0","0","0","0","0","0","0","0","0","0","0","0","0","0","0","0","0","1","202103","202204","2062"
"0426067","530010","70390150","02659286000228","3","1","00000000000000","","","","","","0","E","","","04","","03","62","04","","99","","","","","","","","EAS.20189-01","20220121","1","","","","","","0","0","1","0","0","0","1","0","0","0","0","0","0","0",0,0,0,"0",0,0,0,0,0,0,0,0,0,0,0,0,0,0,"0",0,6,0,0,0,0,0,0,0,0,0,0,0,0,0,0,"1",0,0,0,"0",0,0,0,0,"0",0,0,0,0,0,0,0,0,0,0,0,0,0,0,0,"0","0","1","0","0","0","0","0","0","0","0","0","0","0","0","0","0","0","0","1","0","0","0","0","1","0","0","0","1","1","0","0","0","0","0","0","0","0","0","0","0","0","0","0","0","0","0","0","0","0","0","1","0","0","0","1","0","0","0","0","0","0","0","0","0","0","0","0","0","0","0","0","0","0","0","0","0","0","0","0","0","0","0","0","0","0","0","0","0","0","0","0","1","202202","202204","2062"
"0426083","530010","72115938","03241199000138","3","1","00000000000000","","","","0180","","0","E","","","04","","01","22","03","","99","","","","","","","","","","","","","","","","0","0","1","0","0","0","1","0","0","0","0","0","0","0",0,0,0,"0",0,0,0,0,0,0,0,0,0,0,0,0,0,0,"0",0,0,0,0,0,0,0,0,1,0,0,0,0,0,0,0,"1",0,0,0,"0",0,0,0,0,"0",0,0,0,0,0,0,0,0,0,0,0,0,0,0,0,"0","0","1","0","0","0","0","0","1","0","0","0","0","0","0","0","0","0","0","0","0","0","0","0","1","0","0","0","1","1","0","0","0","0","0","0","0","0","0","0","0","0","0","0","0","0","0","0","0","0","0","1","0","0","0","0","0","0","0","0","0","0","0","0","0","0","0","0","0","0","0","0","0","0","0","0","0","0","0","0","0","0","0","0","0","0","0","0","0","0","0","0","1","202011","202204","2062"
"0427160","530010","72115700","35659744000288","3","1","00000000000000","","","","","","0","E","","","04","","03","04","04","","99","","","","","","","","00311-15/2020","20200930","1","","","","","","0","0","1","0","0","0","1","0","0","0","0","0","0","0",0,0,0,"0",0,0,0,0,0,0,0,0,0,0,0,0,0,0,"0",0,14,0,3,0,0,0,0,0,0,4,0,0,0,0,0,"1",0,0,0,"0",0,0,0,0,"0",0,0,0,0,0,0,0,0,0,0,0,0,0,0,0,"0","0","1","0","0","0","0","0","0","0","0","0","0","0","0","0","0","0","0","1","0","0","0","0","1","1","0","0","1","1","0","0","0","0","0","0","0","0","0","0","0","0","0","0","0","0","0","0","0","0","0","1","0","0","0","1","0","0","0","0","0","0","0","0","0","0","0","0","0","0","0","0","0","0","0","0","0","0","0","0","0","0","0","0","0","0","0","0","0","0","0","0","1","202107","202204","2305"
"0427667","530010","70390055","35210964000149","3","1","00000000000000","","","","0015","","0","E","","","04","","01","22","03","","99","","","","","","","","","","","","","","","","0","0","1","0","0","0","1","0","0","0","0","0","0","0",0,0,0,"0",0,0,0,0,0,0,0,0,0,0,0,0,0,0,"0",0,0,0,0,0,0,0,0,1,0,0,0,0,0,0,0,"1",0,0,0,"0",0,0,0,0,"0",0,0,0,0,0,0,0,0,0,0,0,0,0,0,0,"0","0","0","0","0","0","0","0","1","0","0","0","0","0","0","0","0","0","0","0","0","0","0","0","1","1","0","0","1","1","0","0","0","0","0","0","0","0","0","0","0","0","0","0","0","0","0","0","0","0","0","1","0","0","1","1","0","0","0","0","0","0","0","0","0","0","0","0","0","0","0","0","0","0","0","0","0","0","0","0","0","0","0","0","0","0","0","0","0","0","0","0","1","202011","202204","2135"
"0428256","530010","70715900","39608731000150","3","1","00000000000000","","","","0005","","0","E","","","04","","01","04","03","","99","","","","","","","","DFP2000189888","20201112","1","","","","","","0","0","1","0","0","0","1","0","0","0","0","0","0","0",0,0,0,"0",0,0,0,0,0,0,0,0,0,0,0,0,0,0,"0",0,0,0,1,0,0,0,0,0,0,0,0,0,0,0,0,"1",0,0,0,"0",0,0,0,0,"0",0,0,0,0,0,0,0,0,0,0,0,0,0,0,0,"0","0","1","0","0","0","0","0","0","0","0","0","0","0","0","0","0","0","0","0","0","0","0","0","1","0","0","0","1","1","0","0","0","0","0","0","0","0","0","0","0","0","0","0","0","0","0","0","0","0","0","1","0","0","0","0","0","0","0","0","0","0","0","0","0","0","0","0","0","0","0","0","0","0","0","0","0","0","0","0","0","0","0","0","0","0","0","0","0","0","0","0","1","202011","202204","2062"
"0429287","530010","70200700","35945497000103","3","1","00000000000000","","","","0015","","0","E","","","04","","03","04","03","","99","","","","","","","","EAS.20758-01","20200205","1","","","","","","0","0","1","0","0","0","1","0","0","0","0","0","0","0",0,0,0,"0",0,0,0,0,0,0,0,0,0,0,0,0,0,0,"0",1,1,0,2,0,0,0,0,0,0,0,0,0,0,0,0,"1",0,0,0,"0",0,0,0,0,"0",0,0,0,0,0,0,0,0,0,0,0,0,0,0,0,"0","0","1","0","0","0","0","0","0","0","0","0","0","0","0","0","0","0","0","0","0","0","0","0","1","0","0","0","1","1","0","0","0","0","0","0","0","0","0","0","0","0","0","0","0","0","0","0","0","0","0","1","0","0","0","1","0","0","0","0","0","0","0","0","0","0","0","0","0","0","0","0","0","0","0","0","0","0","0","0","0","0","0","0","0","0","0","0","0","0","0","0","1","202011","202204","2062"
"0432857","530010","70711000","30870931000101","3","1","00000000000000","","","","0005","","0","E","","","04","","01","22","03","","99","","","","","","","","CERTIFICADO DE DISPENSA","20201116","1","","","","","","0","0","1","0","0","0","1","0","0","0","0","0","0","0",0,0,0,"0",0,0,0,0,0,0,0,0,0,0,0,0,0,0,"0",0,0,0,1,0,0,0,0,0,0,0,0,0,0,0,0,"1",0,0,0,"0",0,0,0,0,"0",0,0,0,0,0,0,0,0,0,0,0,0,0,0,0,"0","0","1","0","0","0","0","0","0","0","0","0","0","0","0","0","0","0","0","0","0","0","0","0","1","0","0","0","1","1","0","0","0","0","0","0","0","0","0","0","0","0","0","0","0","0","0","0","0","0","0","0","0","0","0","1","0","0","0","0","0","0","0","0","0","0","0","0","0","0","0","0","0","0","0","0","0","0","0","0","0","0","0","0","0","0","0","0","0","0","0","0","1","202011","202204","2062"
"0440647","530010","70673083","30877524000126","3","1","00000000000000","","","","9931","","0","E","","","04","","02","22","03","","99","","","","","","","","","","","","","","","","0","0","1","0","0","0","1","0","0","0","0","0","0","0",0,0,0,"0",0,0,0,0,0,0,0,0,0,0,0,0,0,0,"0",1,0,0,0,0,0,0,0,0,0,0,0,0,0,0,0,"1",0,0,0,"0",0,0,0,0,"0",0,0,0,0,0,0,0,0,0,0,0,0,0,0,0,"0","0","1","0","0","0","0","0","0","0","0","0","0","0","0","0","0","0","0","0","0","0","0","0","1","0","0","0","1","1","0","0","0","0","0","0","0","0","0","0","0","0","0","0","0","0","0","0","0","0","0","1","0","0","0","0","0","0","0","0","0","0","0","0","0","0","0","0","0","0","0","0","0","0","0","0","0","0","0","0","0","0","0","0","0","0","0","0","0","0","0","0","1","202011","202204","2062"
"0440892","530010","70390145","39597399000175","3","1","00000000000000","","","","0010","","0","E","","","04","","03","22","03","","99","","","","","","","","EAS 20071-01","20201029","1","","","","","","0","0","1","0","0","0","1","0","0","0","0","0","0","0",0,0,0,"0",0,0,0,0,0,0,0,0,0,0,0,0,0,0,"0",0,0,0,1,0,0,0,0,0,0,0,0,0,0,0,0,"1",0,0,0,"0",0,0,0,0,"0",0,0,0,0,0,0,0,0,0,0,0,0,0,0,0,"0","0","1","0","0","0","0","0","0","0","0","0","0","0","0","0","0","0","0","0","0","0","0","0","1","0","0","0","1","1","0","0","0","0","0","0","0","0","0","0","0","0","0","0","0","0","0","0","0","0","0","1","0","0","0","1","0","0","0","0","0","0","0","0","0","0","0","0","0","0","0","0","0","0","0","0","0","0","0","0","0","0","0","0","0","0","0","0","0","0","0","0","1","202011","202204","2062"
"0441007","530010","72006180","00004285416158","1","1","00000000000000","","","","","","0","E","","","04","","03","22","03","","99","","","","","","","","ODO.00137-15","20171221","1","","","","","","0","0","1","0","0","0","1","0","0","0","0","0","0","0",0,0,0,"0",0,0,0,0,0,0,0,0,0,0,0,0,0,0,"0",0,0,0,0,0,0,0,0,1,0,0,0,0,0,0,0,"1",0,0,0,"0",0,0,0,0,"0",0,0,0,0,0,0,0,0,0,0,0,0,0,0,0,"0","0","1","0","0","0","0","0","1","0","0","0","0","0","0","0","0","0","0","0","0","0","0","0","1","1","0","0","1","1","0","0","0","0","0","0","0","0","0","0","0","0","0","0","0","0","0","0","0","0","0","1","0","0","0","1","0","0","0","0","0","0","0","0","0","0","0","0","0","0","0","0","0","0","0","0","0","0","0","0","0","0","0","0","0","0","0","0","0","0","0","0","1","202011","202204","4000"
"0448583","530010","71200207","37743090000110","3","1","00000000000000","","","","","","0","E","","","04","","03","36","03","","99","","","","","","","","53202334043","20210114","1","","","","","","0","0","1","0","0","0","1","0","0","0","0","0","0","0",0,0,0,"0",0,0,0,0,0,0,0,0,0,0,0,0,0,1,"1",2,0,0,0,0,0,0,0,0,0,0,0,0,0,0,0,"1",0,0,0,"0",0,0,0,0,"0",0,0,0,0,0,0,0,0,0,0,0,0,0,0,0,"0","0","1","0","0","0","0","0","0","0","0","0","0","0","0","0","0","0","0","0","1","0","0","0","1","0","0","0","1","1","0","0","0","0","0","0","0","0","0","0","0","0","0","0","0","0","0","0","0","0","0","1","0","0","1","1","0","0","0","0","0","0","0","0","0","1","0","0","0","1","0","0","0","0","0","0","0","0","0","0","0","0","0","0","0","0","0","0","0","0","0","0","1","202102","202204","2062"
"0448737","530010","70790150","39840466000130","3","1","00000000000000","","","","0005","","0","E","","","04","","03","22","04","","99","","","","","","","","RLE DIGITAL - 53202381122","20201119","1","","","","","","0","0","1","0","0","0","1","0","0","0","0","0","0","0",0,0,0,"0",0,0,0,0,0,0,0,0,0,0,0,0,0,0,"0",0,0,0,1,0,0,0,0,0,0,0,0,0,0,0,0,"1",0,0,0,"0",0,0,0,0,"0",0,0,0,0,0,0,0,0,0,0,0,0,0,0,0,"0","0","1","0","0","0","0","0","0","0","0","0","0","0","0","0","0","0","0","0","0","0","0","0","1","0","0","0","1","1","0","0","0","0","0","0","0","0","0","0","0","0","0","0","0","0","0","0","0","0","0","1","0","0","0","0","0","0","0","0","0","0","0","0","0","0","0","0","0","0","0","0","0","0","0","0","0","0","0","0","0","0","0","0","0","0","0","0","0","0","0","0","1","202204","202204","2062"
"0450766","530010","70200610","60765823006413","3","1","00000000000000","","","","0015","","0","E","","","04","","03","39","04","","99","","","","","","","","","","","","","","","","0","0","1","0","0","0","1","0","0","0","0","0","0","0",0,0,0,"0",0,0,0,0,0,0,0,0,0,0,0,0,0,0,"1",0,0,0,0,0,0,0,0,0,0,0,0,0,0,0,0,"0",0,0,0,"0",0,0,0,0,"0",0,1,0,0,0,0,0,0,0,0,0,0,0,0,0,"0","0","0","0","0","0","0","0","0","0","0","0","0","0","0","0","0","0","0","0","0","0","0","0","0","1","0","0","0","1","0","0","0","0","0","0","0","0","0","0","0","0","0","0","0","0","0","0","0","0","0","0","0","0","0","0","0","0","1","0","0","1","1","0","0","0","0","0","0","0","0","0","0","0","0","0","0","0","0","0","0","0","0","0","0","0","0","0","0","0","0","0","1","202101","202204","3999"
"0450871","530010","73330003","38653326000190","3","1","00000000000000","","","","0120","","0","E","","","04","","03","22","03","","99","","","","","","","","EAS 00368-08","20201109","1","","","","","","0","0","1","0","0","0","1","0","0","0","0","0","0","0",0,0,0,"0",0,0,0,0,0,0,0,0,0,0,0,0,0,0,"0",0,1,0,0,0,0,0,0,0,0,0,0,0,0,0,0,"1",0,0,0,"0",0,0,0,0,"0",0,0,0,0,0,0,0,0,0,0,0,0,0,0,0,"0","0","1","0","0","0","0","0","0","0","0","0","0","0","0","0","0","0","0","0","0","0","0","0","1","0","0","0","1","1","0","0","0","0","0","0","0","0","0","0","0","0","0","0","0","0","0","0","0","0","0","1","0","0","0","1","0","0","0","0","0","0","0","0","0","0","0","0","0","0","0","0","0","0","0","0","0","0","0","0","0","0","0","0","0","0","0","0","0","0","0","0","1","202012","202204","2062"
"0453048","530010","72162301","22934360000284","3","1","00000000000000","","","","","","0","E","","","04","","03","04","03","","99","","","","","","","","5320201489-8","20200908","1","","","","","","0","0","1","0","0","0","1","0","0","0","0","0","0","0",0,0,0,"0",0,0,0,0,0,0,0,0,0,0,0,0,0,0,"0",2,0,0,0,0,0,0,0,0,0,0,0,0,0,0,0,"1",0,0,0,"0",0,0,0,0,"0",0,0,0,0,0,0,0,0,0,0,0,0,0,0,0,"0","0","1","0","0","0","1","0","1","0","0","0","0","0","0","0","0","0","1","0","0","0","0","0","1","1","0","0","1","1","0","0","0","0","0","0","0","0","0","0","0","0","0","0","0","0","0","0","0","0","0","1","0","0","0","1","0","0","0","0","0","0","0","0","0","0","0","0","0","0","0","0","0","0","0","0","0","0","0","0","0","0","0","0","0","0","0","0","0","0","0","0","1","202012","202204","2062"
"0453234","530010","70296540","61412110057262","3","1","00000000000000","","","","0015","","0","E","","","04","","03","43","06","","99","","","","","","","","","20201023","1","","","","","","0","0","1","0","0","0","1","0","0","0","0","0","0","0",0,0,0,"0",0,0,0,0,0,0,0,0,0,0,0,0,0,0,"0",0,0,0,0,0,0,0,0,0,0,0,1,0,0,0,0,"1",0,0,0,"0",0,0,0,0,"0",0,0,0,0,0,0,0,0,0,0,0,0,0,0,0,"0","0","0","0","0","0","1","0","0","0","0","0","0","0","0","0","0","0","0","0","0","0","0","0","1","0","0","0","1","1","0","0","0","0","0","0","0","0","0","0","0","0","0","0","0","0","0","0","0","0","0","0","0","0","0","0","0","0","0","0","0","0","0","0","0","0","0","0","0","0","0","0","1","0","0","0","0","0","0","0","0","0","0","0","0","0","0","0","0","0","0","0","1","202012","202204","2054"
"0453307","530010","70719020","27147573000280","3","1","00000000000000","","","","","","0","E","","","04","","01","04","04","","99","","","","","","","","DFP2000202106","20201120","1","","","","","","0","0","1","0","0","0","1","0","0","0","0","0","0","0",0,0,0,"0",0,0,0,0,0,0,0,0,0,0,0,0,0,0,"0",0,1,0,0,0,0,0,0,0,0,0,0,0,0,0,0,"1",0,0,0,"0",0,0,0,0,"0",0,0,0,0,0,0,0,0,0,0,0,0,0,0,0,"0","0","1","0","0","0","0","0","0","0","0","0","0","0","0","0","0","0","0","0","0","0","0","0","1","0","0","0","1","1","0","0","0","0","0","0","0","0","0","0","0","0","0","0","0","0","0","0","0","0","0","1","0","0","0","0","0","0","0","0","0","0","0","0","0","0","0","0","0","0","0","0","0","0","0","0","0","0","0","0","0","0","0","0","0","0","0","0","0","0","0","0","1","202012","202204","2062"
"0453382","530010","70686635","35143772000167","3","1","00000000000000","","","","","","0","E","","","04","","01","22","03","","99","","","","","","","","","","","","","","","","0","0","1","0","0","0","1","0","0","0","0","0","0","0",0,0,0,"0",0,0,0,0,0,0,0,0,0,0,0,0,0,0,"0",1,0,0,0,0,0,0,0,0,0,0,0,0,0,0,0,"1",0,0,0,"0",0,0,0,0,"0",0,0,0,0,0,0,0,0,0,0,0,0,0,0,0,"0","0","1","0","0","0","0","0","0","0","0","0","0","0","0","0","0","0","0","0","0","0","0","0","1","0","0","0","1","1","0","0","0","0","0","0","0","0","0","0","0","0","0","0","0","0","0","0","0","0","0","1","0","0","0","0","0","0","0","0","0","0","0","0","0","0","0","0","0","0","0","0","0","0","0","0","0","0","0","0","0","0","0","0","0","0","0","0","0","0","0","0","1","202012","202204","2062"
"0453757","530010","72115700","22776174000183","3","1","00000000000000","","","","","","0","E","","","04","","03","04","05","","99","","","","","","","","RLE","20200914","1","","","","","","0","0","1","0","0","0","1","0","0","0","0","0","0","0",0,0,0,"0",0,0,0,0,0,0,0,0,0,0,0,0,0,0,"0",1,1,0,1,0,0,0,0,0,0,0,0,0,0,0,0,"1",0,0,0,"0",0,0,0,0,"0",0,0,0,0,0,0,0,0,0,0,0,0,0,0,0,"0","0","1","0","0","0","0","0","0","0","0","0","0","0","0","0","0","0","0","0","0","0","0","0","1","0","0","0","1","1","0","0","0","0","0","0","0","0","0","0","0","0","0","0","0","0","0","0","0","0","0","1","0","0","0","0","0","0","0","0","0","0","0","0","0","0","0","0","0","0","0","0","0","0","0","0","0","0","0","0","0","0","0","0","0","0","0","0","0","0","0","0","1","202012","202204","2232"
"0453986","530010","71020007","39355328000166","3","1","00000000000000","","","","","","0","E","","","04","","03","36","03","","99","","","","","","","","53202366336","20201106","1","","","","","","0","0","1","0","0","0","1","0","0","0","0","0","0","0",0,0,0,"0",0,0,0,0,0,0,0,0,0,0,0,0,0,0,"0",0,0,0,0,0,0,0,0,2,0,0,0,0,0,0,0,"1",0,0,0,"0",0,0,0,0,"0",0,0,0,0,0,0,0,0,0,0,0,0,0,0,0,"0","0","1","0","0","0","0","0","1","0","0","0","0","0","0","0","0","0","0","0","0","0","0","0","1","1","0","0","1","1","0","0","0","0","0","0","0","0","0","0","0","0","0","0","0","0","0","0","0","0","0","1","0","0","0","1","0","0","0","0","0","0","0","0","0","0","0","0","0","0","0","0","0","0","0","0","0","0","0","0","0","0","0","0","0","0","0","0","0","0","0","0","1","202012","202204","2062"
"0454915","530010","72215178","37023458000176","3","1","00000000000000","","","","0040","","0","E","","","04","","01","22","03","","99","","","","","","","","","","","","","","","","0","0","1","0","0","0","1","0","0","0","0","0","0","0",0,0,0,"0",0,0,0,0,0,0,0,0,0,0,0,0,0,0,"0",0,0,0,0,0,0,0,0,2,0,0,0,0,0,0,0,"1",0,0,0,"0",0,0,0,0,"0",0,0,0,0,0,0,0,0,0,0,0,0,0,0,0,"0","0","0","0","0","0","0","0","0","0","0","0","0","0","0","0","0","0","0","0","0","0","0","0","0","1","0","0","1","1","0","0","0","0","0","0","0","0","0","0","0","0","0","0","0","0","0","0","0","0","0","1","0","0","0","0","0","0","0","0","0","0","0","0","0","0","0","0","0","0","0","0","0","0","0","0","0","0","0","0","0","0","0","0","0","0","0","0","0","0","0","0","1","202012","202204","2062"
"0456128","530010","70673416","14698243000150","3","1","00000000000000","","","","9901","","0","E","","","04","","03","04","03","","99","","","","","","","","RLE","20210507","1","","","","","","0","0","1","0","0","0","1","0","0","0","0","0","0","0",0,0,0,"0",0,0,0,0,0,0,0,0,0,0,0,0,0,0,"0",1,2,0,0,0,0,0,0,0,0,0,0,0,0,0,0,"1",0,0,0,"0",0,0,0,0,"0",0,0,0,0,0,0,0,0,0,0,0,0,0,0,0,"0","0","1","0","0","0","0","0","0","0","0","0","0","0","0","0","0","0","0","0","0","0","0","0","1","1","0","0","1","1","0","0","0","0","0","0","0","0","0","0","0","0","0","0","0","0","0","0","0","0","0","1","0","0","0","1","0","0","0","0","0","0","0","0","0","0","0","0","0","0","0","0","0","0","0","0","0","0","0","0","0","0","0","0","0","0","0","0","0","0","0","0","1","202111","202204","2062"
"0456233","530010","71065315","38006558000157","3","1","00000000000000","","","","0070","","0","E","","","04","","03","04","03","","99","","","","","","","","","","","","","","","","0","0","1","0","0","0","1","0","0","0","0","0","0","0",0,0,0,"0",0,0,0,0,0,0,0,0,0,0,0,0,0,0,"0",0,2,0,0,0,0,0,0,0,0,0,0,0,0,0,0,"1",0,0,0,"0",0,0,0,0,"0",0,0,0,0,0,0,0,0,0,0,0,0,0,0,0,"0","0","1","0","0","0","0","0","0","0","0","0","0","0","0","0","0","0","0","0","0","0","0","0","1","0","1","0","0","1","0","0","0","0","0","0","0","0","0","0","0","0","0","0","0","0","0","0","0","0","0","1","0","0","0","1","0","0","0","0","0","0","0","0","0","0","0","0","0","0","0","0","0","0","0","0","0","0","0","0","0","0","0","0","0","0","0","0","0","0","0","0","1","202012","202204","2062"
"0456713","530010","70770911","39967550000110","3","1","00000000000000","","","","0005","","0","E","","","04","","03","36","03","","99","","","","","","","","53202384911","20201201","1","","","","","","0","0","1","0","0","0","1","0","0","0","0","0","0","0",0,0,0,"0",0,0,0,0,0,0,0,0,0,0,0,0,0,0,"0",0,0,0,1,0,0,0,0,0,0,0,0,0,0,0,0,"1",0,0,0,"0",0,0,0,0,"0",0,0,0,0,0,0,0,0,0,0,0,0,0,0,0,"0","0","0","1","0","0","0","0","0","0","0","0","0","0","0","0","0","0","0","0","0","0","0","0","1","0","0","0","1","1","0","0","0","0","0","0","0","0","0","0","0","0","0","0","0","0","0","0","0","0","0","1","0","0","0","1","0","0","0","0","0","0","0","0","0","0","0","0","0","0","0","0","0","0","0","0","0","0","0","0","0","0","0","0","0","0","0","0","0","0","0","0","1","202012","202204","2062"
"0456721","530010","72025130","38261468000102","3","1","00000000000000","","","","","","0","E","","","04","","03","22","03","","99","","","","","","","","530622235","20200212","1","","","","","","0","0","1","0","0","0","1","0","0","0","0","0","0","0",0,0,0,"0",0,0,0,0,0,0,0,0,0,0,0,0,0,0,"0",0,0,0,1,0,0,0,0,0,0,0,0,0,0,0,0,"1",0,0,0,"0",0,0,0,0,"0",0,0,0,0,0,0,0,0,0,0,0,0,0,0,0,"0","0","1","0","0","0","0","0","0","0","0","0","0","0","0","0","0","0","0","0","0","0","0","0","1","0","0","0","1","1","0","0","0","0","0","0","0","0","0","0","0","0","0","0","0","0","0","0","0","0","0","1","0","0","0","1","0","0","0","0","0","0","0","0","0","0","0","0","0","0","0","0","0","0","0","0","0","0","0","0","0","0","0","0","0","0","0","0","0","0","0","0","1","202012","202204","2305"
"0456802","530010","70200700","11752523000291","3","1","00000000000000","","","","","","0","E","","","04","","01","36","03","","99","","","","","","","","2085901","20201116","1","","","","","","0","0","1","0","0","0","1","0","0","0","0","0","0","0",0,0,0,"0",0,0,0,0,0,0,0,0,0,0,0,0,0,0,"0",1,7,0,3,0,0,0,0,0,0,0,0,0,0,0,0,"1",0,0,0,"0",0,0,0,0,"0",0,0,0,0,0,0,0,0,0,0,0,0,0,0,0,"0","0","0","0","0","0","0","0","0","0","0","0","0","0","0","0","0","0","0","0","0","1","0","0","1","1","0","0","1","1","0","0","0","0","0","0","0","0","0","0","0","0","0","0","0","0","0","0","0","0","0","1","0","0","0","1","0","0","0","0","0","0","0","0","0","0","0","0","0","0","0","0","0","0","0","0","0","0","0","0","0","0","0","0","0","0","0","0","0","0","0","0","1","202012","202204","2062"
"0456985","530010","73015120","15319282000161","3","1","00000000000000","","","","0170","","0","E","","","04","","01","22","03","","99","","","","","","","","LICENCA SANITARIA","20190306","1","","","","","","0","0","1","0","0","0","1","0","0","0","0","0","0","0",0,0,0,"0",0,0,0,0,0,0,0,0,0,0,0,0,0,0,"0",2,0,0,0,0,0,0,0,0,0,0,0,0,0,0,0,"1",0,0,0,"0",0,0,0,0,"0",0,0,0,0,0,0,0,0,0,0,0,0,0,0,0,"0","0","0","0","0","0","0","0","0","0","0","0","0","0","0","0","0","0","0","0","0","0","0","0","0","0","0","0","1","1","0","0","0","0","0","0","0","0","0","0","0","0","0","0","0","0","0","0","0","0","0","1","0","0","0","1","0","0","0","0","0","0","0","0","0","0","0","0","0","0","0","0","0","0","0","0","0","0","0","0","0","0","0","0","0","0","0","0","0","0","0","0","1","202012","202204","2062"
"0456993","530010","71919540","00404947000915","3","1","00000000000000","","","","9901","","0","E","","","04","","03","39","04","","99","","","","","","","","EAS LAB 000218","20201201","1","","","","","","0","0","1","0","0","0","1","0","0","0","0","0","0","0",0,0,0,"0",0,0,0,0,0,0,0,0,0,0,0,0,0,0,"0",0,0,0,0,0,0,0,0,0,0,0,0,0,0,0,0,"0",0,0,0,"0",0,0,0,0,"0",0,0,0,0,0,0,0,0,0,0,0,0,0,0,0,"0","0","0","0","0","0","0","0","1","0","0","0","0","0","0","0","0","0","0","0","0","0","0","0","1","1","0","0","1","1","0","0","0","0","0","0","0","0","0","0","0","0","0","0","0","0","0","0","0","0","0","1","0","0","0","0","0","0","1","0","0","0","0","0","0","0","0","0","0","0","0","0","0","0","0","0","0","0","0","0","0","0","0","0","0","0","0","0","0","0","0","0","1","202012","202204","2062"
"0457019","530010","70390095","08922124000136","3","1","00000000000000","","","","0015","","0","E","","","04","","01","22","03","","99","","","","","","","","","20180206","1","","","","","","0","0","1","0","0","0","1","0","0","0","0","0","0","0",0,0,0,"0",0,0,0,0,0,0,0,0,0,0,0,0,0,0,"0",0,1,0,0,0,0,0,0,0,0,0,0,0,0,0,0,"1",0,0,0,"0",0,0,0,0,"0",0,0,0,0,0,0,0,0,0,0,0,0,0,0,0,"0","0","1","0","0","0","0","0","0","0","0","0","0","0","0","0","0","0","0","0","0","0","0","0","1","0","0","0","1","1","0","0","0","0","0","0","0","0","0","0","0","0","0","0","0","0","0","0","0","0","0","1","0","0","0","0","0","0","0","0","0","0","0","0","0","0","0","0","0","0","0","0","0","0","0","0","0","0","0","0","0","0","0","0","0","0","0","0","0","0","0","0","1","202012","202204","2062"
"0457027","530010","70711902","18606762000100","3","1","00000000000000","","","","","","0","E","","","04","","01","22","03","","99","","","","","","","","ODO 00107-02/2020","20201126","2","","","","","","0","0","1","0","0","0","1","0","0","0","0","0","0","0",0,0,0,"0",0,0,0,0,0,0,0,0,0,0,0,0,0,0,"0",0,0,0,0,0,0,0,0,1,0,0,0,0,0,0,0,"1",0,0,0,"0",0,0,0,0,"0",0,0,0,0,0,0,0,0,0,0,0,0,0,0,0,"0","0","0","0","0","0","0","0","1","0","0","0","0","0","0","0","0","0","0","0","0","0","0","0","1","1","0","0","1","1","0","0","0","0","0","0","0","0","0","0","0","0","0","0","0","0","0","0","0","0","0","1","0","0","1","1","0","0","0","0","0","0","0","0","0","0","0","0","0","0","0","0","0","0","0","0","0","0","0","0","0","0","0","0","0","0","0","0","0","0","0","0","1","202012","202204","2062"
"0458031","530010","71261015","37024323000125","3","1","00000000000000","","","","9929","","0","E","","","04","","01","04","03","","99","","","","","","","","53202312881","20200504","1","","","","","","0","0","1","0","0","0","1","0","0","0","0","0","0","0",0,0,0,"0",0,0,0,0,0,0,0,0,0,0,0,0,0,0,"0",4,0,0,0,0,0,0,0,0,0,0,0,0,0,0,0,"1",0,0,0,"0",0,0,0,0,"0",0,0,0,0,0,0,0,0,0,0,0,0,0,0,0,"0","0","1","0","0","0","0","0","0","0","0","0","0","0","0","0","0","0","0","0","0","0","0","0","1","0","0","0","1","1","0","0","0","0","0","0","0","0","0","0","0","0","0","0","0","0","0","0","0","0","0","1","0","0","0","0","0","0","0","0","0","0","0","0","0","0","0","0","0","0","0","0","0","0","0","0","0","0","0","0","0","0","0","0","0","0","0","0","0","0","0","0","1","202012","202204","2062"
"0459992","530010","70610440","39800367000125","3","1","00000000000000","","","","","","0","E","","","04","","02","36","03","","99","","","","","","","","53202105583","20210507","1","","","","","","0","0","1","0","0","0","1","0","0","0","0","0","0","0",0,0,0,"0",0,0,0,0,0,0,0,0,0,0,0,0,0,0,"0",0,2,0,1,0,0,0,0,0,0,0,0,0,0,0,0,"1",0,0,0,"0",0,0,0,0,"0",0,0,0,0,0,0,0,0,0,0,0,0,0,0,0,"0","0","1","0","0","0","0","0","0","0","0","0","0","0","0","0","0","0","0","1","0","0","0","0","1","1","0","0","1","1","0","0","0","0","0","0","0","0","0","0","0","0","0","0","0","0","0","0","0","0","0","1","0","0","0","1","0","0","0","0","0","0","0","0","0","0","0","0","0","0","0","0","0","0","0","0","0","0","0","0","0","0","0","0","0","0","0","0","0","0","0","0","1","202106","202204","2062"
"0462764","530010","70340000","39813249000151","3","1","00000000000000","","","","0015","","0","E","","","04","","03","36","03","","99","","","","","","","","EAS.20865-01","20201204","1","","","","","","0","0","1","0","0","0","1","0","0","0","0","0","0","0",0,0,0,"0",0,0,0,0,0,0,0,0,0,0,0,0,0,0,"0",0,2,0,0,0,0,0,0,0,0,0,0,0,0,0,0,"1",0,0,0,"0",0,0,0,0,"0",0,0,0,0,0,0,0,0,0,0,0,0,0,0,0,"0","0","1","0","0","0","0","0","0","0","0","0","0","0","0","0","0","0","0","0","0","0","0","0","1","0","0","0","1","1","1","0","0","0","0","0","0","0","0","0","0","0","1","0","0","0","0","0","0","0","0","1","0","0","0","0","0","0","0","0","0","0","0","0","0","0","0","0","0","0","0","0","0","0","0","0","0","0","0","0","0","0","0","0","0","0","0","0","0","0","0","0","1","202012","202204","2062"
"0464392","530010","73015120","11770467000137","3","1","00000000000000","","","","0170","","0","E","","","04","","01","22","03","","99","","","","","","","","LICENCA SANITARIA","20190403","1","","","","","","0","0","1","0","0","0","1","0","0","0","0","0","0","0",0,0,0,"0",0,0,0,0,0,0,0,0,0,0,0,0,0,0,"0",0,1,0,0,0,0,0,0,0,0,0,0,0,0,0,0,"1",0,0,0,"0",0,0,0,0,"0",0,0,0,0,0,0,0,0,0,0,0,0,0,0,0,"0","0","1","0","0","0","0","0","0","0","0","0","0","0","0","0","0","0","0","0","0","0","0","0","1","0","0","0","1","1","0","0","0","0","0","0","0","0","0","0","0","0","0","0","0","0","0","0","0","0","0","1","0","0","0","1","0","0","0","0","0","0","0","0","0","0","0","0","0","0","0","0","0","0","0","0","0","0","0","0","0","0","0","0","0","0","0","0","0","0","0","0","1","202012","202204","2062"
"0464740","530010","70200700","37179894000139","3","1","00000000000000","","","53","0015","","0","E","","","04","","03","04","03","","99","001","0000","00000","","","","","53202316631","20201015","1","","","","","","0","0","1","0","0","0","1","0","0","0","0","0","0","0",0,0,0,"0",0,0,0,0,0,0,0,0,0,0,0,0,0,0,"0",0,3,0,0,0,0,0,0,0,0,0,0,0,0,0,0,"1",0,0,0,"0",0,0,0,0,"0",0,0,0,0,0,0,0,0,0,0,0,0,0,0,0,"0","0","1","0","0","0","0","0","0","0","0","0","0","0","0","0","0","0","0","0","0","0","0","0","1","0","0","0","1","1","0","0","0","0","0","0","0","0","0","0","0","0","0","0","0","0","0","0","0","0","0","1","0","0","0","1","0","0","0","0","0","0","0","0","0","0","0","0","0","0","0","0","0","0","0","0","0","0","0","0","0","0","0","0","0","0","0","0","0","0","0","0","1","202103","202204","2062"
"0464821","530010","71635610","37224591000190","3","1","00000000000000","","","","","","0","E","","","04","","03","36","03","","99","","","","","","","","DFP2000104158 RLE","20200716","1","","","","","","0","0","1","0","0","0","1","0","0","0","0","0","0","0",0,0,0,"0",0,0,0,0,0,0,0,0,0,0,0,0,0,0,"0",0,1,0,0,0,0,0,0,0,0,0,0,0,0,0,0,"1",0,0,0,"0",0,0,0,0,"0",0,0,0,0,0,0,0,0,0,0,0,0,0,0,0,"0","0","1","0","0","0","0","0","0","0","0","0","0","0","0","0","0","0","0","0","0","0","0","0","1","0","0","0","1","1","0","0","0","0","0","0","0","0","0","0","0","0","0","0","0","0","0","0","0","0","0","1","0","0","0","1","0","0","0","0","0","0","0","0","0","0","0","0","0","0","0","0","0","0","0","0","0","0","0","0","0","0","0","0","0","0","0","0","0","0","0","0","1","202012","202204","2240"
"0464929","530010","71645500","39291065000179","3","1","00000000000000","","","","","","0","E","","","04","","01","22","03","","99","","","","","","","","53202364929","20201208","1","","","","","","0","0","1","0","0","0","1","0","0","0","0","0","0","0",0,0,0,"0",0,0,0,0,0,0,0,0,0,0,0,0,0,0,"0",3,0,0,0,0,0,0,0,0,0,0,0,0,0,0,0,"1",0,0,0,"0",0,0,0,0,"0",0,0,0,0,0,0,0,0,0,0,0,0,0,0,0,"0","0","0","0","0","0","0","0","0","0","0","0","0","0","0","0","0","0","0","0","0","0","0","0","0","0","0","0","1","1","0","0","0","0","0","0","0","0","0","0","0","0","0","0","0","0","0","0","0","0","0","1","0","0","0","0","0","0","0","0","0","0","0","0","0","0","0","0","0","0","0","0","0","0","0","0","0","0","0","0","0","0","0","0","0","0","0","0","0","0","0","0","1","202012","202204","2062"
"0466751","530010","70200700","36350404000152","3","1","00000000000000","","","","0015","","0","E","","","04","","03","36","04","","99","","","","","","","","ODO.01829-01","20201009","1","","","","","","0","0","1","0","0","0","1","0","0","0","0","0","0","0",0,0,0,"0",0,0,0,0,0,0,0,0,0,0,0,0,0,0,"0",0,2,0,0,0,0,0,0,5,0,0,0,0,0,0,0,"1",0,0,0,"0",0,0,0,0,"0",0,0,0,0,0,0,0,0,0,0,0,0,0,0,0,"0","0","1","0","0","0","0","0","1","0","0","0","0","0","0","0","0","0","0","0","0","0","0","0","1","1","0","0","1","1","0","0","0","0","0","0","0","0","0","0","0","0","0","0","0","0","0","0","0","0","0","1","0","0","0","1","0","0","0","0","0","0","0","0","0","0","0","0","0","0","0","0","0","0","0","0","0","0","0","0","0","0","0","0","0","0","0","0","0","0","0","0","1","202012","202204","2062"
"0466794","530010","72110040","39806420000103","3","1","00000000000000","","","","0180","","0","E","","","04","","01","36","03","","99","","","","","","","","","20201210","","","","","","","0","0","1","0","0","0","1","0","0","0","0","0","0","0",0,0,0,"0",0,0,0,0,0,0,0,0,0,0,0,0,0,0,"0",0,0,0,1,0,0,0,0,0,0,0,0,0,0,0,0,"1",0,0,0,"0",0,0,0,0,"0",0,0,0,0,0,0,0,0,0,0,0,0,0,0,0,"0","0","1","0","0","0","0","0","0","0","0","0","0","0","0","0","0","0","0","0","0","0","0","0","1","0","0","0","1","1","0","0","0","0","0","0","0","0","0","0","0","0","0","0","0","0","0","0","0","0","0","0","0","0","0","1","0","0","0","0","0","0","0","0","0","0","0","0","0","0","0","0","0","0","0","0","0","0","0","0","0","0","0","0","0","0","0","0","0","0","0","0","1","202012","202204","2305"
"0469653","530010","70673301","38242370000108","3","1","00000000000000","","","","","","0","E","","","04","","03","22","03","","99","","","","","","","","","","","","","","","","0","0","1","0","0","0","1","0","0","0","0","0","0","0",0,0,0,"0",0,0,0,0,0,0,0,0,0,0,0,0,0,0,"0",0,0,0,0,0,0,0,0,1,0,0,0,0,0,0,0,"1",0,0,0,"0",0,0,0,0,"0",0,0,0,0,0,0,0,0,0,0,0,0,0,0,0,"0","0","0","0","0","0","0","0","0","0","0","0","0","0","0","0","0","0","0","0","0","0","0","0","0","1","0","0","0","1","0","0","0","0","0","0","0","0","0","0","0","0","0","0","0","0","0","0","0","0","0","0","0","0","0","1","0","0","0","0","0","0","0","0","0","0","0","0","0","0","0","0","0","0","0","0","0","0","0","0","0","0","0","0","0","0","0","0","0","0","0","0","1","202108","202204","2062"
"0471496","530010","72410101","39986239000118","3","1","00000000000000","","","","0060","","0","E","","","04","","01","04","03","","99","","","","","","","","RLE DIGITAL","20201202","1","","","","","","0","0","1","0","0","0","1","0","0","0","0","0","0","0",0,0,0,"0",0,0,0,0,0,0,0,0,0,0,0,0,0,0,"0",0,0,0,2,0,0,0,0,0,0,0,0,0,0,0,0,"1",0,0,0,"0",0,0,0,0,"0",0,0,0,0,0,0,0,0,0,0,0,0,0,0,0,"0","0","1","0","0","0","0","0","0","0","0","0","0","0","0","0","0","0","0","0","0","0","0","0","1","0","0","0","1","1","0","0","0","0","0","0","0","0","0","0","0","0","0","0","0","0","0","0","0","0","0","1","0","0","0","1","0","0","0","0","0","0","0","0","0","0","0","0","0","0","0","0","0","0","0","0","0","0","0","0","0","0","0","0","0","0","0","0","0","0","0","0","1","202012","202204","2062"
"0471518","530010","72006105","38352772000165","3","1","00000000000000","","","","9934","","0","E","","","04","","","22","04","","99","","","","","","","","CERTIFICADO DE LICENCIAME","20200928","1","","","","","","0","0","1","0","0","0","1","0","0","0","0","0","0","0",0,0,0,"0",0,0,0,0,0,0,0,0,0,0,0,0,0,0,"0",0,7,0,0,0,0,0,0,0,0,0,0,0,0,0,0,"1",0,0,0,"0",0,0,0,0,"0",0,0,0,0,0,0,0,0,0,0,0,0,0,0,0,"0","0","1","0","0","0","0","0","0","0","0","0","0","0","0","0","0","0","0","0","0","0","0","0","1","0","0","0","1","1","0","0","0","0","0","0","0","0","0","0","0","0","0","0","0","0","0","0","0","0","0","1","0","0","1","1","0","0","0","0","0","0","0","0","0","0","0","0","0","0","0","0","0","0","0","0","0","0","0","0","0","0","0","0","0","0","0","0","0","0","0","0","1","202012","202204","2062"
"0471615","530010","70770620","26605973000148","3","1","00000000000000","","","","","","0","E","","","04","","01","22","03","","99","","","","","","","","53600326075","20201123","1","","","","","","0","0","1","0","0","0","1","0","0","0","0","0","0","0",0,0,0,"0",0,0,0,0,0,0,0,0,0,0,0,0,0,0,"0",0,0,0,2,0,0,0,0,0,0,0,0,0,0,0,0,"1",0,0,0,"0",0,0,0,0,"0",0,0,0,0,0,0,0,0,0,0,0,0,0,0,0,"0","0","1","0","0","0","0","0","0","0","0","0","0","0","0","0","0","0","0","0","0","0","0","0","1","0","0","0","1","1","0","0","0","0","0","0","0","0","0","0","0","0","0","0","0","0","0","0","0","0","0","1","0","0","0","0","0","0","0","0","0","0","0","0","0","0","0","0","0","0","0","0","0","0","0","0","0","0","0","0","0","0","0","0","0","0","0","0","0","0","0","0","1","202202","202204","2305"
"0471828","530010","71950770","14990692000762","3","1","00000000000000","","","","0010","","0","E","","","04","","03","36","03","","99","","","","","","","","RLE","20201211","1","","","","","","0","0","1","0","0","0","1","0","0","0","0","0","0","0",0,0,0,"0",0,0,0,0,0,0,0,0,0,0,0,0,0,0,"0",0,0,0,6,0,0,0,0,0,0,0,0,0,0,0,0,"1",0,0,0,"0",0,0,0,0,"0",0,0,0,0,0,0,0,0,0,0,0,0,0,0,0,"0","0","1","0","0","0","0","0","0","0","0","0","0","0","0","0","0","0","0","0","0","0","0","0","1","0","0","0","1","1","0","0","0","0","0","0","0","0","0","0","0","0","0","0","0","0","0","0","0","0","0","1","0","0","0","1","0","0","0","0","0","0","0","0","0","0","0","0","0","0","0","0","0","0","0","0","0","0","0","0","0","0","0","0","0","0","0","0","0","0","0","0","1","202104","202204","2062"
"0471887","530010","70200740","31828225000164","3","1","00000000000000","","","","0015","","0","E","","","04","","03","22","03","","99","","","","","","","","DFP1800093227","20210917","1","","","","","","0","0","1","0","0","0","1","0","0","0","0","0","0","0",0,0,0,"0",0,0,0,0,0,0,0,0,0,0,0,0,0,0,"0",2,0,0,0,0,0,0,0,0,0,0,0,0,0,0,0,"1",0,0,0,"0",0,0,0,0,"0",0,0,0,0,0,0,0,0,0,0,0,0,0,0,0,"0","0","1","0","0","0","0","0","0","0","0","0","0","0","0","0","0","0","0","0","0","0","0","0","1","1","0","0","1","1","0","0","0","0","0","0","0","0","0","0","0","0","0","0","0","0","0","0","0","0","0","1","0","0","0","1","0","0","0","0","0","0","0","0","0","0","0","0","0","0","0","0","0","0","0","0","0","0","0","0","0","0","0","0","0","0","0","0","0","0","0","0","1","202110","202204","2062"
"0471909","530010","71691084","36403415000153","3","1","00000000000000","","","","","","0","E","","","04","","01","36","03","","99","","","","","","","","ODO.00031-06","20201026","1","","","","","","0","0","1","0","0","0","1","0","0","0","0","0","0","0",0,0,0,"0",0,0,0,0,0,0,0,0,0,0,0,0,0,0,"0",0,0,0,0,0,0,0,0,2,0,0,0,0,0,0,0,"1",0,0,0,"0",0,0,0,0,"0",0,0,0,0,0,0,0,0,0,0,0,0,0,0,0,"0","0","1","0","0","0","0","0","1","0","0","0","0","0","0","0","0","0","0","0","0","0","0","0","1","1","0","0","1","1","0","0","0","0","0","0","0","0","0","0","0","0","0","0","0","0","0","0","0","0","0","1","0","0","0","0","0","0","0","0","0","0","0","0","0","0","0","0","0","0","0","0","0","0","0","0","0","0","0","0","0","0","0","0","0","0","0","0","0","0","0","0","1","202012","202204","2062"
"0472778","530010","72430209","37527481000106","3","1","00000000000000","","","","0060","","0","E","","","04","","01","04","03","","99","","","","","","","","RLE DIGITAL","20201222","1","","","","","","0","0","1","0","0","0","1","0","0","0","0","0","0","0",0,0,0,"0",0,0,0,0,0,0,0,0,0,0,0,0,0,0,"0",1,0,0,2,0,0,0,0,0,0,0,0,0,0,0,0,"1",0,0,0,"0",0,0,0,0,"0",0,0,0,0,0,0,0,0,0,0,0,0,0,0,0,"0","0","1","0","0","0","0","0","0","0","0","0","0","0","0","0","0","0","0","0","0","0","0","0","1","1","0","0","1","1","0","0","0","0","0","0","0","0","0","0","0","0","0","0","0","0","0","0","0","0","0","1","0","0","0","1","0","0","0","0","0","0","0","0","0","0","0","0","0","0","0","0","0","0","0","0","0","0","0","0","0","0","0","0","0","0","0","0","0","0","0","0","1","202012","202204","2305"
"0472794","530010","72316504","39477071000115","3","1","00000000000000","","","","","","0","E","","","04","","03","22","03","","99","","","","","","","","53202370473","20201019","1","","","","","","0","0","1","0","0","0","1","0","0","0","0","0","0","0",0,0,0,"0",0,0,0,0,0,0,0,0,0,0,0,0,0,0,"0",0,0,0,1,0,0,0,0,0,0,0,0,0,0,0,0,"1",0,0,0,"0",0,0,0,0,"0",0,0,0,0,0,0,0,0,0,0,0,0,0,0,0,"0","0","1","0","0","0","0","0","0","0","0","0","0","0","0","0","0","0","0","0","0","0","0","0","1","0","0","0","1","1","0","0","0","0","0","0","0","0","0","0","0","0","0","0","0","0","0","0","0","0","0","1","0","0","0","0","0","0","0","0","0","0","0","0","0","0","0","0","0","0","0","0","0","0","0","0","0","0","0","0","0","0","0","0","0","0","0","0","0","0","0","0","1","202012","202204","2062"
"0472980","530010","72410206","26353521000116","3","1","00000000000000","","","","","","0","E","","","04","","03","36","03","","99","","","","","","","","EAS 00110-20-2020","20201104","1","","","","","","0","0","1","0","0","0","1","0","0","0","0","0","0","0",0,0,0,"0",0,0,0,0,0,0,0,0,0,0,0,0,0,0,"0",0,1,0,0,0,0,0,0,0,0,0,0,0,0,0,0,"1",0,0,0,"0",0,0,0,0,"0",0,0,0,0,0,0,0,0,0,0,0,0,0,0,0,"0","0","1","0","0","0","0","0","0","0","0","0","0","0","0","0","0","0","0","0","0","0","0","0","1","0","0","0","1","1","0","0","0","0","0","0","0","0","0","0","0","0","0","0","0","0","0","0","0","0","0","0","0","0","0","1","0","0","0","0","0","0","0","0","0","0","0","0","0","0","0","0","0","0","0","0","0","0","0","0","0","0","0","0","0","0","0","0","0","0","0","0","1","202012","202204","2062"
"0473049","530010","70077900","39680859000124","3","1","00000000000000","","","","0005","","0","E","","","04","","03","22","04","","99","","","","","","","","53202375076","20201105","1","","","","","","0","0","1","0","0","0","1","0","0","0","0","0","0","0",0,0,0,"0",0,0,0,0,0,0,0,0,0,0,0,0,0,0,"0",0,2,0,0,0,0,0,0,0,0,0,0,0,0,0,0,"1",0,0,0,"0",0,0,0,0,"0",0,0,0,0,0,0,0,0,0,0,0,0,0,0,0,"0","0","1","0","0","0","0","0","0","0","0","0","0","0","0","0","0","0","0","0","0","0","0","0","1","0","0","0","1","1","0","0","0","0","0","0","0","0","0","0","0","0","0","0","0","0","0","0","0","0","0","1","0","0","0","0","0","0","0","0","0","0","0","0","0","0","0","0","0","0","0","0","0","0","0","0","0","0","0","0","0","0","0","0","0","0","0","0","0","0","0","0","1","202012","202204","2062"
"0473057","530010","72405125","03971021000223","3","1","00000000000000","","","","","","0","E","","","04","","01","36","03","","99","","","","","","","","EAS 00133-20/2021","20211027","1","","","","","","0","0","1","0","0","0","1","0","0","0","0","0","0","0",0,0,0,"0",0,0,0,0,0,0,0,0,0,0,0,0,0,0,"0",0,1,0,0,0,0,0,0,0,0,1,0,0,0,0,0,"1",0,0,0,"0",0,0,0,0,"0",0,0,0,0,0,0,0,0,0,0,0,0,0,0,0,"0","0","1","0","0","0","0","0","0","0","1","0","0","0","0","0","0","0","0","0","0","0","0","0","1","0","0","0","1","1","0","0","0","0","0","0","0","0","0","0","0","0","0","0","0","0","0","0","0","0","0","1","0","0","0","1","0","0","0","0","0","0","0","0","0","0","0","0","0","0","0","0","0","0","0","0","0","0","0","0","0","0","0","0","0","0","0","0","0","0","0","0","1","202203","202204","2240"
"0475939","530010","70390078","36718551000132","3","1","00000000000000","","","","0015","","0","E","","","04","","01","36","04","","99","","","","","","","","","","","","","","","","0","0","1","0","0","0","1","0","0","0","0","0","0","0",0,0,0,"0",0,0,0,0,0,0,0,0,0,0,0,0,0,0,"0",0,0,0,2,0,0,0,0,0,0,0,0,0,0,0,0,"1",0,0,0,"0",0,0,0,0,"0",0,0,0,0,0,0,0,0,0,0,0,0,0,0,0,"0","0","1","0","0","0","0","0","0","0","0","0","0","0","0","0","0","0","0","0","0","0","0","0","1","0","0","0","1","1","0","0","0","0","0","0","0","0","0","0","0","0","0","0","0","0","0","0","0","0","0","1","0","0","0","0","0","0","0","0","0","0","0","0","0","0","0","0","0","0","0","0","0","0","0","0","0","0","0","0","0","0","0","0","0","0","0","0","0","0","0","0","1","202101","202204","2062"
"0475955","530010","71060263","39728497000102","3","1","00000000000000","","","","0070","","0","E","","","04","","03","36","04","","99","","","","","","","","","20201211","1","","","","","","0","0","1","0","0","0","1","0","0","0","0","0","0","0",0,0,0,"0",0,0,0,0,0,0,0,0,0,0,0,0,0,0,"0",0,0,0,5,0,0,0,0,0,0,0,0,0,0,0,0,"1",0,0,0,"0",0,0,0,0,"0",0,0,0,0,0,0,0,0,0,0,0,0,0,0,0,"0","0","1","0","0","0","0","0","0","0","0","0","0","0","0","0","0","0","0","0","0","0","0","0","1","0","0","0","1","1","0","0","0","0","0","0","0","0","0","0","0","0","0","0","0","0","0","0","0","0","0","1","0","0","0","0","0","0","0","0","0","0","0","0","0","0","0","0","0","0","0","0","0","0","0","0","0","0","0","0","0","0","0","0","0","0","0","0","0","0","0","0","1","202101","202204","2062"
"0478008","530010","70673621","02577930000308","3","1","00000000000000","","","","","","0","E","","","04","","03","36","03","","99","","","","","","","","EAS 00105-07","20201221","1","","","","","","0","0","1","0","0","0","1","0","0","0","0","0","0","0",0,0,0,"0",0,0,0,0,0,0,0,0,0,0,0,0,0,0,"0",1,0,0,0,0,0,0,0,0,0,0,0,0,0,0,0,"1",0,0,0,"0",0,0,0,0,"0",0,0,0,0,0,0,0,0,0,0,0,0,0,0,0,"0","0","1","0","0","0","0","0","0","0","0","0","0","0","0","0","0","0","0","0","0","0","0","0","1","0","0","0","1","1","0","0","0","0","0","0","0","0","0","0","0","0","0","0","0","0","0","0","0","0","0","1","0","0","0","1","0","0","0","0","0","0","0","0","0","0","0","0","0","0","0","0","0","0","0","0","0","0","0","0","0","0","0","0","0","0","0","0","0","0","0","0","1","202101","202204","2062"
"0478032","530010","70390108","32478269000174","3","1","00000000000000","","","","","","0","E","","","04","","03","36","04","","99","","","","","","","","53001030589","20100226","1","","","","","","0","0","1","0","0","0","1","0","0","0","0","0","0","0",0,0,0,"0",0,0,0,0,0,0,0,0,0,0,0,0,0,0,"0",0,4,0,0,0,0,0,0,0,0,0,0,0,0,0,0,"1",0,0,0,"0",0,0,0,0,"0",0,0,0,0,0,0,0,0,0,0,0,0,0,0,0,"0","0","1","0","0","0","0","0","0","0","0","0","0","0","0","0","0","0","0","1","0","0","0","0","1","1","0","0","1","1","0","0","0","0","0","0","0","0","0","0","0","0","0","0","0","0","0","0","0","0","0","1","0","0","0","1","0","0","0","0","0","0","0","0","0","0","0","0","0","0","0","0","0","0","0","0","0","0","0","0","0","0","0","0","0","0","0","0","0","0","0","0","1","202101","202204","2062"
"0478105","530010","70610212","14683737000403","3","1","00000000000000","","","","","","0","E","","","04","","02","22","04","","99","","","","","","","","CERTIFICADO DE LICENCA","20210106","1","","","","","","0","0","1","0","0","0","1","0","0","0","0","0","0","0",0,0,0,"0",0,0,0,0,0,0,0,0,0,0,0,0,0,0,"0",0,0,0,2,0,0,0,0,0,0,0,0,0,0,0,0,"1",0,0,0,"0",0,0,0,0,"0",0,0,0,0,0,0,0,0,0,0,0,0,0,0,0,"0","0","0","0","0","0","0","0","0","0","0","0","0","0","0","0","0","0","0","0","0","0","0","0","0","0","0","0","1","1","0","0","0","0","0","0","0","0","0","0","0","0","0","0","0","0","0","0","0","0","0","1","0","0","0","0","0","0","0","0","0","0","0","0","0","0","0","0","0","0","0","0","0","0","0","0","0","0","0","0","0","0","0","0","0","0","0","0","0","0","0","0","1","202101","202204","2062"
"0479101","530010","71805731","30405505000288","3","1","00000000000000","","","","0135","","0","E","","","04","","01","36","04","","99","001","34789","546283","","","","","RE001731","20210828","1","","","","","","0","0","1","0","0","0","1","0","0","0","0","0","0","0",0,0,0,"0",0,0,0,0,0,0,0,0,0,0,0,0,0,0,"0",0,0,0,2,0,0,0,0,0,0,0,0,0,0,0,0,"1",0,0,0,"0",0,0,0,0,"0",0,0,0,0,0,0,0,0,0,0,0,0,0,0,0,"0","0","1","0","0","0","0","0","0","0","0","0","0","0","0","0","0","0","0","0","0","0","0","0","1","0","0","0","1","1","0","0","0","0","0","0","0","0","0","0","0","0","0","0","0","0","0","0","0","0","0","0","0","0","0","1","0","0","0","0","0","0","0","0","0","0","0","0","0","0","0","0","0","0","0","0","0","0","0","0","0","0","0","0","0","0","0","0","0","0","0","0","1","202112","202204","2062"
"0479128","530010","72405499","36100125000130","3","1","00000000000000","","","","0060","","0","E","","","04","","01","04","03","","99","","","","","","","","","","","","","","","","0","0","1","0","0","0","1","0","0","0","0","0","0","0",0,0,0,"0",0,0,0,0,0,0,0,0,0,0,0,0,0,0,"0",2,0,0,0,0,0,0,0,0,0,0,0,0,0,0,0,"1",0,0,0,"0",0,0,0,0,"0",0,0,0,0,0,0,0,0,0,0,0,0,0,0,0,"0","0","1","0","0","0","0","0","0","0","0","0","0","0","0","0","0","0","0","0","0","0","0","0","1","1","0","0","0","1","0","0","0","0","0","0","0","0","0","0","0","0","0","0","0","0","0","0","0","0","0","0","0","0","0","1","0","0","0","0","0","0","0","0","0","0","0","0","0","0","0","0","0","0","0","0","0","0","0","0","0","0","0","0","0","0","0","0","0","0","0","0","1","202101","202204","2062"
"0480002","530010","70390700","00015336441104","1","1","00000000000000","","","","","","0","E","","","04","","03","22","03","","99","","","","","","","","EAS.02563-01","20200922","1","","","","","","0","0","1","0","0","0","1","0","0","0","0","0","0","0",0,0,0,"0",0,0,0,0,0,0,0,0,0,0,0,0,0,0,"0",0,1,0,0,0,0,0,0,0,0,0,0,0,0,0,0,"1",0,0,0,"0",0,0,0,0,"0",0,0,0,0,0,0,0,0,0,0,0,0,0,0,0,"0","0","1","0","0","0","0","0","1","0","0","0","0","0","0","0","0","0","0","0","0","0","0","0","1","0","0","0","1","1","0","0","0","0","0","0","0","0","0","0","0","0","0","0","0","0","0","0","0","0","0","1","0","0","0","1","0","0","0","0","0","0","0","0","0","0","0","0","0","0","0","0","0","0","0","0","0","0","0","0","0","0","0","0","0","0","0","0","0","0","0","0","1","202101","202204","4000"
"0480010","530010","72015575","39659091000107","3","1","00000000000000","","","","0180","","0","E","","","03","","01","36","03","","99","","","","","","","","ODO. 000164-14","20201217","1","","","","","","0","0","1","0","0","0","1","0","0","0","0","0","0","0",0,0,0,"0",0,0,0,0,0,0,0,0,0,0,0,0,0,0,"0",0,0,0,0,0,0,0,0,1,0,0,0,0,0,0,0,"1",0,0,0,"0",0,0,0,0,"0",0,0,0,0,0,0,0,0,0,0,0,0,0,0,0,"0","0","1","0","0","0","0","0","1","0","0","0","0","0","0","0","0","0","0","1","0","0","0","0","1","1","1","1","1","1","0","0","0","0","0","0","0","0","0","0","0","0","0","0","0","0","0","0","0","0","0","1","0","0","0","1","0","0","0","0","0","0","0","0","0","0","0","0","0","0","0","0","0","0","0","0","0","0","0","0","0","0","0","0","0","0","0","0","0","0","0","0","1","202204","202204","2062"
"0480762","530010","72110290","00063263000905","3","1","00000000000000","","","","0180","","0","E","","","04","","03","39","03","","99","","","","","","","","LAB.00026-15/2020","20211125","1","","","","","","0","0","1","0","0","0","1","0","0","0","0","0","0","0",0,0,0,"0",0,0,0,0,0,0,0,0,0,0,0,0,0,0,"0",0,0,0,0,0,0,0,0,0,0,0,0,0,0,0,0,"0",0,0,0,"0",0,0,0,0,"0",0,0,0,0,0,0,0,0,0,0,0,0,0,0,0,"0","0","0","0","0","0","0","0","0","0","0","0","0","0","0","0","0","0","0","0","0","0","0","0","0","1","0","0","1","1","0","0","0","0","0","0","0","0","0","0","0","0","0","0","0","0","0","0","0","0","0","0","0","0","0","0","0","0","1","0","0","0","1","0","0","0","0","0","0","0","0","0","0","0","0","0","0","0","0","0","0","0","0","0","0","0","0","0","0","0","0","0","1","202203","202204","2054"
"0480819","530010","71070512","08395438000551","3","1","00000000000000","","","","0070","","0","E","","","04","","03","04","04","","99","","","","","","","","8690-99","20201014","","","","","","","0","0","1","0","0","0","1","0","0","0","0","0","0","0",0,0,0,"0",0,0,0,0,0,0,0,0,0,0,0,0,0,0,"0",1,0,0,0,0,0,0,0,0,0,0,0,0,0,0,0,"1",0,0,0,"0",0,0,0,0,"0",0,0,0,0,0,0,0,0,0,0,0,0,0,0,0,"0","0","1","0","0","0","0","0","0","0","0","0","0","0","0","0","0","0","0","0","0","0","0","0","1","0","0","0","1","1","0","0","0","0","0","0","0","0","0","0","0","0","0","0","0","0","0","0","0","0","0","1","0","0","1","1","0","0","0","0","0","0","0","0","0","0","0","0","0","0","0","0","0","0","0","0","0","0","0","0","0","0","0","0","0","0","0","0","0","0","0","0","1","202101","202204","2062"
"0483052","530010","70710904","12643940000188","3","1","00000000000000","","","","0005","","0","E","","","04","","01","36","03","","99","","","","","","","","LICENCA SANITARIA","20210501","1","","","","","","0","0","1","0","0","0","1","0","0","0","0","0","0","0",0,0,0,"0",0,0,0,0,0,0,0,0,0,0,0,0,0,0,"0",0,1,0,0,0,0,0,0,0,0,0,0,0,0,0,0,"1",0,0,0,"0",0,0,0,0,"0",0,0,0,0,0,0,0,0,0,0,0,0,0,0,0,"0","0","1","0","0","0","0","0","0","0","0","0","0","0","0","0","0","0","0","0","0","0","0","0","1","0","0","0","1","1","0","0","0","0","0","0","0","0","0","0","0","0","0","0","0","0","0","0","0","0","0","1","0","0","0","1","0","0","0","0","0","0","0","0","0","0","0","0","0","0","0","0","0","0","0","0","0","0","0","0","0","0","0","0","0","0","0","0","0","0","0","0","1","202101","202204","2062"
"0483508","530010","71680120","38733863000140","3","1","00000000000000","","","","","","0","E","","","04","","03","22","03","","99","","","","","","","","531569988","20201011","1","","","","","","0","0","1","0","0","0","1","0","0","0","0","0","0","0",0,0,0,"0",0,0,0,0,0,0,0,0,0,0,0,0,0,0,"0",0,0,0,1,0,0,0,0,0,0,0,0,0,0,0,0,"1",0,0,0,"0",0,0,0,0,"0",0,0,0,0,0,0,0,0,0,0,0,0,0,0,0,"0","0","1","0","0","0","0","0","0","0","0","0","0","0","0","0","0","0","0","0","0","0","0","0","1","1","0","0","1","1","0","0","0","0","0","0","0","0","0","0","0","0","0","0","0","0","0","0","0","0","0","1","0","0","0","1","0","0","0","0","0","0","0","0","0","0","0","0","0","0","0","0","0","0","0","0","0","0","0","0","0","0","0","0","0","0","0","0","0","0","0","0","1","202101","202204","2062"
"0484032","530010","71570050","00000000000000","3","3","00394700000108","","07","","0110","","1","E","","","03","","03","84","03","","99","","","","","","","","","","","","","","","","1","0","1","0","0","0","1","0","0","0","0","0","0","0",0,0,0,"0",0,0,0,0,0,0,0,0,0,0,0,0,0,0,"1",0,0,0,0,0,0,0,0,0,0,0,1,0,0,0,0,"1",0,0,0,"0",0,0,0,0,"0",1,1,1,1,0,0,0,0,0,0,0,0,0,0,0,"0","0","0","0","0","0","0","0","0","0","0","0","0","0","0","0","0","0","0","0","0","0","0","0","0","1","0","0","1","1","0","0","0","0","0","0","0","0","0","0","0","0","0","0","0","0","0","0","0","0","1","0","0","0","0","0","0","0","0","0","0","0","0","0","0","0","0","0","0","0","0","0","0","0","0","0","0","0","1","0","0","0","0","0","0","0","0","0","0","0","0","0","1","202203","202204","1023"
"0484105","530010","72405901","00000000000000","3","3","00394700000108","","","","0060","","1","E","","","04","","","84","03","","99","","","","","","","","","","","","","","","","0","0","1","0","0","0","1","0","0","0","0","0","0","0",0,0,0,"0",0,0,0,0,0,0,0,0,0,0,0,0,0,0,"1",0,0,0,0,0,0,0,0,0,0,0,0,0,0,0,0,"0",0,0,0,"0",0,0,0,0,"0",1,1,2,1,1,0,0,0,0,0,0,0,0,0,0,"0","0","0","0","0","0","0","0","0","0","0","0","0","0","0","0","0","0","0","0","0","0","0","0","0","1","1","0","0","1","0","0","0","0","0","0","0","0","0","0","0","0","0","0","0","0","0","0","0","0","0","0","0","0","0","0","0","0","0","0","0","0","0","0","0","0","0","0","0","0","0","0","0","0","0","0","0","0","1","0","0","0","0","0","0","0","0","0","0","0","0","0","1","202101","202204","1023"
"0484210","530010","70295500","61412110094893","3","1","00000000000000","","","","0015","","0","E","","","04","","03","43","06","","99","","","","","","","","6413-01","20200610","1","","","","","","0","0","1","0","0","0","1","0","0","0","0","0","0","0",0,0,0,"0",0,0,0,0,0,0,0,0,0,0,0,0,0,0,"0",0,0,0,0,0,0,0,0,0,0,0,1,0,0,0,0,"1",0,0,0,"0",0,0,0,0,"0",0,0,0,0,0,0,0,0,0,0,0,0,0,0,0,"0","0","0","0","0","0","1","0","0","0","0","0","0","0","0","0","0","0","0","0","0","0","0","0","1","0","0","0","1","1","0","0","0","0","0","0","0","0","0","0","0","0","0","0","0","0","0","0","0","0","0","0","0","0","0","0","0","0","0","0","0","0","0","0","0","0","0","0","0","0","0","0","1","0","0","0","0","0","0","0","0","0","0","0","0","0","0","0","0","0","0","0","1","202101","202204","2054"
"0484369","530010","71720585","00000000000000","3","3","00394700000108","","","","0100","","1","E","","","04","","03","84","03","","99","","","","","","","","","","","","","","","","0","0","0","0","0","0","0","0","0","0","0","0","0","0",0,0,0,"0",0,0,0,0,0,0,0,0,0,0,0,0,0,0,"1",0,0,0,0,0,0,0,0,0,0,0,0,0,0,0,0,"0",0,0,0,"0",0,0,0,0,"0",1,1,0,0,0,0,0,0,0,0,0,0,0,0,0,"0","0","0","0","0","0","0","0","0","0","0","0","0","0","0","0","0","0","0","0","0","0","0","0","0","0","0","0","1","1","0","0","0","0","0","0","0","0","0","0","0","0","0","0","0","0","0","0","0","0","0","0","0","0","0","0","0","0","0","0","0","0","0","0","0","0","0","0","0","0","0","0","0","0","0","0","0","0","1","0","0","0","0","0","0","0","0","0","0","0","0","0","1","202102","202204","1023"
"0484482","530010","72210055","39759310000120","3","1","00000000000000","","","","0040","","0","E","","","04","","01","36","03","","99","","","","","","","","RLE","20201113","1","","","","","","0","0","1","0","0","0","1","0","0","0","0","0","0","0",0,0,0,"0",0,0,0,0,0,0,0,0,0,0,0,0,0,0,"0",0,3,0,0,0,0,0,0,0,0,0,0,0,0,0,0,"1",0,0,0,"0",0,0,0,0,"0",0,0,0,0,0,0,0,0,0,0,0,0,0,0,0,"0","0","0","0","0","0","0","0","0","0","0","0","0","0","0","0","0","0","0","1","0","0","0","0","1","0","0","0","1","1","0","0","0","0","0","0","0","0","0","0","0","0","0","0","0","0","0","0","0","0","0","1","0","0","1","1","0","0","0","0","0","0","0","0","0","0","0","0","0","0","0","0","0","0","0","0","0","0","0","0","0","0","0","0","0","0","0","0","0","0","0","0","1","202101","202204","2062"
"0485101","530010","70710905","00000000000000","3","3","00394700000108","","","","","","1","E","","","04","","03","84","03","","99","","","","","","","","","","","","","","","","1","0","1","0","0","0","1","0","0","0","0","0","0","0",0,0,0,"0",0,0,0,0,0,0,0,0,0,0,0,0,0,0,"1",0,0,1,0,0,0,0,0,0,0,0,0,0,0,0,0,"1",0,0,0,"0",0,0,0,0,"0",1,1,0,0,0,0,0,0,0,0,0,0,0,0,0,"0","0","0","0","0","0","0","0","0","0","0","0","0","0","0","0","0","0","0","0","0","0","0","0","0","1","0","0","0","1","0","0","0","0","0","0","0","0","0","0","0","0","0","0","0","0","0","0","0","0","0","0","0","0","0","0","0","0","0","0","0","0","0","0","0","0","0","0","0","0","0","0","0","0","0","0","0","0","1","0","0","0","0","0","0","0","0","0","0","0","0","0","1","202203","202204","1023"
"0485217","530010","72215270","00000000000000","3","3","00394700000108","","","","0040","","1","E","","","04","","02","84","03","","99","","","","","","","","","","","","","","","","0","0","1","0","0","0","1","0","0","0","0","0","0","0",0,0,0,"0",0,0,0,0,0,0,0,0,0,0,0,0,0,0,"1",0,0,0,0,0,0,0,0,0,0,0,0,0,0,0,0,"0",0,0,0,"0",0,0,0,0,"0",1,1,1,1,1,0,0,0,0,0,0,0,0,0,0,"0","0","0","0","0","0","0","0","0","0","0","0","0","0","0","0","0","0","0","0","0","0","0","0","0","0","0","0","1","1","0","0","0","0","0","0","0","0","0","0","0","0","0","0","0","0","0","0","0","0","0","0","0","0","0","0","0","0","0","0","0","0","0","0","0","0","0","0","0","0","0","0","0","0","0","0","0","0","1","0","0","0","0","0","0","0","0","0","0","0","0","0","1","202202","202204","1023"
"0485845","530010","71953000","27507817000298","3","1","00000000000000","","","","","","0","E","","","04","","03","22","03","","99","","","","","","","","53900411621","20211115","1","","","","","","0","0","1","0","0","0","1","0","0","0","0","0","0","0",0,0,0,"0",0,0,0,0,0,0,0,0,0,0,0,0,0,0,"0",0,0,0,0,0,0,0,0,2,0,0,0,0,0,0,0,"1",0,0,0,"0",0,0,0,0,"0",0,0,0,0,0,0,0,0,0,0,0,0,0,0,0,"0","0","1","0","0","0","0","0","0","0","0","0","0","0","0","0","0","0","0","0","0","0","0","0","1","1","0","0","1","1","0","0","0","0","0","0","0","0","0","0","0","0","0","0","0","0","0","0","0","0","0","1","0","0","0","1","0","0","0","0","0","0","0","0","0","0","0","0","0","0","0","0","0","0","0","0","0","0","0","0","0","0","0","0","0","0","0","0","0","0","0","0","1","202101","202204","2305"
"0486655","530010","72405498","37374236000106","3","1","00000000000000","","","","0060","","0","E","","","04","","03","36","03","","99","","","","","","","","RLE","20200612","1","","","","","","0","0","1","0","0","0","1","0","0","0","0","0","0","0",0,0,0,"0",0,0,0,0,0,0,0,0,0,0,0,0,0,0,"0",0,2,0,0,0,0,0,0,0,0,0,0,0,0,0,0,"1",0,0,0,"0",0,0,0,0,"0",0,0,0,0,0,0,0,0,0,0,0,0,0,0,0,"0","0","1","0","0","0","0","0","0","0","0","0","0","0","0","0","0","0","0","1","0","0","0","0","1","0","0","0","1","1","0","0","0","0","0","0","0","0","0","0","0","0","0","0","0","0","0","0","0","0","0","1","0","0","1","1","0","0","0","0","0","0","0","0","0","0","0","0","0","0","0","0","0","0","0","0","0","0","0","0","0","0","0","0","0","0","0","0","0","0","0","0","1","202101","202204","2062"
"0486698","530010","70200760","40135560000178","3","1","00000000000000","","","","","","0","E","","","04","","01","22","03","","99","","","","","","","","53202391926","20210106","1","","","","","","0","0","1","0","0","0","1","0","0","0","0","0","0","0",0,0,0,"0",0,0,0,0,0,0,0,0,0,0,0,0,0,0,"0",1,0,0,0,0,0,0,0,0,0,0,0,0,0,0,0,"1",0,0,0,"0",0,0,0,0,"0",0,0,0,0,0,0,0,0,0,0,0,0,0,0,0,"0","0","1","0","0","0","0","0","0","0","0","0","0","0","0","0","0","0","0","0","0","0","0","0","1","0","0","0","1","1","0","0","0","0","0","0","0","0","0","0","0","0","0","0","0","0","0","0","0","0","0","1","0","0","0","1","1","0","0","0","0","0","0","0","0","0","0","0","0","0","0","0","0","0","0","0","0","0","0","0","0","0","0","0","0","0","0","0","0","0","0","0","1","202101","202204","2062"
"0489018","530010","72120970","00000000000000","3","3","00394700000108","","04","","0180","","1","E","","","04","","03","84","03","","99","","","","","","","","","","","","","","","","1","0","1","0","0","0","1","0","0","0","0","0","0","0",0,0,0,"0",0,0,0,0,0,0,0,0,0,0,0,0,0,0,"1",0,0,0,0,0,0,0,0,0,0,0,0,0,0,0,0,"0",0,0,0,"0",0,0,0,0,"0",0,1,0,0,0,0,0,0,0,0,0,0,0,0,0,"0","0","0","0","0","0","0","0","0","0","0","0","0","0","0","0","0","0","0","0","0","0","0","0","0","1","0","0","0","1","0","0","0","0","0","0","0","0","0","0","0","0","0","0","0","0","0","0","0","0","0","0","0","0","0","0","0","0","0","0","0","0","0","0","0","0","0","0","0","0","0","0","0","0","0","0","0","0","1","0","0","0","0","0","0","0","0","0","0","0","0","0","1","202101","202204","1023"
"0489026","530010","70390145","40279884000180","3","1","00000000000000","","","","0015","","0","E","","","04","","01","22","03","","99","","","","","","","","","","","","","","","","0","0","1","0","0","0","1","0","0","0","0","0","0","0",0,0,0,"0",0,0,0,0,0,0,0,0,0,0,0,0,0,0,"0",0,0,0,1,0,0,0,0,0,0,0,0,0,0,0,0,"1",0,0,0,"0",0,0,0,0,"0",0,0,0,0,0,0,0,0,0,0,0,0,0,0,0,"0","0","0","0","0","0","0","0","0","0","0","0","0","0","0","0","0","0","0","0","1","0","0","0","1","0","0","0","1","1","0","0","0","0","0","0","0","0","0","0","0","0","0","0","0","0","0","0","0","0","0","0","0","0","0","1","0","0","0","0","0","0","0","0","0","0","0","0","0","0","0","0","0","0","0","0","0","0","0","0","0","0","0","0","0","0","0","0","0","0","0","0","1","202101","202204","2062"
"0489379","530010","72010010","33906721000114","3","1","00000000000000","","","","","","0","E","","","04","","","22","03","","99","","","","","","","","53600371569","20200414","1","","","","","","0","0","1","0","0","0","1","0","0","0","0","0","0","0",0,0,0,"0",0,0,0,0,0,0,0,0,0,0,0,0,0,0,"0",0,0,0,0,0,0,0,0,2,0,0,0,0,0,0,0,"1",0,0,0,"0",0,0,0,0,"0",0,0,0,0,0,0,0,0,0,0,0,0,0,0,0,"0","0","1","0","0","0","0","0","1","0","0","0","0","0","0","0","0","0","0","0","0","0","0","0","1","1","0","0","0","1","0","0","0","0","0","0","0","0","0","0","0","0","0","0","0","0","0","0","0","0","0","1","0","0","0","0","0","0","0","0","0","0","0","0","0","0","0","0","0","0","0","0","0","0","0","0","0","0","0","0","0","0","0","0","0","0","0","0","0","0","0","0","1","202101","202204","2062"
"0490075","530010","72155801","34853988000153","3","1","00000000000000","","","","0180","","0","E","","","04","","01","36","03","","99","","","","","","","","34.853.988/0001-53","20200603","1","","","","","","0","0","1","0","0","0","1","0","0","0","0","0","0","0",0,0,0,"0",0,0,0,0,0,0,0,0,0,0,0,0,0,0,"0",0,0,0,0,0,0,0,0,4,0,0,0,0,0,0,0,"1",0,0,0,"0",0,0,0,0,"0",0,0,0,0,0,0,0,0,0,0,0,0,0,0,0,"0","0","1","0","0","0","0","0","1","0","0","0","0","0","0","0","0","0","0","0","0","0","0","0","1","1","0","0","1","1","0","0","0","0","0","0","0","0","0","0","0","0","0","0","0","0","0","0","0","0","0","1","0","0","0","0","0","0","0","0","0","0","0","0","0","0","0","0","0","0","0","0","0","0","0","0","0","0","0","0","0","0","0","0","0","0","0","0","0","0","0","0","1","202101","202204","2062"
"0490733","530010","73310000","00000000000000","3","3","00394700000108","","","","0120","","1","E","","","04","","03","84","03","","99","","","","","","","","","","","","","","","","0","0","1","0","0","0","1","0","0","0","0","0","0","0",0,0,0,"0",0,0,0,0,0,0,0,0,0,0,0,0,0,0,"1",1,0,0,0,0,0,0,0,0,0,0,0,0,0,0,0,"1",0,0,0,"0",0,0,0,0,"0",1,1,1,0,0,0,0,0,0,0,0,0,0,0,0,"0","0","0","0","0","0","0","0","0","0","0","0","0","0","0","0","0","0","0","0","0","0","0","0","0","1","0","0","1","1","0","0","0","0","0","0","0","0","0","0","0","0","0","0","0","0","0","0","0","0","1","0","0","0","0","0","0","0","0","0","0","0","0","0","0","0","0","0","0","0","0","0","0","0","0","0","0","0","1","0","0","0","0","0","0","0","0","0","0","0","0","0","1","202204","202204","1023"
"0492620","530010","70340908","40461391000166","3","1","00000000000000","","","","","","0","E","","","04","","03","36","03","","99","","","","","","","","53202402839","20210119","1","","","","","","0","0","1","0","0","0","1","0","0","0","0","0","0","0",0,0,0,"0",0,0,0,0,0,0,0,0,0,0,0,0,0,0,"0",0,0,0,1,0,0,0,0,0,0,0,0,0,0,0,0,"1",0,0,0,"0",0,0,0,0,"0",0,0,0,0,0,0,0,0,0,0,0,0,0,0,0,"0","0","0","1","0","0","0","0","0","0","0","0","0","0","0","0","0","0","0","0","0","0","0","0","1","0","0","0","1","1","0","0","0","0","0","0","0","0","0","0","0","0","0","0","0","0","0","0","0","0","0","1","0","0","0","1","0","0","0","0","0","0","0","0","0","0","0","0","0","0","0","0","0","0","0","0","0","0","0","0","0","0","0","0","0","0","0","0","0","0","0","0","1","202101","202204","2062"
"0493627","530010","70710146","34784481000195","3","1","00000000000000","","","","","","0","E","","","04","","01","22","03","","99","","","","","","","","","","","","","","","","0","0","1","0","0","0","1","0","0","0","0","0","0","0",0,0,0,"0",0,0,0,0,0,0,0,0,0,0,0,0,0,0,"0",0,0,0,0,0,0,0,0,1,0,0,0,0,0,0,0,"1",0,0,0,"0",0,0,0,0,"0",0,0,0,0,0,0,0,0,0,0,0,0,0,0,0,"0","0","0","0","0","0","0","0","0","0","0","0","0","0","0","0","0","0","0","0","0","0","0","0","0","0","0","0","1","1","0","0","0","0","0","0","0","0","0","0","0","0","0","0","0","0","0","0","0","0","0","1","0","0","0","0","0","0","0","0","0","0","0","0","0","0","0","0","0","0","0","0","0","0","0","0","0","0","0","0","0","0","0","0","0","0","0","0","0","0","0","0","1","202101","202204","2305"
"0495123","530010","70719900","40171521000126","3","1","00000000000000","","","","","","0","E","","","04","","03","22","04","","99","","","","","","","","LICENCA DE FUNCIONAMENTO","20201229","1","","","","","","0","0","1","0","0","0","1","0","0","0","0","0","0","0",0,0,0,"0",0,0,0,0,0,0,0,0,0,0,0,0,0,0,"0",0,0,0,1,0,0,0,0,0,0,0,0,0,0,0,0,"1",0,0,0,"0",0,0,0,0,"0",0,0,0,0,0,0,0,0,0,0,0,0,0,0,0,"0","0","1","0","0","0","0","0","0","0","0","0","0","0","0","0","0","0","0","0","0","0","0","0","1","0","0","0","1","1","0","0","0","0","0","0","0","0","0","0","0","0","0","0","0","0","0","0","0","0","0","0","0","0","0","1","0","0","0","0","0","0","0","0","0","0","0","0","0","0","0","0","0","0","0","0","0","0","0","0","0","0","0","0","0","0","0","0","0","0","0","0","1","202101","202204","2062"
"0496863","530010","70390145","34368311000120","3","1","00000000000000","","","","0015","","0","E","","","03","","01","22","03","","99","","","","","","","","CERTIFICADO DE LICENCIAME","20200903","1","","","","","","0","0","1","0","0","0","1","0","0","0","0","0","0","0",0,0,0,"0",0,0,0,0,0,0,0,0,0,0,0,0,0,0,"0",0,0,0,0,0,0,0,0,1,0,0,0,0,0,0,0,"1",0,0,0,"0",0,0,0,0,"0",0,0,0,0,0,0,0,0,0,0,0,0,0,0,0,"0","0","1","0","0","0","0","0","1","0","0","0","0","0","0","0","0","0","0","1","0","0","0","0","1","1","1","0","1","1","0","0","0","0","0","0","0","0","0","0","0","0","0","0","0","0","0","0","0","0","0","1","0","0","0","0","0","0","0","0","0","0","0","0","0","0","0","0","0","0","0","0","0","0","0","0","0","0","0","0","0","0","0","0","0","0","0","0","0","0","0","0","1","202101","202204","2305"
"0500089","530010","72430107","33462543000180","3","1","00000000000000","","","","0060","","0","E","","","04","","01","22","03","","99","","","","","","","","RLE DIGITAL","20190923","1","","","","","","0","0","1","0","0","0","1","0","0","0","0","0","0","0",0,0,0,"0",0,0,0,0,0,0,0,0,0,0,0,0,0,0,"0",0,0,0,1,0,0,0,0,0,0,0,0,0,0,0,0,"1",0,0,0,"0",0,0,0,0,"0",0,0,0,0,0,0,0,0,0,0,0,0,0,0,0,"0","0","1","0","0","0","0","0","0","0","0","0","0","0","0","0","0","0","0","0","0","0","0","0","1","0","0","0","1","1","0","0","0","0","0","0","0","0","0","0","0","0","0","0","0","0","0","0","0","0","0","1","0","0","0","1","0","0","0","0","0","0","0","0","0","0","0","0","0","0","0","0","0","0","0","0","0","0","0","0","0","0","0","0","0","0","0","0","0","0","0","0","1","202102","202204","2062"
"0500097","530010","70756530","40344744000148","3","1","00000000000000","","","","0005","","0","E","","","04","","01","22","03","","99","","","","","","","","RLE DIGITAL","20210113","1","","","","","","0","0","1","0","0","0","1","0","0","0","0","0","0","0",0,0,0,"0",0,0,0,0,0,0,0,0,0,0,0,0,0,0,"0",1,0,0,0,0,0,0,0,0,0,0,0,0,0,0,0,"1",0,0,0,"0",0,0,0,0,"0",0,0,0,0,0,0,0,0,0,0,0,0,0,0,0,"0","0","1","0","0","0","0","0","0","0","0","0","0","0","0","0","0","0","0","0","0","0","0","0","1","1","0","0","1","1","0","0","0","0","0","0","0","0","0","0","0","0","0","0","0","0","0","0","0","0","0","1","0","0","0","1","0","0","0","0","0","0","0","0","0","0","0","0","0","0","0","0","0","0","0","0","0","0","0","0","0","0","0","0","0","0","0","0","0","0","0","0","1","202102","202204","2062"
"0500313","530010","73010120","30557306000376","3","1","00000000000000","","","","","","0","E","","","04","","01","39","03","","99","","","","","","","","LAB-01246-09","20210118","1","","","","","","0","0","1","0","0","0","1","0","0","0","0","0","0","0",0,0,0,"0",0,0,0,0,0,0,0,0,0,0,0,0,0,0,"0",0,0,0,0,0,0,0,0,0,0,0,0,0,0,0,0,"0",0,0,0,"0",0,0,0,0,"0",0,0,0,0,0,0,0,0,0,0,0,0,0,0,0,"0","0","0","0","0","0","0","0","0","0","0","0","0","0","0","0","0","0","0","0","0","0","0","0","0","1","1","0","1","1","0","0","0","0","0","0","0","0","0","0","0","0","0","0","0","0","0","0","0","0","0","0","0","0","0","0","0","0","1","0","0","0","1","0","0","0","0","0","0","0","0","0","0","0","0","0","0","0","0","0","0","0","0","0","0","0","0","0","0","0","0","0","1","202102","202204","2135"
"0501786","530010","70373000","61590410003220","3","1","00000000000000","","","","","","0","E","","","04","","03","04","03","","99","","","","","","","","RLE","20210111","1","","","","","","0","0","1","0","0","0","1","0","0","0","0","0","0","0",0,0,0,"0",0,0,0,0,0,0,0,0,0,0,0,0,0,0,"0",6,0,0,1,0,0,0,0,0,0,1,0,0,0,0,0,"1",0,0,0,"0",0,0,0,0,"0",0,0,0,0,0,0,0,0,0,0,0,0,0,0,0,"0","0","1","0","0","0","1","0","0","0","1","0","0","0","0","0","0","1","0","1","0","1","0","0","1","1","0","0","1","1","0","0","0","0","0","0","0","0","0","0","0","0","0","0","0","0","0","0","0","0","0","1","0","0","0","1","0","0","0","0","0","0","0","0","0","0","0","0","0","0","0","0","0","0","0","0","0","0","0","0","0","0","0","0","0","0","0","0","0","0","0","0","1","202203","202204","3999"
"0502049","530010","72215052","32928337000150","3","1","00000000000000","","","","","","0","E","","","04","","01","22","03","","99","","","","","","","","CERT DE LICENCIAMENTO","20190313","1","","","","","","0","0","1","0","0","0","1","0","0","0","0","0","0","0",0,0,0,"0",0,0,0,0,0,0,0,0,0,0,0,0,0,0,"0",0,0,0,3,0,0,0,0,0,0,0,0,0,0,0,0,"1",0,0,0,"0",0,0,0,0,"0",0,0,0,0,0,0,0,0,0,0,0,0,0,0,0,"0","0","1","0","0","0","0","0","0","0","0","0","0","0","0","0","0","0","1","0","0","0","0","0","1","1","0","0","1","1","0","0","0","0","0","0","0","0","0","0","0","0","0","0","0","0","0","0","0","0","0","1","0","0","0","0","0","0","0","0","0","0","0","0","0","0","0","0","0","0","0","0","0","0","0","0","0","0","0","0","0","0","0","0","0","0","0","0","0","0","0","0","1","202202","202204","2062"
"0509159","530010","70710100","36479876000100","3","1","00000000000000","","","","","","0","E","","","04","","03","22","04","","99","","","","","","","","53101406626","20200806","2","","","","","","0","0","1","0","0","0","1","0","0","0","0","0","0","0",0,0,0,"0",0,0,0,0,0,0,0,0,0,0,0,0,0,0,"0",0,0,0,2,0,0,0,0,0,0,0,0,0,0,0,0,"1",0,0,0,"0",0,0,0,0,"0",0,0,0,0,0,0,0,0,0,0,0,0,0,0,0,"0","0","1","0","0","0","0","0","0","0","0","0","0","0","0","0","0","0","0","1","0","0","0","0","1","0","0","0","1","1","0","0","0","0","0","0","0","0","0","0","0","0","0","0","0","0","0","0","0","0","0","1","0","0","0","1","0","0","0","0","0","0","0","0","0","0","0","0","0","0","0","0","0","0","0","0","0","0","0","0","0","0","0","0","0","0","0","0","0","0","0","0","1","202102","202204","2062"
"0511501","530010","71010006","00000000000000","3","3","00394700000108","","","","0070","","1","E","","","04","","02","36","03","","99","","","","","","","","","","","","","","","","0","0","1","0","0","0","1","0","0","0","0","0","0","0",0,0,0,"0",0,0,0,0,0,0,0,0,0,0,0,0,0,0,"0",0,9,0,2,0,0,0,0,0,0,0,0,0,0,1,0,"1",0,0,0,"0",0,0,0,0,"0",0,0,0,0,0,0,0,0,0,0,0,0,0,0,0,"0","0","0","0","0","0","0","0","0","0","0","0","0","0","0","0","0","0","0","0","0","0","0","0","0","1","0","0","1","1","0","0","0","0","0","0","0","0","0","0","0","0","0","0","0","0","0","0","0","0","1","0","0","0","0","0","0","0","0","0","0","0","0","0","0","0","0","0","0","0","0","0","0","0","0","0","0","0","0","0","0","0","0","0","0","0","0","0","0","0","0","0","1","202204","202204","1023"
"0511528","530010","70670423","00612008000370","3","1","00000000000000","","","","","","0","E","","","04","","03","36","04","","99","001","35998","4307860","","","","","RLE DIGITAL - CERTIF DIGI","20201119","1","","","","","","0","0","1","0","0","0","1","0","0","0","0","0","0","0",0,0,0,"0",0,0,0,0,0,0,0,0,0,0,0,0,0,0,"0",0,0,0,6,0,0,0,0,0,0,0,0,0,0,0,0,"1",0,0,0,"0",0,0,0,0,"0",0,0,0,0,0,0,0,0,0,0,0,0,0,0,0,"0","0","1","0","0","0","0","0","0","0","0","0","0","0","0","0","0","0","0","0","0","0","0","0","1","0","0","0","1","1","0","0","0","0","0","0","0","0","0","0","0","0","0","0","0","0","0","0","0","0","0","1","0","0","0","1","0","0","0","0","0","0","0","0","0","0","0","0","0","0","0","0","0","0","0","0","0","0","0","0","0","0","0","0","0","0","0","0","0","0","0","0","1","202102","202204","2240"
"0512052","530010","70680619","40138056000121","3","1","00000000000000","","","","9931","","0","E","","","04","","03","22","03","","99","","","","","","","","LICENCIAMENTO RLE","20210127","1","","","","","","0","0","1","0","0","0","1","0","0","0","0","0","0","0",0,0,0,"0",0,0,0,0,0,0,0,0,0,0,0,0,0,0,"0",0,1,0,0,0,0,0,0,0,0,0,0,0,0,0,0,"1",0,0,0,"0",0,0,0,0,"0",0,0,0,0,0,0,0,0,0,0,0,0,0,0,0,"0","0","1","0","0","0","0","0","0","0","0","0","0","0","0","0","0","0","0","0","0","0","0","0","1","0","0","0","1","1","0","0","0","0","0","0","0","0","0","0","0","0","0","0","0","0","0","0","0","0","0","1","0","0","0","1","0","0","0","0","0","0","0","0","0","0","0","0","0","0","0","0","0","0","0","0","0","0","0","0","0","0","0","0","0","0","0","0","0","0","0","0","1","202102","202204","2062"
"0512354","530010","72110080","39750525000180","3","1","00000000000000","","","","","","0","E","","","04","","03","22","03","","99","","","","","","","","53202376714","20210107","1","","","","","","0","0","1","0","0","0","1","0","0","0","0","0","0","0",0,0,0,"0",0,0,0,0,0,0,0,0,0,0,0,0,0,0,"0",0,0,0,1,0,0,0,0,0,0,0,0,0,0,0,0,"1",0,0,0,"0",0,0,0,0,"0",0,0,0,0,0,0,0,0,0,0,0,0,0,0,0,"0","0","1","0","0","0","0","0","0","0","0","0","0","0","0","0","0","0","0","0","0","0","0","0","1","0","0","0","1","1","0","0","0","0","0","0","0","0","0","0","0","0","0","0","0","0","0","0","0","0","0","1","0","0","0","1","0","0","0","0","0","0","0","0","0","0","0","0","0","0","0","0","0","0","0","0","0","0","0","0","0","0","0","0","0","0","0","0","0","0","0","0","1","202102","202204","2062"
"0514829","530010","70200700","40238166000165","3","1","00000000000000","","","","","","0","E","","","04","","03","36","03","","99","","","","","","","","53202396511","20210105","1","","","","","","0","0","1","0","0","0","1","0","0","0","0","0","0","0",0,0,0,"0",0,0,0,0,0,0,0,0,0,0,0,0,0,0,"0",0,0,0,1,0,0,0,0,0,0,0,0,0,0,0,0,"1",0,0,0,"0",0,0,0,0,"0",0,0,0,0,0,0,0,0,0,0,0,0,0,0,0,"0","0","1","0","0","0","0","0","0","0","0","0","0","0","0","0","0","0","0","0","0","0","0","0","1","0","0","0","1","1","0","0","0","0","0","0","0","0","0","0","0","0","0","0","0","0","0","0","0","0","0","1","0","0","0","1","0","0","0","0","0","0","0","0","0","0","0","0","0","0","0","0","0","0","0","0","0","0","0","0","0","0","0","0","0","0","0","0","0","0","0","0","1","202102","202204","2062"
"0516341","530010","72610321","24505861000190","3","1","00000000000000","","","","0010","","0","E","","","04","","01","22","03","","99","","","","","","","","RLE CERIFICADO DE LICENCI","20190829","1","","","","","","0","0","1","0","0","0","1","0","0","0","0","0","0","0",0,0,0,"0",0,0,0,0,0,0,0,0,0,0,0,0,0,0,"0",0,0,0,0,0,0,0,0,2,0,0,0,0,0,0,0,"1",0,0,0,"0",0,0,0,0,"0",0,0,0,0,0,0,0,0,0,0,0,0,0,0,0,"0","0","1","0","0","0","0","0","0","0","0","0","0","0","0","0","0","0","0","0","0","0","0","0","1","1","0","0","0","1","0","0","0","0","0","0","0","0","0","0","0","0","0","0","0","0","0","0","0","0","0","1","0","0","0","0","0","0","0","0","0","0","0","0","0","0","0","0","0","0","0","0","0","0","0","0","0","0","0","0","0","0","0","0","0","0","0","0","0","0","0","0","1","202102","202204","2062"
"0518859","530010","71679600","38268075000120","3","1","00000000000000","","","","","","0","E","","","04","","03","22","04","","99","","","","","","","","53202351495","20210121","1","","","","","","0","0","1","0","0","0","1","0","0","0","0","0","0","0",0,0,0,"0",0,0,0,0,0,0,0,0,0,0,0,0,0,0,"0",0,0,0,0,0,0,0,0,1,0,0,0,0,0,0,0,"1",0,0,0,"0",0,0,0,0,"0",0,0,0,0,0,0,0,0,0,0,0,0,0,0,0,"0","0","1","0","0","0","0","0","0","0","0","0","0","0","0","0","0","0","0","0","0","0","0","0","1","0","0","0","1","1","0","0","0","0","0","0","0","0","0","0","0","0","0","0","0","0","0","0","0","0","0","1","0","0","0","1","0","0","1","0","0","0","0","0","0","0","0","0","0","0","0","0","0","0","0","0","0","0","0","0","0","0","0","0","0","0","0","0","0","0","0","0","1","202102","202204","2062"
"0520144","530010","70719150","40438133000169","3","1","00000000000000","","","","0010","","0","E","","","04","","03","36","03","","99","","","","","","","","RLE DIGITAL","20210118","1","","","","","","0","0","1","0","0","0","1","0","0","0","0","0","0","0",0,0,0,"0",0,0,0,0,0,0,0,0,0,0,0,0,0,0,"0",0,0,0,2,0,0,0,0,0,0,0,0,0,0,0,0,"1",0,0,0,"0",0,0,0,0,"0",0,0,0,0,0,0,0,0,0,0,0,0,0,0,0,"0","0","0","0","0","0","0","0","0","0","0","0","0","0","0","0","0","0","0","0","0","0","0","0","0","0","0","0","1","1","0","0","0","0","0","0","0","0","0","0","0","0","0","0","0","0","0","0","0","0","0","1","0","0","0","1","0","0","0","0","0","0","0","0","0","0","0","0","0","0","0","0","0","0","0","0","0","0","0","0","0","0","0","0","0","0","0","0","0","0","0","0","1","202102","202204","2062"
"0520462","530010","73330003","14243734000297","3","1","00000000000000","","","","0120","","0","E","","","04","","01","62","03","","99","","","","","","","","00154-08","20210105","1","","","","","","1","0","0","0","0","0","1","0","0","1","0","0","0","1",0,0,0,"0",0,0,0,0,0,0,0,0,0,0,0,1,0,0,"1",0,9,0,7,0,0,0,1,0,0,1,0,0,0,0,0,"1",1,0,0,"1",0,0,0,0,"0",0,0,0,0,1,0,0,0,1,0,0,0,0,0,0,"0","1","1","0","0","0","0","0","0","0","0","0","0","0","0","0","0","0","0","0","0","0","1","0","1","1","1","0","1","1","0","0","0","0","0","0","0","0","0","0","0","0","0","0","1","0","0","0","1","0","0","1","0","0","0","1","0","0","0","0","0","0","0","0","0","1","0","0","0","1","0","0","0","0","0","0","0","0","0","0","0","0","0","0","0","0","0","0","0","0","0","0","1","202102","202204","2062"
"0521027","530010","71926000","21276741000170","3","1","00000000000000","","","","","","0","E","","","04","","01","04","03","","99","","","","","","","","","","","","","","","","0","0","1","0","0","0","1","0","0","0","0","0","0","0",0,0,0,"0",0,0,0,0,0,0,0,0,0,0,0,0,0,0,"0",1,1,0,1,0,0,0,0,0,0,0,0,0,0,0,0,"1",0,0,0,"0",0,0,0,0,"0",0,0,0,0,0,0,0,0,0,0,0,0,0,0,0,"0","0","1","0","0","0","0","0","0","0","0","0","0","0","0","0","0","0","0","0","0","0","0","0","1","0","0","0","1","1","0","0","0","0","0","0","0","0","0","0","0","0","0","0","0","0","0","0","0","0","0","1","0","0","0","1","0","0","0","0","0","0","0","0","0","0","0","0","0","0","0","0","0","0","0","0","0","0","0","0","0","0","0","0","0","0","0","0","0","0","0","0","1","202102","202204","2062"
"0532134","530010","72010010","40574910000100","3","1","00000000000000","","","","","","0","E","","","04","","01","22","04","","99","","","","","","","","53202406354","20211026","1","","","","","","0","0","1","0","0","0","1","0","0","0","0","0","0","0",0,0,0,"0",0,0,0,0,0,0,0,0,0,0,0,0,0,0,"0",0,0,0,1,0,0,0,0,0,0,0,0,0,0,0,0,"1",0,0,0,"0",0,0,0,0,"0",0,0,0,0,0,0,0,0,0,0,0,0,0,0,0,"0","0","0","0","0","0","0","0","0","0","0","0","0","0","0","0","0","0","0","0","0","0","0","0","0","0","0","0","1","1","0","0","0","0","0","0","0","0","0","0","0","0","0","0","0","0","0","0","0","0","0","1","0","0","0","0","0","0","0","0","0","0","0","0","0","0","0","0","0","0","0","0","0","0","0","0","0","0","0","0","0","0","0","0","0","0","0","0","0","0","0","0","1","202201","202204","2062"
"0532150","530010","70200700","37019558000129","3","1","00000000000000","","","","","","0","E","","","04","","03","36","05","","99","","","","","","","","VIGILANCIA SAN.30170-01","20201104","1","","","","","","0","0","1","0","0","0","1","0","0","0","0","0","0","0",0,0,0,"0",0,0,0,0,0,0,0,0,0,0,0,0,0,0,"0",0,1,0,0,0,0,0,0,0,1,0,0,0,0,1,1,"1",0,0,0,"0",0,0,0,0,"0",0,0,0,0,0,0,0,0,0,0,0,0,0,0,0,"0","0","1","0","0","0","0","0","0","1","0","0","0","0","0","0","0","0","0","0","0","0","0","0","1","1","0","0","1","1","0","0","0","0","0","0","0","0","0","0","0","0","0","0","0","0","0","0","0","0","0","1","0","0","0","1","0","0","0","0","0","0","0","0","0","0","0","0","0","0","0","0","0","0","0","0","0","0","0","0","0","0","0","0","0","0","0","0","0","0","0","0","1","202102","202204","2062"
"0539708","530010","70390055","23641919000160","3","1","00000000000000","","","","","","0","E","","","04","","03","22","03","","99","","","","","","","","53202379535","20201125","1","","","","","","0","0","1","0","0","0","1","0","0","0","0","0","0","0",0,0,0,"0",0,0,0,0,0,0,0,0,0,0,0,0,0,0,"0",0,0,0,1,0,0,0,0,0,0,0,0,0,0,0,0,"1",0,0,0,"0",0,0,0,0,"0",0,0,0,0,0,0,0,0,0,0,0,0,0,0,0,"0","0","1","0","0","0","0","0","0","0","0","0","0","0","0","0","0","0","0","1","0","0","0","0","1","0","0","0","1","1","0","0","0","0","0","0","0","0","0","0","0","0","0","0","0","0","0","0","0","0","0","1","0","0","0","1","0","0","0","0","0","0","0","0","0","0","0","0","0","0","0","0","0","0","0","0","0","0","0","0","0","0","0","0","0","0","0","0","0","0","0","0","1","202102","202204","2135"
"0539988","530010","72115700","36926937000130","3","1","00000000000000","","","","0180","","0","E","","","04","","02","36","03","","99","","","","","","","","CERTIFICADO DE LICENCIAME","20210210","1","","","","","","0","0","1","0","0","0","1","0","0","0","0","0","0","0",0,0,0,"0",0,0,0,0,0,0,0,0,0,0,0,0,0,0,"0",0,1,0,0,0,0,0,0,0,0,0,0,0,0,0,0,"1",0,0,0,"0",0,0,0,0,"0",0,0,0,0,0,0,0,0,0,0,0,0,0,0,0,"0","0","1","0","0","0","0","0","0","0","0","0","0","0","0","0","0","0","0","0","0","0","0","0","1","0","0","0","1","1","0","0","0","0","0","0","0","0","0","0","0","0","0","0","0","0","0","0","0","0","0","1","0","0","0","0","0","0","0","0","0","0","0","0","0","0","0","0","0","0","0","0","0","0","0","0","0","0","0","0","0","0","0","0","0","0","0","0","0","0","0","0","1","202102","202204","2305"
"0540749","530010","72115700","30713957000146","3","1","00000000000000","","","","0180","","0","E","","","04","","01","36","03","","99","","","","","","","","EAS 00302-15","20200825","1","","","","","","0","0","1","0","0","0","1","0","0","0","0","0","0","0",0,0,0,"0",0,0,0,0,0,0,0,0,0,0,0,0,0,0,"0",0,3,0,0,0,0,0,0,0,0,0,0,0,0,0,0,"1",0,0,0,"0",0,0,0,0,"0",0,0,0,0,0,0,0,0,0,0,0,0,0,0,0,"0","0","1","0","0","0","0","0","1","0","0","0","0","0","0","0","0","0","0","0","0","1","0","0","1","1","0","0","0","1","0","0","0","0","0","0","0","0","0","0","0","0","0","0","0","0","0","0","0","0","0","1","0","0","1","1","0","0","0","0","0","0","0","0","0","0","0","0","0","0","0","0","0","0","0","0","0","0","0","0","0","0","0","0","0","0","0","0","0","0","0","0","1","202102","202204","2062"
"0545864","530010","72760080","34049045000172","3","1","00000000000000","","","","0020","","0","E","","","04","","01","22","03","","99","","","","","","","","","","","","","","","","0","0","1","0","0","0","1","0","0","0","0","0","0","0",0,0,0,"0",0,0,0,0,0,0,0,0,0,0,0,0,0,0,"0",0,0,0,0,0,0,0,0,1,0,0,0,0,0,0,0,"1",0,0,0,"0",0,0,0,0,"0",0,0,0,0,0,0,0,0,0,0,0,0,0,0,0,"0","0","1","0","0","0","0","0","1","0","0","0","0","0","0","0","0","0","0","0","0","0","0","0","1","0","0","0","1","1","0","0","0","0","0","0","0","0","0","0","0","0","0","0","0","0","0","0","0","0","0","1","0","0","0","0","0","0","0","0","0","0","0","0","0","0","0","0","0","0","0","0","0","0","0","0","0","0","0","0","0","0","0","0","0","0","0","0","0","0","0","0","1","202102","202204","2305"
"0550078","530010","72610321","31030203000154","3","1","00000000000000","","","","0130","","0","E","","","04","","01","04","03","","99","","","","","","","","1","20200901","1","","","","","","0","0","1","0","0","0","1","0","0","0","0","0","0","0",0,0,0,"0",0,0,0,0,0,0,0,0,0,0,0,0,0,0,"0",2,2,4,0,0,0,0,0,0,0,0,0,0,0,0,0,"1",0,0,0,"0",0,0,0,0,"0",0,0,0,0,0,0,0,0,0,0,0,0,0,0,0,"0","0","0","1","0","0","0","0","0","0","0","0","0","0","0","0","0","0","1","0","0","0","0","0","1","0","0","0","1","1","0","0","0","0","0","0","0","0","0","0","0","0","0","0","0","0","0","0","0","0","0","1","0","0","0","0","0","0","0","0","0","0","0","0","0","0","0","0","0","0","0","0","0","0","0","0","0","0","0","0","0","0","0","0","0","0","0","0","0","0","0","0","1","202102","202204","2062"
"0550094","530010","71919540","40453527000196","3","1","00000000000000","","","","0010","","0","E","","","04","","01","22","03","","99","","","","","","","","","","","","","","","","0","0","1","0","0","0","1","0","0","0","0","0","0","0",0,0,0,"0",0,0,0,0,0,0,0,0,0,0,0,0,0,0,"0",0,0,0,1,0,0,0,0,0,0,0,0,0,0,0,0,"1",0,0,0,"0",0,0,0,0,"0",0,0,0,0,0,0,0,0,0,0,0,0,0,0,0,"0","0","1","0","0","0","0","0","0","0","0","0","0","0","0","0","0","0","0","0","0","0","0","0","1","0","0","0","1","1","0","0","0","0","0","0","0","0","0","0","0","0","0","0","0","0","0","0","0","0","0","1","0","0","0","0","0","0","0","0","0","0","0","0","0","0","0","0","0","0","0","0","0","0","0","0","0","0","0","0","0","0","0","0","0","0","0","0","0","0","0","0","1","202102","202204","2062"
"0550116","530010","70200740","30135201000167","3","1","00000000000000","","","","0015","","0","E","","","04","","03","22","03","","99","","","","","","","","CERTIFICADO RLE","20200610","1","","","","","","0","0","1","0","0","0","1","0","0","0","0","0","0","0",0,0,0,"0",0,0,0,0,0,0,0,0,0,0,0,0,0,0,"0",0,0,0,0,0,0,0,0,2,0,0,0,0,0,0,0,"1",0,0,0,"0",0,0,0,0,"0",0,0,0,0,0,0,0,0,0,0,0,0,0,0,0,"0","0","1","0","0","0","0","0","0","0","0","0","0","0","0","0","0","0","0","0","0","0","0","0","1","1","0","0","1","1","0","0","0","0","0","0","0","0","0","0","0","0","0","0","0","0","0","0","0","0","0","1","0","0","0","1","0","0","0","0","0","0","0","0","0","0","0","0","0","0","0","0","0","0","0","0","0","0","0","0","0","0","0","0","0","0","0","0","0","0","0","0","1","202102","202204","2062"
"0550175","530010","70390145","39653411000111","3","1","00000000000000","","","","0015","","0","E","","","04","","03","22","03","","99","","","","","","","","EAS 2088301","20210125","1","","","","","","0","0","1","0","0","0","1","0","0","0","0","0","0","0",0,0,0,"0",0,0,0,0,0,0,0,0,0,0,0,0,0,0,"0",1,0,0,0,0,0,0,0,0,0,0,0,0,0,0,0,"1",0,0,0,"0",0,0,0,0,"0",0,0,0,0,0,0,0,0,0,0,0,0,0,0,0,"0","0","1","0","0","0","0","0","0","0","0","0","0","0","0","0","0","0","0","0","0","0","0","0","1","0","0","0","1","1","0","0","0","0","0","0","0","0","0","0","0","0","0","0","0","0","0","0","0","0","0","1","0","0","0","1","0","0","0","0","0","0","0","0","0","0","0","0","0","0","0","0","0","0","0","0","0","0","0","0","0","0","0","0","0","0","0","0","0","0","0","0","1","202102","202204","2062"
"0550388","530010","71919540","34386196000116","3","1","00000000000000","","","","","","0","E","","","04","","02","22","03","","99","","","","","","","","530223407810","20210731","2","","","","","","0","0","1","0","0","0","1","0","0","0","0","0","0","0",0,0,0,"0",0,0,0,0,0,0,0,0,0,0,0,0,0,0,"0",0,0,0,2,0,0,0,0,0,0,0,0,0,0,0,0,"1",0,0,0,"0",0,0,0,0,"0",0,0,0,0,0,0,0,0,0,0,0,0,0,0,0,"0","0","1","0","0","0","0","0","0","0","0","0","0","0","0","0","0","0","1","1","0","0","0","0","1","1","0","0","1","1","0","0","0","0","0","0","0","0","0","0","0","0","0","0","0","0","0","0","0","0","0","1","0","0","0","1","0","0","0","0","0","0","0","0","0","0","0","0","0","0","0","0","0","0","0","0","0","0","0","0","0","0","0","0","0","0","0","0","0","0","0","0","1","202202","202204","2305"
"0552186","530010","70673416","22400440000179","3","1","00000000000000","","","","9931","","0","E","","","04","","","22","03","","99","","","","","","","","LICENCA FUNCIONAMENTO","20210628","1","","","","","","0","0","1","0","0","0","1","0","0","0","0","0","0","0",0,0,0,"0",0,0,0,0,0,0,0,0,0,0,0,0,0,0,"0",0,0,0,1,0,0,0,0,0,0,0,0,0,0,0,0,"1",0,0,0,"0",0,0,0,0,"0",0,0,0,0,0,0,0,0,0,0,0,0,0,0,0,"0","0","0","0","0","0","0","0","0","0","0","0","0","0","0","0","0","0","0","0","0","0","0","0","0","0","0","0","1","1","0","0","0","0","0","0","0","0","0","0","0","0","0","0","0","0","0","0","0","0","0","0","0","0","0","1","0","0","0","0","0","0","0","0","0","0","0","0","0","0","0","0","0","0","0","0","0","0","0","0","0","0","0","0","0","0","0","0","0","0","0","0","1","202107","202204","2135"
"0552216","530010","70390906","37000401000232","3","1","00000000000000","","","","0015","","0","E","","","04","","03","07","06","","99","","","","","","","","2090701","20210326","1","","","","","","0","0","0","0","0","0","0","0","0","0","0","1","0","1",0,1,0,"1",0,0,0,0,0,0,0,0,0,0,0,0,0,0,"0",0,1,0,0,0,0,0,0,0,0,0,0,0,0,0,0,"1",1,0,0,"1",0,0,0,0,"0",0,0,0,0,0,0,0,0,0,0,0,0,0,0,0,"0","1","0","0","0","0","0","0","0","0","0","0","0","0","0","0","0","0","0","0","0","0","0","0","0","1","1","0","1","1","0","0","0","0","0","0","0","0","0","0","0","0","0","0","0","0","0","0","0","0","0","1","0","0","0","0","0","0","0","0","0","0","0","0","0","0","0","0","0","0","0","0","0","0","0","0","0","0","0","0","0","0","0","0","0","0","0","0","0","0","0","0","1","202106","202204","2062"
"0554448","530010","70673416","40837305000177","3","1","00000000000000","","","","9931","","0","E","","","04","","01","36","03","","99","","","","","","","","","","","","","","","","0","0","1","0","0","0","1","0","0","0","0","0","0","0",0,0,0,"0",0,0,0,0,0,0,0,0,0,0,0,0,0,0,"0",0,0,0,1,0,0,0,0,0,0,0,0,0,0,0,0,"1",0,0,0,"0",0,0,0,0,"0",0,0,0,0,0,0,0,0,0,0,0,0,0,0,0,"0","0","1","0","0","0","0","0","0","0","0","0","0","0","0","0","0","0","0","0","0","0","0","0","1","0","0","0","1","1","0","0","0","0","0","0","0","0","0","0","0","0","0","0","0","0","0","0","0","0","0","1","0","0","0","0","0","0","0","0","0","0","0","0","0","0","0","0","0","0","0","0","0","0","0","0","0","0","0","0","0","0","0","0","0","0","0","0","0","0","0","0","1","202102","202204","2305"
"0554634","530010","71926000","40378674000149","3","1","00000000000000","","","","","","0","E","","","04","","03","04","03","","99","","","","","","","","53202400097","20211108","1","","","","","","0","0","1","0","0","0","1","0","0","0","0","0","0","0",0,0,0,"0",0,0,0,0,0,0,0,0,0,0,0,0,0,0,"0",0,0,0,7,0,0,0,0,0,0,0,0,0,0,0,0,"1",0,0,0,"0",0,0,0,0,"0",0,0,0,0,0,0,0,0,0,0,0,0,0,0,0,"0","0","1","0","0","0","0","0","0","0","0","0","0","0","0","0","0","0","0","1","0","0","0","0","1","1","0","0","1","1","0","0","0","0","0","0","0","0","0","0","0","0","0","0","0","0","0","0","0","0","0","1","0","0","0","1","0","0","0","0","0","0","0","0","0","0","0","0","0","0","0","0","0","0","0","0","0","0","0","0","0","0","0","0","0","0","0","0","0","0","0","0","1","202203","202204","2062"
"0554642","530010","72015525","01203086000112","3","1","00000000000000","","","","0180","","0","E","","","04","","03","22","03","","99","","","","","","","","CERTIFICADO RLE","20200519","1","","","","","","0","0","1","0","0","0","1","0","0","0","0","0","0","0",0,0,0,"0",0,0,0,0,0,0,0,0,0,0,0,0,0,0,"0",0,0,0,0,0,0,0,0,2,0,0,0,0,0,0,0,"1",0,0,0,"0",0,0,0,0,"0",0,0,0,0,0,0,0,0,0,0,0,0,0,0,0,"0","0","1","0","0","0","0","0","1","0","0","0","0","0","0","0","0","0","0","0","0","0","0","0","1","1","0","0","1","1","0","0","0","0","0","0","0","0","0","0","0","0","0","0","0","0","0","0","0","0","0","1","0","0","0","1","0","0","0","0","0","0","0","0","0","0","0","0","0","0","0","0","0","0","0","0","0","0","0","0","0","0","0","0","0","0","0","0","0","0","0","0","1","202102","202204","2240"
"0554871","530010","72260777","38067036000165","3","1","00000000000000","","","","","","0","E","","","04","","03","22","03","","99","","","","","","","","53202344421","20201026","1","","","","","","0","0","1","0","0","0","1","0","0","0","0","0","0","0",0,0,0,"0",0,0,0,0,0,0,0,0,0,0,0,0,0,0,"0",1,0,0,0,0,0,0,0,1,0,0,0,0,0,0,0,"1",0,0,0,"0",0,0,0,0,"0",0,0,0,0,0,0,0,0,0,0,0,0,0,0,0,"0","0","1","0","0","0","0","0","0","0","0","0","0","0","0","0","0","0","0","1","0","0","0","0","1","1","0","0","1","1","0","0","0","0","0","0","0","0","0","0","0","0","0","0","0","0","0","0","0","0","0","1","0","0","0","1","0","0","0","0","0","0","0","0","0","0","0","0","0","0","0","0","0","0","0","0","0","0","0","0","0","0","0","0","0","0","0","0","0","0","0","0","1","202102","202204","2062"
"0555584","530010","72115610","12687473000198","3","1","00000000000000","","","","0180","","0","E","","","04","","01","83","04","","99","","","","","","","","","","","","","","","","0","0","1","0","0","0","1","0","0","0","0","0","0","0",0,0,0,"0",0,0,0,0,0,0,0,0,0,0,0,0,0,0,"0",0,0,0,9,0,0,0,0,0,0,0,0,0,0,0,0,"1",0,0,0,"0",0,0,0,0,"0",0,0,0,0,0,0,0,0,0,0,0,0,0,0,0,"0","0","1","0","0","0","0","0","0","0","0","0","0","0","0","0","0","0","0","0","0","0","0","0","1","0","0","0","1","1","0","0","0","0","0","0","0","0","0","0","0","0","0","0","0","0","0","0","0","0","0","0","0","0","0","0","0","0","0","0","0","0","0","0","0","0","0","0","0","0","0","0","0","0","0","1","0","1","0","0","0","0","0","0","0","0","0","0","0","0","0","0","1","202102","202204","3999"
"0559822","530010","72006875","24046462000108","3","1","00000000000000","","","","9934","","0","E","","","04","","01","36","03","","99","","","","","","","","EAS 062-2020","20200921","1","","","","","","0","0","1","0","0","0","1","0","0","0","0","0","0","0",0,0,0,"0",0,0,0,0,0,0,0,0,0,0,0,0,0,0,"0",0,2,0,0,0,0,0,0,0,0,0,0,0,0,0,0,"1",0,0,0,"0",0,0,0,0,"0",0,0,0,0,0,0,0,0,0,0,0,0,0,0,0,"0","0","1","0","0","0","0","0","0","0","0","0","0","0","0","0","1","0","0","0","0","0","0","0","1","0","0","0","1","1","0","0","0","0","0","0","0","0","0","0","0","0","0","0","0","0","0","0","0","0","0","1","0","0","0","1","0","0","0","0","0","0","0","0","0","0","0","0","0","0","0","0","0","0","0","0","0","0","0","0","0","0","0","0","0","0","0","0","0","0","0","0","1","202103","202204","2062"
"0561983","530010","70393904","03315109000106","3","1","00000000000000","","","","","","0","E","","","04","","01","22","03","","99","","","","","","","","53600364236","20190516","1","","","","","","0","0","1","0","0","0","1","0","0","0","0","0","0","0",0,0,0,"0",0,0,0,0,0,0,0,0,0,0,0,0,0,0,"0",0,0,0,0,0,0,0,0,1,0,0,0,0,0,0,0,"1",0,0,0,"0",0,0,0,0,"0",0,0,0,0,0,0,0,0,0,0,0,0,0,0,0,"0","0","0","0","0","0","0","0","0","0","0","0","0","0","0","0","0","0","0","0","0","0","0","0","0","0","0","0","1","1","0","0","0","0","0","0","0","0","0","0","0","0","0","0","0","0","0","0","0","0","0","1","0","0","0","0","0","0","0","0","0","0","0","0","0","0","0","0","0","0","0","0","0","0","0","0","0","0","0","0","0","0","0","0","0","0","0","0","0","0","0","0","1","202103","202204","2305"
"0562343","530010","70340908","39657946000160","3","1","00000000000000","","","","","","0","E","","","04","","03","22","03","","99","","","","","","","","RLE","20201103","1","","","","","","0","0","1","0","0","0","1","0","0","0","0","0","0","0",0,0,0,"0",0,0,0,0,0,0,0,0,0,0,0,0,0,0,"0",0,0,0,1,0,0,0,0,0,0,0,0,0,0,0,0,"1",0,0,0,"0",0,0,0,0,"0",0,0,0,0,0,0,0,0,0,0,0,0,0,0,0,"0","0","0","1","0","0","0","0","0","0","0","0","0","0","0","0","0","0","0","0","0","0","0","0","1","0","0","0","1","1","0","0","0","0","0","0","0","0","0","0","0","0","0","0","0","0","0","0","0","0","0","1","0","0","0","1","0","0","0","0","0","0","0","0","0","0","0","0","0","0","0","0","0","0","0","0","0","0","0","0","0","0","0","0","0","0","0","0","0","0","0","0","1","202103","202204","2062"
"0562424","530010","70390100","31710755000103","3","1","00000000000000","","","","0015","","0","E","","","04","","03","04","04","","99","","","","","","","","RAD 0538201","20210125","1","","","","","","0","0","1","0","0","0","1","0","0","0","0","0","0","0",0,0,0,"0",0,0,0,0,0,0,0,0,0,0,0,0,0,0,"0",2,2,0,0,0,0,0,0,0,0,0,0,0,0,0,0,"1",0,0,0,"0",0,0,0,0,"0",0,0,0,0,0,0,0,0,0,0,0,0,0,0,0,"0","0","1","0","0","0","0","0","0","0","0","0","0","0","0","0","0","0","0","0","0","0","0","0","1","0","0","0","1","1","0","0","0","0","0","0","0","0","0","0","0","0","0","0","0","0","0","0","0","0","0","1","0","0","0","1","0","0","0","0","0","0","0","0","0","0","0","0","0","0","0","0","0","0","0","0","0","0","0","0","0","0","0","0","0","0","0","0","0","0","0","0","1","202103","202204","2062"
"0601292","530010","71907720","37706080000105","3","1","00000000000000","","","","","","0","E","","","04","","03","36","03","","99","","","","","","","","RAD.00007-22/2021","20210201","1","","","","","","0","0","1","0","0","0","1","0","0","0","0","0","0","0",0,0,0,"0",0,0,0,0,0,0,0,0,0,0,0,0,0,0,"0",0,1,0,0,0,0,0,0,0,0,0,0,0,0,0,0,"1",0,0,0,"0",0,0,0,0,"0",0,0,0,0,0,0,0,0,0,0,0,0,0,0,0,"0","0","1","0","0","0","0","0","0","0","0","0","0","0","0","0","0","0","0","0","0","0","0","0","1","0","0","0","1","1","0","0","0","0","0","0","0","0","0","0","0","0","0","0","0","0","0","0","0","0","0","1","0","0","1","1","0","0","0","0","0","0","0","0","0","0","0","0","0","0","0","0","0","0","0","0","0","0","0","0","0","0","0","0","0","0","0","0","0","0","0","0","1","202103","202204","2062"
"0606545","530010","70200760","35589610000157","3","1","00000000000000","","","","0015","","0","E","","","04","","03","04","03","","99","","","","","","","","","","","","","","","","0","0","1","0","0","0","1","0","0","0","0","0","0","0",0,0,0,"0",0,0,0,0,0,0,0,0,0,0,0,0,0,0,"0",1,1,0,1,0,0,0,0,0,0,0,0,0,0,0,0,"1",0,0,0,"0",0,0,0,0,"0",0,0,0,0,0,0,0,0,0,0,0,0,0,0,0,"0","0","1","0","0","0","0","0","0","0","0","0","0","0","0","0","0","0","0","0","0","0","0","0","1","1","0","0","1","1","0","0","0","0","0","0","0","0","0","0","0","0","0","0","0","0","0","0","0","0","0","1","0","0","0","1","0","0","0","0","0","0","0","0","0","0","0","0","0","0","0","0","0","0","0","0","0","0","0","0","0","0","0","0","0","0","0","0","0","0","0","0","1","202111","202204","2062"
"0606871","530010","70390906","37245828000110","3","1","00000000000000","","","","","","0","E","","","04","","01","04","03","","99","","","","","","","","","","","","","","","","0","0","1","0","0","0","1","0","0","0","0","0","0","0",0,0,0,"0",0,0,0,0,0,0,0,0,0,0,0,0,0,0,"0",3,2,0,1,0,0,0,0,0,0,0,0,0,0,0,0,"1",0,0,0,"0",0,0,0,0,"0",0,0,0,0,0,0,0,0,0,0,0,0,0,0,0,"0","0","1","0","0","0","0","0","0","0","0","0","0","0","0","0","0","0","0","0","0","0","0","0","1","0","1","0","1","1","0","0","0","0","0","0","0","0","0","0","0","0","0","0","0","0","0","0","0","0","0","1","0","0","0","0","0","0","0","0","0","0","0","0","0","0","0","0","0","0","0","0","0","0","0","0","0","0","0","0","0","0","0","0","0","0","0","0","0","0","0","0","1","202103","202204","2062"
"0610526","530010","71691082","33015138000113","3","1","00000000000000","","","","0160","","0","E","","","04","","01","22","03","","99","","","","","","","","LICENCA","20190917","2","","","","","","0","0","1","0","0","0","1","0","0","0","0","0","0","0",0,0,0,"0",0,0,0,0,0,0,0,0,0,0,0,0,0,0,"0",2,0,0,0,0,0,0,0,0,0,0,0,0,0,0,0,"1",0,0,0,"0",0,0,0,0,"0",0,0,0,0,0,0,0,0,0,0,0,0,0,0,0,"0","0","1","0","0","0","0","0","0","0","0","0","0","0","0","0","0","0","0","0","0","0","0","0","1","0","0","0","1","1","0","0","0","0","0","0","0","0","0","0","0","0","0","0","0","0","0","0","0","0","0","1","0","0","0","0","0","0","0","0","0","0","0","0","0","0","0","0","0","0","0","0","0","0","0","0","0","0","0","0","0","0","0","0","0","0","0","0","0","0","0","0","1","202103","202204","2062"
"0611573","530010","70390145","40290988000195","3","1","00000000000000","","","","","","0","E","","","04","","03","22","03","","99","","","","","","","","","","","","","","","","0","0","1","0","0","0","1","0","0","0","0","0","0","0",0,0,0,"0",0,0,0,0,0,0,0,0,0,0,0,0,0,0,"0",0,0,0,0,0,0,0,0,1,0,0,0,0,0,0,0,"1",0,0,0,"0",0,0,0,0,"0",0,0,0,0,0,0,0,0,0,0,0,0,0,0,0,"0","0","0","0","0","0","0","0","0","0","0","0","0","0","0","0","0","0","0","0","0","0","0","0","0","0","0","0","1","1","0","0","0","0","0","0","0","0","0","0","0","0","0","0","0","0","0","0","0","0","0","1","0","0","0","1","0","0","0","0","0","0","0","0","0","0","0","0","0","0","0","0","0","0","0","0","0","0","0","0","0","0","0","0","0","0","0","0","0","0","0","0","1","202103","202204","2062"
"0612529","530010","71880130","14814367000153","3","1","00000000000000","","","","","","0","E","","","04","","03","22","01","","99","","","","","","","","53101218072","20210107","1","","","","","","0","0","1","0","0","0","1","0","0","0","0","0","0","0",0,0,0,"0",0,0,0,0,0,0,0,0,0,0,0,0,0,0,"0",0,0,0,0,0,0,0,0,2,0,0,0,0,0,0,0,"1",0,0,0,"0",0,0,0,0,"0",0,0,0,0,0,0,0,0,0,0,0,0,0,0,0,"0","0","1","0","0","0","0","0","0","0","0","0","0","0","0","0","0","0","0","1","0","0","0","0","1","1","0","0","1","1","0","0","0","0","0","0","0","0","0","0","0","0","0","0","0","0","0","0","0","0","0","1","0","0","0","1","0","0","0","0","0","0","0","0","0","0","0","0","0","0","0","0","0","0","0","0","0","0","0","0","0","0","0","0","0","0","0","0","0","0","0","0","1","202103","202204","2135"
"0613576","530010","71926000","09393395000104","3","1","00000000000000","","","","9901","","0","E","","","04","","03","04","04","","99","","","","","","","","CERTIFICADO","20210122","1","","","","","","0","0","1","0","0","0","1","0","0","0","0","0","0","0",0,0,0,"0",0,0,0,0,0,0,0,0,0,0,0,0,0,0,"0",0,2,0,2,0,0,0,0,0,0,0,0,0,0,0,0,"1",0,0,0,"0",0,0,0,0,"0",0,0,0,0,0,0,0,0,0,0,0,0,0,0,0,"0","0","0","1","0","0","0","0","0","0","0","0","0","0","0","0","0","0","0","0","0","0","0","0","1","0","0","0","1","1","0","0","0","0","0","0","0","0","0","0","0","0","0","0","0","0","0","0","0","0","0","1","0","0","1","1","0","0","0","0","0","0","0","0","0","0","0","0","0","0","0","0","0","0","0","0","0","0","0","0","0","0","0","0","0","0","0","0","0","0","0","0","1","202103","202204","2062"
"0620920","530010","72225063","13898819000160","3","1","00000000000000","","","","","","1","E","","","04","","03","39","03","","99","001","3476","38867X","","","","","00171/2021","20200113","1","","","","","","0","0","1","0","0","0","1","0","0","0","0","0","0","0",0,0,0,"0",0,0,0,0,0,0,0,0,0,0,0,0,0,0,"0",0,0,2,2,0,0,2,0,0,0,2,0,0,0,0,0,"1",0,0,0,"0",0,0,0,0,"0",0,0,0,0,0,0,0,0,0,0,0,0,0,0,0,"0","0","1","0","0","0","0","0","0","0","0","0","0","0","0","0","0","0","0","0","0","0","0","0","1","1","0","0","1","1","0","0","0","0","0","0","0","0","0","0","0","0","0","0","0","0","0","0","0","0","1","1","0","0","0","1","0","0","0","0","0","0","0","0","0","0","0","0","0","0","0","0","0","0","0","0","0","0","0","0","0","0","0","0","0","0","0","0","0","0","0","0","1","202112","202204","3999"
"0622141","530010","72215507","36652520000126","3","1","00000000000000","","","","0040","","0","E","","","04","","01","36","03","","99","","","","","","","","VISADF","20200312","1","","","","","","0","0","1","0","0","0","1","0","0","0","0","0","0","0",0,0,0,"0",0,0,0,0,0,0,0,0,0,0,0,0,0,0,"0",0,0,0,1,0,0,0,0,0,0,0,0,0,0,0,0,"1",0,0,0,"0",0,0,0,0,"0",0,0,0,0,0,0,0,0,0,0,0,0,0,0,0,"0","0","1","0","0","0","0","0","0","0","1","0","0","0","0","0","0","0","0","0","0","0","0","0","1","0","0","0","1","1","0","0","0","0","0","0","0","0","0","0","0","0","0","0","0","0","0","0","0","0","0","1","0","0","0","0","0","0","0","0","0","0","0","0","0","0","0","0","0","0","0","0","0","0","0","0","0","0","0","0","0","0","0","0","0","0","0","0","0","0","0","0","1","202103","202204","2062"
"0623679","530010","71950770","32821552000157","3","1","00000000000000","","","","","","0","E","","","04","","03","22","03","","99","","","","","","","","53202218418","20190515","1","","","","","","0","0","1","0","0","0","1","0","0","0","0","0","0","0",0,0,0,"0",0,0,0,0,0,0,0,0,0,0,0,0,0,0,"0",0,0,0,0,0,0,0,0,2,0,0,0,0,0,0,0,"1",0,0,0,"0",0,0,0,0,"0",0,0,0,0,0,0,0,0,0,0,0,0,0,0,0,"0","0","1","0","0","0","0","0","0","0","0","0","0","0","0","0","0","0","0","0","0","0","0","0","1","1","0","0","1","1","0","0","0","0","0","0","0","0","0","0","0","0","0","0","0","0","0","0","0","0","0","1","0","0","0","1","0","0","0","0","0","0","0","0","0","0","0","0","0","0","0","0","0","0","0","0","0","0","0","0","0","0","0","0","0","0","0","0","0","0","0","0","1","202103","202204","2062"
"0623946","530010","70340000","39265607000139","3","1","00000000000000","","","","","","0","E","","","04","","03","39","04","","99","","","","","","","","53202363850","20201013","1","","","","","","0","0","1","0","0","0","1","0","0","0","0","0","0","0",0,0,0,"0",0,0,0,0,0,0,0,0,0,0,0,0,0,0,"0",0,3,0,0,0,0,0,0,0,0,0,0,0,0,0,0,"1",0,0,0,"0",0,0,0,0,"0",0,0,0,0,0,0,0,0,0,0,0,0,0,0,0,"0","0","1","0","0","0","0","0","0","0","0","0","0","0","0","0","0","0","0","1","0","0","0","0","1","1","0","0","1","1","0","0","0","0","0","0","0","0","0","0","0","0","0","0","0","0","0","0","0","0","0","1","0","0","0","1","0","0","0","0","0","0","0","0","0","0","0","0","0","0","0","0","0","0","0","0","0","0","0","0","0","0","0","0","0","0","0","0","0","0","0","0","1","202105","202204","2062"
"0625299","530010","70390095","27039877000142","3","1","00000000000000","","","","0015","","0","E","","","04","","03","04","03","","99","","","","","","","","53202098641","20180327","1","","","","","","0","0","1","0","0","0","1","0","0","0","0","0","0","0",0,0,0,"0",0,0,0,0,0,0,0,0,0,0,0,0,0,0,"0",0,0,0,3,0,0,0,0,0,0,0,0,0,0,0,0,"1",0,0,0,"0",0,0,0,0,"0",0,0,0,0,0,0,0,0,0,0,0,0,0,0,0,"0","0","1","0","0","0","0","0","0","0","0","0","0","0","0","0","0","0","0","0","0","0","0","0","1","0","0","0","1","1","0","0","0","0","0","0","0","0","0","0","0","0","0","0","0","0","0","0","0","0","0","1","0","0","0","0","0","0","0","0","0","0","0","0","0","0","0","0","0","0","0","0","0","0","0","0","0","0","0","0","0","0","0","0","0","0","0","0","0","0","0","0","1","202103","202204","2062"
"0630942","530010","70200760","40989480000180","3","1","00000000000000","","","","0015","","0","E","","","04","","03","22","04","","99","","","","","","","","","20210310","1","","","","","","0","0","1","0","0","0","1","0","0","0","0","0","0","0",0,0,0,"0",0,0,0,0,0,0,0,0,0,0,0,0,0,0,"0",0,0,0,0,0,0,0,0,3,0,0,0,0,0,0,0,"1",0,0,0,"0",0,0,0,0,"0",0,0,0,0,0,0,0,0,0,0,0,0,0,0,0,"0","0","0","0","0","0","0","0","1","0","0","0","0","0","0","0","0","0","0","0","0","0","0","0","1","1","0","0","1","1","0","0","0","0","0","0","0","0","0","0","0","0","0","0","0","0","0","0","0","0","0","1","0","0","1","1","0","0","0","0","0","0","0","0","0","0","0","0","0","0","0","0","0","0","0","0","0","0","0","0","0","0","0","0","0","0","0","0","0","0","0","0","1","202103","202204","2062"
"0631221","530010","71020216","33718483000113","3","1","00000000000000","","","","0070","","0","E","","","04","","01","36","03","","99","","","","","","","","CERTIFICADO LICENCIAMENTO","20201202","1","","","","","","0","0","1","0","0","0","1","0","0","0","0","0","0","0",0,0,0,"0",0,0,0,0,0,0,0,0,0,0,0,0,0,0,"0",1,1,0,0,0,0,0,0,0,0,0,0,0,0,0,0,"1",0,0,0,"0",0,0,0,0,"0",0,0,0,0,0,0,0,0,0,0,0,0,0,0,0,"0","0","0","1","0","0","0","0","0","0","0","0","0","0","0","0","0","0","0","0","0","0","0","0","1","0","0","0","1","1","0","0","0","0","0","0","0","0","0","0","0","0","0","0","0","0","0","0","0","0","0","1","0","0","1","1","0","0","0","0","0","0","0","0","0","0","0","0","0","0","0","0","0","0","0","0","0","0","0","0","0","0","0","0","0","0","0","0","0","0","0","0","1","202103","202204","2062"
"0631353","530010","73006040","08395438000632","3","1","00000000000000","","","","","","0","E","","","04","","02","36","03","","99","","","","","","","","53900411710","20210121","2","","","","","","0","0","1","0","0","0","1","0","0","0","0","0","0","0",0,0,0,"0",0,0,0,0,0,0,0,0,0,0,0,0,0,0,"0",1,2,0,0,0,0,0,0,0,0,0,0,0,0,0,0,"1",0,0,0,"0",0,0,0,0,"0",0,0,0,0,0,0,0,0,0,0,0,0,0,0,0,"0","0","0","0","0","0","0","0","1","0","0","0","0","0","0","0","1","0","1","0","0","0","0","0","1","1","0","0","1","1","0","0","0","0","0","0","0","0","0","0","0","0","0","0","0","0","0","0","0","0","0","1","0","0","0","1","0","0","0","0","0","0","0","0","0","0","0","0","0","0","0","0","0","0","0","0","0","0","0","0","0","0","0","0","0","0","0","0","0","0","0","0","1","202105","202204","2062"
"0632147","530010","72115055","40103118000160","3","1","00000000000000","","","","0180","","0","E","","","04","","01","22","04","","99","","","","","","","","RLE DIGITAL","20210302","1","","","","","","0","0","1","0","0","0","1","0","0","0","0","0","0","0",0,0,0,"0",0,0,0,0,0,0,0,0,0,0,0,0,0,0,"0",0,0,0,0,0,0,0,0,1,0,0,0,0,0,0,0,"1",0,0,0,"0",0,0,0,0,"0",0,0,0,0,0,0,0,0,0,0,0,0,0,0,0,"0","0","1","0","0","0","0","0","0","0","0","0","0","0","0","0","0","0","0","0","0","0","0","0","1","1","0","0","1","1","0","0","0","0","0","0","0","0","0","0","0","0","0","0","0","0","0","0","0","0","0","1","0","0","0","1","0","0","0","0","0","0","0","0","0","0","0","0","0","0","0","0","0","0","0","0","0","0","0","0","0","0","0","0","0","0","0","0","0","0","0","0","1","202103","202204","2062"
"0632295","530010","72145450","37804750000126","3","1","00000000000000","","","","","","0","E","","","04","","03","36","03","","99","","","","","","","","LICENCA SANITARIA","20210528","1","","","","","","0","0","1","0","0","0","1","0","0","0","0","0","0","0",0,0,0,"0",0,0,0,0,0,0,0,0,0,0,0,0,0,0,"0",0,1,0,0,0,0,0,0,0,0,0,0,0,0,0,0,"1",0,0,0,"0",0,0,0,0,"0",0,0,0,0,0,0,0,0,0,0,0,0,0,0,0,"0","0","1","0","0","0","0","0","0","0","0","0","0","0","0","0","0","0","0","0","0","0","0","0","1","1","0","0","1","1","0","0","0","0","0","0","0","0","0","0","0","0","0","0","0","0","0","0","0","0","0","1","0","0","1","1","0","0","0","0","0","0","0","0","0","0","0","0","0","0","0","0","0","0","0","0","0","0","0","0","0","0","0","0","0","0","0","0","0","0","0","0","1","202204","202204","2062"
"0632678","530010","70701000","40633309000133","3","1","00000000000000","","","","0005","","0","E","","","04","","01","22","03","","99","","","","","","","","CER. DE LICENCIAMENTO","20210129","1","","","","","","0","0","1","0","0","0","1","0","0","0","0","0","0","0",0,0,0,"0",0,0,0,0,0,0,0,0,0,0,0,0,0,0,"0",0,0,0,1,0,0,0,0,0,0,0,0,0,0,0,0,"1",0,0,0,"0",0,0,0,0,"0",0,0,0,0,0,0,0,0,0,0,0,0,0,0,0,"0","0","0","1","0","0","0","0","0","0","0","0","0","0","0","0","0","0","0","0","0","0","0","0","1","0","0","0","1","1","0","0","0","0","0","0","0","0","0","0","0","0","0","0","0","0","0","0","0","0","0","1","0","0","0","1","0","0","0","0","0","0","0","0","0","0","0","0","0","0","0","0","0","0","0","0","0","0","0","0","0","0","0","0","0","0","0","0","0","0","0","0","1","202103","202204","2062"
"0633100","530010","70390150","39842791000132","3","1","00000000000000","","","","0015","","0","E","","","04","","01","22","03","","99","","","","","","","","53202381173","20201119","1","","","","","","0","0","1","0","0","0","1","0","0","0","0","0","0","0",0,0,0,"0",0,0,0,0,0,0,0,0,0,0,0,0,0,0,"0",1,0,0,3,0,0,0,0,0,0,0,0,0,0,0,0,"1",0,0,0,"0",0,0,0,0,"0",0,0,0,0,0,0,0,0,0,0,0,0,0,0,0,"0","0","0","1","0","0","0","0","0","0","0","0","0","0","0","0","0","0","0","0","0","0","0","0","1","0","0","0","1","1","0","0","0","0","0","0","0","0","0","0","0","0","0","0","0","0","0","0","0","0","0","1","0","0","0","0","0","0","0","0","0","0","0","0","0","0","0","0","0","0","0","0","0","0","0","0","0","0","0","0","0","0","0","0","0","0","0","0","0","0","0","0","1","202103","202204","2062"
"0636703","530010","71907720","35714647000160","3","1","00000000000000","","","","","","0","E","","","04","","03","22","03","","99","","","","","","","","RLE","20191205","1","","","","","","0","0","1","0","0","0","1","0","0","0","0","0","0","0",0,0,0,"0",0,0,0,0,0,0,0,0,0,0,0,0,0,0,"0",0,0,0,2,0,0,0,0,0,0,0,0,0,0,0,0,"1",0,0,0,"0",0,0,0,0,"0",0,0,0,0,0,0,0,0,0,0,0,0,0,0,0,"0","0","0","0","0","0","0","0","0","0","0","0","0","0","0","0","0","0","0","0","1","0","0","0","1","0","0","0","1","1","0","0","0","0","0","0","0","0","0","0","0","0","0","0","0","0","0","0","0","0","0","1","0","0","0","1","0","0","0","0","0","0","0","0","0","0","0","0","0","0","0","0","0","0","0","0","0","0","0","0","0","0","0","0","0","0","0","0","0","0","0","0","1","202103","202204","2062"
"0637017","530010","73036135","08349358000136","3","1","00000000000000","","","","","","0","E","","","04","","01","22","03","","99","","","","","","","","LICENCA DE FUNCIONAMENTO","20201124","1","","","","","","0","0","1","0","0","0","1","0","0","0","0","0","0","0",0,0,0,"0",0,0,0,0,0,0,0,0,0,0,0,0,0,0,"0",0,2,0,0,0,0,0,0,0,0,0,0,0,0,0,0,"1",0,0,0,"0",0,0,0,0,"0",0,0,0,0,0,0,0,0,0,0,0,0,0,0,0,"0","0","1","0","0","0","0","0","0","0","0","0","0","0","0","0","0","0","0","0","0","0","0","0","1","0","0","0","1","1","0","0","0","0","0","0","0","0","0","0","0","0","0","0","0","0","0","0","0","0","0","1","0","0","0","0","0","0","0","0","0","0","0","0","0","0","0","0","0","0","0","0","0","0","0","0","0","0","0","0","0","0","0","0","0","0","0","0","0","0","0","0","1","202103","202204","2062"
"0639893","530010","71020216","40915786000191","3","1","00000000000000","","","","0010","","0","E","","","04","","01","36","03","","99","","","","","","","","53202416449","20210303","1","","","","","","0","0","1","0","0","0","1","0","0","0","0","0","0","0",0,0,0,"0",0,0,0,0,0,0,0,0,0,0,0,0,0,0,"0",0,0,0,1,0,0,0,0,0,0,0,0,0,0,0,0,"1",0,0,0,"0",0,0,0,0,"0",0,0,0,0,0,0,0,0,0,0,0,0,0,0,0,"0","0","1","0","0","0","0","0","0","0","0","0","0","0","0","0","0","0","0","0","0","0","0","0","1","1","0","0","1","1","0","0","0","0","0","0","0","0","0","0","0","0","0","0","0","0","0","0","0","0","0","1","0","0","0","0","0","0","0","0","0","0","0","0","0","0","0","0","0","0","0","0","0","0","0","0","0","0","0","0","0","0","0","0","0","0","0","0","0","0","0","0","1","202103","202204","2062"
"0645966","530010","72025090","38351416000127","3","1","00000000000000","","","","","","0","E","","","04","","03","04","03","","99","","","","","","","","38351416","20210101","1","","","","","","0","0","1","0","0","0","1","0","0","0","0","0","0","0",0,0,0,"0",0,0,0,0,0,0,0,0,0,0,0,0,0,0,"0",0,0,0,3,0,0,0,0,0,0,0,0,0,0,0,0,"1",0,0,0,"0",0,0,0,0,"0",0,0,0,0,0,0,0,0,0,0,0,0,0,0,0,"0","0","1","0","0","0","0","0","0","0","0","0","0","0","0","0","0","0","0","0","0","0","0","0","1","0","0","0","1","1","0","0","0","0","0","0","0","0","0","0","0","0","0","0","0","0","0","0","0","0","0","1","0","0","1","1","0","0","0","0","0","0","0","0","0","0","0","0","0","0","0","0","0","0","0","0","0","0","0","0","0","0","0","0","0","0","0","0","0","0","0","0","1","202111","202204","2062"
"0646016","530010","72145450","35921335000127","3","1","00000000000000","","","","0180","","0","E","","","04","","01","22","03","","99","","","","","","","","53202408195","20210712","1","","","","","","0","0","1","0","0","0","1","0","0","0","0","0","0","0",0,0,0,"0",0,0,0,0,0,0,0,0,0,0,0,0,0,0,"0",0,0,0,3,0,0,0,0,0,0,0,0,0,0,0,0,"1",0,0,0,"0",0,0,0,0,"0",0,0,0,0,0,0,0,0,0,0,0,0,0,0,0,"0","0","1","0","0","0","0","0","0","0","0","0","0","0","0","0","0","0","0","0","0","0","0","0","1","0","0","0","1","1","0","0","0","0","0","0","0","0","0","0","0","0","0","0","0","0","0","0","0","0","0","1","0","0","0","1","0","0","0","0","0","0","0","0","0","0","0","0","0","0","0","0","0","0","0","0","0","0","0","0","0","0","0","0","0","0","0","0","0","0","0","0","1","202204","202204","2062"
"0646121","530010","70390150","39360629000188","3","1","00000000000000","","","","0015","61","0","E","","","04","","03","77","03","","99","","","","","","","","EAS 2090201","20210315","1","","","","","","0","0","1","0","0","0","1","0","0","0","0","0","0","0",0,0,0,"0",0,0,0,0,0,0,0,0,0,0,0,0,0,0,"0",0,2,0,0,0,0,0,0,0,0,0,0,0,0,0,0,"1",0,0,0,"0",0,0,0,0,"0",0,0,0,0,0,0,0,0,0,0,0,0,0,0,0,"0","0","1","0","0","0","0","0","0","1","0","0","0","0","0","0","0","0","0","0","0","0","0","0","1","0","0","0","1","1","0","0","0","0","0","0","0","0","0","0","0","0","0","0","0","0","0","0","0","0","0","1","0","0","0","1","0","0","0","0","0","0","0","0","0","0","0","0","0","0","0","0","0","0","0","0","0","0","0","0","0","0","0","0","0","0","0","0","0","0","0","0","1","202104","202204","2062"
"0646164","530010","72302536","40508930000175","3","1","00000000000000","","","","0140","","0","E","","","04","","01","36","04","","99","","","","","","","","CERT.LICENCIAMENTO","20210211","1","","","","","","0","0","1","0","0","0","1","0","0","0","0","0","0","0",0,0,0,"0",0,0,0,0,0,0,0,0,0,0,0,0,0,0,"0",0,0,0,2,0,0,0,0,0,0,0,0,0,0,0,0,"1",0,0,0,"0",0,0,0,0,"0",0,0,0,0,0,0,0,0,0,0,0,0,0,0,0,"0","0","1","0","0","0","0","0","0","0","0","0","0","0","0","0","0","0","0","0","0","0","0","0","1","0","0","0","1","1","0","0","0","0","0","0","0","0","0","0","0","0","0","0","0","0","0","0","0","0","0","1","0","0","0","1","0","0","0","0","0","0","0","0","0","0","0","0","0","0","0","0","0","0","0","0","0","0","0","0","0","0","0","0","0","0","0","0","0","0","0","0","1","202204","202204","2062"
"0646199","530010","71953000","35286751000109","3","1","00000000000000","","","","9901","","0","E","","","04","","01","77","06","","99","","","","","","","","RLE DIGITAL","20210224","1","","","","","","0","0","1","0","0","0","1","0","0","0","0","0","0","0",0,0,0,"0",0,0,0,0,0,0,0,0,0,0,0,0,0,0,"0",0,0,0,1,0,0,0,0,0,0,0,0,0,0,0,0,"1",0,0,0,"0",0,0,0,0,"0",0,0,0,0,0,0,0,0,0,0,0,0,0,0,0,"0","0","1","0","0","0","0","0","0","0","0","0","0","0","0","0","0","0","0","0","0","0","0","0","1","0","0","0","1","1","0","0","0","0","0","0","0","0","0","0","0","0","0","0","0","0","0","0","0","0","0","1","0","0","0","1","0","0","0","0","0","0","0","0","0","0","0","0","0","0","0","0","0","0","0","0","0","0","0","0","0","0","0","0","0","0","0","0","0","0","0","0","1","202103","202204","2062"
"0646202","530010","73310317","39781089000106","3","1","00000000000000","","","","0120","","0","E","","","04","","01","22","03","","99","","","","","","","","RLE DIGITAL","20210125","1","","","","","","0","0","1","0","0","0","1","0","0","0","0","0","0","0",0,0,0,"0",0,0,0,0,0,0,0,0,0,0,0,0,0,0,"0",1,0,0,0,0,0,0,0,0,0,0,0,0,0,0,0,"1",0,0,0,"0",0,0,0,0,"0",0,0,0,0,0,0,0,0,0,0,0,0,0,0,0,"0","0","1","0","0","0","0","0","0","0","0","0","0","0","0","0","0","0","0","0","0","0","0","0","1","1","0","0","1","1","0","0","0","0","0","0","0","0","0","0","0","0","0","0","0","0","0","0","0","0","0","1","0","0","0","1","0","0","0","0","0","0","0","0","0","0","0","0","0","0","0","0","0","0","0","0","0","0","0","0","0","0","0","0","0","0","0","0","0","0","0","0","1","202103","202204","2135"
"0646210","530010","70390145","37154337000163","3","1","00000000000000","","","","0015","","0","E","","","04","","01","22","04","","99","","","","","","","","DOC.DE LICENCIAMENTO","20200527","1","","","","","","0","0","1","0","0","0","1","0","0","0","0","0","0","0",0,0,0,"0",0,0,0,0,0,0,0,0,0,0,0,0,0,0,"0",1,0,0,0,0,0,0,0,0,0,0,0,0,0,0,0,"1",0,0,0,"0",0,0,0,0,"0",0,0,0,0,0,0,0,0,0,0,0,0,0,0,0,"0","0","1","0","0","0","0","0","0","0","0","0","0","0","0","0","0","0","0","0","0","0","0","0","1","0","0","0","1","1","0","0","0","0","0","0","0","0","0","0","0","0","0","0","0","0","0","0","0","0","0","1","0","0","0","0","0","0","0","0","0","0","0","0","0","0","0","0","0","0","0","0","0","0","0","0","0","0","0","0","0","0","0","0","0","0","0","0","0","0","0","0","1","202204","202204","2062"
"0646237","530010","70070040","40900462000180","3","1","00000000000000","","","","0015","","0","E","","","04","","01","22","04","","99","","","","","","","","CERT.LICENCIAMENTO","20210218","1","","","","","","0","0","1","0","0","0","1","0","0","0","0","0","0","0",0,0,0,"0",0,0,0,0,0,0,0,0,0,0,0,0,0,0,"0",0,0,0,1,0,0,0,0,0,0,0,0,0,0,0,0,"1",0,0,0,"0",0,0,0,0,"0",0,0,0,0,0,0,0,0,0,0,0,0,0,0,0,"0","0","1","0","0","0","0","0","0","0","0","0","0","0","0","0","0","0","0","0","0","0","0","0","1","0","0","0","1","1","0","0","0","0","0","0","0","0","0","0","0","0","0","0","0","0","0","0","0","0","0","1","0","0","0","1","0","0","0","0","0","0","0","0","0","0","0","0","0","0","0","0","0","0","0","0","0","0","0","0","0","0","0","0","0","0","0","0","0","0","0","0","1","202204","202204","2062"
"0646253","530010","71020612","37097195000140","3","1","00000000000000","","","","0070","","0","E","","","04","","01","36","04","","99","","","","","","","","53202314506","20210322","1","","","","","","0","0","1","0","0","0","1","0","0","0","0","0","0","0",0,0,0,"0",0,0,0,0,0,0,0,0,0,0,0,0,0,0,"0",0,3,0,0,0,0,0,0,0,0,0,0,0,0,0,0,"1",0,0,0,"0",0,0,0,0,"0",0,0,0,0,0,0,0,0,0,0,0,0,0,0,0,"0","0","1","0","0","0","0","0","0","0","0","0","0","0","0","0","0","0","0","0","0","0","0","0","1","0","0","0","1","1","0","0","0","0","0","0","0","0","0","0","0","0","0","0","0","0","0","0","0","0","0","1","0","0","0","0","0","0","0","0","0","0","0","0","0","0","0","0","0","0","0","0","0","0","0","0","0","0","0","0","0","0","0","0","0","0","0","0","0","0","0","0","1","202103","202204","2062"
"0648043","530010","72410100","27975631000182","3","1","00000000000000","","","","0060","","0","E","","","04","","03","36","03","","99","","","","","","","","ODO.00095-20/2020","20201116","1","","","","","","0","0","1","0","0","0","1","0","0","0","0","0","0","0",0,0,0,"0",0,0,0,0,0,0,0,0,0,0,0,0,0,0,"0",0,0,0,0,0,0,0,0,4,0,0,0,0,0,0,0,"1",0,0,0,"0",0,0,0,0,"0",0,0,0,0,0,0,0,0,0,0,0,0,0,0,0,"0","0","1","0","0","0","0","0","1","0","0","0","0","0","0","0","0","0","0","0","0","0","0","0","1","1","0","0","1","1","0","0","0","0","0","0","0","0","0","0","0","0","0","0","0","0","0","0","0","0","0","1","0","0","0","0","0","0","0","0","0","0","0","0","0","0","0","0","0","0","0","0","0","0","0","0","0","0","0","0","0","0","0","0","0","0","0","0","0","0","0","0","1","202103","202204","2062"
"0648132","530010","70390100","22943185000100","3","1","00000000000000","","","","","","0","E","","","03","","01","36","03","","99","","","","","","","","LICENCIAMENTO RLE","20210129","1","","","","","","0","0","1","0","0","0","1","0","0","0","0","0","0","0",0,0,0,"0",0,0,0,0,0,0,0,0,0,0,0,0,0,0,"0",0,0,0,1,0,0,0,0,0,0,0,0,0,0,0,0,"1",0,0,0,"0",0,0,0,0,"0",0,0,0,0,0,0,0,0,0,0,0,0,0,0,0,"0","0","1","0","0","0","0","0","0","0","0","0","0","0","0","0","0","0","0","0","0","0","0","0","1","0","0","0","1","1","0","0","0","0","0","0","0","0","0","0","0","0","0","0","0","0","0","0","0","0","0","1","0","0","1","1","0","0","0","0","0","0","0","0","0","0","0","0","0","0","0","0","0","0","0","0","0","0","0","0","0","0","0","0","0","0","0","0","0","0","0","0","1","202103","202204","2135"
"0648248","530010","71070082","36770530000166","3","1","00000000000000","","","","0070","","0","E","","","04","","01","22","03","","99","","","","","","","","CERTIFICADO DE LICENCIAM","20210309","1","","","","","","0","0","1","0","0","0","1","0","0","0","0","0","0","0",0,0,0,"0",0,0,0,0,0,0,0,0,0,0,0,0,0,0,"0",0,0,0,0,0,0,0,0,1,0,0,0,0,0,0,0,"1",0,0,0,"0",0,0,0,0,"0",0,0,0,0,0,0,0,0,0,0,0,0,0,0,0,"0","0","1","0","0","0","0","0","0","0","0","0","0","0","0","0","0","0","0","0","0","0","0","0","1","1","0","0","1","1","0","0","0","0","0","0","0","0","0","0","0","0","0","0","0","0","0","0","0","0","0","1","0","0","0","1","0","0","0","0","0","0","0","0","0","0","0","0","0","0","0","0","0","0","0","0","0","0","0","0","0","0","0","0","0","0","0","0","0","0","0","0","1","202103","202204","2062"
"0650870","530010","70673416","40829735000147","3","1","00000000000000","","","","9931","","0","E","","","04","","03","36","03","","99","","","","","","","","RLE","20210316","1","","","","","","0","0","1","0","0","0","1","0","0","0","0","0","0","0",0,0,0,"0",0,0,0,0,0,0,0,0,0,0,0,0,0,0,"0",0,0,0,1,0,0,0,0,0,0,0,0,0,0,0,0,"1",0,0,0,"0",0,0,0,0,"0",0,0,0,0,0,0,0,0,0,0,0,0,0,0,0,"0","0","1","0","0","0","0","0","0","0","0","0","0","0","0","0","0","0","0","0","0","0","0","0","1","0","0","0","1","1","0","0","0","0","0","0","0","0","0","0","0","0","0","0","0","0","0","0","0","0","0","0","0","0","0","1","0","0","0","0","0","0","0","0","0","0","0","0","0","0","0","0","0","0","0","0","0","0","0","0","0","0","0","0","0","0","0","0","0","0","0","0","1","202103","202204","2062"
"0651192","530010","70200760","40929550000104","3","1","00000000000000","","","","0010","","0","E","","","04","","03","04","03","","99","","","","","","","","EAS 2090601","20210325","1","","","","","","0","0","1","0","0","0","1","0","0","0","0","0","0","0",0,0,0,"0",0,0,0,0,0,0,0,0,0,0,0,0,0,0,"0",0,5,0,0,1,2,0,0,0,0,0,0,0,0,0,0,"1",0,0,0,"0",0,0,0,0,"0",0,0,0,0,0,0,0,0,0,0,0,0,0,0,0,"0","0","1","0","0","0","0","0","1","0","0","0","0","0","0","0","0","0","1","0","0","0","0","0","1","0","1","0","1","1","0","0","0","0","0","0","0","0","0","0","0","0","0","0","0","0","0","0","0","0","0","0","0","0","1","1","0","0","0","0","0","0","0","0","0","0","0","0","0","0","0","0","0","0","0","0","0","0","0","0","0","0","0","0","0","0","0","0","0","0","0","0","1","202205","202204","2062"
"0651214","530010","71953000","00610380000429","3","1","00000000000000","","","","9901","","0","E","","","04","","03","73","03","","99","","","","","","","","EAS.00285-14","20210317","1","","","","","","0","0","1","0","0","0","1","0","0","0","0","0","0","0",0,0,0,"0",0,0,0,0,0,0,0,0,0,0,0,0,0,0,"0",0,5,0,0,0,0,0,0,0,0,0,0,0,0,0,0,"1",0,0,0,"0",0,0,0,0,"0",0,0,0,0,0,0,0,0,0,0,0,0,0,0,0,"0","0","1","0","0","0","0","0","0","0","0","0","0","0","0","0","0","0","0","0","0","0","0","0","1","0","0","0","1","1","0","0","0","0","0","0","0","0","0","0","0","0","0","0","0","0","0","0","0","0","0","1","0","0","0","1","0","0","0","0","0","0","0","0","0","0","0","0","0","0","0","0","0","0","0","0","0","0","0","0","0","0","0","0","0","0","0","0","0","0","0","0","1","202103","202204","2062"
"0651230","530010","70710146","37743026000130","3","1","00000000000000","","","","0005","","0","E","","","04","","03","36","03","","99","","","","","","","","CERTIFICADO RLE","20210322","1","","","","","","0","0","1","0","0","0","1","0","0","0","0","0","0","0",0,0,0,"0",0,0,0,0,0,0,0,0,0,0,0,0,0,0,"0",1,1,0,0,0,0,0,0,0,0,0,0,0,0,0,0,"1",0,0,0,"0",0,0,0,0,"0",0,0,0,0,0,0,0,0,0,0,0,0,0,0,0,"0","0","1","0","0","0","0","0","0","0","0","0","0","0","0","0","0","0","0","0","0","0","0","0","1","1","0","0","1","1","0","0","0","0","0","0","0","0","0","0","0","0","0","0","0","0","0","0","0","0","0","1","0","0","0","1","0","0","0","0","0","0","0","0","0","0","0","0","0","0","0","0","0","0","0","0","0","0","0","0","0","0","0","0","0","0","0","0","0","0","0","0","1","202112","202204","2062"
"0651303","530010","72304523","38168905000148","3","1","00000000000000","","","","0010","","0","E","","","04","","03","39","04","","99","","","","","","","","","","","","","","","","0","0","1","0","0","0","1","0","0","0","0","0","0","0",0,0,0,"0",0,0,0,0,0,0,0,0,0,0,0,0,0,0,"0",0,0,0,0,0,0,0,0,0,0,0,0,0,0,0,0,"0",0,0,0,"0",0,0,0,0,"0",0,0,0,0,0,0,0,0,0,0,0,0,0,0,0,"0","0","1","0","0","0","0","0","0","0","0","0","0","0","0","0","0","0","0","0","0","0","0","0","1","0","0","0","1","1","0","0","0","0","0","0","0","0","0","0","0","0","0","0","0","0","0","0","0","0","0","0","0","0","0","0","0","0","1","0","0","0","1","0","0","0","0","0","0","0","0","0","0","0","0","0","0","0","0","0","0","0","0","0","0","0","0","0","0","0","0","0","1","202103","202204","2062"
"0653470","530010","71927360","61486650110876","3","1","00000000000000","","","","","","0","E","","","04","","03","39","03","","99","","","","","","","","LAB 00013-22","20200925","1","","","","","","0","0","1","0","0","0","1","0","0","0","0","0","0","0",0,0,0,"0",0,0,0,0,0,0,0,0,0,0,0,0,0,0,"0",0,0,0,0,0,0,0,0,0,0,0,0,0,0,0,0,"0",0,0,0,"0",0,0,0,0,"0",0,0,0,0,0,0,0,0,0,0,0,0,0,0,0,"0","0","0","0","0","0","0","0","0","0","0","0","0","0","0","0","0","0","1","0","0","0","0","0","1","1","0","0","1","1","0","0","0","0","0","0","0","0","0","0","0","0","0","0","0","0","0","0","0","0","0","0","0","0","0","0","0","0","1","0","0","0","1","0","0","0","0","0","0","0","0","0","0","0","0","0","0","0","0","0","0","0","0","0","0","0","0","0","0","0","0","0","1","202109","202204","2046"
"0653616","530010","70200730","27101557000175","3","1","00000000000000","","","","","","0","E","","","04","","03","22","03","","99","","","","","","","","53600199006","20170214","1","","","","","","0","0","1","0","0","0","1","0","0","0","0","0","0","0",0,0,0,"0",0,0,0,0,0,0,0,0,0,0,0,0,0,0,"0",0,0,0,1,0,0,0,0,0,0,0,0,0,0,0,0,"1",0,0,0,"0",0,0,0,0,"0",0,0,0,0,0,0,0,0,0,0,0,0,0,0,0,"0","0","1","0","0","0","0","0","0","0","0","0","0","0","0","0","0","0","0","0","0","0","0","0","1","0","0","0","1","1","0","0","0","0","0","0","0","0","0","0","0","0","0","0","0","0","0","0","0","0","0","1","0","0","0","1","0","0","0","0","0","0","0","0","0","0","0","0","0","0","0","0","0","0","0","0","0","0","0","0","0","0","0","0","0","0","0","0","0","0","0","0","1","202104","202204","2305"
"0653802","530010","73350301","00002912071119","1","1","00000000000000","","","","","","0","E","","","04","","01","22","05","","99","","","","","","","","ODO.00389-08","20210324","1","","","","","","0","0","1","0","0","0","1","0","0","0","0","0","0","0",0,0,0,"0",0,0,0,0,0,0,0,0,0,0,0,0,0,0,"0",0,0,0,0,0,0,0,0,1,0,0,0,0,0,0,0,"1",0,0,0,"0",0,0,0,0,"0",0,0,0,0,0,0,0,0,0,0,0,0,0,0,0,"0","0","0","0","0","0","0","0","0","0","0","0","0","0","0","0","0","0","0","0","0","0","0","0","0","1","0","0","1","1","0","0","0","0","0","0","0","0","0","0","0","0","0","0","0","0","0","0","0","0","0","1","0","0","0","0","0","0","0","0","0","0","0","0","0","0","0","0","0","0","0","0","0","0","0","0","0","0","0","0","0","0","0","0","0","0","0","0","0","0","0","0","1","202103","202204","4000"
"0658286","530010","73010600","00000000000000","3","3","00394700000108","","06","","0170","","1","E","","","04","","03","36","06","","99","","","","","","","","","","","","","","","","0","0","1","0","0","0","1","0","0","0","0","0","0","0",0,0,0,"0",0,0,0,0,0,0,0,0,0,0,0,0,0,0,"0",0,1,0,0,0,0,0,0,0,0,0,0,0,0,0,0,"1",0,0,0,"0",0,0,0,0,"0",0,0,0,0,0,0,0,0,0,0,0,0,0,0,0,"0","0","0","0","1","0","0","0","0","0","0","0","0","0","0","0","0","0","0","0","0","0","0","0","1","0","0","0","1","1","0","0","0","0","0","0","0","0","0","0","0","0","0","0","0","0","0","0","0","0","1","0","0","0","0","0","0","0","0","0","0","0","0","0","0","0","0","0","0","0","0","0","0","0","0","0","0","0","0","0","0","0","0","0","0","0","0","0","0","0","0","0","1","202204","202204","1023"
"0658359","530010","73310000","00000000000000","3","3","00394700000108","","06","","0120","","1","E","","","04","","03","36","06","","99","","","","","","","","","","","","","","","","0","0","1","0","0","0","1","0","0","0","0","0","0","0",0,0,0,"0",0,0,0,0,0,0,0,0,0,0,0,0,0,0,"0",0,1,0,0,0,0,0,0,0,0,0,0,0,0,0,0,"1",0,0,0,"0",0,0,0,0,"0",0,0,0,0,0,0,0,0,0,0,0,0,0,0,0,"0","0","0","0","1","0","0","0","0","0","0","0","0","0","0","0","0","0","0","0","0","0","0","0","1","0","0","0","1","1","0","0","0","0","0","0","0","0","0","0","0","0","0","0","0","0","0","0","0","0","1","0","0","0","0","0","0","0","0","0","0","0","0","0","0","0","0","0","0","0","0","0","0","0","0","0","0","0","0","0","0","0","0","0","0","0","0","0","0","0","0","0","1","202204","202204","1023"
"0659274","530010","71720586","00000000000000","3","3","00394700000108","","","","0100","","1","E","","","04","","03","36","06","","99","","","","","","","","","","","","","","","","0","0","1","0","0","0","1","0","0","0","0","0","0","0",0,0,0,"0",0,0,0,0,0,0,0,0,0,0,0,0,0,0,"0",0,2,0,0,0,0,0,0,0,0,0,0,0,0,0,0,"1",0,0,0,"0",0,0,0,0,"0",0,0,0,0,0,0,0,0,0,0,0,0,0,0,0,"0","0","0","0","1","0","0","0","0","0","0","0","0","0","0","0","0","0","0","0","0","0","0","0","1","0","0","0","0","0","0","0","0","0","0","0","0","0","0","0","0","0","0","0","0","0","0","0","0","0","1","0","0","0","0","0","0","0","0","0","0","0","0","0","0","0","0","0","0","0","0","0","0","0","0","0","0","0","0","0","0","0","0","0","0","0","0","0","0","0","0","0","1","202204","202204","1023"
"0659398","530010","71010006","00000000000000","3","3","00394700000108","","","","0070","","1","E","","","04","","03","36","06","","99","","","","","","","","","","","","","","","","0","0","1","0","0","0","1","0","0","0","0","0","0","0",0,0,0,"0",0,0,0,0,0,0,0,0,0,0,0,0,0,0,"0",0,1,0,0,0,0,0,0,0,0,0,0,0,0,0,0,"1",0,0,0,"0",0,0,0,0,"0",0,0,0,0,0,0,0,0,0,0,0,0,0,0,0,"0","0","0","0","1","0","0","0","0","0","0","0","0","0","0","0","0","0","0","0","0","0","0","0","1","0","0","0","0","0","0","0","0","0","0","0","0","0","0","0","0","0","0","0","0","0","0","0","0","0","1","0","0","0","0","0","0","0","0","0","0","0","0","0","0","0","0","0","0","0","0","0","0","0","0","0","0","0","0","0","0","0","0","0","0","0","0","0","0","0","0","0","1","202204","202204","1023"
"0659509","530010","70200700","31012697000144","3","1","00000000000000","","","","","","0","E","","","04","","03","36","03","","99","","","","","","","","CERTIFICADO DE LICENCIAME","20210211","1","","","","","","0","0","1","0","0","0","1","0","0","0","0","0","0","0",0,0,0,"0",0,0,0,0,0,0,0,0,0,0,0,0,0,0,"0",0,1,0,1,0,0,0,0,0,0,0,0,0,0,0,0,"1",0,0,0,"0",0,0,0,0,"0",0,0,0,0,0,0,0,0,0,0,0,0,0,0,0,"0","0","1","0","0","0","0","0","0","0","0","0","0","0","0","0","0","0","0","0","0","0","0","0","1","0","0","0","1","1","0","0","0","0","0","0","0","0","0","0","0","0","0","0","0","0","0","0","0","0","0","1","0","0","0","0","0","0","0","0","0","0","0","0","0","0","0","0","0","0","0","0","0","0","0","0","0","0","0","0","0","0","0","0","0","0","0","0","0","0","0","0","1","202104","202204","2062"
"0659592","530010","72502200","32025000000132","3","1","00000000000000","","","","0150","","0","E","","","04","","03","39","03","","99","","","","","","","","53202203461","20210326","1","","","","","","0","0","1","0","0","0","1","0","0","0","0","0","0","0",0,0,0,"0",0,0,0,0,0,0,0,0,0,0,0,0,0,0,"0",0,0,0,0,0,0,0,0,0,0,0,0,0,0,0,0,"0",0,0,0,"0",0,0,0,0,"0",0,0,0,0,0,0,0,0,0,0,0,0,0,0,0,"0","0","0","0","0","0","0","0","1","0","0","0","0","0","0","0","0","0","0","0","0","0","0","0","1","0","0","0","1","1","0","0","0","0","0","0","0","0","0","0","0","0","0","0","0","0","0","0","0","0","0","0","0","0","0","0","0","0","1","0","0","0","0","0","0","0","0","0","0","0","0","0","0","0","0","0","0","0","0","0","0","0","0","0","0","0","0","0","0","0","0","0","1","202104","202204","2062"
"0665339","530010","72430109","03056609000685","3","1","00000000000000","","","","0060","","0","E","","","04","","03","62","03","","99","","","","","","","","EAS.00157-20/2021","20220310","1","","","","","","0","0","1","0","0","0","1","0","0","0","0","0","0","0",0,0,0,"0",0,0,0,2,0,0,0,0,0,0,0,0,0,5,"1",0,2,0,0,0,0,0,0,0,0,0,0,0,0,0,0,"1",0,0,0,"0",0,0,0,0,"0",0,0,0,0,0,0,0,0,0,0,0,0,0,0,0,"0","0","1","0","0","0","0","0","0","0","0","0","0","0","0","0","0","0","1","0","0","1","0","0","1","1","0","0","1","1","0","0","0","0","0","0","0","0","0","0","0","0","0","0","0","0","0","0","0","0","0","1","0","0","1","1","0","0","0","0","0","1","1","0","0","0","0","0","0","0","0","0","0","0","0","0","0","0","0","0","0","0","0","0","0","0","0","0","0","0","0","0","1","202203","202204","2062"
"0666106","530010","72139900","35659020000153","3","1","00000000000000","","","","0180","","0","E","","","04","","02","36","04","","99","","","","","","","","RLE","20200820","1","","","","","","0","0","1","0","0","0","1","0","0","0","0","0","0","0",0,0,0,"0",0,0,0,0,0,0,0,0,0,0,0,0,0,0,"0",0,0,0,1,0,0,0,0,0,0,0,0,0,0,0,0,"1",0,0,0,"0",0,0,0,0,"0",0,0,0,0,0,0,0,0,0,0,0,0,0,0,0,"0","0","1","0","0","0","0","0","0","0","0","0","0","0","0","0","0","0","0","0","0","0","0","0","1","0","0","0","1","1","0","0","0","0","0","0","0","0","0","0","0","0","0","0","0","0","0","0","0","0","0","0","0","0","0","1","0","0","0","0","0","0","0","0","0","0","0","0","0","0","0","0","0","0","0","0","0","0","0","0","0","0","0","0","0","0","0","0","0","0","0","0","1","202104","202204","2062"
"0668141","530010","71900100","41152601000105","3","1","00000000000000","","","","","","0","E","","","04","","01","22","04","","99","","","","","","","","","","","","","","","","0","0","1","0","0","0","1","0","0","0","0","0","0","0",0,0,0,"0",0,0,0,0,0,0,0,0,0,0,0,0,0,0,"0",0,0,0,5,0,0,0,0,0,0,0,0,0,0,0,0,"1",0,0,0,"0",0,0,0,0,"0",0,0,0,0,0,0,0,0,0,0,0,0,0,0,0,"0","0","0","0","0","0","0","0","0","0","0","0","0","0","0","0","0","0","0","0","0","0","0","0","0","0","0","0","1","1","0","0","0","0","0","0","0","0","0","0","0","0","0","0","0","0","0","0","0","0","0","1","0","0","0","1","0","0","0","0","0","0","0","0","0","0","0","0","0","0","0","0","0","0","0","0","0","0","0","0","0","0","0","0","0","0","0","0","0","0","0","0","1","202104","202204","2062"
"0668168","530010","72025090","35415842000199","3","1","00000000000000","","","","","","0","E","","","04","","03","04","03","","99","","","","","","","","35415842","20210101","1","","","","","","0","0","1","0","0","0","1","0","0","0","0","0","0","0",0,0,0,"0",0,0,0,0,0,0,0,0,0,0,0,0,0,0,"0",0,0,0,5,0,0,0,0,0,0,0,0,0,0,0,0,"1",0,0,0,"0",0,0,0,0,"0",0,0,0,0,0,0,0,0,0,0,0,0,0,0,0,"0","0","1","0","0","0","0","0","0","0","0","0","0","0","0","0","0","0","0","0","0","0","0","0","1","0","0","0","1","1","0","0","0","0","0","0","0","0","0","0","0","0","0","0","0","0","0","0","0","0","0","1","0","0","1","1","0","0","0","0","0","0","0","0","0","0","0","0","0","0","0","0","0","0","0","0","0","0","0","0","0","0","0","0","0","0","0","0","0","0","0","0","1","202111","202204","2305"
"0668192","530010","71065315","36025985000157","3","1","00000000000000","","","","","","0","E","","","04","","03","22","04","","99","","","","","","","","ODO 00129-10/2021","20210325","1","","","","","","0","0","1","0","0","0","1","0","0","0","0","0","0","0",0,0,0,"0",0,0,0,0,0,0,0,0,0,0,0,0,0,0,"0",0,0,0,0,0,0,0,0,1,0,0,0,0,0,0,0,"1",0,0,0,"0",0,0,0,0,"0",0,0,0,0,0,0,0,0,0,0,0,0,0,0,0,"0","0","0","0","0","0","0","0","0","0","0","0","0","0","0","0","0","0","0","0","0","0","0","0","0","1","0","0","1","1","0","0","0","0","0","0","0","0","0","0","0","0","0","0","0","0","0","0","0","0","0","1","0","0","0","1","0","0","0","0","0","0","0","0","0","0","0","0","0","0","0","0","0","0","0","0","0","0","0","0","0","0","0","0","0","0","0","0","0","0","0","0","1","202104","202204","2305"
"0668206","530010","71691153","35884967000168","3","1","00000000000000","","","","0010","","0","E","","","04","","03","36","03","","99","","","","","","","","EAS.802534","20210325","","","","","","","0","0","1","0","0","0","1","0","0","0","0","0","0","0",0,0,0,"0",0,0,0,0,0,0,0,0,0,0,0,0,0,0,"0",0,3,0,0,0,0,0,0,0,0,0,0,0,0,0,0,"1",0,0,0,"0",0,0,0,0,"0",0,0,0,0,0,0,0,0,0,0,0,0,0,0,0,"0","0","1","0","0","0","0","0","1","0","0","0","0","0","0","0","0","1","0","1","0","0","0","0","1","1","1","0","1","1","0","0","0","0","0","0","0","0","0","0","0","0","0","0","0","0","0","0","0","0","0","1","0","0","0","1","0","0","0","0","0","0","0","0","0","0","0","0","0","0","0","0","0","0","0","0","0","0","0","0","0","0","0","0","0","0","0","0","0","0","0","0","1","202104","202204","2062"
"0671169","530010","70340000","40891148000188","3","1","00000000000000","","","","","","0","E","","","04","","03","39","04","","99","","","","","","","","53202415370","20210326","1","","","","","","0","0","1","0","0","0","1","0","0","0","0","0","0","0",0,0,0,"0",0,0,0,0,0,0,0,0,0,0,0,0,0,0,"0",0,0,0,1,0,0,0,0,0,0,0,0,0,0,0,0,"1",0,0,0,"0",0,0,0,0,"0",0,0,0,0,0,0,0,0,0,0,0,0,0,0,0,"0","0","0","0","0","0","0","0","0","0","0","0","0","0","0","0","0","0","0","0","0","0","0","0","0","1","0","0","1","1","0","0","0","0","0","0","0","0","0","0","0","0","0","0","0","0","0","0","0","0","0","1","0","0","0","1","0","0","0","0","0","0","0","0","0","0","0","0","0","0","0","0","0","0","0","0","0","0","0","0","0","0","0","0","0","0","0","0","0","0","0","0","1","202104","202204","2062"
"0671908","530010","72015525","40213239000164","3","1","00000000000000","","","","0180","","0","E","","","04","","01","22","03","","99","","","","","","","","","","","","","","","","0","0","1","0","0","0","1","0","0","0","0","0","0","0",0,0,0,"0",0,0,0,0,0,0,0,0,0,0,0,0,0,0,"0",0,0,0,1,0,0,0,0,0,0,0,0,0,0,0,0,"1",0,0,0,"0",0,0,0,0,"0",0,0,0,0,0,0,0,0,0,0,0,0,0,0,0,"0","0","1","0","0","0","0","0","0","0","0","0","0","0","0","0","0","0","0","0","0","0","0","0","1","0","0","0","1","1","0","0","0","0","0","0","0","0","0","0","0","0","0","0","0","0","0","0","0","0","0","1","0","0","1","1","0","0","0","0","0","0","0","0","0","0","0","0","0","0","0","0","0","0","0","0","0","0","0","0","0","0","0","0","0","0","0","0","0","0","0","0","1","202104","202204","2062"
"0673382","530010","70254510","19406601000127","3","1","00000000000000","","","","0015","","0","E","","","04","","01","36","04","","99","","","","","","","","RLE DIGITAL","20200521","1","","","","","","0","0","1","0","0","0","1","0","0","0","0","0","0","0",0,0,0,"0",0,0,0,0,0,0,0,0,0,0,0,0,0,0,"0",0,1,0,0,0,0,0,0,0,0,0,0,0,0,0,0,"1",0,0,0,"0",0,0,0,0,"0",0,0,0,0,0,0,0,0,0,0,0,0,0,0,0,"0","0","1","0","0","0","0","0","0","0","0","0","0","0","0","0","0","0","0","0","0","0","0","0","1","0","0","0","1","1","0","0","0","0","0","0","0","0","0","0","0","0","0","0","0","0","0","0","0","0","0","1","0","0","0","1","0","0","0","0","0","0","1","0","0","0","0","0","0","0","0","0","0","0","0","0","0","0","0","0","0","0","0","0","0","0","0","0","0","0","0","0","1","202104","202204","2062"
"0674702","530010","72405922","36625411000110","3","1","00000000000000","","","","0060","","0","E","","","04","","01","36","01","","99","","","","","","","","00119-20/2021","20210305","1","","","","","","0","0","1","0","0","0","1","0","0","0","0","0","0","0",0,0,0,"0",0,0,0,0,0,0,0,0,0,0,0,0,0,0,"0",0,0,0,0,0,0,0,0,2,0,0,0,0,0,0,0,"1",0,0,0,"0",0,0,0,0,"0",0,0,0,0,0,0,0,0,0,0,0,0,0,0,0,"0","0","1","0","0","0","0","0","0","0","0","0","0","0","0","0","0","0","0","0","0","0","0","0","1","1","0","0","1","1","0","0","0","0","0","0","0","0","0","0","0","0","0","0","0","0","0","0","0","0","0","1","0","0","1","1","0","0","0","0","0","0","0","0","0","0","0","0","0","0","0","0","0","0","0","0","0","0","0","0","0","0","0","0","0","0","0","0","0","0","0","0","1","202104","202204","2062"
"0676365","530010","70673601","12599337000146","3","1","00000000000000","","","","9931","","0","E","","","04","","03","36","03","","99","","","","","","","","RLE","20100928","1","","","","","","0","0","1","0","0","0","1","0","0","0","0","0","0","0",0,0,0,"0",0,0,0,0,0,0,0,0,0,0,0,0,0,0,"0",0,0,0,1,0,0,0,0,0,0,0,0,0,0,0,0,"1",0,0,0,"0",0,0,0,0,"0",0,0,0,0,0,0,0,0,0,0,0,0,0,0,0,"0","0","1","0","0","0","0","0","0","0","0","0","0","0","0","0","0","0","0","0","0","0","0","0","1","0","0","0","1","1","0","0","0","0","0","0","0","0","0","0","0","0","0","0","0","0","0","0","0","0","0","0","0","0","0","1","0","0","0","0","0","0","0","0","0","0","0","0","0","0","0","0","0","0","0","0","0","0","0","0","0","0","0","0","0","0","0","0","0","0","0","0","1","202104","202204","2062"
"0676853","530010","70390155","21034589000119","3","1","00000000000000","","","","","","0","E","","","04","","01","04","04","","99","","","","","","","","LICENCIAMENTO","20201005","1","","","","","","0","0","1","0","0","0","1","0","0","0","0","0","0","0",0,0,0,"0",0,0,0,0,0,0,0,0,0,0,0,0,0,0,"0",0,3,0,0,0,0,0,0,0,0,0,0,0,0,0,0,"1",0,0,0,"0",0,0,0,0,"0",0,0,0,0,0,0,0,0,0,0,0,0,0,0,0,"0","0","1","0","0","0","0","0","0","0","0","0","0","0","0","0","0","0","0","0","0","0","0","0","1","0","0","0","1","1","0","0","0","0","0","0","0","0","0","0","0","0","0","0","0","0","0","0","0","0","0","1","0","0","0","0","0","0","0","0","0","0","0","0","0","0","0","0","0","0","0","0","0","0","0","0","0","0","0","0","0","0","0","0","0","0","0","0","0","0","0","0","1","202108","202204","2062"
"0679003","530010","70710100","40909008000190","3","1","00000000000000","","","","0005","","0","E","","","04","","01","22","04","","99","","","","","","","","","","1","","","","","","0","0","1","0","0","0","1","0","0","0","0","0","0","0",0,0,0,"0",0,0,0,0,0,0,0,0,0,0,0,0,0,0,"0",0,0,0,0,0,0,0,0,1,0,0,0,0,0,0,0,"1",0,0,0,"0",0,0,0,0,"0",0,0,0,0,0,0,0,0,0,0,0,0,0,0,0,"0","0","1","0","0","0","0","0","1","0","0","0","0","0","0","0","0","0","0","0","0","0","0","0","1","1","0","0","1","1","0","0","0","0","0","0","0","0","0","0","0","0","0","0","0","0","0","0","0","0","0","1","0","0","0","1","0","0","0","0","0","0","0","0","0","0","0","0","0","0","0","0","0","0","0","0","0","0","0","0","0","0","0","0","0","0","0","0","0","0","0","0","1","202104","202204","2135"
"0680486","530010","72025001","11859927000955","3","1","00000000000000","","","","0180","","0","E","","","04","","01","36","03","","99","","","","","","","","RLE DIGITAL","20210305","1","","","","","","0","0","1","0","0","0","1","0","0","0","0","0","0","0",0,0,0,"0",0,0,0,0,0,0,0,0,0,0,0,0,0,0,"0",0,4,0,6,0,0,0,0,0,0,3,0,0,0,0,0,"1",0,0,0,"0",0,0,0,0,"0",0,0,0,0,0,0,0,0,0,0,0,0,0,0,0,"0","0","1","0","0","0","1","0","1","0","0","0","0","0","0","0","0","0","0","0","1","0","0","0","1","0","1","1","1","1","0","0","0","0","0","0","0","0","0","0","0","0","0","0","0","0","0","0","0","0","0","1","0","0","1","1","0","0","0","0","0","0","0","0","0","0","0","0","0","0","0","0","0","0","0","0","0","0","0","0","0","0","0","0","0","0","0","0","0","0","0","0","1","202201","202204","2062"
"0680699","530010","72410107","37629253000139","3","1","00000000000000","","","","","","0","E","","","04","","01","39","03","","99","","","","","","","","LAB.0023-20/2021","20210218","1","","","","","","0","0","1","0","0","0","1","0","0","0","0","0","0","0",0,0,0,"0",0,0,0,0,0,0,0,0,0,0,0,0,0,0,"0",0,0,0,0,0,0,0,0,0,0,0,0,0,0,0,0,"0",0,0,0,"0",0,0,0,0,"0",0,0,0,0,0,0,0,0,0,0,0,0,0,0,0,"0","0","1","0","0","0","0","0","0","0","0","0","0","0","0","0","0","0","0","0","0","0","0","0","1","1","0","0","1","1","0","0","0","0","0","0","0","0","0","0","0","0","0","0","0","0","0","0","0","0","0","0","0","0","0","0","0","0","1","0","0","0","0","0","0","0","0","0","0","0","0","0","0","0","0","0","0","0","0","0","0","0","0","0","0","0","0","0","0","0","0","0","1","202111","202204","2062"
"0681520","530010","70760521","40244761000103","3","1","00000000000000","","","","0005","","0","E","","","04","","03","36","03","","99","","","","","","","","EAS 00782-02/2021","20210311","1","","","","","","0","0","1","0","0","0","1","0","0","0","0","0","0","0",0,0,0,"0",0,0,0,0,0,0,0,0,0,0,0,0,0,0,"0",0,1,0,0,0,0,0,0,0,0,1,1,0,0,1,0,"1",0,0,0,"0",0,0,0,0,"0",0,0,0,0,0,0,0,0,0,0,0,0,0,0,0,"0","0","1","0","0","0","0","0","0","0","0","0","0","0","0","0","0","0","0","0","0","0","0","0","1","1","0","0","1","1","0","0","0","0","0","0","0","0","0","0","0","0","0","0","0","0","0","0","0","0","0","1","0","0","0","1","0","0","0","0","0","0","0","0","0","0","0","0","0","0","0","0","0","0","0","0","0","0","0","0","0","0","0","0","0","0","0","0","0","0","0","0","1","202104","202204","2062"
"0681695","530010","71680357","30836181000151","3","1","00000000000000","","","","0010","","0","E","","","04","","03","22","03","","99","","","","","","","","53600297831","20200108","1","","","","","","0","0","1","0","0","0","1","0","0","0","0","0","0","0",0,0,0,"0",0,0,0,0,0,0,0,0,0,0,0,0,0,0,"0",1,0,0,0,0,0,0,0,0,0,0,0,0,0,0,0,"1",0,0,0,"0",0,0,0,0,"0",0,0,0,0,0,0,0,0,0,0,0,0,0,0,0,"0","0","1","0","0","0","0","0","0","0","0","0","0","0","0","0","0","0","0","0","0","0","0","0","1","1","0","0","1","1","0","0","0","0","0","0","0","0","0","0","0","0","0","0","0","0","0","0","0","0","0","1","0","0","0","1","0","0","0","0","0","0","0","0","0","0","0","0","0","0","0","0","0","0","0","0","0","0","0","0","0","0","0","0","0","0","0","0","0","0","0","0","1","202104","202204","2305"
"0682152","530010","72110015","41115162000152","3","1","00000000000000","","","","0180","","0","E","","","04","","03","04","04","","99","","","","","","","","53202423569","20210319","1","","","","","","0","0","1","0","0","0","1","0","0","0","0","0","0","0",0,0,0,"0",0,0,0,0,0,0,0,0,0,0,0,0,0,0,"1",0,0,0,1,0,0,0,0,0,0,0,0,0,0,0,0,"1",0,0,0,"0",0,0,0,0,"0",0,0,0,1,0,0,0,0,0,0,0,0,0,0,0,"0","0","1","0","0","0","0","0","0","0","0","0","0","0","0","0","0","0","0","0","0","0","0","0","1","0","0","0","1","1","0","0","0","0","0","0","0","0","0","0","0","0","0","0","0","0","0","0","0","0","0","1","0","0","0","0","0","0","0","0","0","0","0","0","0","0","0","0","0","0","0","0","0","0","0","0","0","0","0","0","0","0","0","0","0","0","0","0","0","0","0","0","1","202104","202204","2062"
"0683876","530010","70720502","36311024000109","3","1","00000000000000","","","","","","0","E","","","04","","03","36","03","","99","","","","","","","","EAS 00754-02/2020","20201027","1","","","","","","0","0","1","0","0","0","1","0","0","0","0","0","0","0",0,0,0,"0",0,0,0,0,0,0,0,0,0,0,0,0,0,0,"0",0,6,1,2,0,0,0,1,0,1,0,0,0,0,0,0,"1",0,0,0,"0",0,0,0,0,"0",0,0,0,0,0,0,0,0,2,0,0,0,0,0,0,"0","0","1","0","0","0","0","0","0","0","0","0","0","0","0","0","0","0","0","0","0","0","0","0","1","1","0","0","1","1","0","0","0","0","0","0","0","0","0","0","0","0","0","0","0","0","0","0","0","0","0","1","0","0","0","1","0","0","0","0","0","0","0","0","0","0","0","0","0","0","0","0","0","0","0","0","0","0","0","0","0","0","0","0","0","0","0","0","0","0","0","0","1","202104","202204","2062"
"0684058","530010","72010010","39742308000148","3","1","00000000000000","","","","","","0","E","","","04","","01","22","03","","99","","","","","","","","LICENCA DE FUNCIONAMENTO","20201111","1","","","","","","0","0","1","0","0","0","1","0","0","0","0","0","0","0",0,0,0,"0",0,0,0,0,0,0,0,0,0,0,0,0,0,0,"0",0,0,0,1,0,0,0,0,0,0,0,0,0,0,0,0,"1",0,0,0,"0",0,0,0,0,"0",0,0,0,0,0,0,0,0,0,0,0,0,0,0,0,"0","0","0","0","0","0","0","0","0","0","0","0","0","0","0","0","0","0","0","0","0","0","0","0","0","0","0","0","1","1","0","0","0","0","0","0","0","0","0","0","0","0","0","0","0","0","0","0","0","0","0","1","0","0","0","0","0","0","0","0","0","0","0","0","0","0","0","0","0","0","0","0","0","0","0","0","0","0","0","0","0","0","0","0","0","0","0","0","0","0","0","0","1","202104","202204","2062"
"0684163","530010","70040911","32708465000198","3","1","00000000000000","","","","0005","","0","E","","","04","","02","75","03","","99","","","","","","","","","","","","","","","","0","0","1","0","0","0","1","0","0","0","0","0","0","0",0,0,0,"0",0,0,0,0,0,0,0,0,0,0,0,0,0,0,"0",1,0,0,0,0,0,0,0,0,0,0,0,0,0,0,0,"1",0,0,0,"0",0,0,0,0,"0",0,0,0,0,0,0,0,0,0,0,0,0,0,0,0,"0","0","1","0","0","0","0","1","0","0","0","0","0","0","0","0","0","0","0","0","0","0","0","0","1","0","0","0","1","1","0","0","0","0","0","0","0","0","0","0","0","0","0","0","0","0","0","0","0","0","0","1","0","0","0","0","0","0","0","0","0","0","0","0","0","0","0","0","0","0","0","0","0","0","0","0","0","0","0","0","0","0","0","0","0","0","0","0","0","0","0","0","1","202104","202204","2054"
"0686395","530010","70673613","30661588000195","3","1","00000000000000","","","","","","0","E","","","04","","03","22","04","","99","","","","","","","","53202381947","20210407","1","","","","","","0","0","1","0","0","0","1","0","0","0","0","0","0","0",0,0,0,"0",0,0,0,0,0,0,0,0,0,0,0,0,0,0,"0",0,0,0,2,0,0,0,0,0,0,0,0,0,0,0,0,"1",0,0,0,"0",0,0,0,0,"0",0,0,0,0,0,0,0,0,0,0,0,0,0,0,0,"0","0","0","0","0","0","0","0","0","0","0","0","0","0","0","0","0","0","0","0","0","0","0","0","0","0","0","0","1","1","0","0","0","0","0","0","0","0","0","0","0","0","0","0","0","0","0","0","0","0","0","1","0","0","0","1","0","0","0","0","0","0","0","0","0","0","0","0","0","0","0","0","0","0","0","0","0","0","0","0","0","0","0","0","0","0","0","0","0","0","0","0","1","202104","202204","2062"
"0686433","530010","73130900","39774957000120","3","1","00000000000000","","","","0170","","0","E","","","04","","03","36","03","","99","","","","","","","","","","","","","","","","0","0","1","0","0","0","1","0","0","0","0","0","0","0",0,0,0,"0",0,0,0,0,0,0,0,0,0,0,0,0,0,0,"0",0,0,0,2,0,0,0,0,0,0,0,0,0,0,0,0,"1",0,0,0,"0",0,0,0,0,"0",0,0,0,0,0,0,0,0,0,0,0,0,0,0,0,"0","0","1","0","0","0","0","0","0","0","0","0","0","0","0","0","0","0","0","0","0","0","0","0","1","0","0","0","1","1","0","0","0","0","0","0","0","0","0","0","0","0","0","0","0","0","0","0","0","0","0","1","0","0","0","0","0","0","0","0","0","0","0","0","0","0","0","0","0","0","0","0","0","0","0","0","0","0","0","0","0","0","0","0","0","0","0","0","0","0","0","0","1","202104","202204","2062"
"0686662","530010","70392900","35054914000110","3","1","00000000000000","","","","","","0","E","","","04","","03","22","01","","99","","","","","","","","ODO.01816-01","20210119","1","","","","","","0","0","1","0","0","0","1","0","0","0","0","0","0","0",0,0,0,"0",0,0,0,0,0,0,0,0,0,0,0,0,0,0,"0",0,0,0,0,0,0,0,0,2,0,0,0,0,0,0,0,"1",0,0,0,"0",0,0,0,0,"0",0,0,0,0,0,0,0,0,0,0,0,0,0,0,0,"0","0","0","0","0","0","0","0","0","0","0","0","0","0","0","0","0","0","0","0","0","0","0","0","0","0","0","0","1","1","0","0","0","0","0","0","0","0","0","0","0","0","0","0","0","0","0","0","0","0","0","1","0","0","0","1","0","0","0","0","0","0","0","0","0","0","0","0","0","0","0","0","0","0","0","0","0","0","0","0","0","0","0","0","0","0","0","0","0","0","0","0","1","202104","202204","2135"
"0686794","530010","72405650","24007572000160","3","1","00000000000000","","","","","","0","E","","","04","","02","22","03","","99","","","","","","","","00118-20/2021","20210301","2","","","","","","0","0","1","0","0","0","1","0","0","0","0","0","0","0",0,0,0,"0",0,0,0,0,0,0,0,0,0,0,0,0,0,0,"0",0,0,0,0,0,0,0,0,1,0,0,0,0,0,0,0,"1",0,0,0,"0",0,0,0,0,"0",0,0,0,0,0,0,0,0,0,0,0,0,0,0,0,"0","0","1","0","0","0","0","0","1","0","0","0","0","0","0","0","0","0","0","0","0","0","0","0","1","0","0","0","1","1","0","0","0","0","0","0","0","0","0","0","0","0","0","0","0","0","0","0","0","0","0","1","0","0","0","0","0","0","0","0","0","0","0","0","0","0","0","0","0","0","0","0","0","0","0","0","0","0","0","0","0","0","0","0","0","0","0","0","0","0","0","0","1","202104","202204","2135"
"0686824","530010","70200700","40884159000130","3","1","00000000000000","","","","0015","","0","E","","","04","","03","36","03","","99","","","","","","","","EAS.20917-01","20210409","1","","","","","","0","0","1","0","0","0","1","0","0","0","0","0","0","0",0,0,0,"0",0,0,0,0,0,0,0,0,0,0,0,0,0,0,"0",1,0,0,0,0,0,0,0,0,0,0,0,0,0,0,0,"1",0,0,0,"0",0,0,0,0,"0",0,0,0,0,0,0,0,0,0,0,0,0,0,0,0,"0","0","1","0","0","0","0","0","0","0","0","0","0","0","0","0","0","0","0","0","0","0","0","0","1","1","0","0","1","1","0","0","0","0","0","0","0","0","0","0","0","0","0","0","0","0","0","0","0","0","0","1","0","0","0","1","0","0","0","0","0","0","0","0","0","0","0","0","0","0","0","0","0","0","0","0","0","0","0","0","0","0","0","0","0","0","0","0","0","0","0","0","1","202104","202204","2062"
"0686905","530010","70200700","41145098000152","3","1","00000000000000","","","","0015","","0","E","","","04","","03","36","03","","99","","","","","","","","EAS.20913-01","20210401","1","","","","","","0","0","1","0","0","0","1","0","0","0","0","0","0","0",0,0,0,"0",0,0,0,0,0,0,0,0,0,0,0,0,0,0,"0",1,0,0,0,0,0,0,0,0,0,0,0,0,0,0,0,"1",0,0,0,"0",0,0,0,0,"0",0,0,0,0,0,0,0,0,0,0,0,0,0,0,0,"0","0","1","0","0","0","0","0","0","0","0","0","0","0","0","0","0","0","0","0","0","0","0","0","1","0","0","0","1","1","0","0","0","0","0","0","0","0","0","0","0","0","0","0","0","0","0","0","0","0","0","1","0","0","0","1","0","0","0","0","0","0","0","0","0","0","0","0","0","0","0","0","0","0","0","0","0","0","0","0","0","0","0","0","0","0","0","0","0","0","0","0","1","202104","202204","2062"
"0690015","530010","71605420","40407419000187","3","1","00000000000000","","","","0090","","0","E","","","04","","03","36","03","","99","","","","","","","","506-03/2021","20210405","1","","","","","","0","0","1","0","0","0","1","0","0","0","0","0","0","0",0,0,0,"0",0,0,0,0,0,0,0,0,0,0,0,0,0,0,"0",0,1,0,0,0,0,0,0,0,0,0,0,0,0,0,0,"1",0,0,0,"0",0,0,0,0,"0",0,0,0,0,0,0,0,0,0,0,0,0,0,0,0,"0","0","1","0","0","0","0","0","0","0","0","0","0","0","0","0","0","0","0","0","0","0","0","0","1","0","0","0","1","1","0","0","0","0","0","0","0","0","0","0","0","0","0","0","0","0","0","0","0","0","0","0","0","0","0","1","0","0","0","0","0","0","0","0","0","0","0","0","0","0","0","0","0","0","0","0","0","0","0","0","0","0","0","0","0","0","0","0","0","0","0","0","1","202104","202204","2062"
"0693189","530010","70200760","41447374000137","3","1","00000000000000","","","","","","0","E","","","04","","01","04","04","","99","","","","","","","","CERTIFICADO DE LICENCIAME","20210412","1","","","","","","0","0","1","0","0","0","1","0","0","0","0","0","0","0",0,0,0,"0",0,0,0,0,0,0,0,0,0,0,0,0,0,0,"0",0,0,0,1,0,0,0,0,0,0,0,0,0,0,0,0,"1",0,0,0,"0",0,0,0,0,"0",0,0,0,0,0,0,0,0,0,0,0,0,0,0,0,"0","0","1","0","0","0","0","0","0","0","1","0","0","0","0","0","0","0","0","0","0","0","0","0","1","0","0","0","1","1","0","0","0","0","0","0","0","0","0","0","0","0","0","0","0","0","0","0","0","0","0","1","0","0","0","1","0","0","0","0","0","0","0","0","0","0","0","0","0","0","0","0","0","0","0","0","0","0","0","0","0","0","0","0","0","0","0","0","0","0","0","0","1","202104","202204","2062"
"0693502","530010","70390150","37983854000145","3","1","00000000000000","","","","","","0","E","","","04","","03","22","04","","99","","","","","","","","RLE","20210211","1","","","","","","0","0","1","0","0","0","1","0","0","0","0","0","0","0",0,0,0,"0",0,0,0,0,0,0,0,0,0,0,0,0,0,0,"0",1,0,0,0,0,0,0,0,0,0,0,0,0,0,0,0,"1",0,0,0,"0",0,0,0,0,"0",0,0,0,0,0,0,0,0,0,0,0,0,0,0,0,"0","0","1","0","0","0","0","0","0","0","0","0","0","0","0","0","0","0","0","0","0","0","0","0","1","0","0","0","1","1","0","0","0","0","0","0","0","0","0","0","0","0","0","0","0","0","0","0","0","0","0","0","0","0","0","0","0","0","0","0","0","0","0","0","0","0","0","0","0","0","0","0","0","0","0","0","0","0","0","1","0","0","0","0","0","0","0","0","0","0","0","0","1","202104","202204","2062"
"0697672","530010","70390907","41484252000110","3","1","00000000000000","","","","0015","","0","E","","","04","","03","39","03","","99","","","","","","","","LAB 00158-1","20210415","1","","","","","","0","0","1","0","1","0","1","0","0","0","0","0","0","0",0,0,0,"0",0,0,0,0,0,0,0,0,0,0,0,0,0,0,"0",0,0,0,3,0,0,0,0,0,0,0,0,0,0,0,0,"1",0,0,0,"0",0,0,0,0,"0",0,0,0,0,0,0,0,0,0,0,0,0,0,0,0,"0","0","1","0","0","0","0","0","0","0","0","0","0","0","0","0","0","0","0","0","0","0","0","0","1","1","0","0","1","1","0","0","0","0","0","0","0","0","0","0","0","0","0","0","0","0","0","0","0","0","0","1","0","0","1","1","0","0","0","0","0","0","0","0","0","0","0","0","0","0","0","0","0","0","0","0","0","0","0","0","0","0","0","0","0","0","0","0","0","0","0","0","1","202104","202204","2062"
"0698687","530010","72215175","40899600000158","3","1","00000000000000","","","","0040","","0","E","","","04","","01","22","03","","99","","","","","","","","","","","","","","","","0","0","1","0","0","0","1","0","0","0","0","0","0","0",0,0,0,"0",0,0,0,0,0,0,0,0,0,0,0,0,0,0,"0",0,0,0,0,0,0,0,0,1,0,0,0,0,0,0,0,"1",0,0,0,"0",0,0,0,0,"0",0,0,0,0,0,0,0,0,0,0,0,0,0,0,0,"0","0","0","0","0","0","0","0","1","0","0","0","0","0","0","0","0","0","0","0","0","0","0","0","1","1","0","0","1","1","0","0","0","0","0","0","0","0","0","0","0","0","0","0","0","0","0","0","0","0","0","1","0","0","0","0","0","0","0","0","0","0","0","0","0","0","0","0","0","0","0","0","0","0","0","0","0","0","0","0","0","0","0","0","0","0","0","0","0","0","0","0","1","202104","202204","2062"
"0700401","530010","72544224","05021025001833","3","1","00000000000000","","","","0150","","0","E","","","04","","01","39","03","","99","","","","","","","","LAB.00014-19","20210317","1","","","","","","0","0","1","0","0","0","1","0","0","0","0","0","0","0",0,0,0,"0",0,0,0,0,0,0,0,0,0,0,0,0,0,0,"0",0,0,0,0,0,0,0,0,0,0,0,1,0,0,0,0,"1",0,0,0,"0",0,0,0,0,"0",0,0,0,0,0,0,0,0,0,0,0,0,0,0,0,"0","0","0","0","0","0","0","0","0","0","0","0","0","0","0","0","0","0","0","0","0","0","0","0","0","1","0","0","0","1","0","0","0","0","0","0","0","0","0","0","0","0","0","0","0","0","0","0","0","0","0","0","0","0","0","0","0","0","1","0","0","0","1","0","0","0","0","0","0","0","0","0","0","0","0","0","0","0","0","0","0","0","0","0","0","0","0","0","0","0","0","0","1","202104","202204","2062"
"0700967","530010","70077900","40954626000151","3","1","00000000000000","","","","","","0","E","","","04","","01","36","04","","99","","","","","","","","ODO 00515-02/2021","20210407","1","","","","","","0","0","1","0","0","0","1","0","0","0","0","0","0","0",0,0,0,"0",0,0,0,0,0,0,0,0,0,0,0,0,0,0,"0",0,0,0,0,0,0,0,0,1,0,0,0,0,0,0,0,"1",0,0,0,"0",0,0,0,0,"0",0,0,0,0,0,0,0,0,0,0,0,0,0,0,0,"0","0","1","0","0","0","0","0","0","0","0","0","0","0","0","0","0","0","0","0","0","0","0","0","1","0","0","0","1","1","0","0","0","0","0","0","0","0","0","0","0","0","0","0","0","0","0","0","0","0","0","1","0","0","0","1","0","0","0","0","0","0","0","0","0","0","0","0","0","0","0","0","0","0","0","0","0","0","0","0","0","0","0","0","0","0","0","0","0","0","0","0","1","202104","202204","2062"
"0705586","530010","70733530","41203374000191","3","1","00000000000000","","","","","","0","E","","","04","","03","22","03","","99","","","","","","","","53202426533","20210317","1","","","","","","0","0","1","0","0","0","1","0","0","0","0","0","0","0",0,0,0,"0",0,0,0,0,0,0,0,0,0,0,0,0,0,0,"0",0,0,0,1,0,0,0,0,0,0,0,0,0,0,0,0,"1",0,0,0,"0",0,0,0,0,"0",0,0,0,0,0,0,0,0,0,0,0,0,0,0,0,"0","0","1","0","0","0","0","0","0","0","0","0","0","0","0","0","0","0","0","1","0","0","0","0","1","0","0","0","1","1","0","0","0","0","0","0","0","0","0","0","0","0","0","0","0","0","0","0","0","0","0","1","0","0","0","1","0","0","0","0","0","0","0","0","0","0","0","0","0","0","0","0","0","0","0","0","0","0","0","0","0","0","0","0","0","0","0","0","0","0","0","0","1","202104","202204","2062"
"0705918","530010","71926000","41371484000162","3","1","00000000000000","","","","9901","","0","E","","","04","","03","36","05","","99","","","","","","","","53202432754","20210326","1","","","","","","0","0","1","0","0","0","1","0","0","0","0","0","0","0",0,0,0,"0",0,0,0,0,0,0,0,0,0,0,0,0,0,0,"0",0,0,0,2,0,0,0,0,0,0,0,0,0,0,0,0,"1",0,0,0,"0",0,0,0,0,"0",0,0,0,0,0,0,0,0,0,0,0,0,0,0,0,"0","0","0","1","0","0","0","0","0","0","0","0","0","0","0","0","0","0","0","0","0","0","0","0","1","0","0","0","1","1","0","0","0","0","0","0","0","0","0","0","0","0","0","0","0","0","0","0","0","0","0","1","0","0","0","0","0","0","0","0","0","0","0","0","0","0","0","0","0","0","0","0","0","0","0","0","0","0","0","0","0","0","0","0","0","0","0","0","0","0","0","0","1","202104","202204","2062"
"0706329","530010","72145450","38417395000103","3","1","00000000000000","","","","0180","","0","E","","","04","","03","22","04","","99","","","","","","","","RLE","20210420","2","","","","","","0","0","1","0","0","0","1","0","0","0","0","0","0","0",0,0,0,"0",0,0,0,0,0,0,0,0,0,0,0,0,0,0,"0",0,0,0,1,0,0,0,0,0,0,0,0,0,0,0,0,"1",0,0,0,"0",0,0,0,0,"0",0,0,0,0,0,0,0,0,0,0,0,0,0,0,0,"0","0","1","0","0","0","0","0","0","0","0","0","0","0","0","0","0","0","0","0","0","0","0","0","1","0","0","0","1","1","0","0","0","0","0","0","0","0","0","0","0","0","0","0","0","0","0","0","0","0","0","1","0","0","0","0","0","0","0","0","0","0","0","0","0","0","0","0","0","0","0","0","0","0","0","0","0","0","0","0","0","0","0","0","0","0","0","0","0","0","0","0","1","202104","202204","2305"
"0708089","530010","72231812","28532546000102","3","1","00000000000000","","","","0040","","0","E","","","04","","03","36","03","","99","","","","","","","","ODO-00786-16/2021","20210630","1","","","","","","0","0","1","0","0","0","1","0","0","0","0","0","0","0",0,0,0,"0",0,0,0,0,0,0,0,0,0,0,0,0,0,0,"0",0,0,0,0,0,0,0,0,1,0,0,0,0,0,0,0,"1",0,0,0,"0",0,0,0,0,"0",0,0,0,0,0,0,0,0,0,0,0,0,0,0,0,"0","0","0","1","0","0","0","0","1","0","0","0","0","0","0","0","0","0","0","0","0","0","0","0","1","1","0","0","1","1","0","0","0","0","0","0","0","0","0","0","0","0","0","0","0","0","0","0","0","0","0","1","0","0","0","0","0","0","0","0","0","0","0","0","0","0","0","0","0","0","0","0","0","0","0","0","0","0","0","0","0","0","0","0","0","0","0","0","0","0","0","0","1","202108","202204","2062"
"0714879","530010","71906750","38137005000133","3","1","00000000000000","","","","","","0","E","","","04","","03","22","03","","99","","","","","","","","LICENCIAMENTO","20210201","1","","","","","","0","0","1","0","0","0","1","0","0","0","0","0","0","0",0,0,0,"0",0,0,0,0,0,0,0,0,0,0,0,0,0,0,"0",0,0,0,0,0,0,0,0,0,0,0,0,0,0,0,0,"0",0,0,0,"0",0,0,0,0,"0",0,0,0,0,0,0,0,0,0,0,0,0,0,0,0,"0","0","1","0","0","0","0","0","0","0","0","0","0","0","0","0","0","0","0","0","0","0","0","0","1","0","0","0","1","1","0","0","0","0","0","0","0","0","0","0","0","0","0","0","0","0","0","0","0","0","0","1","0","0","0","0","0","0","0","0","0","0","0","0","0","0","0","0","0","0","0","0","0","0","0","0","0","0","0","0","0","0","0","0","0","0","0","0","0","0","0","0","1","202104","202204","2062"
"0715468","530010","72465425","35532434000117","3","1","00000000000000","","","","0060","","0","E","","","04","","03","22","03","","99","","","","","","","","0795081700149","20191120","1","","","","","","0","0","1","0","0","0","1","0","0","0","0","0","0","0",0,0,0,"0",0,0,0,0,0,0,0,0,0,0,0,0,0,0,"0",0,0,0,1,0,0,0,0,0,0,0,0,0,0,0,0,"1",0,0,0,"0",0,0,0,0,"0",0,0,0,0,0,0,0,0,0,0,0,0,0,0,0,"0","0","1","0","1","0","0","0","0","0","0","0","0","0","0","0","0","0","0","0","0","0","0","0","1","0","0","0","1","1","0","0","0","0","0","0","0","0","0","0","0","0","0","0","0","0","0","0","0","0","0","1","0","0","0","0","0","0","0","0","0","0","0","0","0","0","0","0","0","0","0","0","0","0","0","0","0","0","0","0","0","0","0","0","0","0","0","0","0","0","0","0","1","202104","202204","2135"
"0718416","530010","71953000","09537076000397","3","1","00000000000000","","","","0180","61","0","E","","","04","","03","36","04","","99","","","","","","","","RLE","20210224","1","","","","","","0","0","1","0","0","0","1","0","0","0","0","0","0","0",0,0,0,"0",0,0,0,0,0,0,0,0,0,0,0,0,0,0,"0",0,4,0,2,0,0,0,0,0,0,0,0,0,0,0,0,"1",0,0,0,"0",0,0,0,0,"0",0,0,0,0,0,0,0,0,0,0,0,0,0,0,0,"0","0","1","0","0","0","0","0","0","0","0","0","0","0","0","0","0","0","0","0","0","0","0","0","1","0","0","0","1","1","0","0","0","0","0","0","0","0","0","0","0","0","0","0","0","0","0","0","0","0","0","1","0","0","0","1","0","0","0","0","0","0","0","0","0","0","0","0","0","0","0","0","0","0","0","0","0","0","0","0","0","0","0","0","0","0","0","0","0","0","0","0","1","202104","202204","2062"
"0718475","530010","70670432","40145860000138","3","1","00000000000000","","","","","","0","E","","","04","","03","22","06","","99","","","","","","","","5350308018","20220108","1","","","","","","0","0","1","0","0","0","1","0","0","0","0","0","0","0",0,0,0,"0",0,0,0,0,0,0,0,0,0,0,0,0,0,0,"0",0,1,0,0,0,0,0,0,0,0,0,0,0,0,0,0,"1",0,0,0,"0",0,0,0,0,"0",0,0,0,0,0,0,0,0,0,0,0,0,0,0,0,"0","0","1","0","0","0","0","0","0","0","0","0","0","0","0","0","0","0","0","1","0","0","0","0","1","1","0","0","1","1","0","0","0","0","0","0","0","0","0","0","0","0","0","0","0","0","0","0","0","0","0","1","0","0","0","1","0","0","0","0","0","0","0","0","0","0","0","0","0","0","0","0","0","0","0","0","0","0","0","0","0","0","0","0","0","0","0","0","0","0","0","0","1","202203","202204","2062"
"0719056","530010","70200610","61486650111171","3","1","00000000000000","","","","","","0","E","","","04","","03","39","03","","99","","","","","","","","LAB 05736-01","20201124","1","","","","","","0","0","1","0","0","0","1","0","0","0","0","0","0","0",0,0,0,"0",0,0,0,0,0,0,0,0,0,0,0,0,0,0,"0",0,0,0,0,0,0,0,0,0,0,0,0,0,0,0,0,"0",0,0,0,"0",0,0,0,0,"0",0,0,0,0,0,0,0,0,0,0,0,0,0,0,0,"0","0","0","0","0","0","0","0","0","0","0","0","0","0","0","0","0","0","0","1","0","0","0","0","1","1","0","0","1","1","0","0","0","0","0","0","0","0","0","0","0","0","0","0","0","0","0","0","0","0","0","0","0","0","0","0","0","0","1","0","0","0","1","0","0","0","0","0","0","0","0","0","0","0","0","0","0","0","0","0","0","0","0","0","0","0","0","0","0","0","0","0","1","202104","202204","2046"
"0719439","530010","72015030","05021025000861","3","1","00000000000000","","","","0180","","0","E","","","04","","01","39","03","","99","","","","","","","","LAB.00017-14","20190925","1","","","","","","0","0","1","0","0","0","1","0","0","0","0","0","0","0",0,0,0,"0",0,0,0,0,0,0,0,0,0,0,0,0,0,0,"0",0,0,0,0,0,0,0,0,0,0,0,0,0,0,0,0,"0",0,0,0,"0",0,0,0,0,"0",0,0,0,0,0,0,0,0,0,0,0,0,0,0,0,"0","0","0","0","0","0","0","0","0","0","0","0","0","0","0","0","0","0","0","0","0","0","0","0","0","1","0","0","1","1","0","0","0","0","0","0","0","0","0","0","0","0","0","0","0","0","0","0","0","0","0","0","0","0","0","0","0","0","1","0","0","0","1","0","0","0","0","0","0","0","0","0","0","0","0","0","0","0","0","0","0","0","0","0","0","0","0","0","0","0","0","0","1","202104","202204","2062"
"0720836","530010","71725601","40760796000103","3","1","00000000000000","","","","","","0","E","","","04","","02","22","03","","99","","","","","","","","53202411684","20210308","1","","","","","","0","0","1","0","0","0","1","0","0","0","0","0","0","0",0,0,0,"0",0,0,0,0,0,0,0,0,0,0,0,0,0,0,"0",0,0,0,1,0,0,0,0,0,0,0,0,0,0,0,0,"1",0,0,0,"0",0,0,0,0,"0",0,0,0,0,0,0,0,0,0,0,0,0,0,0,0,"0","0","1","0","0","0","0","0","0","0","0","0","0","0","0","0","0","0","0","0","0","0","0","0","1","1","0","0","1","1","0","0","0","0","0","0","0","0","0","0","0","0","0","0","0","0","0","0","0","0","0","1","0","0","0","1","0","0","0","0","0","0","0","0","0","0","0","0","0","0","0","0","0","0","0","0","0","0","0","0","0","0","0","0","0","0","0","0","0","0","0","0","1","202104","202204","2062"
"0721492","530010","72220280","37897944000113","3","1","00000000000000","","","","0040","","0","E","","","04","","03","36","03","","99","","","","","","","","LICENCIAMENTO","20200827","1","","","","","","0","0","1","0","0","0","1","0","0","0","0","0","0","0",0,0,0,"0",0,0,0,0,0,0,0,0,0,0,0,0,0,0,"0",0,2,0,0,0,0,0,0,0,0,0,0,0,0,0,0,"1",0,0,0,"0",0,0,0,0,"0",0,0,0,0,0,0,0,0,0,0,0,0,0,0,0,"0","0","1","0","0","0","0","0","0","0","0","0","0","0","0","0","0","0","0","0","0","0","0","0","1","0","0","0","1","1","0","0","0","0","0","0","0","0","0","0","0","0","0","0","0","0","0","0","0","0","0","1","0","0","0","0","0","0","0","0","0","0","0","0","0","0","0","0","0","0","0","0","0","0","0","0","0","0","0","0","0","0","0","0","0","0","0","0","0","0","0","0","1","202105","202204","2062"
"0721506","530010","70719903","11272847000141","3","1","00000000000000","","","","","","0","E","","","04","","03","22","06","","99","","","","","","","","531500033445","20210406","1","","","","","","0","0","1","0","0","0","1","0","0","0","0","0","0","0",0,0,0,"0",0,0,0,0,0,0,0,0,0,0,0,0,0,0,"0",0,2,0,0,0,0,0,0,0,0,0,0,0,0,0,0,"1",0,0,0,"0",0,0,0,0,"0",0,0,0,0,0,0,0,0,0,0,0,0,0,0,0,"0","0","1","0","0","0","0","0","0","0","0","0","0","0","0","0","0","0","0","0","0","0","0","0","1","1","0","0","1","1","0","0","0","0","0","0","0","0","0","0","0","0","0","0","0","0","0","0","0","0","0","1","0","0","0","1","0","0","0","0","0","0","0","0","0","0","0","0","0","0","0","0","0","0","0","0","0","0","0","0","0","0","0","0","0","0","0","0","0","0","0","0","1","202105","202204","3999"
"0721662","530010","71931720","28193414001760","3","1","00000000000000","","","","","","0","E","","","04","","01","36","04","","99","","","","","","","","8630-5/03","20210413","1","","","","","","0","0","1","0","0","0","1","0","0","0","0","0","0","0",0,0,0,"0",0,0,0,0,0,0,0,0,0,0,0,0,0,0,"0",0,1,0,0,0,0,0,0,0,0,0,0,0,0,0,0,"1",0,0,0,"0",0,0,0,0,"0",0,0,0,0,0,0,0,0,0,0,0,0,0,0,0,"0","0","1","0","0","0","0","0","0","0","0","0","0","0","0","0","0","0","0","0","0","0","0","0","1","1","0","0","1","1","0","0","0","0","0","0","0","0","0","0","0","0","0","0","0","0","0","0","0","0","0","1","0","0","0","1","0","0","0","0","0","0","0","0","0","0","0","0","0","0","0","0","0","0","0","0","0","0","0","0","0","0","0","0","0","0","0","0","0","0","0","0","1","202111","202204","2054"
"0722901","530010","70390700","41606143000129","3","1","00000000000000","","","","","","0","E","","","04","","01","22","04","","99","","","","","","","","53202440790","20210421","1","","","","","","0","0","1","0","0","0","1","0","0","0","0","0","0","0",0,0,0,"0",0,0,0,0,0,0,0,0,0,0,0,0,0,0,"0",1,0,0,0,0,0,0,0,0,0,0,0,0,0,0,0,"1",0,0,0,"0",0,0,0,0,"0",0,0,0,0,0,0,0,0,0,0,0,0,0,0,0,"0","0","0","0","0","0","0","0","0","0","0","0","0","0","0","0","0","0","0","0","0","0","0","0","0","1","0","0","1","1","0","0","0","0","0","0","0","0","0","0","0","0","0","0","0","0","0","0","0","0","0","1","0","0","0","0","0","0","0","0","0","0","0","0","0","0","0","0","0","0","0","0","0","0","0","0","0","0","0","0","0","0","0","0","0","0","0","0","0","0","0","0","1","202105","202204","2062"
"0726362","530010","72405135","40277312000161","3","1","00000000000000","","","","0060","","0","E","","","04","","01","22","03","","99","","","","","","","","RLE DIGITAL","20210315","1","","","","","","0","0","1","0","0","0","1","0","0","0","0","0","0","0",0,0,0,"0",0,0,0,0,0,0,0,0,0,0,0,0,0,0,"0",0,0,0,1,0,0,0,0,0,0,0,0,0,0,0,0,"1",0,0,0,"0",0,0,0,0,"0",0,0,0,0,0,0,0,0,0,0,0,0,0,0,0,"0","0","1","0","0","0","0","0","0","0","0","0","0","0","0","0","0","0","0","0","0","0","0","0","1","0","0","0","1","1","0","0","0","0","0","0","0","0","0","0","0","0","0","0","0","0","0","0","0","0","0","1","0","0","0","1","0","0","0","0","0","0","0","0","0","0","0","0","0","0","0","0","0","0","0","0","0","0","0","0","0","0","0","0","0","0","0","0","0","0","0","0","1","202105","202204","2305"
"0727377","530010","71570903","00000000000000","3","3","00394700000108","","07","","0110","","1","E","","","04","","03","36","03","","99","","","","","","","","","","","","","","","","0","0","1","0","0","0","1","0","0","0","0","0","0","0",0,0,0,"0",0,0,0,0,0,0,0,0,0,0,0,0,0,0,"0",7,0,0,0,0,0,0,0,0,0,2,0,0,0,0,0,"1",0,0,0,"0",0,0,0,0,"0",0,0,0,0,0,0,0,0,0,0,0,0,0,0,0,"0","0","0","0","0","0","1","0","1","0","0","0","0","0","0","0","0","0","0","0","0","0","0","0","1","0","0","0","1","1","0","0","0","0","0","0","0","0","0","0","0","0","0","0","0","0","0","0","0","0","1","0","0","0","0","0","0","0","0","0","0","0","0","0","0","0","0","0","0","0","0","0","0","0","0","0","0","0","0","0","0","0","0","0","0","0","0","0","0","0","0","0","1","202204","202204","1023"
"0735078","530010","73100000","26762130000236","3","1","00000000000000","","","","","","0","E","","","04","","03","36","06","","99","","","","","","","","LICENCA SANITARIA","20211017","1","","","","","","0","0","1","0","0","0","1","0","0","0","0","0","0","0",0,0,0,"0",0,1,1,0,0,0,0,0,0,0,0,0,0,4,"1",0,0,0,1,0,0,0,0,0,0,1,0,0,0,0,0,"1",0,0,0,"0",0,0,0,0,"0",0,0,0,0,0,0,0,0,0,0,0,0,0,0,0,"0","0","1","0","0","0","1","0","0","0","0","0","0","0","0","0","1","0","0","0","0","0","0","0","1","0","0","0","1","1","0","0","0","0","0","0","0","0","0","0","0","0","0","0","0","0","0","0","0","0","0","1","0","0","0","0","0","0","0","0","0","0","0","0","0","0","0","0","0","0","0","0","0","0","0","0","0","0","0","0","0","0","0","0","0","0","0","0","0","0","0","0","1","202112","202204","2062"
"0735221","530010","70610440","25451326000166","3","1","00000000000000","","","","0010","","0","E","","","04","","03","36","03","","99","","","","","","","","EAS.20919-01","20220308","1","","","","","","0","0","1","0","0","0","1","0","0","0","0","0","0","0",0,0,0,"0",0,0,0,0,0,0,0,0,0,0,0,0,0,0,"0",0,1,0,0,0,0,0,0,0,0,0,0,0,0,0,0,"1",0,0,0,"0",0,0,0,0,"0",0,0,0,0,0,0,0,0,0,0,0,0,0,0,0,"0","0","1","0","0","0","0","0","0","0","0","0","0","0","0","0","0","0","0","0","0","0","0","0","1","1","0","0","1","1","0","0","0","0","0","0","0","0","0","0","0","0","0","0","0","0","0","0","0","0","0","1","0","0","0","1","0","0","0","0","0","0","0","0","0","0","0","0","0","0","0","0","0","0","0","0","0","0","0","0","0","0","0","0","0","0","0","0","0","0","0","0","1","202203","202204","2062"
"0735507","530010","70710149","39878410000175","3","1","00000000000000","","","","0005","","0","E","","","04","","03","22","04","","99","","","","","","","","EAS 0016202","20210504","1","","","","","","0","0","1","0","0","0","1","0","0","0","0","0","0","0",0,0,0,"0",0,0,0,0,0,0,0,0,0,0,0,0,0,0,"0",1,0,0,0,0,0,0,0,0,0,0,0,0,0,0,0,"1",0,0,0,"0",0,0,0,0,"0",0,0,0,0,0,0,0,0,0,0,0,0,0,0,0,"0","0","1","0","0","0","0","0","0","0","0","0","0","0","0","0","0","0","0","0","0","0","0","0","1","0","0","0","1","1","0","0","0","0","0","0","0","0","0","0","0","0","0","0","0","0","0","0","0","0","0","1","0","0","0","1","0","0","0","0","0","0","0","0","0","0","0","0","0","0","0","0","0","0","0","0","0","0","0","0","0","0","0","0","0","0","0","0","0","0","0","0","1","202105","202204","2135"
"0736260","530010","71699195","00000000000000","3","3","00394700000108","","","","9930","","1","E","","","04","","01","02","03","","99","","","","","","","","","","","","","","","","1","0","0","0","0","0","1","0","0","0","0","0","0","0",0,0,0,"0",0,0,0,0,0,0,0,0,0,0,0,0,0,0,"0",10,0,0,4,0,0,0,1,3,0,3,1,1,0,1,0,"1",0,0,0,"0",0,0,0,0,"0",0,0,0,0,0,0,0,0,3,0,0,0,0,0,0,"0","0","0","0","0","0","1","0","1","0","0","0","0","0","0","0","0","0","0","0","0","0","0","0","1","1","0","0","1","1","0","0","0","0","0","0","0","0","0","0","0","0","0","0","0","0","0","0","0","0","1","0","0","0","0","0","0","0","0","0","0","0","0","0","0","0","0","0","0","0","0","0","0","0","0","0","0","0","0","0","0","0","0","0","0","0","0","0","0","0","0","0","1","202203","202204","1023"
"0737925","530010","71215650","00718528014584","3","1","00000000000000","","","","0070","","0","E","","","04","","01","39","03","","99","","","","","","","","LAB 0145-84","20210506","1","","","","","","0","0","1","0","0","0","1","0","0","0","0","0","0","0",0,0,0,"0",0,0,0,0,0,0,0,0,0,0,0,0,0,0,"0",0,0,0,0,0,0,0,0,0,0,0,0,0,0,0,0,"0",0,0,0,"0",0,0,0,0,"0",0,0,0,0,0,0,0,0,0,0,0,0,0,0,0,"0","0","1","0","0","0","0","0","0","0","0","0","0","0","0","0","0","0","0","0","0","0","0","0","1","1","0","0","1","1","0","0","0","0","0","0","0","0","0","0","0","0","0","0","0","0","0","0","0","0","0","0","0","0","0","0","0","0","1","0","0","1","1","0","0","0","0","0","0","0","0","0","0","0","0","0","0","0","0","0","0","0","0","0","0","0","0","0","0","0","0","0","1","202105","202204","2054"
"0738751","530010","70715900","41707355000100","3","1","00000000000000","","","","0005","","0","E","","","04","","03","22","03","","99","","","","","","","","EAS0081302","20210426","1","","","","","","1","0","0","0","0","0","1","0","0","0","0","0","0","0",0,0,0,"0",0,0,0,0,0,0,0,0,0,0,0,0,0,0,"0",1,0,0,0,0,0,0,0,0,0,0,0,0,0,0,0,"1",0,0,0,"0",0,0,0,0,"0",0,0,0,0,0,0,0,0,0,0,0,0,0,0,0,"0","0","1","0","0","0","0","0","0","0","0","0","0","0","0","0","0","0","0","0","0","0","0","0","1","0","0","0","1","1","0","0","0","0","0","0","0","0","0","0","0","0","0","0","0","0","0","0","0","0","0","1","0","0","1","1","0","0","0","0","0","0","0","0","0","0","0","0","0","0","0","0","0","0","0","0","0","0","0","0","0","0","0","0","0","0","0","0","0","0","0","0","1","202105","202204","2062"
"0739634","530010","71907540","37014448000174","3","1","00000000000000","","","","9901","","0","E","","","04","","03","04","03","","99","","","","","","","","VISADF","20201103","1","","","","","","0","0","1","0","0","0","1","0","0","0","0","0","0","0",0,0,0,"0",0,0,0,0,0,0,0,0,0,0,0,0,0,0,"0",3,0,0,0,0,0,0,0,0,0,0,0,0,0,0,0,"1",0,0,0,"0",0,0,0,0,"0",0,0,0,0,0,0,0,0,0,0,0,0,0,0,0,"0","0","1","0","0","0","0","0","0","0","0","0","0","0","0","0","0","0","0","0","0","0","0","0","1","0","0","0","1","1","0","0","0","0","0","0","0","0","0","0","0","0","0","0","0","0","0","0","0","0","0","1","0","0","0","1","0","0","0","0","0","0","0","0","0","0","0","0","0","0","0","0","0","0","0","0","0","0","0","0","0","0","0","0","0","0","0","0","0","0","0","0","1","202107","202204","2062"
"0740098","530010","70390055","41542993000100","3","1","00000000000000","","","","","","0","E","","","04","","01","22","03","","99","","","","","","","","RLE DIGITAL","20210412","1","","","","","","0","0","1","0","1","0","1","0","0","0","0","0","0","0",0,0,0,"0",0,0,0,0,0,0,0,0,0,0,0,0,0,0,"0",0,0,0,1,0,0,0,0,0,0,0,0,0,0,0,0,"1",0,0,0,"0",0,0,0,0,"0",0,0,0,0,0,0,0,0,0,0,0,0,0,0,0,"0","0","0","0","0","0","0","0","0","0","1","0","0","0","0","0","0","0","0","0","0","0","0","0","1","0","0","0","1","1","0","0","0","0","0","0","0","0","0","0","0","0","0","0","0","0","0","0","0","0","0","1","0","0","0","0","0","0","0","0","0","0","0","0","0","0","0","0","0","0","0","0","0","0","0","0","0","0","0","0","0","0","0","0","0","0","0","0","0","0","0","0","1","202105","202204","2062"
"0740411","530010","70070904","02643405002036","3","1","00000000000000","","","","0015","","0","E","","","04","","03","77","05","","99","","","","","","","","53920013744","20210409","2","","","","","","0","0","1","0","0","0","1","0","0","0","0","0","0","0",0,0,0,"0",0,0,0,0,0,0,0,0,0,0,0,0,0,0,"0",0,0,0,0,0,0,0,0,0,0,0,0,0,0,0,0,"0",0,0,0,"0",0,0,0,0,"0",0,0,0,0,0,0,0,0,0,0,0,0,0,0,0,"0","0","0","0","0","0","0","0","0","0","0","0","0","0","0","0","0","0","0","0","0","0","0","0","0","0","0","0","1","1","0","0","0","1","0","0","1","0","0","0","0","0","1","0","0","0","0","0","0","0","0","1","0","0","1","1","0","0","0","0","0","0","0","0","0","0","0","0","0","0","0","0","0","0","0","0","0","0","0","0","0","0","0","0","0","0","0","0","0","0","0","0","1","202105","202204","2062"
"0741124","530010","72015525","07612717000214","3","1","00000000000000","","","","0180","","0","E","","","04","","03","36","03","","99","","","","","","","","ODO.00052-14","20210408","1","","","","","","0","0","1","0","0","0","1","0","0","0","0","0","0","0",0,0,0,"0",0,0,0,0,0,0,0,0,0,0,0,0,0,0,"0",0,0,0,0,0,0,0,0,2,0,0,0,0,0,0,0,"1",0,0,0,"0",0,0,0,0,"0",0,0,0,0,0,0,0,0,0,0,0,0,0,0,0,"0","0","1","0","0","0","0","0","0","0","0","0","0","0","0","0","0","0","0","0","0","0","0","0","1","1","0","0","1","1","0","0","0","0","0","0","0","0","0","0","0","0","0","0","0","0","0","0","0","0","0","1","0","0","0","1","0","0","0","0","0","0","0","0","0","0","0","0","0","0","0","0","0","0","0","0","0","0","0","0","0","0","0","0","0","0","0","0","0","0","0","0","1","202105","202204","2240"
"0741728","530010","72010120","07612717000133","3","1","00000000000000","","","","0180","","0","E","","","04","","03","36","03","","99","","","","","","","","ODO.00035-14","20210422","1","","","","","","0","0","1","0","0","0","1","0","0","0","0","0","0","0",0,0,0,"0",0,0,0,0,0,0,0,0,0,0,0,0,0,0,"0",0,0,0,0,0,0,0,0,1,0,0,0,0,0,0,0,"1",0,0,0,"0",0,0,0,0,"0",0,0,0,0,0,0,0,0,0,0,0,0,0,0,0,"0","0","1","0","0","0","0","0","0","0","0","0","0","0","0","0","0","0","0","0","0","0","0","0","1","1","0","0","1","1","0","0","0","0","0","0","0","0","0","0","0","0","0","0","0","0","0","0","0","0","0","1","0","0","0","1","0","0","0","0","0","0","0","0","0","0","0","0","0","0","0","0","0","0","0","0","0","0","0","0","0","0","0","0","0","0","0","0","0","0","0","0","1","202105","202204","2240"
"0742449","530010","71681125","07928409000200","3","1","00000000000000","","","","9930","","0","E","","","04","","03","04","03","","99","","","","","","","","EAS 0061-23/2021","20210225","1","","","","","","0","0","1","0","0","0","1","0","0","0","0","0","0","0",0,0,0,"0",0,0,0,0,0,0,0,0,0,0,0,0,0,0,"0",1,1,0,2,0,0,0,0,0,0,0,0,0,0,0,0,"1",0,0,0,"0",0,0,0,0,"0",0,0,0,0,0,0,0,0,0,0,0,0,0,0,0,"0","0","1","0","0","0","0","0","1","0","0","0","0","0","0","0","0","0","0","0","0","0","0","0","1","0","0","0","1","1","0","0","0","0","0","0","0","0","0","0","0","0","0","0","0","0","0","0","0","0","0","1","0","0","1","1","0","0","0","0","0","0","0","0","0","0","0","0","0","0","0","0","0","0","0","0","0","0","0","0","0","0","0","0","0","0","0","0","0","0","0","0","1","202105","202204","2232"
"0742996","530010","72115700","35660367000116","3","1","00000000000000","","","","","","0","E","","","04","","01","36","03","","99","","","","","","","","CERTIFICADO DE LICENCIAME","20210308","1","","","","","","0","0","1","0","0","0","1","0","0","0","0","0","0","0",0,0,0,"0",0,0,0,0,0,0,0,0,0,0,0,0,0,0,"0",0,0,0,1,0,0,0,0,0,0,0,0,0,0,0,0,"1",0,0,0,"0",0,0,0,0,"0",0,0,0,0,0,0,0,0,0,0,0,0,0,0,0,"0","0","1","0","0","0","0","0","0","0","0","0","0","0","0","0","0","0","0","0","0","0","0","0","1","0","0","0","1","1","0","0","0","0","0","0","0","0","0","0","0","0","0","0","0","0","0","0","0","0","0","1","0","0","0","1","0","0","0","0","0","0","0","0","0","0","0","0","0","0","0","0","0","0","0","0","0","0","0","0","0","0","0","0","0","0","0","0","0","0","0","0","1","202105","202204","2062"
"0745219","530010","72302567","41518558000140","3","1","00000000000000","","","","","","0","E","","","04","","03","22","03","","99","","","","","","","","53600392311","20210404","1","","","","","","0","0","1","0","0","0","1","0","0","0","0","0","0","0",0,0,0,"0",0,0,0,0,0,0,0,0,0,0,0,0,0,0,"0",0,0,0,0,0,0,0,0,1,0,0,0,0,0,0,0,"1",0,0,0,"0",0,0,0,0,"0",0,0,0,0,0,0,0,0,0,0,0,0,0,0,0,"0","0","1","0","0","0","0","0","0","0","0","0","0","0","0","0","0","0","0","0","0","0","0","0","1","1","0","0","1","1","0","0","0","0","0","0","0","0","0","0","0","0","0","0","0","0","0","0","0","0","0","1","0","0","0","1","0","0","0","0","0","0","0","0","0","0","0","0","0","0","0","0","0","0","0","0","0","0","0","0","0","0","0","0","0","0","0","0","0","0","0","0","1","202105","202204","2305"
"0749966","530010","70200760","17200067000172","3","1","00000000000000","","","","0015","","0","E","","","04","","03","04","03","","99","","","","","","","","RLE","20210524","1","","","","","","0","0","1","0","0","0","1","0","0","0","0","0","0","0",0,0,0,"0",0,0,0,0,0,0,0,0,0,0,0,0,0,0,"0",1,1,0,1,0,0,0,0,0,0,0,0,0,0,0,0,"1",0,0,0,"0",0,0,0,0,"0",0,0,0,0,0,0,0,0,0,0,0,0,0,0,0,"0","0","1","0","0","0","0","0","0","0","0","0","0","0","0","0","0","0","0","0","0","0","0","0","1","1","0","0","1","1","0","0","0","0","0","0","0","0","0","0","0","0","0","0","0","0","0","0","0","0","0","1","0","0","0","1","0","0","0","0","0","0","0","0","0","0","0","0","0","0","0","0","0","0","0","0","0","0","0","0","0","0","0","0","0","0","0","0","0","0","0","0","1","202201","202204","2062"
"0752266","530010","70390089","41766165000156","3","1","00000000000000","","","","","","0","E","","","04","","03","22","03","","99","","","","","","","","53202446933","20210514","1","","","","","","0","0","1","0","0","0","1","0","0","0","0","0","0","0",0,0,0,"0",0,0,0,0,0,0,0,0,0,0,0,0,0,0,"0",0,0,0,1,0,0,0,0,0,0,0,0,0,0,0,0,"1",0,0,0,"0",0,0,0,0,"0",0,0,0,0,0,0,0,0,0,0,0,0,0,0,0,"0","0","1","0","0","0","0","0","0","0","0","0","0","0","0","0","0","0","0","0","0","0","0","0","1","1","0","0","1","1","0","0","0","0","0","0","0","0","0","0","0","0","0","0","0","0","0","0","0","0","0","1","0","0","0","1","0","0","0","0","0","0","0","0","0","0","0","0","0","0","0","0","0","0","0","0","0","0","0","0","0","0","0","0","0","0","0","0","0","0","0","0","1","202105","202204","2062"
"0754595","530010","71680349","31615168000135","3","1","00000000000000","","","","","","0","E","","","04","","","36","03","","99","","","","","","","","53600316819","20200207","1","","","","","","0","0","1","0","0","0","1","0","0","0","0","0","0","0",0,0,0,"0",0,0,0,0,0,0,0,0,0,0,0,0,0,0,"0",1,0,0,0,0,0,0,0,0,0,0,0,0,0,0,0,"1",0,0,0,"0",0,0,0,0,"0",0,0,0,0,0,0,0,0,0,0,0,0,0,0,0,"0","0","1","0","0","0","0","0","0","0","0","0","0","0","0","0","0","0","0","1","0","0","0","0","1","0","0","0","1","1","0","0","0","0","0","0","0","0","0","0","0","0","0","0","0","0","0","0","0","0","0","1","0","0","0","1","0","0","0","0","0","0","0","0","0","0","0","0","0","0","0","0","0","0","0","0","0","0","0","0","0","0","0","0","0","0","0","0","0","0","0","0","1","202105","202204","2062"
"0754625","530010","70200760","36710273000177","3","1","00000000000000","","","","0015","","0","E","","","04","","01","36","03","","99","","","","","","","","LICENCA SANITARIO 2091501","20210408","1","","","","","","0","0","1","0","0","0","1","0","0","0","0","0","0","0",0,0,0,"0",0,0,0,0,0,0,0,0,0,0,0,0,0,0,"0",1,0,0,0,0,0,0,0,0,0,0,0,0,0,0,0,"1",0,0,0,"0",0,0,0,0,"0",0,0,0,0,0,0,0,0,0,0,0,0,0,0,0,"0","0","1","0","0","0","0","0","0","0","0","0","0","0","0","0","0","0","0","0","0","0","0","0","1","1","1","0","1","1","0","0","0","0","0","0","0","0","0","0","0","0","0","0","0","0","0","0","0","0","0","1","0","0","0","0","0","0","0","0","0","0","0","0","0","0","0","0","0","0","0","0","0","0","0","0","0","0","0","0","0","0","0","0","0","0","0","0","0","0","0","0","1","202105","202204","2062"
"0754684","530010","71950550","24719768000188","3","1","00000000000000","","","","","","0","E","","","04","","03","22","03","","99","","","","","","","","53600148797","20210517","1","","","","","","0","0","1","0","0","0","1","0","0","0","0","0","0","0",0,0,0,"0",0,0,0,0,0,0,0,0,0,0,0,0,0,0,"0",0,0,0,1,0,0,0,0,0,0,0,0,0,0,0,0,"1",0,0,0,"0",0,0,0,0,"0",0,0,0,0,0,0,0,0,0,0,0,0,0,0,0,"0","0","1","0","0","0","0","0","0","0","0","0","0","0","0","0","0","0","0","1","0","0","0","0","1","1","0","0","1","1","0","0","0","0","0","0","0","0","0","0","0","0","0","0","0","0","0","0","0","0","0","1","0","0","0","1","0","0","0","0","0","0","0","0","0","0","0","0","0","0","0","0","0","0","0","0","0","0","0","0","0","0","0","0","0","0","0","0","0","0","0","0","1","202105","202204","2305"
"0756091","530010","70200740","40443094000198","3","1","00000000000000","","","","0015","","0","E","","","04","","03","36","04","","99","","","","","","","","CERTIFICADO DE LICENCIAME","20210121","1","","","","","","0","0","1","0","0","0","1","0","0","0","0","0","0","0",0,0,0,"0",0,0,0,0,0,0,0,0,0,0,0,0,0,0,"0",0,0,0,0,0,0,0,0,1,0,0,0,0,0,0,0,"1",0,0,0,"0",0,0,0,0,"0",0,0,0,0,0,0,0,0,0,0,0,0,0,0,0,"0","0","1","0","0","0","0","0","0","0","0","0","0","0","0","0","0","0","0","0","0","0","0","0","1","1","1","0","1","1","0","0","0","0","0","0","0","0","0","0","0","0","0","0","0","0","0","0","0","0","0","1","0","0","0","0","0","0","0","0","0","0","0","0","0","0","0","0","0","0","0","0","0","0","0","0","0","0","0","0","0","0","0","0","0","0","0","0","0","0","0","0","1","202111","202204","2062"
"0763527","530010","71907720","40082343000167","3","1","00000000000000","","","","9901","","0","E","","","04","","03","36","04","","99","","","","","","","","EAS.00194-22","20210514","1","","","","","","0","0","1","0","0","0","1","0","0","0","0","0","0","0",0,0,0,"0",0,0,0,0,0,0,0,0,0,0,0,0,0,0,"0",0,2,0,0,0,0,0,0,0,0,0,0,0,0,0,0,"1",0,0,0,"0",0,0,0,0,"0",0,0,0,0,0,0,0,0,0,0,0,0,0,0,0,"0","0","1","0","0","0","0","0","0","0","0","0","0","0","0","0","0","0","0","0","0","0","0","0","1","1","0","0","1","1","0","0","0","0","0","0","0","0","0","0","0","0","0","0","0","0","0","0","0","0","0","1","0","0","0","1","0","0","0","0","0","0","0","0","0","0","0","0","0","0","0","0","0","0","0","0","0","0","0","0","0","0","0","0","0","0","0","0","0","0","0","0","1","202106","202204","2062"
"0764442","530010","70670432","00071172467153","1","1","00000000000000","","","","","","0","E","","","04","","01","22","03","","99","","","","","","","","EAS.00107-07","20210517","1","","","","","","0","0","1","0","0","0","1","0","0","0","0","0","0","0",0,0,0,"0",0,0,0,0,0,0,0,0,0,0,0,0,0,0,"0",0,0,0,1,0,0,0,0,0,0,0,0,0,0,0,0,"1",0,0,0,"0",0,0,0,0,"0",0,0,0,0,0,0,0,0,0,0,0,0,0,0,0,"0","0","1","0","0","0","0","0","0","0","0","0","0","0","0","0","0","0","0","0","0","0","0","0","1","0","0","0","1","1","0","0","0","0","0","0","0","0","0","0","0","0","0","0","0","0","0","0","0","0","0","1","0","0","0","0","0","0","0","0","0","0","0","0","0","0","0","0","0","0","0","0","0","0","0","0","0","0","0","0","0","0","0","0","0","0","0","0","0","0","0","0","1","202105","202204","4000"
"0764914","530010","70297400","39576738000137","3","1","00000000000000","","","","","","0","E","","","04","","01","22","04","","99","","","","","","","","DPL","20210519","1","","","","","","0","0","1","0","0","0","1","0","0","0","0","0","0","0",0,0,0,"0",0,0,0,0,0,0,0,0,0,0,0,0,0,0,"0",0,0,0,1,0,0,0,0,0,0,0,0,0,0,0,0,"1",0,0,0,"0",0,0,0,0,"0",0,0,0,0,0,0,0,0,0,0,0,0,0,0,0,"0","0","0","0","0","0","0","0","0","0","0","0","0","0","0","0","0","0","0","0","0","0","0","0","0","0","0","0","1","1","0","0","0","0","0","0","0","0","0","0","0","0","0","0","0","0","0","0","0","0","0","0","0","0","0","1","0","0","0","0","0","0","0","0","0","0","0","0","0","0","0","0","0","0","0","0","0","0","0","0","0","0","0","0","0","0","0","0","0","0","0","0","1","202105","202204","2062"
"0766216","530010","72225270","00000000000000","3","3","00394700000108","","","","","","1","E","","","04","","02","05","06","","99","","","","","","","","","","","","","","","","0","0","0","0","0","0","0","0","0","1","0","0","0","1",0,1,100,"1",0,0,0,0,0,0,0,0,0,0,0,0,0,0,"0",0,0,0,0,0,0,0,0,0,0,0,0,0,0,0,0,"0",0,0,0,"0",0,0,0,0,"0",0,0,0,0,0,0,0,0,0,0,0,0,0,0,0,"0","0","1","0","1","0","1","0","1","0","1","0","0","0","0","0","1","0","1","0","1","0","1","0","1","1","1","0","1","1","0","0","0","0","0","0","0","0","0","0","0","0","0","1","0","0","0","0","0","0","0","0","0","0","0","0","0","0","0","0","0","0","0","0","0","0","0","0","0","0","0","0","0","0","0","0","0","0","0","0","0","0","0","0","0","0","0","0","0","0","0","0","1","202202","202204","1023"
"0767182","530010","72440440","41830387000190","3","1","00000000000000","","","","","","0","E","","","04","","03","36","04","","99","","","","","","","","CERTIFICADO DE LICENCIAME","20210505","1","","","","","","0","0","1","0","0","0","1","0","0","0","0","0","0","0",0,0,0,"0",0,0,0,0,0,0,0,0,0,0,0,0,0,0,"0",0,0,0,3,0,0,0,0,0,0,0,0,0,0,0,0,"1",0,0,0,"0",0,0,0,0,"0",0,0,0,0,0,0,0,0,0,0,0,0,0,0,0,"0","0","0","1","0","0","0","0","0","0","0","0","0","0","0","0","0","0","0","0","0","0","0","0","1","0","0","0","1","1","0","0","0","0","0","0","0","0","0","0","0","0","0","0","0","0","0","0","0","0","0","0","0","0","0","1","0","0","0","0","0","0","0","0","0","0","0","0","0","0","0","0","0","0","0","0","0","0","0","0","0","0","0","0","0","0","0","0","0","0","0","0","1","202105","202204","2062"
"0767557","530010","70711903","10981905001034","3","1","00000000000000","","","","","","0","E","","","04","","03","36","03","","99","","","","","","","","8630503/2021","20210323","1","","","","","","0","0","1","0","0","0","1","0","0","0","0","0","0","0",0,0,0,"0",0,0,0,0,0,0,0,0,0,0,0,0,0,0,"0",0,1,0,0,0,0,0,0,0,0,0,0,0,0,0,0,"1",0,0,0,"0",0,0,0,0,"0",0,0,0,0,0,0,0,0,0,0,0,0,0,0,0,"0","0","0","0","0","0","0","0","0","0","0","0","0","0","0","0","0","0","0","0","0","0","0","0","0","1","0","0","1","1","0","0","0","0","0","0","0","0","0","0","0","0","0","0","0","0","0","0","0","0","0","1","0","0","0","1","0","0","0","0","0","0","0","0","0","0","0","0","0","0","0","0","0","0","0","0","0","0","0","0","0","0","0","0","0","0","0","0","0","0","0","0","1","202105","202204","2062"
"0767565","530010","73330004","39237246000117","3","1","00000000000000","","","","0120","","0","E","","","04","","03","36","03","","99","","","","","","","","RAD.00397-08","20210427","1","","","","","","0","0","1","0","0","0","1","0","0","0","0","0","0","0",0,0,0,"0",0,0,0,0,0,0,0,0,0,0,0,0,0,0,"0",2,2,0,0,0,0,0,0,0,0,0,0,0,0,0,0,"1",0,0,0,"0",0,0,0,0,"0",0,0,0,0,0,0,0,0,0,0,0,0,0,0,0,"0","0","1","0","0","0","0","0","0","0","0","0","0","0","0","0","0","0","0","0","0","0","0","0","1","1","0","0","1","1","0","0","0","0","0","0","0","0","0","0","0","0","0","0","0","0","0","0","0","0","0","1","0","0","0","1","0","0","0","0","0","0","0","0","0","0","0","0","0","0","0","0","0","0","0","0","0","0","0","0","0","0","0","0","0","0","0","0","0","0","0","0","1","202105","202204","2062"
"0767875","530010","70390145","41967110000104","3","1","00000000000000","","","","","","0","E","","","04","","03","22","03","","99","","","","","","","","","","","","","","","","0","0","1","0","0","0","1","0","0","0","0","0","0","0",0,0,0,"0",0,0,0,0,0,0,0,0,0,0,0,0,0,0,"0",0,0,0,2,0,0,0,0,0,0,0,0,0,0,0,0,"1",0,0,0,"0",0,0,0,0,"0",0,0,0,0,0,0,0,0,0,0,0,0,0,0,0,"0","0","0","1","0","0","0","0","0","0","0","0","0","0","0","0","0","0","0","0","0","0","0","0","1","0","0","0","1","1","0","0","0","0","0","0","0","0","0","0","0","0","0","0","0","0","0","0","0","0","0","1","0","0","0","0","0","0","0","0","0","0","0","0","0","0","0","0","0","0","0","0","0","0","0","0","0","0","0","0","0","0","0","0","0","0","0","0","0","0","0","0","1","202105","202204","2062"
"0769002","530010","72120970","00000000000000","3","3","00394700000108","","","","","","1","E","","","04","","03","36","06","","99","","","","","","","","","","","","","","","","0","0","1","0","0","0","1","0","0","0","0","0","0","0",0,0,0,"0",0,0,0,0,0,0,0,0,0,0,0,0,0,0,"0",0,0,0,3,0,0,0,0,0,0,0,0,0,0,0,0,"1",0,0,0,"0",0,0,0,0,"0",0,0,0,0,0,0,0,0,0,0,0,0,0,0,0,"0","0","0","0","0","0","0","0","0","0","0","0","0","0","0","0","0","0","0","0","0","0","0","0","0","0","0","0","1","1","0","0","0","0","0","0","0","0","0","0","0","0","0","0","0","0","0","0","0","0","1","0","0","0","0","0","0","0","0","0","0","0","0","0","0","0","0","0","0","0","0","0","0","0","0","0","0","0","0","0","0","0","0","0","0","0","0","0","0","0","0","0","1","202204","202204","1023"
"0769045","530010","72322583","00000000000000","3","3","00394700000108","","","","","","1","E","","","04","","03","36","06","","99","","","","","","","","","","","","","","","","0","0","1","0","0","0","1","0","0","0","0","0","0","0",0,0,0,"0",0,0,0,0,0,0,0,0,0,0,0,0,0,0,"0",0,1,0,2,0,0,0,0,0,0,0,0,0,0,0,0,"1",0,0,0,"0",0,0,0,0,"0",0,0,0,0,0,0,0,0,0,0,0,0,0,0,0,"0","0","0","0","0","0","0","0","0","0","0","0","0","0","0","0","0","0","0","0","0","0","0","0","0","0","0","0","1","1","0","0","0","0","0","0","0","0","0","0","0","0","0","0","0","0","0","0","0","0","1","0","0","0","0","0","0","0","0","0","0","0","0","0","0","0","0","0","0","0","0","0","0","0","0","0","0","0","0","0","0","0","0","0","0","0","0","0","0","0","0","0","1","202204","202204","1023"
"0770035","530010","73330004","39236507000184","3","1","00000000000000","","","","0120","","0","E","","","04","","03","36","03","","99","","","","","","","","LAB.00394-08","20210426","1","","","","","","0","0","1","0","0","0","1","0","0","0","0","0","0","0",0,0,0,"0",0,0,0,0,0,0,0,0,0,0,0,0,0,0,"0",0,1,0,0,0,0,0,0,0,0,0,0,0,0,0,0,"1",0,0,0,"0",0,0,0,0,"0",0,0,0,0,0,0,0,0,0,0,0,0,0,0,0,"0","0","1","0","0","0","0","0","0","0","0","0","0","0","0","0","0","0","0","0","0","0","0","0","1","1","0","0","1","1","0","0","0","0","0","0","0","0","0","0","0","0","0","0","0","0","0","0","0","0","0","1","0","0","0","1","0","0","0","0","0","0","0","0","0","0","0","0","0","0","0","0","0","0","0","0","0","0","0","0","0","0","0","0","0","0","0","0","0","0","0","0","1","202105","202204","2062"
"0770094","530010","72007735","36926977000181","3","1","00000000000000","","","","9934","","0","E","","","04","","01","04","03","","99","","","","","","","","CERT.LICENCIAMENTO","20210421","1","","","","","","0","0","1","0","0","0","1","0","0","0","0","0","0","0",0,0,0,"0",0,0,0,0,0,0,0,0,0,0,0,0,0,0,"0",2,4,0,0,0,0,0,0,0,0,0,0,0,0,0,0,"1",0,0,0,"0",0,0,0,0,"0",0,0,0,0,0,0,0,0,0,0,0,0,0,0,0,"0","0","1","0","0","0","0","0","0","0","0","0","0","0","0","0","0","0","0","0","0","0","0","0","1","1","0","0","1","1","0","0","0","0","0","0","0","0","0","0","0","0","0","0","0","0","0","0","0","0","0","1","0","0","0","1","0","0","0","0","0","0","0","0","0","0","0","0","0","0","0","0","0","0","0","0","0","0","0","0","0","0","0","0","0","0","0","0","0","0","0","0","1","202204","202204","2062"
"0770205","530010","71919360","41652525000199","3","1","00000000000000","","","","","","0","E","","","04","","03","22","03","","99","","","","","","","","53202442440","20210423","1","","","","","","0","0","1","0","0","0","1","0","0","0","0","0","0","0",0,0,0,"0",0,0,0,0,0,0,0,0,0,0,0,0,0,0,"0",0,0,0,0,0,0,0,0,2,0,0,0,0,0,0,0,"1",0,0,0,"0",0,0,0,0,"0",0,0,0,0,0,0,0,0,0,0,0,0,0,0,0,"0","0","1","0","0","0","0","0","0","0","0","0","0","0","0","0","0","0","0","0","0","0","0","0","1","1","0","0","1","1","0","0","0","0","0","0","0","0","0","0","0","0","0","0","0","0","0","0","0","0","0","1","0","0","0","1","0","0","0","0","0","0","0","0","0","0","0","0","0","0","0","0","0","0","0","0","0","0","0","0","0","0","0","0","0","0","0","0","0","0","0","0","1","202105","202204","2062"
"0770493","530010","71907720","15407256000195","3","1","00000000000000","","","","","","0","E","","","04","","03","36","03","","99","","","","","","","","EAS 00199-22/2021","20210720","1","","","","","","0","0","1","0","0","0","1","0","0","0","0","0","0","0",0,0,0,"0",0,0,0,0,0,0,0,0,0,0,0,0,0,0,"0",0,1,0,0,0,0,0,0,0,0,0,0,0,0,0,0,"1",0,0,0,"0",0,0,0,0,"0",0,0,0,0,0,0,0,0,0,0,0,0,0,0,0,"0","0","0","1","0","0","0","0","0","0","0","0","0","0","0","0","0","0","0","0","0","0","0","0","1","1","0","0","1","1","0","0","0","0","0","0","0","0","0","0","0","0","0","0","0","0","0","0","0","0","0","1","0","0","0","0","0","0","0","0","0","0","0","0","0","0","0","0","0","0","0","0","0","0","0","0","0","0","0","0","0","0","0","0","0","0","0","0","0","0","0","0","1","202202","202204","2062"
"0770930","530010","70200760","41368391000189","3","1","00000000000000","","","","","","0","E","","","04","","03","22","04","","99","","","","","","","","RLE DIGITAL","20210406","1","","","","","","0","0","1","0","0","0","1","0","0","0","0","0","0","0",0,0,0,"0",0,0,0,0,0,0,0,0,0,0,0,0,0,0,"0",0,0,0,1,0,0,0,0,0,0,0,0,0,0,0,0,"1",0,0,0,"0",0,0,0,0,"0",0,0,0,0,0,0,0,0,0,0,0,0,0,0,0,"0","0","1","0","0","0","0","0","0","0","0","0","0","0","0","0","0","0","0","0","0","0","0","0","1","0","0","0","1","1","0","0","0","0","0","0","0","0","0","0","0","0","0","0","0","0","0","0","0","0","0","1","0","0","1","1","0","0","0","0","0","0","0","0","0","0","0","0","0","0","0","0","0","0","0","0","0","0","0","0","0","0","0","0","0","0","0","0","0","0","0","0","1","202105","202204","2062"
"0771716","530010","71901020","61585865170073","3","1","00000000000000","","","","","","0","E","","","04","","02","43","04","","99","","","","","","","","00072-22","20210401","2","","","","","","0","0","1","0","0","0","1","0","0","0","0","0","0","0",0,0,0,"0",0,0,0,0,0,0,0,0,0,0,0,0,0,0,"0",0,0,0,0,0,0,0,0,0,0,0,1,0,0,0,0,"1",0,0,0,"0",0,0,0,0,"0",0,0,0,0,0,0,0,0,0,0,0,0,0,0,0,"0","0","0","0","0","0","0","0","0","0","0","0","0","0","0","0","0","0","0","0","0","0","0","0","0","1","0","0","1","1","0","0","0","0","0","0","0","0","0","0","0","0","0","0","0","0","0","0","0","0","0","0","0","0","0","0","0","0","0","0","0","0","0","0","0","0","0","0","0","0","0","0","1","0","0","0","0","0","0","0","0","0","0","0","0","0","0","0","0","0","0","0","1","202105","202204","2046"
"0772526","530010","72322582","39807634000196","3","1","00000000000000","","","","0140","61","0","E","","","04","","03","36","03","","99","","","","","","","","EAS 00067182021","20210416","1","","","","","","0","0","1","0","0","0","1","0","0","0","0","0","0","0",0,0,0,"0",0,0,0,0,0,0,0,0,0,0,0,0,0,0,"0",0,3,0,0,0,0,0,0,0,0,0,0,0,0,0,0,"1",0,0,0,"0",0,0,0,0,"0",0,0,0,0,0,0,0,0,0,0,0,0,0,0,0,"0","0","1","0","0","0","0","0","0","0","0","0","0","0","0","0","0","0","0","0","0","0","0","0","1","0","0","0","1","1","0","0","0","0","0","0","0","0","0","0","0","0","0","0","0","0","0","0","0","0","0","1","0","0","0","1","0","0","0","0","0","0","0","0","0","0","0","0","0","0","0","0","0","0","0","0","0","0","0","0","0","0","0","0","0","0","0","0","0","0","0","0","1","202105","202204","2062"
"0772860","530010","71918000","41682745000165","3","1","00000000000000","","","","9901","","0","E","","","04","","01","36","03","","99","","","","","","","","CERT.LICENCIAMENTO","20210423","","","","","","","0","0","1","0","0","0","1","0","0","0","0","0","0","0",0,0,0,"0",0,0,0,0,0,0,0,0,0,0,0,0,0,0,"0",0,0,0,3,0,0,0,0,0,0,0,0,0,0,0,0,"1",0,0,0,"0",0,0,0,0,"0",0,0,0,0,0,0,0,0,0,0,0,0,0,0,0,"0","0","1","0","0","0","0","0","0","0","0","0","0","0","0","0","0","0","0","0","0","0","0","0","1","0","0","0","1","1","0","0","0","0","0","0","0","0","0","0","0","0","0","0","0","0","0","0","0","0","0","1","0","0","0","1","0","0","0","0","0","0","0","0","0","0","0","0","0","0","0","0","0","0","0","0","0","0","0","0","0","0","0","0","0","0","0","0","0","0","0","0","1","202109","202204","2062"
"0772909","530010","70360703","23490919000106","3","1","00000000000000","","","","0010","","0","E","","","04","","03","22","03","","99","","","","","","","","EAS.20722-01","20210107","1","","","","","","0","0","1","0","0","0","1","0","0","0","0","0","0","0",0,0,0,"0",0,0,0,0,0,0,0,0,0,0,0,0,0,0,"0",1,0,0,0,0,0,0,0,0,0,0,0,0,0,0,0,"1",0,0,0,"0",0,0,0,0,"0",0,0,0,0,0,0,0,0,0,0,0,0,0,0,0,"0","0","0","0","0","0","0","0","0","0","0","0","0","0","0","0","0","0","0","0","0","0","0","0","0","0","0","0","1","1","0","0","0","0","0","0","0","0","0","0","0","0","0","0","0","0","0","0","0","0","0","0","0","0","0","1","0","0","0","0","0","0","0","0","0","0","0","0","0","0","0","0","0","0","0","0","0","0","0","0","0","0","0","0","0","0","0","0","0","0","0","0","1","202105","202204","2062"
"0773190","530010","70200730","41474414000130","3","1","00000000000000","","","","0015","","0","E","","","04","","03","36","03","","99","","","","","","","","EAS.20932-01","20210510","1","","","","","","0","0","1","0","0","0","1","0","0","0","0","0","0","0",0,0,0,"0",0,0,0,0,0,0,0,0,0,0,0,0,0,0,"0",0,7,0,0,0,0,0,0,0,0,0,0,0,0,0,0,"1",0,0,0,"0",0,0,0,0,"0",0,0,0,0,0,0,0,0,0,0,0,0,0,0,0,"0","0","1","0","0","0","0","0","0","0","0","0","0","0","0","0","0","0","0","0","0","0","0","0","1","1","0","0","1","1","0","0","0","0","0","0","0","0","0","0","0","0","0","0","0","0","0","0","0","0","0","1","0","0","0","1","0","0","0","0","0","0","0","0","0","0","0","0","0","0","0","0","0","0","0","0","0","0","0","0","0","0","0","0","0","0","0","0","0","0","0","0","1","202105","202204","2062"
"0773247","530010","71907720","26135113000198","3","1","00000000000000","","","","","","0","E","","","04","","03","22","03","","99","","","","","","","","53202144813","20210301","1","","","","","","0","0","1","0","0","0","1","0","0","0","0","0","0","0",0,0,0,"0",0,0,0,0,0,0,0,0,0,0,0,0,0,0,"0",2,0,0,0,0,0,0,0,0,0,0,0,0,0,0,0,"1",0,0,0,"0",0,0,0,0,"0",0,0,0,0,0,0,0,0,0,0,0,0,0,0,0,"0","0","1","0","0","0","0","0","0","0","0","0","0","0","0","0","0","0","0","0","0","0","0","0","1","0","0","0","1","1","0","0","0","0","0","0","0","0","0","0","0","0","0","0","0","0","0","0","0","0","0","1","0","0","0","0","0","0","0","0","0","0","0","0","0","0","0","0","0","0","0","0","0","0","0","0","0","0","0","0","0","0","0","0","0","0","0","0","0","0","0","0","1","202105","202204","2062"
"0773506","530010","72120470","30404882000111","3","1","00000000000000","","","","0180","","0","E","","","04","","03","22","03","","99","","","","","","","","RED 00010-15/2020","20200604","1","","","","","","0","0","1","0","0","0","1","0","0","0","0","0","0","0",0,0,0,"0",0,0,0,0,0,0,0,0,0,0,0,0,0,0,"0",1,0,0,0,0,0,0,0,0,0,0,0,0,0,0,0,"1",0,0,0,"0",0,0,0,0,"0",0,0,0,0,0,0,0,0,0,0,0,0,0,0,0,"0","0","0","0","0","0","0","0","0","0","0","0","0","0","0","0","0","0","0","0","0","0","0","0","0","0","0","0","1","1","0","0","0","0","0","0","0","0","0","0","0","0","0","0","0","0","0","0","0","0","0","1","0","0","0","0","0","0","0","0","0","0","0","0","0","0","0","0","0","0","0","0","0","0","0","0","0","0","0","0","0","0","0","0","0","0","0","0","0","0","0","0","1","202105","202204","2062"
"0773646","530010","71615485","40124906000132","3","1","00000000000000","","","","0090","","0","E","","","04","","01","22","03","","99","","","","","","","","LICENCA DE FUNCIONAMENTO","20210319","1","","","","","","0","0","1","0","0","0","1","0","0","0","0","0","0","0",0,0,0,"0",0,0,0,0,0,0,0,0,0,0,0,0,0,0,"0",0,0,0,1,0,0,0,0,0,0,0,0,0,0,0,0,"1",0,0,0,"0",0,0,0,0,"0",0,0,0,0,0,0,0,0,0,0,0,0,0,0,0,"0","0","0","0","0","0","0","0","0","0","0","0","0","0","0","0","0","0","0","0","0","0","0","0","0","0","0","0","1","1","0","0","0","0","0","0","0","0","0","0","0","0","0","0","0","0","0","0","0","0","0","0","0","0","0","1","0","0","0","0","0","0","0","0","0","0","0","0","0","0","0","0","0","0","0","0","0","0","0","0","0","0","0","0","0","0","0","0","0","0","0","0","1","202105","202204","2062"
"0773875","530010","73026620","61585865189769","3","1","00000000000000","","","","","","0","E","","","04","","03","43","04","","99","","","","","","","","01147-09","20210316","2","","","","","","0","0","1","0","0","0","1","0","0","0","0","0","0","0",0,0,0,"0",0,0,0,0,0,0,0,0,0,0,0,0,0,0,"0",0,0,0,0,0,0,0,0,0,0,0,1,0,0,0,0,"1",0,0,0,"0",0,0,0,0,"0",0,0,0,0,0,0,0,0,0,0,0,0,0,0,0,"0","0","0","0","0","0","1","0","0","0","0","0","0","0","0","0","0","0","0","0","0","0","0","0","1","1","0","0","1","1","0","0","0","0","0","0","0","0","0","0","0","0","0","0","0","0","0","0","0","0","0","0","0","0","0","0","0","0","0","0","0","0","0","0","0","0","0","0","0","0","0","0","1","0","0","0","0","0","0","0","0","0","0","0","0","0","0","0","0","0","0","0","1","202107","202204","2046"
"0773905","530010","71250110","26843855000259","3","1","00000000000000","","","","","","0","E","","","04","","03","77","06","","99","","","","","","","","00077-10/2021","20210428","1","","","","","","0","0","1","0","0","0","1","0","0","0","0","0","0","0",0,0,0,"0",0,0,0,0,0,0,0,0,0,0,0,0,0,0,"0",0,0,0,0,0,0,0,0,0,0,0,0,0,0,0,0,"0",0,0,0,"0",0,0,0,0,"0",0,0,0,0,0,0,0,0,0,0,0,0,0,0,0,"0","0","0","0","0","0","0","0","0","0","0","0","0","0","0","0","0","0","0","0","0","0","0","0","0","0","0","0","1","1","0","0","0","0","0","0","0","0","0","0","0","0","0","0","0","0","0","0","0","0","0","1","0","0","0","0","0","0","0","0","0","0","0","0","0","0","0","0","0","0","0","0","0","0","0","0","0","0","0","0","0","0","0","0","0","0","0","0","0","0","0","0","1","202105","202204","2062"
"0774642","530010","73330003","08873437000141","3","1","00000000000000","","","","0120","","0","E","","","04","","01","36","04","","99","","","","","","","","RLE - LICENCIAMENTO","20191202","1","","","","","","0","0","1","0","0","0","1","0","0","0","0","0","0","0",0,0,0,"0",0,0,0,0,0,0,0,0,0,0,0,0,0,0,"0",0,3,0,0,0,0,0,0,0,0,0,0,0,0,0,0,"1",0,0,0,"0",0,0,0,0,"0",0,0,0,0,0,0,0,0,0,0,0,0,0,0,0,"0","0","1","0","0","0","0","0","0","0","0","0","0","0","0","0","0","0","0","0","0","0","0","0","1","0","0","0","1","1","1","0","0","0","0","0","0","0","0","0","0","0","1","0","0","0","0","0","0","0","0","1","0","0","0","1","0","0","0","0","0","0","0","0","0","0","0","0","0","0","0","0","0","0","0","0","0","0","0","0","0","0","0","0","0","0","0","0","0","0","0","0","1","202105","202204","2062"
"0775231","530010","72220280","41883004000142","3","1","00000000000000","","","","0040","","0","E","","","04","","01","36","03","","99","","","","","","","","RLE 0000001","20210525","1","","","","","","0","0","1","0","0","0","1","0","0","0","0","0","0","0",0,0,0,"0",0,0,0,0,0,0,0,0,0,0,0,0,0,0,"0",0,1,0,0,0,0,0,0,0,0,0,0,0,0,0,0,"1",0,0,0,"0",0,0,0,0,"0",0,0,0,0,0,0,0,0,0,0,0,0,0,0,0,"0","0","1","1","0","0","0","0","0","0","0","0","0","0","0","0","0","0","0","0","0","0","0","0","1","1","0","0","1","1","0","0","0","0","0","0","0","0","0","0","0","0","0","0","0","0","0","0","0","0","0","1","0","0","0","1","0","0","0","0","0","0","0","0","0","0","0","0","0","0","0","0","0","0","0","0","0","0","0","0","0","0","0","0","0","0","0","0","0","0","0","0","1","202203","202204","2240"
"0776114","530010","70390150","41664128000137","3","1","00000000000000","","","","","","0","E","","","04","","01","22","03","","99","","","","","","","","RLE","20210422","1","","","","","","0","0","1","0","0","0","1","0","0","0","0","0","0","0",0,0,0,"0",0,0,0,0,0,0,0,0,0,0,0,0,0,0,"0",0,0,0,0,0,0,0,0,2,0,0,0,0,0,0,0,"1",0,0,0,"0",0,0,0,0,"0",0,0,0,0,0,0,0,0,0,0,0,0,0,0,0,"0","0","0","0","0","0","0","0","0","0","0","0","0","0","0","0","0","0","0","0","0","0","0","0","0","0","0","0","1","1","0","0","0","0","0","0","0","0","0","0","0","0","0","0","0","0","0","0","0","0","0","1","0","0","0","1","0","0","0","0","0","0","0","0","0","0","0","0","0","0","0","0","0","0","0","0","0","0","0","0","0","0","0","0","0","0","0","0","0","0","0","0","1","202106","202204","2062"
"0776246","530010","70390145","14286444000140","3","1","00000000000000","","","","0015","","0","E","","","04","","01","36","03","","99","","","","","","","","RLE DIGITAL","20210119","1","","","","","","0","0","1","0","0","0","1","0","0","0","0","0","0","0",0,0,0,"0",0,0,0,0,0,0,0,0,0,0,0,0,0,0,"0",0,0,0,3,0,0,0,0,0,0,0,0,0,0,0,0,"1",0,0,0,"0",0,0,0,0,"0",0,0,0,0,0,0,0,0,0,0,0,0,0,0,0,"0","0","1","0","0","0","0","0","0","0","0","0","0","0","0","0","0","0","0","0","0","0","0","0","1","0","0","0","1","1","0","0","0","0","0","0","0","0","0","0","0","0","0","0","0","0","0","0","0","0","0","1","0","0","0","0","0","0","0","0","0","0","0","0","0","0","0","0","0","0","0","0","0","0","0","0","0","0","0","0","0","0","0","0","0","0","0","0","0","0","0","0","1","202111","202204","2062"
"0777153","530010","70200670","00649756000832","3","1","00000000000000","","","","0060","","0","E","","","04","","03","62","06","","99","","","","","","","","","20210524","1","","","","","","0","0","1","0","0","0","1","0","0","0","0","0","0","0",0,0,0,"0",0,0,0,0,0,0,0,0,0,0,0,0,0,6,"1",0,6,0,0,0,0,0,0,0,0,1,0,0,0,0,0,"1",0,0,1,"1",0,0,0,0,"0",0,0,1,0,1,0,0,0,0,0,0,0,0,0,0,"0","1","1","0","0","0","0","0","1","0","0","0","0","0","0","0","0","0","0","0","0","0","0","0","1","1","0","0","1","1","0","0","0","0","0","0","0","0","0","0","0","0","0","0","0","0","0","0","0","0","0","1","0","0","0","1","0","0","0","0","0","0","0","0","0","0","0","0","0","0","0","0","0","0","0","0","0","0","0","0","0","0","0","0","0","0","0","0","0","0","0","0","1","202112","202204","2062"
"0777331","530010","72215178","16706042000182","3","1","00000000000000","","","","0040","","0","E","","","04","","03","04","03","","99","001","29114","496421","","","","","EAS.00378-16","20210930","2","","","","","","0","0","1","0","0","0","1","0","0","0","0","0","0","0",0,0,0,"0",0,0,0,0,0,0,0,0,0,0,0,0,0,0,"0",0,1,0,5,0,0,0,1,2,0,1,1,0,0,0,0,"1",0,0,0,"0",0,0,0,0,"0",0,0,0,0,0,0,0,0,0,0,0,0,0,0,0,"0","0","0","1","0","0","0","0","0","0","0","0","0","0","0","0","0","0","0","0","0","0","0","0","1","1","1","0","1","1","0","0","0","0","0","0","0","0","0","0","0","0","0","0","0","0","0","0","0","0","0","1","0","0","1","1","0","0","0","0","0","0","0","0","0","0","0","0","0","0","0","0","0","0","0","0","0","0","0","0","0","0","0","0","0","0","0","0","0","0","0","0","1","202203","202204","2062"
"0778729","530010","70200760","38177223000100","3","1","00000000000000","","","","0015","","0","E","","","04","","03","22","03","","99","","","","","","","","EAS.20927-01","20210503","1","","","","","","0","0","1","0","0","0","1","0","0","0","0","0","0","0",0,0,0,"0",0,0,0,0,0,0,0,0,0,0,0,0,0,0,"0",0,1,0,0,0,0,0,0,0,0,0,0,0,0,0,0,"1",0,0,0,"0",0,0,0,0,"0",0,0,0,0,0,0,0,0,0,0,0,0,0,0,0,"0","0","1","0","0","0","0","0","0","0","0","0","0","0","0","0","0","0","0","0","0","0","0","0","1","0","0","0","1","1","0","0","0","0","0","0","0","0","0","0","0","0","0","0","0","0","0","0","0","0","0","0","0","0","0","1","0","0","0","0","0","0","0","0","0","0","0","0","0","0","0","0","0","0","0","0","0","0","0","0","0","0","0","0","0","0","0","0","0","0","0","0","1","202106","202204","2062"
"0782084","530010","70390055","41590824000146","3","1","00000000000000","","","","0015","","0","E","","","04","","03","75","04","","99","","","","","","","","","","","","","","","","0","0","1","0","0","0","1","0","0","0","0","0","0","0",0,0,0,"0",0,0,0,0,0,0,0,0,0,0,0,0,0,0,"0",0,0,0,0,0,0,0,0,0,0,0,0,0,0,0,0,"0",0,0,0,"0",0,0,0,0,"0",0,0,0,0,0,0,0,0,0,0,0,0,0,0,0,"0","0","1","0","0","0","0","0","0","0","0","0","0","0","0","0","0","0","0","0","0","0","0","0","1","0","0","0","1","1","0","0","0","0","0","0","0","0","0","0","0","0","0","0","0","0","0","0","0","0","0","1","0","0","0","1","1","0","0","0","0","0","0","0","0","0","0","0","0","0","0","0","0","0","0","0","0","0","0","0","0","0","0","0","0","0","0","0","0","0","0","0","1","202106","202204","2062"
"0782483","530010","70340908","34230130000132","3","1","00000000000000","","","","","","0","E","","","04","","01","22","03","","99","","","","","","","","RLE","20210531","1","","","","","","0","0","1","0","0","0","1","0","0","0","0","0","0","0",0,0,0,"0",0,0,0,0,0,0,0,0,0,0,0,0,0,0,"0",0,0,0,1,0,0,0,0,0,0,0,0,0,0,0,0,"1",0,0,0,"0",0,0,0,0,"0",0,0,0,0,0,0,0,0,0,0,0,0,0,0,0,"0","0","1","0","0","0","0","0","0","0","0","0","0","0","0","0","0","0","0","0","0","0","0","0","1","0","0","0","1","1","0","0","0","0","0","0","0","0","0","0","0","0","0","0","0","0","0","0","0","0","0","1","0","0","0","0","0","0","0","0","0","0","0","0","0","0","0","0","0","0","0","0","0","0","0","0","0","0","0","0","0","0","0","0","0","0","0","0","0","0","0","0","1","202106","202204","2062"
"0782548","530010","70390125","31851935000105","3","1","00000000000000","","","","0015","","0","E","","","04","","03","36","03","","99","","","","","","","","RLE","20210517","1","","","","","","0","0","1","0","0","0","1","0","0","0","0","0","0","0",0,0,0,"0",0,0,0,0,0,0,0,0,0,0,0,0,0,0,"0",0,0,0,1,0,0,0,0,0,0,0,0,0,0,0,0,"1",0,0,0,"0",0,0,0,0,"0",0,0,0,0,0,0,0,0,0,0,0,0,0,0,0,"0","0","0","1","0","0","0","0","0","0","0","0","0","0","0","0","0","0","0","0","0","0","0","0","1","0","0","0","1","1","0","0","0","0","0","0","0","0","0","0","0","0","0","0","0","0","0","0","0","0","0","1","0","0","0","1","0","0","0","0","0","0","0","0","0","0","0","0","0","0","0","0","0","0","0","0","0","0","0","0","0","0","0","0","0","0","0","0","0","0","0","0","1","202204","202204","2062"
"0782556","530010","70342530","41889642000170","3","1","00000000000000","","","","","","0","E","","","04","","03","22","03","","99","","","","","","","","CERTIFICADO LICENCIAMENTO","20210512","1","","","","","","0","0","1","0","0","0","1","0","0","0","0","0","0","0",0,0,0,"0",0,0,0,0,0,0,0,0,0,0,0,0,0,0,"0",1,0,0,1,0,0,0,0,0,0,0,0,0,0,0,0,"1",0,0,0,"0",0,0,0,0,"0",0,0,0,0,0,0,0,0,0,0,0,0,0,0,0,"0","0","0","0","0","0","0","0","0","0","0","0","0","0","0","0","0","0","0","0","0","0","0","0","0","0","0","0","1","1","0","0","0","0","0","0","0","0","0","0","0","0","0","0","0","0","0","0","0","0","0","1","0","0","1","1","0","0","0","0","0","0","0","0","0","0","0","0","0","0","0","0","0","0","0","0","0","0","0","0","0","0","0","0","0","0","0","0","0","0","0","0","1","202106","202204","2135"
"0783641","530010","70232530","08454601000267","3","1","00000000000000","","","","","","0","E","","","04","","03","36","03","","99","","","","","","","","RLE","20210315","1","","","","","","0","0","1","0","0","0","1","0","0","0","0","0","0","0",0,0,0,"0",0,0,0,0,0,0,0,0,0,0,0,0,0,0,"0",0,0,0,1,0,0,0,0,0,0,0,0,0,0,0,0,"1",0,0,0,"0",0,0,0,0,"0",0,0,0,0,0,0,0,0,0,0,0,0,0,0,0,"0","0","1","0","0","0","0","0","0","0","0","0","0","0","0","0","0","0","0","0","0","0","0","0","1","0","0","0","1","1","0","0","0","0","0","0","0","0","0","0","0","0","0","0","0","0","0","0","0","0","0","1","0","0","0","0","0","0","0","0","0","0","0","0","0","0","0","0","0","0","0","0","0","0","0","0","0","0","0","0","0","0","0","0","0","0","0","0","0","0","0","0","1","202106","202204","2062"
"0784508","530010","72015110","00001427724105","1","1","00000000000000","","","","0180","","0","E","","","04","","03","22","03","","99","","","","","","","","","","","","","","","","0","0","1","0","0","0","1","0","0","0","0","0","0","0",0,0,0,"0",0,0,0,0,0,0,0,0,0,0,0,0,0,0,"0",0,0,0,1,0,0,0,0,0,0,0,0,0,0,0,0,"1",0,0,0,"0",0,0,0,0,"0",0,0,0,0,0,0,0,0,0,0,0,0,0,0,0,"0","0","1","0","0","0","0","0","0","0","0","0","0","0","0","0","0","0","0","0","0","0","0","0","1","0","0","0","1","1","0","0","0","0","0","0","0","0","0","0","0","0","0","0","0","0","0","0","0","0","0","1","0","0","0","0","0","0","0","0","0","0","0","0","0","0","0","0","0","0","0","0","0","0","0","0","0","0","0","0","0","0","0","0","0","0","0","0","0","0","0","0","1","202106","202204","4000"
"0784834","530010","70340906","36202627000172","3","1","00000000000000","","","","0015","","0","E","","","04","","03","36","03","","99","","","","","","","","LICENCA","20200131","1","","","","","","0","0","1","0","0","0","1","0","0","0","0","0","0","0",0,0,0,"0",0,0,0,0,0,0,0,0,0,0,0,0,0,0,"0",2,0,0,0,0,0,0,0,0,0,0,0,0,0,0,0,"1",0,0,0,"0",0,0,0,0,"0",0,0,0,0,0,0,0,0,0,0,0,0,0,0,0,"0","0","0","1","0","0","0","0","0","0","0","0","0","0","0","0","0","0","0","0","0","0","0","0","1","0","0","0","1","1","0","0","0","0","0","0","0","0","0","0","0","0","0","0","0","0","0","0","0","0","0","1","0","0","0","0","0","0","0","0","0","0","0","0","0","0","0","0","0","0","0","0","0","0","0","0","0","0","0","0","0","0","0","0","0","0","0","0","0","0","0","0","1","202108","202204","2062"
"0785954","530010","70830302","30794425000180","3","1","00000000000000","","","","0005","","0","E","","","04","","01","36","03","","99","","","","","","","","CERTIFICADO DE LICENCIAME","20210308","1","","","","","","0","0","1","0","0","0","1","0","0","0","0","0","0","0",0,0,0,"0",0,0,0,0,0,0,0,0,0,0,0,0,0,0,"0",0,5,0,0,0,0,0,0,0,0,0,0,0,0,0,0,"1",0,0,0,"0",0,0,0,0,"0",0,0,0,0,0,0,0,0,0,0,0,0,0,0,0,"0","0","0","0","0","0","0","0","0","0","0","0","0","0","0","0","0","0","1","0","0","0","0","0","1","0","0","0","1","1","0","0","0","0","0","0","0","0","0","0","0","0","0","0","0","0","0","0","0","0","0","1","0","0","0","0","0","0","0","0","0","0","0","0","0","0","0","0","0","0","0","0","0","0","0","0","0","0","0","0","0","0","0","0","0","0","0","0","0","0","0","0","1","202111","202204","2305"
"0785997","530010","71950770","37502609000179","3","1","00000000000000","","","","","","0","E","","","04","","03","22","03","","99","","","","","","","","53202326172","20200717","1","","","","","","0","0","1","0","0","0","1","0","0","0","0","0","0","0",0,0,0,"0",0,0,0,0,0,0,0,0,0,0,0,0,0,0,"0",0,0,0,1,0,0,0,0,0,0,0,0,0,0,0,0,"1",0,0,0,"0",0,0,0,0,"0",0,0,0,0,0,0,0,0,0,0,0,0,0,0,0,"0","0","0","0","0","0","0","0","0","0","0","0","0","0","0","0","0","0","0","0","0","0","0","0","0","0","0","0","1","1","0","0","0","0","0","0","0","0","0","0","0","0","0","0","0","0","0","0","0","0","0","1","0","0","0","1","0","0","0","0","0","0","0","0","0","0","0","0","0","0","0","0","0","0","0","0","0","0","0","0","0","0","0","0","0","0","0","0","0","0","0","0","1","202106","202204","2062"
"0786918","530010","72705010","22912324000139","3","1","00000000000000","","","","","","0","E","","","04","","01","36","03","","99","","","","","","","","ALVARA DE FUNCIONAMENTO","20200115","1","","","","","","0","0","1","0","0","0","1","0","0","0","0","0","0","0",0,0,0,"0",0,0,0,0,0,0,0,0,0,0,0,0,0,0,"0",0,2,0,0,0,0,0,0,0,0,0,0,0,0,0,0,"1",0,0,0,"0",0,0,0,0,"0",0,0,0,0,0,0,0,0,0,0,0,0,0,0,0,"0","0","1","0","0","0","0","0","0","0","0","0","0","0","0","0","0","0","0","0","0","0","0","0","1","1","0","0","1","1","0","0","0","0","0","0","0","0","0","0","0","0","0","0","0","0","0","0","0","0","0","1","0","0","0","0","0","0","0","0","0","0","0","0","0","0","0","0","0","0","0","0","0","0","0","0","0","0","0","0","0","0","0","0","0","0","0","0","0","0","0","0","1","202106","202204","2062"
"0787035","530010","73105903","61585865239537","3","1","00000000000000","","","","","","0","E","","","04","","03","43","04","","99","","","","","","","","FAR-01210-09","20210316","1","","","","","","0","0","1","0","0","0","1","0","0","0","0","0","0","0",0,0,0,"0",0,0,0,0,0,0,0,0,0,0,0,0,0,0,"0",0,0,0,0,0,0,0,0,0,0,0,1,0,0,0,0,"1",0,0,0,"0",0,0,0,0,"0",0,0,0,0,0,0,0,0,0,0,0,0,0,0,0,"0","0","0","0","0","0","1","0","0","0","0","0","0","0","0","0","0","0","0","0","0","0","0","0","1","1","0","0","1","1","0","0","0","0","0","0","0","0","0","0","0","0","0","0","0","0","0","0","0","0","0","1","0","0","0","0","0","0","0","0","0","0","0","0","0","0","0","0","0","0","0","0","0","0","0","0","0","0","0","0","0","0","0","0","0","0","0","0","0","0","0","0","1","202106","202204","2046"
"0788740","530010","70200610","20723678000100","3","1","00000000000000","","","","","","0","E","","","04","","03","22","03","","99","","","","","","","","EAS.20585/2021","20210607","1","","","","","","0","0","1","0","0","0","1","0","0","0","0","0","0","0",0,0,0,"0",0,0,0,0,0,0,0,0,0,0,0,0,0,0,"0",1,0,0,0,0,0,0,0,0,0,0,0,0,0,0,0,"1",0,0,0,"0",0,0,0,0,"0",0,0,0,0,0,0,0,0,0,0,0,0,0,0,0,"0","0","1","0","0","0","0","0","0","0","0","0","0","0","0","0","0","0","0","0","0","0","0","0","1","0","0","0","1","1","0","0","0","0","0","0","0","0","0","0","0","0","0","0","0","0","0","0","0","0","0","1","0","0","0","1","0","0","0","0","0","0","0","0","0","0","0","0","0","0","0","0","0","0","0","0","0","0","0","0","0","0","0","0","0","0","0","0","0","0","0","0","1","202106","202204","2062"
"0792071","530010","70326900","36327174000100","3","1","00000000000000","","","","0015","","0","E","","","04","","01","22","03","","99","","","","","","","","RLE DIGITAL","20200212","1","","","","","","0","0","1","0","0","0","1","0","0","0","0","0","0","0",0,0,0,"0",0,0,0,0,0,0,0,0,0,0,0,0,0,0,"0",0,0,0,1,0,0,0,0,0,0,0,0,0,0,0,0,"1",0,0,0,"0",0,0,0,0,"0",0,0,0,0,0,0,0,0,0,0,0,0,0,0,0,"0","0","1","0","0","0","0","0","0","0","0","0","0","0","0","0","0","0","0","0","0","0","0","0","1","0","0","0","1","1","0","0","0","0","0","0","0","0","0","0","0","0","0","0","0","0","0","0","0","0","0","1","0","0","0","1","0","0","0","0","0","0","0","0","0","0","0","0","0","0","0","0","0","0","0","0","0","0","0","0","0","0","0","0","0","0","0","0","0","0","0","0","1","202106","202204","2305"
"0792128","530010","70719903","03310099000116","3","1","00000000000000","","","","0005","","0","E","","","04","","01","22","03","","99","","","","","","","","ODO-00368-02","20191010","1","","","","","","0","0","1","0","0","0","1","0","0","0","0","0","0","0",0,0,0,"0",0,0,0,0,0,0,0,0,0,0,0,0,0,0,"0",0,0,0,0,0,0,0,0,1,0,0,0,0,0,0,0,"1",0,0,0,"0",0,0,0,0,"0",0,0,0,0,0,0,0,0,0,0,0,0,0,0,0,"0","0","1","0","0","0","0","0","0","0","0","0","0","0","0","0","0","0","0","0","0","0","0","0","1","1","1","0","1","1","0","0","0","0","0","0","0","0","0","0","0","0","0","0","0","0","0","0","0","0","0","1","0","0","0","1","0","0","0","0","0","0","0","0","0","0","0","0","0","0","0","0","0","0","0","0","0","0","0","0","0","0","0","0","0","0","0","0","0","0","0","0","1","202106","202204","2062"
"0792152","530010","70390150","41880201000108","3","1","00000000000000","","","","","","0","E","","","04","","01","36","03","","99","","","","","","","","","20210531","1","","","","","","0","0","1","0","0","0","1","0","0","0","0","0","0","0",0,0,0,"0",0,0,0,0,0,0,0,0,0,0,0,0,0,0,"0",0,0,0,3,0,0,0,0,0,0,0,0,0,0,0,0,"1",0,0,0,"0",0,0,0,0,"0",0,0,0,0,0,0,0,0,0,0,0,0,0,0,0,"0","0","1","0","0","0","0","0","0","0","0","0","0","0","0","0","0","0","0","0","0","0","0","0","1","0","0","0","1","1","0","0","0","0","0","0","0","0","0","0","0","0","0","0","0","0","0","0","0","0","0","1","0","0","0","0","0","0","0","0","0","0","0","0","0","0","0","0","0","0","0","0","0","0","0","0","0","0","0","0","0","0","0","0","0","0","0","0","0","0","0","0","1","202106","202204","2062"
"0792764","530010","70070941","37441410000188","3","1","00000000000000","","","","","","0","E","","","04","","03","22","03","","99","","","","","","","","53600392311","20210404","1","","","","","","0","0","1","0","0","0","1","0","0","0","0","0","0","0",0,0,0,"0",0,0,0,0,0,0,0,0,0,0,0,0,0,0,"0",0,0,0,0,0,0,0,0,1,0,0,0,0,0,0,0,"1",0,0,0,"0",0,0,0,0,"0",0,0,0,0,0,0,0,0,0,0,0,0,0,0,0,"0","0","1","0","0","0","0","0","0","0","0","0","0","0","0","0","0","0","0","0","0","0","0","0","1","1","0","0","1","1","0","0","0","0","0","0","0","0","0","0","0","0","0","0","0","0","0","0","0","0","0","1","0","0","0","1","0","0","0","0","0","0","0","0","0","0","0","0","0","0","0","0","0","0","0","0","0","0","0","0","0","0","0","0","0","0","0","0","0","0","0","0","1","202106","202204","2062"
"0792861","530010","72025300","08206851000105","3","1","00000000000000","","","","0180","","0","E","","","04","","01","36","03","","99","","","","","","","","RLE 00000","20210601","1","","","","","","0","0","1","0","0","0","1","0","0","0","0","0","0","0",0,0,0,"0",0,0,0,0,0,0,0,0,0,0,0,0,0,2,"1",0,4,0,0,0,0,0,0,0,0,0,0,0,0,0,0,"1",0,0,0,"0",0,0,0,0,"0",0,0,0,0,0,0,0,0,0,0,0,0,0,0,0,"0","0","1","1","0","0","0","0","0","0","0","0","0","0","0","0","0","0","0","0","0","0","0","0","1","1","0","0","1","1","0","0","0","0","0","0","0","0","0","0","0","0","0","0","0","0","0","0","0","0","0","1","0","0","0","1","0","0","0","0","0","0","0","0","0","0","0","0","0","0","0","0","0","0","0","0","0","0","0","0","0","0","0","0","0","0","0","0","0","0","0","0","1","202112","202204","2232"
"0793469","530010","71571033","30841070000133","3","1","00000000000000","","","","","","0","E","","","04","","01","22","03","","99","","","","","","","","","20210101","1","","","","","","0","0","1","0","0","0","1","0","0","0","0","0","0","0",0,0,0,"0",0,0,0,0,0,0,0,0,0,0,0,0,0,0,"0",0,0,0,1,0,0,0,0,0,0,0,0,0,0,0,0,"1",0,0,0,"0",0,0,0,0,"0",0,0,0,0,0,0,0,0,0,0,0,0,0,0,0,"0","0","1","0","0","0","0","0","0","0","0","0","0","0","0","0","0","0","0","0","0","0","0","0","1","0","0","0","1","1","0","0","0","0","0","0","0","0","0","0","0","0","0","0","0","0","0","0","0","0","0","1","0","0","0","0","0","0","0","0","0","0","0","0","0","0","0","0","0","0","0","0","0","0","0","0","0","0","0","0","0","0","0","0","0","0","0","0","0","0","0","0","1","202106","202204","2135"
"0793639","530010","72115700","39470949000190","3","1","00000000000000","","","","","","0","E","","","04","","02","36","04","","99","","","","","","","","","","","","","","","","0","0","1","0","0","0","1","0","0","0","0","0","0","0",0,0,0,"0",0,0,0,0,0,0,0,0,0,0,0,0,0,0,"0",1,0,0,2,0,0,0,0,0,0,0,0,0,0,0,0,"1",0,0,0,"0",0,0,0,0,"0",0,0,0,0,0,0,0,0,0,0,0,0,0,0,0,"0","0","1","0","0","0","0","0","0","0","0","0","0","0","0","0","0","0","0","0","0","0","0","0","1","0","0","0","1","1","0","0","0","0","0","0","0","0","0","0","0","0","0","0","0","0","0","0","0","0","0","1","0","0","1","1","0","0","0","0","0","0","0","0","0","0","0","0","0","0","0","0","0","0","0","0","0","0","0","0","0","0","0","0","0","0","0","0","0","0","0","0","1","202106","202204","2305"
"0794007","530010","70711905","38483066000152","3","1","00000000000000","","","","","","0","E","","","04","","03","36","04","","99","","","","","","","","53202357698","20210607","1","","","","","","0","0","1","0","0","0","1","0","0","0","0","0","0","0",0,0,0,"0",0,0,0,0,0,0,0,0,0,0,0,0,0,0,"0",0,0,0,3,0,0,0,0,0,0,0,0,0,0,0,0,"1",0,0,0,"0",0,0,0,0,"0",0,0,0,0,0,0,0,0,0,0,0,0,0,0,0,"0","0","1","0","0","0","0","0","0","0","0","0","0","0","0","0","0","0","0","1","0","0","0","0","1","1","0","0","1","1","0","0","0","0","0","0","0","0","0","0","0","0","0","0","0","0","0","0","0","0","0","1","0","0","0","1","0","0","0","0","0","0","0","0","0","0","0","0","0","0","0","0","0","0","0","0","0","0","0","0","0","0","0","0","0","0","0","0","0","0","0","0","1","202106","202204","2062"
"0794031","530010","70200700","33736712000122","3","1","00000000000000","","","","","","0","E","","","04","","03","22","03","","99","","","","","","","","ODO 01807-01","20210419","1","","","","","","0","0","1","0","0","0","1","0","0","0","0","0","0","0",0,0,0,"0",0,0,0,0,0,0,0,0,0,0,0,0,0,0,"0",0,0,0,1,0,0,0,0,0,0,0,0,0,0,0,0,"1",0,0,0,"0",0,0,0,0,"0",0,0,0,0,0,0,0,0,0,0,0,0,0,0,0,"0","0","1","0","0","0","0","0","0","0","0","0","0","0","0","0","0","0","0","0","0","0","0","0","1","1","0","0","1","1","0","0","0","0","0","0","0","0","0","0","0","0","0","0","0","0","0","0","0","0","0","1","0","0","0","1","0","0","0","0","0","0","0","0","0","0","0","0","0","0","0","0","0","0","0","0","0","0","0","0","0","0","0","0","0","0","0","0","0","0","0","0","1","202106","202204","2305"
"0796484","530010","70710100","29207368000107","3","1","00000000000000","","","","0005","","0","E","","","04","","03","36","03","","99","","","","","","","","EAS.00814-02/2021","20210614","1","","","","","","0","0","1","0","0","0","1","0","0","0","0","0","0","0",0,0,0,"0",0,0,0,0,0,0,0,0,0,0,0,0,0,0,"0",0,2,0,0,0,0,0,0,0,0,0,0,0,0,0,0,"1",0,0,0,"0",0,0,0,0,"0",0,0,0,0,0,0,0,0,0,0,0,0,0,0,0,"0","0","1","0","0","0","0","0","0","0","0","0","0","0","0","0","0","0","0","0","0","0","0","0","1","1","0","0","1","1","0","0","0","0","0","0","0","0","0","0","0","0","0","0","0","0","0","0","0","0","0","1","0","0","0","0","0","0","0","0","0","0","0","0","0","0","0","0","0","0","0","0","0","0","0","0","0","0","0","0","0","0","0","0","0","0","0","0","0","0","0","0","1","202106","202204","2062"
"0796913","530010","71680117","61486650112062","3","1","00000000000000","","","","","","0","E","","","04","","03","39","03","","99","","","","","","","","LAB 486-03","20200526","1","","","","","","0","0","1","0","0","0","1","0","0","0","0","0","0","0",0,0,0,"0",0,0,0,0,0,0,0,0,0,0,0,0,0,0,"0",0,0,0,0,0,0,0,0,0,0,0,1,0,0,0,0,"1",0,0,0,"0",0,0,0,0,"0",0,0,0,0,0,0,0,0,0,0,0,0,0,0,0,"0","0","0","0","0","0","0","0","0","0","0","0","0","0","0","0","0","0","0","1","0","0","0","0","1","1","0","0","1","1","0","0","0","0","0","0","0","0","0","0","0","0","0","0","0","0","0","0","0","0","0","0","0","0","0","0","0","0","1","0","0","0","1","0","0","0","0","0","0","0","0","0","0","0","0","0","0","0","0","0","0","0","0","0","0","0","0","0","0","0","0","0","1","202106","202204","2046"
"0797081","530010","70380525","40347986000195","3","1","00000000000000","","","","0015","","0","E","","","04","","03","22","04","","99","","","","","","","","9313-1/00","20210317","1","","","","","","0","0","1","0","1","0","1","0","0","0","0","0","0","0",0,0,0,"0",0,0,0,0,0,0,0,0,0,0,0,0,0,0,"0",0,0,0,1,0,0,0,0,0,0,0,0,0,0,0,0,"1",0,0,0,"0",0,0,0,0,"0",0,0,0,0,0,0,0,0,0,0,0,0,0,0,0,"0","0","0","0","1","0","0","0","0","0","0","0","0","0","0","0","0","0","0","0","0","0","0","0","1","0","0","0","1","1","0","0","0","0","0","0","0","0","0","0","0","0","0","0","0","0","0","0","0","0","0","1","0","0","0","0","0","0","0","0","0","0","0","0","0","0","0","0","0","0","0","0","0","0","0","0","0","0","0","0","0","0","0","0","0","0","0","0","0","0","0","0","1","202106","202204","2062"
"0797138","530010","72006080","18824134000605","3","1","00000000000000","","","","9934","","0","E","","","04","","03","43","04","","99","","","","","","","","LICENCA SANITARIA","20210202","1","","","","","","0","0","1","0","0","0","1","0","0","0","0","0","0","0",0,0,0,"0",0,0,0,0,0,0,0,0,0,0,0,0,0,0,"0",0,0,0,1,0,0,0,0,0,0,0,0,0,0,0,0,"1",0,0,0,"0",0,0,0,0,"0",0,0,0,0,0,0,0,0,0,0,0,0,0,0,0,"0","0","0","0","0","0","0","0","0","0","0","0","0","0","0","0","0","0","0","0","0","0","0","0","0","1","0","0","1","1","0","0","0","0","0","0","0","0","0","0","0","0","0","0","0","0","0","0","0","0","0","0","0","0","0","0","0","0","0","0","0","0","0","0","0","0","0","0","0","0","0","0","1","0","0","0","0","0","0","0","0","0","0","0","0","0","0","0","0","0","0","0","1","202106","202204","2062"
"0797146","530010","70390135","32310418000191","3","1","00000000000000","","","","","","0","E","","","04","","03","05","04","","99","","","","","","","","53202209958","20210325","1","","","","","","0","0","1","0","0","0","1","0","0","1","0","0","0","1",0,10,10,"1",0,0,0,0,0,0,0,0,0,0,0,0,0,3,"1",3,7,0,2,0,0,0,0,0,0,0,0,0,0,0,0,"1",2,2,0,"1",0,0,0,0,"0",0,0,0,0,1,0,0,0,0,0,0,0,0,0,0,"0","1","1","0","0","0","1","0","1","0","0","0","0","0","0","0","1","0","0","1","1","0","0","0","1","1","1","0","1","1","0","0","0","0","0","0","0","0","0","0","0","0","0","0","1","0","0","0","0","0","0","1","0","0","0","1","0","0","1","0","0","0","0","0","0","1","0","0","0","0","0","0","0","0","0","0","0","0","0","0","0","0","0","0","0","0","0","0","0","0","0","0","1","202106","202204","2062"
"0797405","530010","71904540","28889476000144","3","1","00000000000000","","","","","","0","E","","","04","","03","36","03","","99","","","","","","","","53600248171","20180201","1","","","","","","0","0","1","0","0","0","1","0","0","0","0","0","0","0",0,0,0,"0",0,0,0,0,0,0,0,0,0,0,0,0,0,0,"0",0,0,0,3,0,0,0,0,0,0,0,0,0,0,0,0,"1",0,0,0,"0",0,0,0,0,"0",0,0,0,0,0,0,0,0,0,0,0,0,0,0,0,"0","0","1","0","0","0","0","0","0","0","0","0","0","0","0","0","0","0","0","1","0","0","0","0","1","1","0","0","1","1","0","0","0","0","0","0","0","0","0","0","0","0","0","0","0","0","0","0","0","0","0","1","0","0","0","1","0","0","0","0","0","0","0","0","0","0","0","0","0","0","0","0","0","0","0","0","0","0","0","0","0","0","0","0","0","0","0","0","0","0","0","0","1","202106","202204","2305"
"0797448","530010","70077900","14238868000139","3","1","00000000000000","","","","","","0","E","","","04","","01","22","03","","99","","","","","","","","RLE DIGITAL","20210506","","","","","","","0","0","1","0","0","0","1","0","0","0","0","0","0","0",0,0,0,"0",0,0,0,0,0,0,0,0,0,0,0,0,0,0,"0",0,0,0,0,0,0,0,0,1,0,0,0,0,0,0,0,"1",0,0,0,"0",0,0,0,0,"0",0,0,0,0,0,0,0,0,0,0,0,0,0,0,0,"0","0","1","0","0","0","0","0","0","0","0","0","0","0","0","0","0","0","0","0","0","0","0","0","1","0","0","0","1","1","0","0","0","0","0","0","0","0","0","0","0","0","0","0","0","0","0","0","0","0","0","1","0","0","0","1","0","0","0","0","0","0","0","0","0","0","0","0","0","0","0","0","0","0","0","0","0","0","0","0","0","0","0","0","0","0","0","0","0","0","0","0","1","202106","202204","2305"
"0799084","530010","70200740","35417034000160","3","1","00000000000000","","","","0015","","0","E","","","04","","03","36","04","","99","","","","","","","","EAS - 20943-01","20210616","1","","","","","","0","0","1","0","0","0","1","0","0","0","0","0","0","0",0,0,0,"0",0,0,0,0,0,0,0,0,0,0,0,0,0,0,"0",0,1,0,1,0,0,0,0,0,0,0,0,0,0,0,0,"1",0,0,0,"0",0,0,0,0,"0",0,0,0,0,0,0,0,0,0,0,0,0,0,0,0,"0","0","1","0","0","0","0","0","0","0","0","0","0","0","0","0","0","0","0","0","0","0","0","0","1","1","0","0","1","1","0","0","0","0","0","0","0","0","0","0","0","0","0","0","0","0","0","0","0","0","0","1","0","0","0","1","0","0","0","0","0","0","0","0","0","0","0","0","0","0","0","0","0","0","0","0","0","0","0","0","0","0","0","0","0","0","0","0","0","0","0","0","1","202106","202204","2062"
"0799122","530010","70200730","33074270000104","3","1","00000000000000","","","","","","0","E","","","03","","03","22","03","","99","","","","","","","","53202223784","20210318","1","","","","","","0","0","1","0","0","0","1","0","0","0","0","0","0","0",0,0,0,"0",0,0,0,0,0,0,0,0,0,0,0,0,0,0,"0",0,1,0,0,0,0,0,0,0,0,0,0,0,0,0,0,"1",0,0,0,"0",0,0,0,0,"0",0,0,0,0,0,0,0,0,0,0,0,0,0,0,0,"0","0","1","0","0","0","0","0","0","0","0","0","0","0","0","0","0","0","0","0","0","0","0","0","1","0","0","0","1","1","0","0","0","0","0","0","0","0","0","0","0","0","0","0","0","0","0","0","0","0","0","1","0","0","0","1","0","0","0","0","0","0","0","0","0","0","0","0","0","0","0","0","0","0","0","0","0","0","0","0","0","0","0","0","0","0","0","0","0","0","0","0","1","202106","202204","2062"
"0800945","530010","70340907","41885116000132","3","1","00000000000000","","","","","","0","E","","","04","","01","22","03","","99","","","","","","","","DFP2100072579","20210607","1","","","","","","0","0","1","0","0","0","1","0","0","0","0","0","0","0",0,0,0,"0",0,0,0,0,0,0,0,0,0,0,0,0,0,0,"0",0,0,0,1,0,0,0,0,0,0,0,0,0,0,0,0,"1",0,0,0,"0",0,0,0,0,"0",0,0,0,0,0,0,0,0,0,0,0,0,0,0,0,"0","0","0","0","0","0","0","0","0","0","0","0","0","0","0","0","0","0","0","0","0","0","0","0","0","0","0","0","1","1","0","0","0","0","0","0","0","0","0","0","0","0","0","0","0","0","0","0","0","0","0","1","0","0","0","0","0","0","0","0","0","0","0","0","0","0","0","0","0","0","0","0","0","0","0","0","0","0","0","0","0","0","0","0","0","0","0","0","0","0","0","0","1","202107","202204","2062"
"0800996","530010","70390150","40983714000181","3","1","00000000000000","","","","0015","","0","E","","","04","","01","22","04","","99","","","","","","","","53202418948","20210225","1","","","","","","0","0","1","0","0","0","1","0","0","0","0","0","0","0",0,0,0,"0",0,0,0,0,0,0,0,0,0,0,0,0,0,0,"0",0,0,0,1,0,0,0,0,0,0,0,0,0,0,0,0,"1",0,0,0,"0",0,0,0,0,"0",0,0,0,0,0,0,0,0,0,0,0,0,0,0,0,"0","0","0","1","0","0","0","0","0","0","0","0","0","0","0","0","0","0","0","0","0","0","0","0","1","0","0","0","1","1","0","0","0","0","0","0","0","0","0","0","0","0","0","0","0","0","0","0","0","0","0","1","0","0","0","0","0","0","0","0","0","0","0","0","0","0","0","0","0","0","0","0","0","0","0","0","0","0","0","0","0","0","0","0","0","0","0","0","0","0","0","0","1","202106","202204","2062"
"0802042","530010","72015110","40602421000107","3","1","00000000000000","","","","0180","","0","E","","","04","","03","36","03","","99","","","","","","","","53202407083","20210128","1","","","","","","0","0","1","0","0","0","1","0","0","0","0","0","0","0",0,0,0,"0",0,0,0,0,0,0,0,0,0,0,0,0,0,0,"0",0,0,0,2,0,0,0,0,0,0,0,0,0,0,0,0,"1",0,0,0,"0",0,0,0,0,"0",0,0,0,0,0,0,0,0,0,0,0,0,0,0,0,"0","0","0","1","0","0","0","0","0","0","0","0","0","0","0","0","0","0","0","0","0","0","0","0","1","0","0","0","1","1","0","0","0","0","0","0","0","0","0","0","0","0","0","0","0","0","0","0","0","0","0","1","0","0","1","1","0","0","0","0","0","0","0","0","0","0","0","0","0","0","0","0","0","0","0","0","0","0","0","0","0","0","0","0","0","0","0","0","0","0","0","0","1","202106","202204","2062"
"0802182","530010","70770100","41814808000190","3","1","00000000000000","","","","0005","","0","E","","","04","","03","36","04","","99","","","","","","","","DFP2100075308","20210504","1","","","","","","0","0","1","0","0","0","1","0","0","0","0","0","0","0",0,0,0,"0",0,0,0,0,0,0,0,0,0,0,0,0,0,0,"0",0,1,0,0,0,0,0,0,0,0,0,0,0,0,0,0,"1",0,0,0,"0",0,0,0,0,"0",0,0,0,0,0,0,0,0,0,0,0,0,0,0,0,"0","0","0","0","0","0","0","0","0","0","0","0","0","0","0","0","0","0","1","0","0","0","0","0","1","1","0","0","1","1","0","0","0","0","0","0","0","0","0","0","0","0","0","0","0","0","0","0","0","0","0","1","0","0","0","1","0","0","0","0","0","0","0","0","0","0","0","0","0","0","0","0","0","0","0","0","0","0","0","0","0","0","0","0","0","0","0","0","0","0","0","0","1","202112","202204","2062"
"0803189","530010","73005506","39466869000161","3","1","00000000000000","","","","0170","","0","E","","","04","","03","36","03","","99","","","","","","","","LAB 001528-1","20210111","","","","","","","0","0","0","0","1","0","1","0","0","0","0","0","0","0",0,0,0,"0",0,0,0,0,0,0,0,0,0,0,0,0,0,0,"0",0,3,0,3,0,0,0,0,0,0,0,0,0,0,0,0,"1",0,0,0,"0",0,0,0,0,"0",0,0,0,0,0,0,0,0,0,0,0,0,0,0,0,"0","0","1","0","0","0","0","0","0","0","0","0","0","0","0","0","0","0","0","0","0","0","0","0","1","1","0","0","1","1","0","0","0","0","0","0","0","0","0","0","0","0","0","0","0","0","0","0","0","0","0","0","0","0","0","0","0","0","1","0","0","1","1","0","0","0","0","0","0","0","0","0","0","0","0","0","0","0","0","0","0","0","0","0","0","0","0","0","0","0","0","0","1","202106","202204","2062"
"0804150","530010","72145450","41073612000191","3","1","00000000000000","","","","","","0","E","","","04","","03","22","04","","99","","","","","","","","","","","","","","","","0","0","1","0","0","0","1","0","0","0","0","0","0","0",0,0,0,"0",0,0,0,0,0,0,0,0,0,0,0,0,0,0,"0",0,0,0,1,0,0,0,0,0,0,0,0,0,0,0,0,"1",0,0,0,"0",0,0,0,0,"0",0,0,0,0,0,0,0,0,0,0,0,0,0,0,0,"0","0","0","0","0","0","0","0","0","0","0","0","0","0","0","0","0","0","0","0","0","0","0","0","0","0","0","0","1","1","0","0","0","0","0","0","0","0","0","0","0","0","0","0","0","0","0","0","0","0","0","0","0","0","0","1","0","0","0","0","0","0","0","0","0","0","0","0","0","0","0","0","0","0","0","0","0","0","0","0","0","0","0","0","0","0","0","0","0","0","0","0","1","202106","202204","2062"
"0804223","530010","71805547","06626253115803","3","1","00000000000000","","","","0135","","0","E","","","04","","01","43","04","","99","","","","","","","","","","","","","","","","0","0","1","0","0","0","1","0","0","0","0","0","0","0",0,0,0,"0",0,0,0,0,0,0,0,0,0,0,0,0,0,0,"0",0,0,0,0,0,0,0,0,0,0,0,1,0,0,0,0,"1",0,0,0,"0",0,0,0,0,"0",0,0,0,0,0,0,0,0,0,0,0,0,0,0,0,"0","0","0","0","0","0","1","0","0","0","0","0","0","0","0","0","0","0","0","0","0","0","0","0","1","1","1","0","1","1","0","0","0","0","0","0","0","0","0","0","0","0","0","0","0","0","0","0","0","0","0","1","0","0","0","0","0","0","0","0","0","0","0","0","0","0","0","0","0","0","0","0","0","0","0","0","0","0","0","0","0","0","0","0","0","0","0","0","0","0","0","0","1","202107","202204","2046"
"0804274","530010","72120470","38142167000160","3","1","00000000000000","","","","","","0","E","","","04","","01","04","04","","99","","","","","","","","LICENCA SANITARIA","20210602","1","","","","","","0","0","1","0","0","0","1","0","0","0","0","0","0","0",0,0,0,"0",0,0,0,0,0,0,0,0,0,0,0,0,0,0,"0",1,1,0,1,0,0,0,0,0,0,0,0,0,0,0,0,"1",0,0,0,"0",0,0,0,0,"0",0,0,0,0,0,0,0,0,0,0,0,0,0,0,0,"0","0","0","1","0","0","0","0","0","0","0","0","0","0","0","0","0","0","0","0","0","0","0","0","1","0","0","0","1","1","0","0","0","0","0","0","0","0","0","0","0","0","0","0","0","0","0","0","0","0","0","1","0","0","0","0","0","0","0","0","0","0","0","0","0","0","0","0","0","0","0","0","0","0","0","0","0","0","0","0","0","0","0","0","0","0","0","0","0","0","0","0","1","202106","202204","2062"
"0804282","530010","71692035","38316650000113","3","1","00000000000000","","","","0160","","0","E","","","04","","03","36","04","","99","","","","","","","","53202447441","20210518","1","","","","","","0","0","1","0","0","0","1","0","0","0","0","0","0","0",0,0,0,"0",0,0,0,0,0,0,0,0,0,0,0,0,0,0,"0",0,0,0,1,0,0,0,0,0,0,0,0,0,0,0,0,"1",0,0,0,"0",0,0,0,0,"0",0,0,0,0,0,0,0,0,0,0,0,0,0,0,0,"0","0","1","0","0","0","0","0","0","0","0","0","0","0","0","0","0","0","0","0","0","0","0","0","1","0","0","0","1","1","0","0","0","0","0","0","0","0","0","0","0","0","0","0","0","0","0","0","0","0","0","0","0","0","0","1","0","0","0","0","0","0","0","0","0","0","0","0","0","0","0","0","0","0","0","0","0","0","0","0","0","0","0","0","0","0","0","0","0","0","0","0","1","202111","202204","2062"
"0805017","530010","72115700","24996044000181","3","1","00000000000000","","","","0180","","0","E","","","04","","03","22","03","","99","","","","","","","","","20200221","1","","","","","","0","0","1","0","0","0","1","0","0","0","0","0","0","0",0,0,0,"0",0,0,0,0,0,0,0,0,0,0,0,0,0,0,"0",0,1,0,0,0,0,0,0,0,0,0,0,0,0,0,0,"1",0,0,0,"0",0,0,0,0,"0",0,0,0,0,0,0,0,0,0,0,0,0,0,0,0,"0","0","1","0","0","0","0","0","0","0","0","0","0","0","0","0","0","0","0","0","0","0","0","0","1","0","0","0","1","1","0","0","0","0","0","0","0","0","0","0","0","0","0","0","0","0","0","0","0","0","0","0","0","0","0","1","0","0","0","0","0","0","0","0","0","0","0","0","0","0","0","0","0","0","0","0","0","0","0","0","0","0","0","0","0","0","0","0","0","0","0","0","1","202106","202204","2135"
"0805084","530010","70632100","12052473000111","3","1","00000000000000","","","","","","0","E","","","04","","03","77","06","","99","","","","","","","","EAS.00064-07","20210302","1","","","","","","0","0","1","0","0","0","1","0","0","0","0","0","0","0",0,0,0,"0",0,0,0,0,0,0,0,0,0,0,0,0,0,0,"0",0,0,0,0,0,0,0,0,0,0,0,0,0,0,0,0,"0",0,0,0,"0",0,0,0,0,"0",0,0,0,0,0,0,0,0,0,0,0,0,0,0,0,"0","0","1","0","0","0","0","1","0","0","0","0","0","0","0","0","0","0","0","1","0","1","0","0","1","1","0","0","1","1","0","0","0","0","0","0","0","0","0","0","0","0","0","0","0","0","0","0","0","0","0","1","0","0","0","0","0","0","0","0","0","0","0","0","0","0","0","0","0","0","0","0","0","0","0","0","0","0","0","0","0","0","0","0","0","0","0","0","0","0","0","0","1","202111","202204","2062"
"0805335","530010","71691153","41644644000108","3","1","00000000000000","","","","0160","","0","E","","","04","","01","22","03","","99","","","","","","","","LICENCA SANITARIA","20210420","1","","","","","","0","0","1","0","0","0","1","0","0","0","0","0","0","0",0,0,0,"0",0,0,0,0,0,0,0,0,0,0,0,0,0,0,"0",0,0,0,0,0,0,0,0,3,0,0,0,0,0,0,0,"1",0,0,0,"0",0,0,0,0,"0",0,0,0,0,0,0,0,0,0,0,0,0,0,0,0,"0","0","1","0","0","0","0","0","0","0","0","0","0","0","0","0","0","0","0","0","0","0","0","0","1","1","0","0","1","1","0","0","0","0","0","0","0","0","0","0","0","0","0","0","0","0","0","0","0","0","0","1","0","0","0","0","0","0","0","0","0","0","0","0","0","0","0","0","0","0","0","0","0","0","0","0","0","0","0","0","0","0","0","0","0","0","0","0","0","0","0","0","1","202106","202204","2062"
"0807826","530010","71927540","00520237000799","3","1","00000000000000","","","","9901","","0","E","","","04","","01","36","03","","99","","","","","","","","RLE DF 00394999-2","20210602","1","","","","","","0","0","1","0","0","0","1","0","0","0","0","0","0","0",0,0,0,"0",0,0,0,0,0,0,0,0,0,0,0,0,0,0,"0",0,3,0,0,0,0,0,0,0,0,0,0,0,0,0,0,"1",0,0,0,"0",0,0,0,0,"0",0,0,0,0,0,0,0,0,0,0,0,0,0,0,0,"0","0","1","0","0","0","0","0","1","0","0","0","0","0","0","0","0","0","0","0","0","0","0","0","1","0","0","0","1","1","0","0","0","0","0","0","0","0","0","0","0","0","0","0","0","0","0","0","0","0","0","1","0","0","1","1","0","0","0","0","0","0","0","0","0","0","0","0","0","0","0","0","0","0","0","0","0","0","0","0","0","0","0","0","0","0","0","0","0","0","0","0","1","202203","202204","2062"
"0808040","530010","72503204","00091980542104","1","1","00000000000000","","","","0150","","0","E","","","04","","01","22","03","","99","","","","","","","","53201776948","20200908","1","","","","","","0","0","1","0","0","0","1","0","0","0","0","0","0","0",0,0,0,"0",0,0,0,0,0,0,0,0,0,0,0,0,0,0,"0",0,0,0,0,0,0,0,0,1,0,0,0,0,0,0,0,"1",0,0,0,"0",0,0,0,0,"0",0,0,0,0,0,0,0,0,0,0,0,0,0,0,0,"0","0","1","0","0","0","0","0","0","0","0","0","0","0","0","0","0","0","0","0","0","0","0","0","1","1","0","0","0","1","0","0","0","0","0","0","0","0","0","0","0","0","0","0","0","0","0","0","0","0","0","1","0","0","0","0","0","0","0","0","0","0","0","0","0","0","0","0","0","0","0","0","0","0","0","0","0","0","0","0","0","0","0","0","0","0","0","0","0","0","0","0","1","202106","202204","4000"
"0808229","530010","72410101","72580806000107","3","1","00000000000000","","","","0060","","0","E","","","04","","01","85","04","","99","","","","","","","","RLE DIGITAL","20210525","1","","","","","","0","0","1","0","0","0","1","0","0","0","0","0","0","0",0,0,0,"0",0,0,0,0,0,0,0,0,0,0,0,0,0,0,"0",0,1,0,0,0,0,0,0,0,0,0,2,0,0,0,0,"1",0,0,0,"0",0,0,0,0,"0",0,0,0,0,0,0,0,0,0,0,0,0,0,0,0,"0","0","1","0","0","0","0","0","0","0","0","0","0","0","0","0","0","0","0","0","0","0","0","0","1","1","1","0","1","1","0","0","0","0","0","0","0","0","0","0","0","0","0","0","0","0","0","0","0","0","0","1","0","0","0","1","0","0","0","0","0","0","0","0","0","0","0","0","0","0","0","0","0","0","0","0","0","0","0","0","0","0","0","0","0","0","0","0","0","0","0","0","1","202106","202204","2062"
"0808237","530010","70715010","36091024000140","3","1","00000000000000","","","","0005","","0","E","","","04","","01","36","04","","99","","","","","","","","RLE DIGITAL","20210517","1","","","","","","0","0","1","0","0","0","1","0","0","0","0","0","0","0",0,0,0,"0",0,0,0,0,0,0,0,0,0,0,0,0,0,0,"0",0,2,0,0,0,0,0,0,0,0,0,0,0,0,0,0,"1",0,0,0,"0",0,0,0,0,"0",0,0,0,0,0,0,0,0,0,0,0,0,0,0,0,"0","0","1","0","0","0","0","0","0","0","0","0","0","0","0","0","0","0","0","0","0","0","0","0","1","0","0","0","1","1","0","0","0","0","0","0","0","0","0","0","0","0","0","0","0","0","0","0","0","0","0","1","0","0","0","1","0","0","0","0","0","0","0","0","0","0","0","0","0","0","0","0","0","0","0","0","0","0","0","0","0","0","0","0","0","0","0","0","0","0","0","0","1","202106","202204","2062"
"0809411","530010","71909720","24884442000106","3","1","00000000000000","","","","","","0","E","","","04","","01","22","04","","99","","","","","","","","LICENCIAMENTO","20210128","1","","","","","","0","0","1","0","0","0","1","0","0","0","0","0","0","0",0,0,0,"0",0,0,0,0,0,0,0,0,0,0,0,0,0,0,"0",0,0,0,1,0,0,0,0,0,0,0,0,0,0,0,0,"1",0,0,0,"0",0,0,0,0,"0",0,0,0,0,0,0,0,0,0,0,0,0,0,0,0,"0","0","0","0","0","0","0","0","0","0","0","0","0","0","0","0","0","0","0","0","0","0","0","0","0","0","0","0","1","1","0","0","0","0","0","0","0","0","0","0","0","0","0","0","0","0","0","0","0","0","0","0","0","0","0","1","0","0","0","0","0","0","0","0","0","0","0","0","0","0","0","0","0","0","0","0","0","0","0","0","0","0","0","0","0","0","0","0","0","0","0","0","1","202107","202204","2305"
"0809640","530010","71927540","11859927001099","3","1","00000000000000","","","","9901","","0","E","","","04","","01","22","03","","99","","","","","","","","RLE 53900414433","20210511","1","","","","","","0","0","1","0","0","0","1","0","0","0","0","0","0","0",0,0,0,"0",0,0,0,0,0,0,0,0,0,0,0,0,0,0,"0",0,1,0,1,0,0,0,0,0,0,0,0,0,0,0,0,"1",0,0,0,"0",0,0,0,0,"0",0,0,0,0,0,0,0,0,0,0,0,0,0,0,0,"0","0","1","0","0","0","0","0","1","0","0","0","0","0","0","0","0","0","0","0","0","0","0","0","1","0","0","0","1","1","0","0","0","0","0","0","0","0","0","0","0","0","0","0","0","0","0","0","0","0","0","1","0","0","1","1","0","0","0","0","0","0","0","0","0","0","0","0","0","0","0","0","0","0","0","0","0","0","0","0","0","0","0","0","0","0","0","0","0","0","0","0","1","202201","202204","2062"
"0812080","530010","72405160","32141504000118","3","1","00000000000000","","","","","","0","E","","","04","","01","36","06","","99","","","","","","","","53202206347","20210430","1","","","","","","0","0","1","0","0","0","1","0","0","0","0","0","0","0",0,0,0,"0",0,0,0,0,0,0,0,0,0,0,0,0,0,0,"0",0,1,0,0,0,0,0,0,0,0,0,0,0,0,0,0,"1",0,0,0,"0",0,0,0,0,"0",0,0,0,0,0,0,0,0,0,0,0,0,0,0,0,"0","0","1","0","0","0","0","0","0","0","0","0","0","0","0","0","0","0","0","0","0","0","0","0","1","0","0","0","1","1","0","0","0","0","0","0","0","0","0","0","0","0","0","0","0","0","0","0","0","0","0","1","0","0","0","1","0","0","0","0","0","0","0","0","0","0","0","0","0","0","0","0","0","0","0","0","0","0","0","0","0","0","0","0","0","0","0","0","0","0","0","0","1","202107","202204","2062"
"0812188","530010","70390108","13498769000123","3","1","00000000000000","","","","0015","61","0","E","","","04","","01","36","03","","99","","","","","","","","EAS.05086-01","20210823","1","","","","","","0","0","1","0","0","0","1","0","0","0","0","0","0","0",0,0,0,"0",0,0,0,0,0,0,0,0,0,0,0,0,0,0,"0",0,1,0,0,0,0,0,2,0,0,1,0,0,0,0,1,"1",0,0,0,"0",0,0,0,0,"0",0,0,0,0,0,0,0,0,2,0,0,0,0,0,0,"0","0","1","0","0","0","0","1","0","1","0","0","0","0","0","0","0","0","0","0","0","1","0","0","1","1","1","0","1","1","0","0","0","0","0","0","0","0","0","0","0","0","0","0","0","0","0","0","0","0","0","1","0","0","1","1","0","0","0","0","0","0","0","0","0","0","0","0","0","0","0","0","0","0","0","0","0","0","0","0","0","0","0","0","0","0","0","0","0","0","0","0","1","202202","202204","2062"
"0813591","530010","71615660","11092950000290","3","1","00000000000000","","","","0010","","0","E","","","04","","03","22","03","","99","","","","","","","","EAS 00096-02/2021","20210218","1","","","","","","0","0","1","0","0","0","1","0","0","0","0","0","0","0",0,0,0,"0",0,0,0,0,0,0,0,0,0,0,0,0,0,0,"0",0,5,0,0,0,0,0,0,0,0,0,0,0,0,0,0,"1",0,0,0,"0",0,0,0,0,"0",0,0,0,0,0,0,0,0,0,0,0,0,0,0,0,"0","0","1","0","0","0","0","0","0","0","0","0","0","0","0","0","0","0","0","0","0","0","0","0","1","1","0","0","1","1","0","0","0","0","0","0","0","0","0","0","0","0","0","0","0","0","0","0","0","0","0","1","0","0","0","1","0","0","0","0","0","0","0","0","0","0","0","0","0","0","0","0","0","0","0","0","0","0","0","0","0","0","0","0","0","0","0","0","0","0","0","0","1","202107","202204","2062"
"0813613","530010","71910180","34850864000114","3","1","00000000000000","","","","","","0","E","","","04","","01","36","04","","99","","","","","","","","VISADF","20190923","1","","","","","","0","0","1","0","0","0","1","0","0","0","0","0","0","0",0,0,0,"0",0,0,0,0,0,0,0,0,0,0,0,0,0,0,"0",0,0,0,1,0,0,0,0,0,0,0,0,0,0,0,0,"1",0,0,0,"0",0,0,0,0,"0",0,0,0,0,0,0,0,0,0,0,0,0,0,0,0,"0","0","1","0","0","0","0","0","0","0","0","0","0","0","0","0","0","0","0","0","0","0","0","0","1","0","0","0","1","1","0","0","0","0","0","0","0","0","0","0","0","0","0","0","0","0","0","0","0","0","0","1","0","0","0","1","0","0","0","0","0","0","0","0","0","0","0","0","0","0","0","0","0","0","0","0","0","0","0","0","0","0","0","0","0","0","0","0","0","0","0","0","1","202203","202204","2062"
"0813648","530010","71919540","40269762000102","3","1","00000000000000","","","","9901","","0","E","","","04","","03","22","04","","99","","","","","","","","","","","","","","","","0","0","1","0","0","0","1","0","0","0","0","0","0","0",0,0,0,"0",0,0,0,0,0,0,0,0,0,0,0,0,0,0,"0",1,1,0,0,0,0,0,0,0,0,0,0,0,0,0,0,"1",0,0,0,"0",0,0,0,0,"0",0,0,0,0,0,0,0,0,0,0,0,0,0,0,0,"0","0","1","0","0","0","0","0","1","0","0","0","0","0","0","0","0","0","0","0","0","0","0","0","1","1","0","0","1","1","0","0","0","0","0","0","0","0","0","0","0","0","0","0","0","0","0","0","0","0","0","1","0","0","0","0","0","0","0","0","0","0","0","0","0","0","0","0","0","0","0","0","0","0","0","0","0","0","0","0","0","0","0","0","0","0","0","0","0","0","0","0","1","202107","202204","2062"
"0815209","530010","70200760","25197647000186","3","1","00000000000000","","","","0015","61","0","E","","","04","","03","04","03","","99","","","","","","","","EAS.20896-01","20210223","1","","","","","","0","0","1","0","0","0","1","0","0","0","0","0","0","0",0,0,0,"0",0,0,0,0,0,0,0,0,0,0,0,0,0,0,"0",2,1,0,0,0,0,0,0,0,0,0,0,0,0,0,0,"1",0,0,0,"0",0,0,0,0,"0",0,0,0,0,0,0,0,0,0,0,0,0,0,0,0,"0","0","0","1","0","0","0","0","0","1","0","0","0","0","0","0","0","0","0","0","0","0","0","0","1","1","0","0","1","1","0","0","0","0","0","0","0","0","0","0","0","0","0","0","0","0","0","0","0","0","0","1","0","0","0","1","0","0","0","0","0","0","0","0","0","0","0","0","0","0","0","0","0","0","0","0","0","0","0","0","0","0","0","0","0","0","0","0","0","0","0","0","1","202111","202204","2062"
"0815780","530010","71697011","31822093000163","3","1","00000000000000","","","","0160","","0","E","","","04","","01","36","03","","99","","","","","","","","53600321855","20210512","1","","","","","","0","0","1","0","0","0","1","0","0","0","0","0","0","0",0,0,0,"0",0,0,0,0,0,0,0,0,0,0,0,0,0,0,"0",0,0,0,7,0,0,0,0,0,0,0,0,0,0,0,0,"1",0,0,0,"0",0,0,0,0,"0",0,0,0,0,0,0,0,0,0,0,0,0,0,0,0,"0","0","1","0","0","0","0","0","0","0","0","0","0","0","0","0","0","0","0","0","0","0","0","0","1","0","0","0","1","1","0","0","0","0","0","0","0","0","0","0","0","0","0","0","0","0","0","0","0","0","0","1","0","0","0","1","0","0","0","0","0","0","0","0","0","0","0","0","0","0","0","0","0","0","0","0","0","0","0","0","0","0","0","0","0","0","0","0","0","0","0","0","1","202107","202204","2305"
"0817155","530010","70390904","03872790000789","3","1","00000000000000","","","","0015","","0","E","","","04","","01","77","03","","99","","","","","","","","EAS.20931-01","20210507","1","","","","","","0","0","1","0","0","0","1","0","0","0","0","0","0","0",0,0,0,"0",0,0,0,0,0,0,0,0,0,0,0,0,0,0,"0",0,0,0,0,0,0,0,0,0,0,0,0,0,0,0,0,"0",0,0,0,"0",0,0,0,0,"0",0,0,0,0,0,0,0,0,0,0,0,0,0,0,0,"0","0","0","0","0","0","0","0","0","0","0","0","0","0","0","0","0","0","0","0","0","0","0","0","0","0","0","0","1","1","0","0","0","0","0","0","0","0","0","0","0","0","0","0","0","0","0","0","0","0","0","1","0","0","0","0","0","0","0","0","0","0","0","0","0","0","0","0","0","0","0","0","0","0","0","0","0","0","0","0","0","0","0","0","0","0","1","0","0","0","0","0","1","202107","202204","2062"
"0819395","530010","70876510","28885665000149","3","1","00000000000000","","","","0005","","0","E","","","04","","01","04","04","","99","","","","","","","","","","","","","","","","0","0","1","0","0","0","1","0","0","0","0","0","0","0",0,0,0,"0",0,0,0,0,0,0,0,0,0,0,0,0,0,0,"0",1,0,0,0,0,0,0,0,0,0,0,0,0,0,0,0,"1",0,0,0,"0",0,0,0,0,"0",0,0,0,0,0,0,0,0,0,0,0,0,0,0,0,"0","0","1","0","0","0","0","0","0","0","0","0","0","0","0","0","0","0","0","0","0","0","0","0","1","0","0","0","1","1","0","0","0","0","0","0","0","0","0","0","0","0","0","0","0","0","0","0","0","0","0","1","0","0","0","0","0","0","0","0","0","0","0","0","0","0","0","0","0","0","0","0","0","0","0","0","0","0","0","0","0","0","0","0","0","0","0","0","0","0","0","0","1","202107","202204","2135"
"0819492","530010","71503507","41314643000197","3","1","00000000000000","","","","","","0","E","","","04","","03","75","06","","99","","","","","","","","","","","","","","","","0","0","1","0","0","0","1","0","0","0","0","0","0","0",0,0,0,"0",0,0,0,0,0,0,0,0,0,0,0,0,0,0,"0",0,0,0,0,0,0,0,0,0,0,0,0,0,0,0,0,"0",0,0,0,"0",0,0,0,0,"0",0,0,0,0,0,0,0,0,0,0,0,0,0,0,0,"0","0","1","0","0","0","0","0","0","0","0","0","0","0","0","0","0","0","0","0","0","0","0","0","1","0","0","0","1","1","0","0","0","0","0","0","0","0","0","0","0","0","0","0","0","0","0","0","0","0","0","1","0","0","0","0","0","0","0","0","0","0","0","0","0","0","0","0","0","0","0","0","0","0","0","0","0","0","0","0","0","0","0","0","0","0","0","0","0","0","0","0","1","202107","202204","2305"
"0820792","530010","71020510","06626253063668","3","1","00000000000000","","","","0070","","0","E","","","04","","01","43","04","","99","","","","","","","","","","","","","","","","0","0","1","0","0","0","1","0","0","0","0","0","0","0",0,0,0,"0",0,0,0,0,0,0,0,0,0,0,0,0,0,0,"0",0,0,0,0,0,0,0,0,0,0,0,1,0,0,0,0,"1",0,0,0,"0",0,0,0,0,"0",0,0,0,0,0,0,0,0,0,0,0,0,0,0,0,"0","0","0","0","0","0","1","0","0","0","0","0","0","0","0","0","0","0","0","0","0","0","0","0","1","1","1","0","1","1","0","0","0","0","0","0","0","0","0","0","0","0","0","0","0","0","0","0","0","0","0","1","0","0","0","0","0","0","0","0","0","0","0","0","0","0","0","0","0","0","0","0","0","0","0","0","0","0","0","0","0","0","0","0","0","0","0","0","0","0","0","0","1","202107","202204","2046"
"0820806","530010","70381525","06626253041931","3","1","00000000000000","","","","0015","","0","E","","","04","","01","43","04","","99","","","","","","","","","","","","","","","","0","0","1","0","0","0","1","0","0","0","0","0","0","0",0,0,0,"0",0,0,0,0,0,0,0,0,0,0,0,0,0,0,"0",0,0,0,0,0,0,0,0,0,0,0,1,0,0,0,0,"1",0,0,0,"0",0,0,0,0,"0",0,0,0,0,0,0,0,0,0,0,0,0,0,0,0,"0","0","0","0","0","0","1","0","0","0","0","0","0","0","0","0","0","0","0","0","0","0","0","0","1","1","1","0","1","1","0","0","0","0","0","0","0","0","0","0","0","0","0","0","0","0","0","0","0","0","0","1","0","0","0","0","0","0","0","0","0","0","0","0","0","0","0","0","0","0","0","0","0","0","0","0","0","0","0","0","0","0","0","0","0","0","0","0","0","0","0","0","1","202107","202204","2046"
"0820814","530010","72145450","36781016000126","3","1","00000000000000","","","","0180","","0","E","","","04","","03","36","03","","99","","","","","","","","RLE DIGITAL","20200327","1","","","","","","0","0","1","0","0","0","1","0","0","0","0","0","0","0",0,0,0,"0",0,0,0,0,0,0,0,0,0,0,0,0,0,0,"0",0,0,0,2,0,0,0,0,0,0,0,0,0,0,0,0,"1",0,0,0,"0",0,0,0,0,"0",0,0,0,0,0,0,0,0,0,0,0,0,0,0,0,"0","0","1","0","0","0","0","0","0","0","0","0","0","0","0","0","0","0","0","0","0","0","0","0","1","0","0","0","1","1","0","0","0","0","0","0","0","0","0","0","0","0","0","0","0","0","0","0","0","0","0","1","0","0","0","1","0","0","0","0","0","0","0","0","0","0","0","0","0","0","0","0","0","0","0","0","0","0","0","0","0","0","0","0","0","0","0","0","0","0","0","0","1","202107","202204","2135"
"0822663","530010","70390150","35430488000252","3","1","00000000000000","","","","0015","","0","E","","","04","","03","36","03","","99","","","","","","","","53300022097","20210616","1","","","","","","0","0","1","0","0","0","1","0","0","0","0","0","0","0",0,0,0,"0",0,0,0,0,0,0,0,0,0,0,0,0,0,0,"1",0,1,0,0,0,0,0,0,0,0,2,0,0,0,0,0,"1",0,0,0,"0",0,0,0,0,"0",0,0,1,0,0,0,0,0,0,0,0,0,0,0,0,"0","0","1","0","0","0","0","0","0","0","0","0","0","0","0","0","0","0","0","0","0","0","0","0","1","1","1","0","1","1","0","0","0","0","0","0","0","0","0","0","0","0","0","0","0","0","0","0","0","0","0","0","0","0","0","1","0","0","0","0","0","0","0","0","0","0","0","0","0","0","0","0","0","0","0","0","0","0","0","0","0","0","0","0","0","0","0","0","0","0","0","0","1","202111","202204","2054"
"0822965","530010","72006185","40909241000172","3","1","00000000000000","","","","9934","","0","E","","","04","","01","36","04","","99","","","","","","","","","","","","","","","","0","0","1","0","0","0","1","0","0","0","0","0","0","0",0,0,0,"0",0,0,0,0,0,0,0,0,0,0,0,0,0,0,"0",0,4,0,0,0,0,0,0,2,0,0,0,0,0,0,0,"1",0,0,0,"0",0,0,0,0,"0",0,0,0,0,0,0,0,0,0,0,0,0,0,0,0,"0","0","0","1","0","0","0","0","0","0","0","0","0","0","0","0","0","0","0","0","0","0","0","0","1","1","0","0","1","1","0","0","0","0","0","0","0","0","0","0","0","0","0","0","0","0","0","0","0","0","0","1","0","0","0","1","0","0","0","0","0","0","0","0","0","0","0","0","0","0","0","0","0","0","0","0","0","0","0","0","0","0","0","0","0","0","0","0","0","0","0","0","1","202107","202204","2062"
"0822973","530010","70390155","40892039000185","3","1","00000000000000","","","","","","0","E","","","04","","03","22","03","","99","","","","","","","","53202470745","20210702","1","","","","","","0","0","1","0","0","0","1","0","0","0","0","0","0","0",0,0,0,"0",0,0,0,0,0,0,0,0,0,0,0,0,0,0,"0",0,0,0,1,0,0,0,0,0,0,0,0,0,0,0,0,"1",0,0,0,"0",0,0,0,0,"0",0,0,0,0,0,0,0,0,0,0,0,0,0,0,0,"0","0","1","0","0","0","0","0","0","0","0","0","0","0","0","0","0","0","0","0","0","0","0","0","1","0","0","0","1","1","0","0","0","0","0","0","0","0","0","0","0","0","0","0","0","0","0","0","0","0","0","1","0","0","0","1","0","0","0","0","0","0","0","0","0","0","0","0","0","0","0","0","0","0","0","0","0","0","0","0","0","0","0","0","0","0","0","0","0","0","0","0","1","202107","202204","2062"
"0826006","530010","70790100","00096933000124","3","1","00000000000000","","","","","","0","E","","","04","","03","04","03","","99","","","","","","","","53155564322","20210426","1","","","","","","0","0","1","0","0","0","1","0","0","0","0","0","0","0",0,0,0,"0",0,0,0,0,0,0,0,0,0,0,0,0,0,0,"0",3,5,0,5,0,0,0,0,0,0,0,0,0,0,0,0,"1",0,0,0,"0",0,0,0,0,"0",0,0,0,0,0,0,0,0,0,0,0,0,0,0,0,"0","0","1","0","0","0","0","0","0","0","0","0","0","0","0","0","0","0","1","0","0","0","0","0","1","1","0","0","1","1","0","0","0","0","0","0","0","0","0","0","0","0","0","0","0","0","0","0","0","0","0","1","0","0","0","1","0","0","0","0","0","0","0","0","0","0","0","0","0","0","0","0","0","0","0","0","0","0","0","0","0","0","0","0","0","0","0","0","0","0","0","0","1","202109","202204","3999"
"0826170","530010","70390145","39414558000159","3","1","00000000000000","","","","0015","","0","E","","","04","","03","36","03","","99","","","","","","","","EAS.20941-01","20210610","1","","","","","","0","0","1","0","0","0","1","0","0","0","0","0","0","0",0,0,0,"0",0,0,0,0,0,0,0,0,0,0,0,0,0,0,"0",0,2,0,0,0,0,0,0,0,0,0,0,0,0,0,0,"1",0,0,0,"0",0,0,0,0,"0",0,0,0,0,0,0,0,0,0,0,0,0,0,0,0,"0","0","1","0","0","0","0","0","1","0","0","0","0","0","0","0","0","1","0","1","0","0","0","0","1","0","1","0","1","1","0","0","0","0","0","0","0","0","0","0","0","0","0","0","0","0","0","0","0","0","0","1","0","0","0","1","0","0","0","0","0","0","0","0","0","0","0","0","0","0","0","0","0","0","0","0","0","0","0","0","0","0","0","0","0","0","0","0","0","0","0","0","1","202107","202204","2062"
"0826448","530010","71907720","42179561000140","3","1","00000000000000","","","","9901","","0","E","","","03","","01","04","03","","99","","","","","","","","EAS.00198-22/2021","20210709","1","","","","","","0","0","1","0","0","0","1","0","0","0","0","0","0","0",0,0,0,"0",0,0,0,0,0,0,0,0,0,0,0,0,0,0,"0",2,1,0,1,0,0,0,0,0,0,0,0,0,0,0,0,"1",0,0,0,"0",0,0,0,0,"0",0,0,0,0,0,0,0,0,0,0,0,0,0,0,0,"0","0","1","0","0","0","0","0","0","0","0","0","0","0","0","0","0","0","0","0","0","0","0","0","1","1","0","0","1","1","0","0","0","0","0","0","0","0","0","0","0","0","0","0","0","0","0","0","0","0","0","1","0","0","0","1","0","0","0","0","0","0","0","0","0","0","0","0","0","0","0","0","0","0","0","0","0","0","0","0","0","0","0","0","0","0","0","0","0","0","0","0","1","202107","202204","2062"
"0826596","530010","72120020","21054669000306","3","1","00000000000000","","","","0180","","0","E","","","04","","03","36","03","","99","","","","","","","","EAS.0115141","20210325","1","","","","","","0","0","1","0","0","0","1","0","0","0","0","0","0","0",0,0,0,"0",0,0,0,0,0,0,0,0,0,0,0,0,0,0,"0",0,0,0,7,0,0,0,0,0,0,0,0,0,0,0,0,"1",0,0,0,"0",0,0,0,0,"0",0,0,0,0,0,0,0,0,0,0,0,0,0,0,0,"0","0","1","0","0","0","0","0","0","0","0","0","0","0","0","0","0","0","0","0","0","0","0","0","1","1","0","0","1","1","0","0","0","0","0","0","0","0","0","0","0","0","0","0","0","0","0","0","0","0","0","1","0","0","0","1","0","0","0","0","0","0","0","0","0","0","0","0","0","0","0","0","0","0","0","0","0","0","0","0","0","0","0","0","0","0","0","0","0","0","0","0","1","202107","202204","2062"
"0827258","530010","70673416","39374063000143","3","1","00000000000000","","","","","","0","E","","","04","","02","36","04","","99","","","","","","","","53202367219","20210531","1","","","","","","0","0","1","0","0","0","1","0","0","0","0","0","0","0",0,0,0,"0",0,0,0,0,0,0,0,0,0,0,0,0,0,0,"0",0,2,0,2,0,0,0,0,0,0,0,0,0,0,0,0,"1",0,0,0,"0",0,0,0,0,"0",0,0,0,0,0,0,0,0,0,0,0,0,0,0,0,"0","0","0","0","0","0","0","0","0","1","0","0","0","0","0","0","0","0","0","0","0","0","0","0","1","1","0","0","1","1","0","0","0","0","0","0","0","0","0","0","0","0","0","0","0","0","0","0","0","0","0","1","0","0","0","1","0","0","0","0","0","0","0","0","0","0","0","0","0","0","0","0","0","0","0","0","0","0","0","0","0","0","0","0","0","0","0","0","0","0","0","0","1","202107","202204","2062"
"0827525","530010","72145450","36137045000150","3","1","00000000000000","","","","","","0","E","","","04","","03","22","03","","99","","","","","","","","53202351517","20210308","1","","","","","","0","0","1","0","0","0","1","0","0","0","0","0","0","0",0,0,0,"0",0,0,0,0,0,0,0,0,0,0,0,0,0,0,"0",0,0,0,0,0,0,0,0,1,0,0,0,0,0,0,0,"1",0,0,0,"0",0,0,0,0,"0",0,0,0,0,0,0,0,0,0,0,0,0,0,0,0,"0","0","1","0","0","0","0","0","0","0","0","0","0","0","0","0","0","0","0","0","0","0","0","0","1","1","0","0","1","1","0","0","0","0","0","0","0","0","0","0","0","0","0","0","0","0","0","0","0","0","0","1","0","0","0","1","0","0","0","0","0","0","0","0","0","0","0","0","0","0","0","0","0","0","0","0","0","0","0","0","0","0","0","0","0","0","0","0","0","0","0","0","1","202107","202204","2062"
"0827568","530010","71625009","11739852000111","3","1","00000000000000","","","","0090","","0","E","","","04","","03","36","03","","99","","","","","","","","DFP2100127433 - RLE","20210714","1","","","","","","0","0","1","0","0","0","1","0","0","0","0","0","0","0",0,0,0,"0",0,0,0,0,0,0,0,0,0,0,0,0,0,0,"0",0,0,0,0,0,0,0,0,3,0,0,0,0,0,0,0,"1",0,0,0,"0",0,0,0,0,"0",0,0,0,0,0,0,0,0,0,0,0,0,0,0,0,"0","0","1","0","0","0","0","0","1","0","0","0","0","0","0","0","0","0","0","0","0","0","0","0","1","1","0","0","1","1","0","0","0","0","0","0","0","0","0","0","0","0","0","0","0","0","0","0","0","0","0","1","0","0","0","1","0","0","0","0","0","0","0","0","0","0","0","0","0","0","0","0","0","0","0","0","0","0","0","0","0","0","0","0","0","0","0","0","0","0","0","0","1","202107","202204","2062"
"0828718","530010","70340000","24722629000103","3","1","00000000000000","","","","0015","","0","E","","","04","","03","36","03","","99","","","","","","","","EAS2087801","20210114","1","","","","","","0","0","0","0","1","0","1","0","0","0","0","0","0","0",0,0,0,"0",0,0,0,0,0,0,0,0,0,0,0,0,0,0,"0",0,1,0,0,0,0,0,0,0,0,0,0,0,0,0,0,"1",0,0,0,"0",0,0,0,0,"0",0,0,0,0,0,0,0,0,0,0,0,0,0,0,0,"0","0","1","0","0","0","0","0","0","0","0","0","0","0","0","0","0","0","0","0","0","0","0","0","1","1","0","0","0","1","0","0","0","0","0","0","0","0","0","0","0","0","0","0","0","0","0","0","0","0","0","0","0","0","0","1","0","0","0","0","0","0","0","0","0","0","0","0","0","0","0","0","0","0","0","0","0","0","0","0","0","0","0","0","0","0","0","0","0","0","0","0","1","202107","202204","2062"
"0828734","530010","71955100","13459092000114","3","1","00000000000000","","","","9901","","0","E","","","04","","03","36","03","","99","","","","","","","","CERTIFICADO LICENCIAMENTO","20210208","1","","","","","","0","0","1","0","0","0","1","0","0","0","0","0","0","0",0,0,0,"0",0,0,0,0,0,0,0,0,0,0,0,0,0,0,"0",0,1,0,0,0,0,0,0,0,0,0,0,0,0,0,0,"1",0,0,0,"0",0,0,0,0,"0",0,0,0,0,0,0,0,0,0,0,0,0,0,0,0,"0","0","1","0","0","0","0","0","0","0","0","0","0","0","0","0","0","0","0","0","0","0","0","0","1","0","0","0","1","1","0","0","0","0","0","0","0","0","0","0","0","0","0","0","0","0","0","0","0","0","0","1","0","0","0","0","0","0","0","0","0","0","0","0","0","0","0","0","0","0","0","0","0","0","0","0","0","0","0","0","0","0","0","0","0","0","0","0","0","0","0","0","1","202107","202204","2062"
"0828742","530010","73330003","26681151000146","3","1","00000000000000","","","","0120","","0","E","","","04","","03","36","03","","99","","","","","","","","CERTIFICADO LICENCIAMENTO","20200307","1","","","","","","0","0","1","0","0","0","1","0","0","0","0","0","0","0",0,0,0,"0",0,0,0,0,0,0,0,0,0,0,0,0,0,0,"0",0,1,0,0,0,0,0,0,0,0,0,0,0,0,0,0,"1",0,0,0,"0",0,0,0,0,"0",0,0,0,0,0,0,0,0,0,0,0,0,0,0,0,"0","0","1","0","0","0","0","0","0","0","0","0","0","0","0","0","0","0","0","0","0","0","0","0","1","0","0","0","1","1","0","0","0","0","0","0","0","0","0","0","0","0","0","0","0","0","0","0","0","0","0","1","0","0","0","0","0","0","0","0","0","0","0","0","0","0","0","0","0","0","0","0","0","0","0","0","0","0","0","0","0","0","0","0","0","0","0","0","0","0","0","0","1","202108","202204","2062"
"0828769","530010","70390100","42602229000146","3","1","00000000000000","","","","0015","","0","E","","","04","","03","22","04","","99","","","","","","","","53202480821","20210708","1","","","","","","0","0","1","0","0","0","1","0","0","0","0","0","0","0",0,0,0,"0",0,0,0,0,0,0,0,0,0,0,0,0,0,0,"0",0,0,0,1,0,0,0,0,0,0,0,0,0,0,0,0,"1",0,0,0,"0",0,0,0,0,"0",0,0,0,0,0,0,0,0,0,0,0,0,0,0,0,"0","0","1","0","0","0","0","0","0","0","0","0","0","0","0","0","0","0","0","0","0","0","0","0","1","0","0","0","1","1","0","0","0","0","0","0","0","0","0","0","0","0","0","0","0","0","0","0","0","0","0","1","0","0","0","1","0","0","0","0","0","0","0","0","0","0","0","0","0","0","0","0","0","0","0","0","0","0","0","0","0","0","0","0","0","0","0","0","0","0","0","0","1","202110","202204","2062"
"0828807","530010","72544406","42116785000102","3","1","00000000000000","","","","0150","","0","E","","","04","","01","36","03","","99","","","","","","","","","","","","","","","","0","0","1","0","0","0","1","0","0","0","0","0","0","0",0,0,0,"0",0,0,0,0,0,0,0,0,0,0,0,0,0,0,"0",0,0,0,0,0,0,0,0,1,0,0,0,0,0,0,0,"1",0,0,0,"0",0,0,0,0,"0",0,0,0,0,0,0,0,0,0,0,0,0,0,0,0,"0","0","1","0","0","0","0","0","1","0","0","0","0","0","0","0","0","0","0","0","0","0","0","0","1","1","0","0","1","1","0","0","0","0","0","0","0","0","0","0","0","0","0","0","0","0","0","0","0","0","0","1","0","0","1","1","0","0","0","0","0","0","0","0","0","0","0","0","0","0","0","0","0","0","0","0","0","0","0","0","0","0","0","0","0","0","0","0","0","0","0","0","1","202107","202204","2062"
"0829951","530010","70302000","42127874000154","3","1","00000000000000","","","","","","0","E","","","04","","03","36","03","","99","","","","","","","","","","","","","","","","0","0","1","0","0","0","1","0","0","0","0","0","0","0",0,0,0,"0",0,0,0,0,0,0,0,0,0,0,0,0,0,0,"0",0,1,0,0,0,0,0,0,0,0,0,0,0,0,0,0,"1",0,0,0,"0",0,0,0,0,"0",0,0,0,0,0,0,0,0,0,0,0,0,0,0,0,"0","0","1","0","0","0","0","0","0","0","0","0","0","0","0","0","0","0","0","0","0","0","0","0","1","0","0","0","1","1","0","0","0","0","0","0","0","0","0","0","0","0","0","0","0","0","0","0","0","0","0","1","0","0","0","0","0","0","0","0","0","0","0","0","0","0","0","0","0","0","0","0","0","0","0","0","0","0","0","0","0","0","0","0","0","0","0","0","0","0","0","0","1","202107","202204","2062"
"0830704","530010","71936250","10646692000101","3","1","00000000000000","","","","9901","","0","E","","","04","","01","04","03","","99","","","","","","","","EAS.00019-22","20180510","1","","","","","","0","0","1","0","0","0","1","0","0","0","0","0","0","0",0,0,0,"0",0,0,0,0,0,0,0,0,0,0,0,0,0,0,"0",0,6,0,0,0,0,0,0,0,0,0,0,0,0,0,0,"1",0,0,0,"0",0,0,0,0,"0",0,0,0,0,0,0,0,0,0,0,0,0,0,0,0,"0","0","1","0","0","0","0","0","0","0","0","0","0","0","0","0","0","0","0","0","0","0","0","0","1","1","0","0","1","1","0","0","0","0","0","0","0","0","0","0","0","0","0","0","0","0","0","0","0","0","0","1","0","0","0","1","0","0","0","0","0","0","0","0","0","0","0","0","0","0","0","0","0","0","0","0","0","0","0","0","0","0","0","0","0","0","0","0","0","0","0","0","1","202110","202204","2062"
"0830941","530010","72115035","24842753000102","3","1","00000000000000","","","","","","0","E","","","04","","03","36","03","","99","","","","","","","","6018.2020/0063521-1","20210623","1","","","","","","0","0","1","0","0","0","1","0","0","0","0","0","0","0",0,0,0,"0",0,0,0,0,0,0,0,0,0,0,0,0,0,0,"0",2,0,0,2,0,0,0,0,0,0,0,0,0,0,0,0,"1",0,0,0,"0",0,0,0,0,"0",0,0,0,0,0,0,0,0,0,0,0,0,0,0,0,"0","0","0","0","0","0","0","0","0","0","0","0","0","0","0","0","0","0","0","0","0","0","0","0","0","1","0","0","1","1","0","0","0","0","0","0","0","0","0","0","0","0","0","0","0","0","0","0","0","0","0","1","0","0","0","1","0","0","0","0","0","0","0","0","0","0","0","0","0","0","0","0","0","0","0","0","0","0","0","0","0","0","0","0","0","0","0","0","0","0","0","0","1","202107","202204","2305"
"0832227","530010","70390078","40538089000169","3","1","00000000000000","","","","0015","","0","E","","","04","","02","22","02","","99","","","","","","","","","20210129","1","","","","","","0","0","1","0","0","0","1","0","0","0","0","0","0","0",0,0,0,"0",0,0,0,0,0,0,0,0,0,0,0,0,0,0,"0",0,1,0,0,0,0,0,0,0,0,0,0,0,0,0,0,"1",0,0,0,"0",0,0,0,0,"0",0,0,0,0,0,0,0,0,0,0,0,0,0,0,0,"0","0","1","0","0","0","0","0","0","0","0","0","0","0","0","0","0","0","0","0","0","0","0","0","1","0","0","0","1","1","0","0","0","0","0","0","0","0","0","0","0","0","0","0","0","0","0","0","0","0","0","1","0","0","0","0","0","0","0","0","0","0","0","0","0","0","0","0","0","0","0","0","0","0","0","0","0","0","0","0","0","0","0","0","0","0","0","0","0","0","0","0","1","202204","202204","2062"
"0832375","530010","70670432","41877428000102","3","1","00000000000000","","","","","","0","E","","","04","","01","22","03","","99","","","","","","","","ODO.00015-07","20210719","1","","","","","","0","0","1","0","0","0","1","0","0","0","0","0","0","0",0,0,0,"0",0,0,0,0,0,0,0,0,0,0,0,0,0,0,"0",0,0,0,0,0,0,0,0,1,0,0,0,0,0,0,0,"1",0,0,0,"0",0,0,0,0,"0",0,0,0,0,0,0,0,0,0,0,0,0,0,0,0,"0","0","1","0","0","0","0","0","1","0","0","0","0","0","0","0","0","0","0","0","0","0","0","0","1","1","0","0","1","1","0","0","0","0","0","0","0","0","0","0","0","0","0","0","0","0","0","0","0","0","0","1","0","0","0","0","0","0","0","0","0","0","0","0","0","0","0","0","0","0","0","0","0","0","0","0","0","0","0","0","0","0","0","0","0","0","0","0","0","0","0","0","1","202107","202204","2062"
"0832731","530010","71955100","42504226000170","3","1","00000000000000","","","","9901","","0","E","","","04","","01","04","04","","99","","","","","","","","RLE DIGITAL","20210628","1","","","","","","0","0","1","0","0","0","1","0","0","0","0","0","0","0",0,0,0,"0",0,0,0,0,0,0,0,0,0,0,0,0,0,0,"0",3,0,0,0,0,0,0,0,0,0,0,0,0,0,0,0,"1",0,0,0,"0",0,0,0,0,"0",0,0,0,0,0,0,0,0,0,0,0,0,0,0,0,"0","0","1","0","0","0","0","0","0","0","0","0","0","0","0","0","0","0","0","0","0","0","0","0","1","0","0","0","1","1","0","0","0","0","0","0","0","0","0","0","0","0","0","0","0","0","0","0","0","0","0","1","0","0","0","1","0","0","0","0","0","0","0","0","0","0","0","0","0","0","0","0","0","0","0","0","0","0","0","0","0","0","0","0","0","0","0","0","0","0","0","0","1","202107","202204","2062"
"0834157","530010","71608900","00718528015041","3","1","00000000000000","","","","0090","","0","E","","","04","","01","39","03","","99","","","","","","","","LAB518-03","20211108","1","","","","","","0","0","1","0","0","0","1","0","0","0","0","0","0","0",0,0,0,"0",0,0,0,0,0,0,0,0,0,0,0,0,0,0,"0",0,0,0,0,0,0,0,0,0,0,0,1,0,0,0,0,"1",0,0,0,"0",0,0,0,0,"0",0,0,0,0,0,0,0,0,0,0,0,0,0,0,0,"0","0","1","0","0","0","0","0","0","0","0","0","0","0","0","0","0","0","0","0","0","0","0","0","1","1","0","0","1","1","0","0","0","0","0","0","0","0","0","0","0","0","0","0","0","0","0","0","0","0","0","0","0","0","0","0","0","0","1","0","0","1","1","0","0","0","0","0","0","0","0","0","0","0","0","0","0","0","0","0","0","0","0","0","0","0","0","0","0","0","0","0","1","202203","202204","2054"
"0834173","530010","71699390","00718528015122","3","1","00000000000000","","","","","","0","E","","","04","","01","39","03","","99","","","","","","","","LAB 151/22","20210716","1","","","","","","0","0","1","0","0","0","1","0","0","0","0","0","0","0",0,0,0,"0",0,0,0,0,0,0,0,0,0,0,0,0,0,0,"0",0,0,0,0,0,0,0,0,0,0,0,0,0,0,0,0,"0",0,0,0,"0",0,0,0,0,"0",0,0,0,0,0,0,0,0,0,0,0,0,0,0,0,"0","0","1","0","0","0","0","0","0","0","0","0","0","0","0","0","0","0","0","0","0","0","0","0","1","0","1","0","1","1","0","0","0","0","0","0","0","0","0","0","0","0","0","0","0","0","0","0","0","0","0","0","0","0","0","0","0","0","1","0","0","1","1","0","0","0","0","0","0","0","0","0","0","0","0","0","0","0","0","0","0","0","0","0","0","0","0","0","0","0","0","0","1","202107","202204","2054"
"0838160","530010","70200700","30270951000141","3","1","00000000000000","","","","","","0","E","","","04","","03","36","03","","99","","","","","","","","53202167341","20211117","2","","","","","","0","0","1","0","0","0","1","0","0","0","0","0","0","0",0,0,0,"0",0,0,0,0,0,0,0,0,0,0,0,0,0,0,"0",0,0,0,0,0,0,0,0,2,0,0,0,0,0,0,0,"1",0,0,0,"0",0,0,0,0,"0",0,0,0,0,0,0,0,0,0,0,0,0,0,0,0,"0","0","1","0","0","0","0","0","1","0","0","0","0","0","0","0","0","0","0","1","0","0","0","0","1","1","0","0","1","1","0","0","0","0","0","0","0","0","0","0","0","0","0","0","0","0","0","0","0","0","0","1","0","0","0","1","0","0","0","0","0","0","0","0","0","0","0","0","0","0","0","0","0","0","0","0","0","0","0","0","0","0","0","0","0","0","0","0","0","0","0","0","1","202107","202204","2062"
"0838381","530010","72215230","34197618000105","3","1","00000000000000","","","","0010","","0","E","","","04","","01","36","03","","99","","","","","","","","ODO. 000000","20200901","1","","","","","","0","0","1","0","0","0","1","0","0","0","0","0","0","0",0,0,0,"0",0,0,0,0,0,0,0,0,0,0,0,0,0,0,"0",0,0,0,0,0,0,0,0,2,0,0,0,0,0,0,0,"1",0,0,0,"0",0,0,0,0,"0",0,0,0,0,0,0,0,0,0,0,0,0,0,0,0,"0","0","1","0","0","0","0","0","1","0","0","0","0","0","0","0","0","0","0","0","0","0","0","0","1","1","0","0","1","1","0","0","0","0","0","0","0","0","0","0","0","0","0","0","0","0","0","0","0","0","0","1","0","0","0","1","0","0","0","0","0","0","0","0","0","0","0","0","0","0","0","0","0","0","0","0","0","0","0","0","0","0","0","0","0","0","0","0","0","0","0","0","1","202107","202204","2135"
"0838438","530010","73330077","40004133000150","3","1","00000000000000","","","","","","0","E","","","04","","03","22","03","","99","","","","","","","","53202386302","20210915","1","","","","","","0","0","1","0","0","0","1","0","0","0","0","0","0","0",0,0,0,"0",0,0,0,0,0,0,0,0,0,0,0,0,0,0,"0",0,0,0,1,0,0,0,0,0,0,0,0,0,0,0,0,"1",0,0,0,"0",0,0,0,0,"0",0,0,0,0,0,0,0,0,0,0,0,0,0,0,0,"0","0","0","0","0","0","0","0","0","0","0","0","0","0","0","0","0","0","0","0","0","0","0","0","0","0","0","0","1","1","0","0","0","0","0","0","0","0","0","0","0","0","0","0","0","0","0","0","0","0","0","1","0","0","1","1","0","0","0","0","0","0","0","0","0","0","0","0","0","0","0","0","0","0","0","0","0","0","0","0","0","0","0","0","0","0","0","0","0","0","0","0","1","202201","202204","2062"
"0838446","530010","70390140","42687702000135","3","1","00000000000000","","","","","","0","E","","","03","","01","39","03","","99","","","","","","","","LAB 5744-01","20210723","1","","","","","","0","0","1","0","0","0","1","0","0","0","0","0","0","0",0,0,0,"0",0,0,0,0,0,0,0,0,0,0,0,0,0,0,"0",0,1,0,0,0,0,0,0,0,0,0,0,0,0,0,0,"1",0,0,0,"0",0,0,0,0,"0",0,0,0,0,0,0,0,0,0,0,0,0,0,0,0,"0","0","0","0","0","0","0","0","0","0","0","0","0","0","0","0","0","0","0","0","0","0","0","0","0","1","0","0","0","1","0","0","0","0","0","0","0","0","0","0","0","0","0","0","0","0","0","0","0","0","0","1","0","0","0","0","0","0","0","0","0","0","0","0","0","0","0","0","0","0","0","0","0","0","0","0","0","0","0","0","0","0","0","0","0","0","0","0","0","0","0","0","1","202107","202204","2062"
"0838454","530010","70340906","38216539000155","3","1","00000000000000","","","","0015","","0","E","","","04","","03","36","04","","99","","","","","","","","53202349431","20200825","1","","","","","","0","0","1","0","0","0","1","0","0","0","0","0","0","0",0,0,0,"0",0,0,0,0,0,0,0,0,0,0,0,0,0,0,"0",0,0,0,1,0,0,0,0,0,0,0,0,0,0,0,0,"1",0,0,0,"0",0,0,0,0,"0",0,0,0,0,0,0,0,0,0,0,0,0,0,0,0,"0","0","0","1","0","0","0","0","0","0","0","0","0","0","0","0","0","0","0","0","0","0","0","0","1","0","0","0","1","1","0","0","0","0","0","0","0","0","0","0","0","0","0","0","0","0","0","0","0","0","0","1","0","0","0","1","0","0","0","0","0","0","0","0","0","0","0","0","0","0","0","0","0","0","0","0","0","0","0","0","0","0","0","0","0","0","0","0","0","0","0","0","1","202107","202204","2062"
"0838462","530010","70200700","42696196000140","3","1","00000000000000","","","","","","0","E","","","04","","03","22","03","","99","","","","","","","","53101472254","20210713","2","","","","","","0","0","1","0","0","0","1","0","0","0","0","0","0","0",0,0,0,"0",0,0,0,0,0,0,0,0,0,0,0,0,0,0,"0",0,0,0,2,0,0,0,0,0,0,0,0,0,0,0,0,"1",0,0,0,"0",0,0,0,0,"0",0,0,0,0,0,0,0,0,0,0,0,0,0,0,0,"0","0","1","0","0","0","0","0","0","0","0","0","0","0","0","0","0","0","0","0","0","0","0","0","1","1","0","0","1","1","0","0","0","0","0","0","0","0","0","0","0","0","0","0","0","0","0","0","0","0","0","1","0","0","0","1","0","0","0","0","0","0","0","0","0","0","0","0","0","0","0","0","0","0","0","0","0","0","0","0","0","0","0","0","0","0","0","0","0","0","0","0","1","202107","202204","2135"
"0839167","530010","70710100","42838444000140","3","1","00000000000000","","","","0005","","0","E","","","04","","01","22","03","","99","","","","","","","","","20210723","1","","","","","","0","0","1","0","0","0","1","0","0","0","0","0","0","0",0,0,0,"0",0,0,0,0,0,0,0,0,0,0,0,0,0,0,"0",0,1,0,0,0,0,0,0,0,0,0,0,0,0,0,0,"1",0,0,0,"0",0,0,0,0,"0",0,0,0,0,0,0,0,0,0,0,0,0,0,0,0,"0","0","1","0","0","0","0","0","0","0","0","0","0","0","0","0","0","0","0","0","0","0","0","0","1","0","0","0","1","1","0","0","0","0","0","0","0","0","0","0","0","0","0","0","0","0","0","0","0","0","0","1","0","0","0","1","0","0","0","0","0","0","0","0","0","0","0","0","0","0","0","0","0","0","0","0","0","0","0","0","0","0","0","0","0","0","0","0","0","0","0","0","1","202107","202204","2062"
"0839345","530010","71907720","41500900000185","3","1","00000000000000","","","","","","0","E","","","04","","03","22","03","","99","","","","","","","","RLE 53202436938","20210704","1","","","","","","0","0","1","0","0","0","1","0","0","0","0","0","0","0",0,0,0,"0",0,0,0,0,0,0,0,0,0,0,0,0,0,0,"0",0,0,0,0,0,0,0,0,1,0,0,0,0,0,0,0,"1",0,0,0,"0",0,0,0,0,"0",0,0,0,0,0,0,0,0,0,0,0,0,0,0,0,"0","0","1","0","0","0","0","0","1","0","0","0","0","0","0","0","0","0","0","1","0","0","0","0","1","1","1","0","1","1","0","0","0","0","0","0","0","0","0","0","0","0","0","0","0","0","0","0","0","0","0","1","0","0","0","1","0","0","0","0","0","0","0","0","0","0","0","0","0","0","0","0","0","0","0","0","0","0","0","0","0","0","0","0","0","0","0","0","0","0","0","0","1","202202","202204","2062"
"0839361","530010","72610321","32265162000148","3","1","00000000000000","","","","0130","","0","E","","","04","","01","22","03","","99","","","","","","","","DFP1800120837","20210709","1","","","","","","0","0","1","0","0","0","1","0","0","0","0","0","0","0",0,0,0,"0",0,0,0,0,0,0,0,0,0,0,0,0,0,0,"0",0,0,0,0,0,0,0,0,1,0,0,0,0,0,0,0,"1",0,0,0,"0",0,0,0,0,"0",0,0,0,0,0,0,0,0,0,0,0,0,0,0,0,"0","0","1","0","0","0","0","0","0","0","0","0","0","0","0","0","0","0","0","0","0","0","0","0","1","0","0","0","1","1","0","0","0","0","0","0","0","0","0","0","0","0","0","0","0","0","0","0","0","0","0","1","0","0","0","0","0","0","0","0","0","0","0","0","0","0","0","0","0","0","0","0","0","0","0","0","0","0","0","0","0","0","0","0","0","0","0","0","0","0","0","0","1","202107","202204","2062"
"0840122","530010","72215170","10425112000148","3","1","00000000000000","","","","","","0","E","","","04","","","22","03","","99","","","","","","","","","","","","","","","","0","0","1","0","0","0","1","0","0","0","0","0","0","0",0,0,0,"0",0,0,0,0,0,0,0,0,0,0,0,0,0,0,"0",0,1,0,0,0,0,0,0,0,0,0,0,0,0,0,0,"1",0,0,0,"0",0,0,0,0,"0",0,0,0,0,0,0,0,0,0,0,0,0,0,0,0,"0","0","0","0","0","0","0","0","0","0","0","0","0","0","0","0","0","0","0","0","0","0","0","0","0","0","0","0","1","1","0","0","0","0","0","0","0","0","0","0","0","0","0","0","0","0","0","0","0","0","0","1","0","0","0","1","0","0","0","0","0","0","0","0","0","0","0","0","0","0","0","0","0","0","0","0","0","0","0","0","0","0","0","0","0","0","0","0","0","0","0","0","1","202107","202204","2062"
"0842435","530010","70330400","17877149000318","3","1","00000000000000","","","","0015","","0","E","","","04","","01","36","03","","99","","","","","","","","LAB 0526-18","20210510","1","","","","","","0","0","1","0","0","0","1","0","0","0","0","0","0","0",0,0,0,"0",0,0,0,0,0,0,0,0,2,0,0,0,0,0,"1",0,0,0,3,0,0,0,0,0,0,0,0,0,0,0,0,"1",0,0,0,"0",0,0,0,0,"0",0,0,0,0,0,0,0,0,0,0,0,0,0,0,0,"0","0","1","0","0","0","0","0","0","0","0","0","0","0","0","0","0","0","0","0","0","0","0","0","1","1","0","0","1","1","0","0","0","0","0","0","0","0","0","0","0","0","0","0","0","0","0","0","0","0","0","0","0","0","0","0","0","0","1","0","0","1","1","0","0","0","0","0","0","0","0","0","0","0","0","0","0","0","0","0","0","0","0","0","0","0","0","0","0","0","0","0","1","202107","202204","2062"
"0842907","530010","70200700","40001925000171","3","1","00000000000000","","","","","","0","E","","","04","","03","22","03","","99","","","","","","","","EAS20951","20210714","1","","","","","","0","0","1","0","0","0","1","0","0","0","0","0","0","0",0,0,0,"0",0,0,0,0,0,0,0,0,0,0,0,0,0,0,"0",1,0,0,1,0,0,0,0,0,1,0,0,0,0,0,0,"1",0,0,0,"0",0,0,0,0,"0",0,0,0,0,0,0,0,0,0,0,0,0,0,0,0,"0","0","0","0","0","0","0","0","0","0","0","0","0","0","0","0","0","0","0","0","0","0","0","0","0","1","0","0","1","1","0","0","0","0","0","0","0","0","0","0","0","0","0","0","0","0","0","0","0","0","0","1","0","0","0","1","0","0","0","0","0","0","0","0","0","0","0","0","0","0","0","0","0","0","0","0","0","0","0","0","0","0","0","0","0","0","0","0","0","0","0","0","1","202107","202204","2062"
"0844047","530010","70770100","17672378000487","3","1","00000000000000","","","","","","0","E","","","04","","01","85","03","","99","","","","","","","","EAS.00834-02","20210723","1","","","","","","0","0","1","0","0","0","1","0","0","0","0","0","0","0",0,0,0,"0",0,0,0,0,0,0,0,0,0,0,0,0,0,0,"0",0,0,0,0,0,0,0,0,0,0,0,2,0,0,0,0,"1",0,0,0,"0",0,0,0,0,"0",0,0,0,0,0,0,0,0,0,0,0,0,0,0,0,"0","0","1","0","0","0","0","0","1","0","0","0","0","0","0","0","0","0","0","1","0","0","0","0","1","1","0","0","1","1","0","0","0","0","0","0","0","0","0","0","0","0","0","0","0","0","0","0","0","0","0","1","0","0","0","1","0","0","0","0","0","0","0","0","0","0","0","0","0","0","0","0","0","0","0","0","0","0","0","0","0","0","0","0","0","0","0","0","0","0","0","0","1","202112","202204","2062"
"0844365","530010","71930250","42336444000142","3","1","00000000000000","","","","","","0","E","","","04","","03","22","04","","99","","","","","","","","53202469321","20210623","2","","","","","","0","0","1","0","0","0","1","0","0","0","0","0","0","0",0,0,0,"0",0,0,0,0,0,0,0,0,0,0,0,0,0,0,"0",0,0,0,2,0,0,0,0,0,0,0,0,0,0,0,0,"1",0,0,0,"0",0,0,0,0,"0",0,0,0,0,0,0,0,0,0,0,0,0,0,0,0,"0","0","1","0","0","0","0","0","0","0","0","0","0","0","0","0","0","0","0","1","0","0","0","0","1","0","0","0","1","1","0","0","0","0","0","0","0","0","0","0","0","0","0","0","0","0","0","0","0","0","0","1","0","0","0","1","0","0","0","0","0","0","0","0","0","0","0","0","0","0","0","0","0","0","0","0","0","0","0","0","0","0","0","0","0","0","0","0","0","0","0","0","1","202107","202204","2062"
"0847704","530010","70390150","40225199000170","3","1","00000000000000","","","","0015","","0","E","","","04","","03","22","03","","99","","","","","","","","","","1","","","","","","0","0","1","0","0","0","1","0","0","0","0","0","0","0",0,0,0,"0",0,0,0,0,0,0,0,0,0,0,0,0,0,0,"0",0,1,0,0,0,0,0,0,0,0,0,0,0,0,0,0,"1",0,0,0,"0",0,0,0,0,"0",0,0,0,0,0,0,0,0,0,0,0,0,0,0,0,"0","0","1","0","0","0","0","0","0","0","0","0","0","0","0","0","0","0","0","0","0","0","0","0","1","0","0","0","1","1","0","0","0","0","0","0","0","0","0","0","0","0","0","0","0","0","0","0","0","0","0","1","0","0","0","0","0","0","0","0","0","0","0","0","0","0","0","0","0","0","0","0","0","0","0","0","0","0","0","0","0","0","0","0","0","0","0","0","0","0","0","0","1","202108","202204","2305"
"0849391","530010","70610440","41263295000176","3","1","00000000000000","","","","","","0","E","","","04","","03","36","03","","99","","","","","","","","53300023085","20210802","2","","","","","","0","0","1","0","0","0","1","0","0","0","0","0","0","0",0,0,0,"0",0,0,0,0,0,0,0,0,0,0,0,0,0,0,"0",0,2,0,2,0,0,0,0,0,0,0,0,0,0,0,0,"1",0,0,0,"0",0,0,0,0,"0",0,0,0,0,0,0,0,0,0,0,0,0,0,0,0,"0","0","0","0","0","0","0","0","0","0","0","0","0","0","0","0","0","0","0","1","0","0","0","0","1","1","0","0","1","1","0","0","0","0","0","0","0","0","0","0","0","0","0","0","0","0","0","0","0","0","0","1","0","0","0","1","0","0","0","0","0","0","0","0","0","0","0","0","0","0","0","0","0","0","0","0","0","0","0","0","0","0","0","0","0","0","0","0","0","0","0","0","1","202108","202204","2054"
"0851086","530010","70340907","34876535000223","3","1","00000000000000","","","","","","0","E","","","04","","03","22","03","","99","","","","","","","","53020018938","20210601","1","","","","","","0","0","1","0","0","0","1","0","0","0","0","0","0","0",0,0,0,"0",0,0,0,0,0,0,0,0,0,0,0,0,0,0,"0",0,0,0,2,0,0,0,0,0,0,0,0,0,0,0,0,"1",0,0,0,"0",0,0,0,0,"0",0,0,0,0,0,0,0,0,0,0,0,0,0,0,0,"0","0","0","0","0","0","0","0","0","0","0","0","0","0","0","0","0","0","0","0","0","0","0","0","0","1","0","0","1","1","0","0","0","0","0","0","0","0","0","0","0","0","0","0","0","0","0","0","0","0","0","1","0","0","0","1","0","0","0","0","0","0","0","0","0","0","0","0","0","0","0","0","0","0","0","0","0","0","0","0","0","0","0","0","0","0","0","0","0","0","0","0","1","202108","202204","2062"
"0852872","530010","71918000","20402203000111","3","1","00000000000000","","","","9901","61","0","E","","","04","","03","22","04","","99","","","","","","","","RLE DIGITAL","20210528","1","","","","","","0","0","1","0","0","0","1","0","0","0","0","0","0","0",0,0,0,"0",0,0,0,0,0,0,0,0,0,0,0,0,0,0,"0",0,0,0,3,0,0,0,0,0,0,0,0,0,0,0,0,"1",0,0,0,"0",0,0,0,0,"0",0,0,0,0,0,0,0,0,0,0,0,0,0,0,0,"0","0","0","0","0","0","0","0","0","0","0","0","0","0","0","0","0","0","0","0","0","0","0","0","0","0","0","0","1","1","0","0","0","0","0","0","0","0","0","0","0","0","0","0","0","0","0","0","0","0","0","1","0","0","0","1","0","0","0","0","0","0","0","0","0","0","0","0","0","0","0","0","0","0","0","0","0","0","0","0","0","0","0","0","0","0","0","0","0","0","0","0","1","202108","202204","2305"
"0853372","530010","72150109","40990766000185","3","1","00000000000000","","","","0180","","0","E","","","04","","03","22","03","","99","","","","","","","","CERTIFICADO DE LICENCIAME","20210225","1","","","","","","0","0","1","0","0","0","1","0","0","0","0","0","0","0",0,0,0,"0",0,0,0,0,0,0,0,0,0,0,0,0,0,0,"0",0,0,0,0,0,0,0,0,1,0,0,0,0,0,0,0,"1",0,0,0,"0",0,0,0,0,"0",0,0,0,0,0,0,0,0,0,0,0,0,0,0,0,"0","0","1","0","0","0","0","0","0","0","0","0","0","0","0","0","0","0","0","0","0","0","0","0","1","0","0","0","1","1","0","0","0","0","0","0","0","0","0","0","0","0","0","0","0","0","0","0","0","0","0","1","0","0","0","0","0","0","0","0","0","0","0","0","0","0","0","0","0","0","0","0","0","0","0","0","0","0","0","0","0","0","0","0","0","0","0","0","0","0","0","0","1","202108","202204","2305"
"0854786","530010","70340907","20983385000161","3","1","00000000000000","","","","0015","","0","E","","","04","","03","22","03","","99","","","","","","","","CERTIF. DE LICENCIAMENTO","20210802","1","","","","","","0","0","1","0","0","0","1","0","0","0","0","0","0","0",0,0,0,"0",0,0,0,0,0,0,0,0,0,0,0,0,0,0,"0",0,0,0,0,0,0,0,0,1,0,0,0,0,0,0,0,"1",0,0,0,"0",0,0,0,0,"0",0,0,0,0,0,0,0,0,0,0,0,0,0,0,0,"0","0","1","0","0","0","0","0","0","0","0","0","0","0","0","0","0","0","0","0","0","0","0","0","1","1","1","0","1","1","0","0","0","0","0","0","0","0","0","0","0","0","0","0","0","0","0","0","0","0","0","1","0","0","0","0","0","0","0","0","0","0","0","0","0","0","0","0","0","0","0","0","0","0","0","0","0","0","0","0","0","0","0","0","0","0","0","0","0","0","0","0","1","202201","202204","2062"
"0855278","530010","70770560","42812294000104","3","1","00000000000000","","","","","","0","E","","","04","","01","22","03","","99","","","","","","","","NIRE - 532024888222","20210721","1","","","","","","0","0","1","0","0","0","1","0","0","0","0","0","0","0",0,0,0,"0",0,0,0,0,0,0,0,0,0,0,0,0,0,0,"0",0,0,0,1,0,0,0,0,0,0,0,0,0,0,0,0,"1",0,0,0,"0",0,0,0,0,"0",0,0,0,0,0,0,0,0,0,0,0,0,0,0,0,"0","0","1","0","0","0","0","0","0","0","0","0","0","0","0","0","0","0","0","1","0","0","0","0","1","0","0","0","1","1","0","0","0","0","0","0","0","0","0","0","0","0","0","0","0","0","0","0","0","0","0","1","0","0","0","0","0","0","0","0","0","0","0","0","0","0","0","0","0","0","0","0","0","0","0","0","0","0","0","0","0","0","0","0","0","0","0","0","0","0","0","0","1","202108","202204","2062"
"0857548","530010","70340908","37668034000169","3","1","00000000000000","","","","0015","","0","E","","","04","","03","22","03","","99","","","","","","","","CERTIF. DE LICENCIAMENTO","20200311","1","","","","","","0","0","1","0","0","0","1","0","0","0","0","0","0","0",0,0,0,"0",0,0,0,0,0,0,0,0,0,0,0,0,0,0,"0",0,0,0,1,0,0,0,0,0,0,0,0,0,0,0,0,"1",0,0,0,"0",0,0,0,0,"0",0,0,0,0,0,0,0,0,0,0,0,0,0,0,0,"0","0","1","0","0","0","0","0","0","0","0","0","0","0","0","0","0","0","0","0","0","0","0","0","1","0","0","0","1","1","0","0","0","0","0","0","0","0","0","0","0","0","0","0","0","0","0","0","0","0","0","1","0","0","0","0","0","0","0","0","0","0","0","0","0","0","0","0","0","0","0","0","0","0","0","0","0","0","0","0","0","0","0","0","0","0","0","0","0","0","0","0","1","202201","202204","2062"
"0857637","530010","70200760","41964929000118","3","1","00000000000000","","","","","","0","E","","","04","","03","22","04","","99","","","","","","","","CNAE 8650-0/04","20210517","1","","","","","","0","0","1","0","0","0","1","0","0","0","0","0","0","0",0,0,0,"0",0,0,0,0,0,0,0,0,0,0,0,0,0,0,"0",0,0,0,1,0,0,0,0,0,0,0,0,0,0,0,0,"1",0,0,0,"0",0,0,0,0,"0",0,0,0,0,0,0,0,0,0,0,0,0,0,0,0,"0","0","0","0","0","0","0","0","0","0","0","0","0","0","0","0","0","0","0","0","0","0","0","0","0","0","0","0","1","1","0","0","0","0","0","0","0","0","0","0","0","0","0","0","0","0","0","0","0","0","0","0","0","0","0","1","0","0","0","0","0","0","0","0","0","0","0","0","0","0","0","0","0","0","0","0","0","0","0","0","0","0","0","0","0","0","0","0","0","0","0","0","1","202108","202204","2135"
"0857734","530010","70200002","40498864000108","3","1","00000000000000","","","","0010","","0","E","","","04","","03","36","03","","99","","","","","","","","CERTIFICADO LICENCIAMENTO","20210125","1","","","","","","0","0","1","0","0","0","1","0","0","0","0","0","0","0",0,0,0,"0",0,0,0,0,0,0,0,0,0,0,0,0,0,0,"0",0,0,0,1,0,0,0,0,0,0,0,0,0,0,0,0,"1",0,0,0,"0",0,0,0,0,"0",0,0,0,0,0,0,0,0,0,0,0,0,0,0,0,"0","0","1","0","0","0","0","0","0","0","1","0","0","0","0","0","0","0","0","0","0","0","0","0","1","0","0","0","1","1","0","0","0","0","0","0","0","0","0","0","0","0","0","0","0","0","0","0","0","0","0","1","0","0","0","0","0","0","0","0","0","0","0","0","0","0","0","0","0","0","0","0","0","0","0","0","0","0","0","0","0","0","0","0","0","0","0","0","0","0","0","0","1","202201","202204","2135"
"0857793","530010","70673632","00052929620404","1","1","00000000000000","","","","","","0","E","","","04","","01","22","03","","99","","","","","","","","ODO.00049-07","20210729","1","","","","","","0","0","1","0","0","0","1","0","0","0","0","0","0","0",0,0,0,"0",0,0,0,0,0,0,0,0,0,0,0,0,0,0,"0",0,0,0,0,0,0,0,0,1,0,0,0,0,0,0,0,"1",0,0,0,"0",0,0,0,0,"0",0,0,0,0,0,0,0,0,0,0,0,0,0,0,0,"0","0","1","0","0","0","0","0","1","0","0","0","0","0","0","0","0","0","0","0","0","0","0","0","1","1","0","0","1","1","0","0","0","0","0","0","0","0","0","0","0","0","0","0","0","0","0","0","0","0","0","1","0","0","0","0","0","0","0","0","0","0","0","0","0","0","0","0","0","0","0","0","0","0","0","0","0","0","0","0","0","0","0","0","0","0","0","0","0","0","0","0","1","202108","202204","4000"
"0857971","530010","71540135","36581235000161","3","1","00000000000000","","","","0010","","0","E","","","04","","03","22","03","","99","","","","","","","","CERTIF. DE LICENCIAMENTO","20200311","1","","","","","","0","0","1","0","0","0","1","0","0","0","0","0","0","0",0,0,0,"0",0,0,0,0,0,0,0,0,0,0,0,0,0,0,"0",0,1,0,0,0,0,0,0,0,0,0,0,0,0,0,0,"1",0,0,0,"0",0,0,0,0,"0",0,0,0,0,0,0,0,0,0,0,0,0,0,0,0,"0","0","1","0","0","0","0","0","0","0","0","0","0","0","0","0","0","0","0","0","0","0","0","0","1","0","0","0","1","1","0","0","0","0","0","0","0","0","0","0","0","0","0","0","0","0","0","0","0","0","0","1","0","0","0","0","0","0","0","0","0","0","0","0","0","0","0","0","0","0","0","0","0","0","0","0","0","0","0","0","0","0","0","0","0","0","0","0","0","0","0","0","1","202201","202204","2062"
"0858021","530010","71060280","10463637000178","3","1","00000000000000","","","","0070","","0","E","","","04","","03","22","03","","99","","","","","","","","CERTIF. DE LICENCIAMENTO","20200929","1","","","","","","0","0","1","0","0","0","1","0","0","0","0","0","0","0",0,0,0,"0",0,0,0,0,0,0,0,0,0,0,0,0,0,0,"0",0,0,0,1,0,0,0,0,0,0,0,0,0,0,0,0,"1",0,0,0,"0",0,0,0,0,"0",0,0,0,0,0,0,0,0,0,0,0,0,0,0,0,"0","0","1","0","0","0","0","0","0","0","0","0","0","0","0","0","0","0","0","0","0","0","0","0","1","0","0","0","1","1","0","0","0","0","0","0","0","0","0","0","0","0","0","0","0","0","0","0","0","0","0","1","0","0","0","0","0","0","0","0","0","0","0","0","0","0","0","0","0","0","0","0","0","0","0","0","0","0","0","0","0","0","0","0","0","0","0","0","0","0","0","0","1","202201","202204","2062"
"0859095","530010","71907720","32545653000142","3","1","00000000000000","","","","9901","","0","E","","","04","","01","36","03","","99","","","","","","","","EAS.00200-22/2021","20210728","2","","","","","","0","0","1","0","0","0","1","0","0","0","0","0","0","0",0,0,0,"0",0,0,0,0,0,0,0,0,0,0,0,0,0,0,"0",3,0,0,0,0,0,0,0,0,0,0,0,0,0,0,0,"1",0,0,0,"0",0,0,0,0,"0",0,0,0,0,0,0,0,0,0,0,0,0,0,0,0,"0","0","0","0","0","0","0","0","0","0","0","0","0","0","0","0","0","0","0","0","0","0","0","0","0","0","1","0","1","1","0","0","0","0","0","0","0","0","0","0","0","0","0","0","0","0","0","0","0","0","0","1","0","0","0","1","0","0","0","0","0","0","0","0","0","0","0","0","0","0","0","0","0","0","0","0","0","0","0","0","0","0","0","0","0","0","0","0","0","0","0","0","1","202108","202204","2062"
"0860093","530010","71901020","42158700000159","3","1","00000000000000","","","","","","0","E","","","04","","03","22","03","","99","","","","","","","","LICENCA JUNTA 53202462955","20210601","1","","","","","","0","0","1","0","0","0","1","0","0","0","0","0","0","0",0,0,0,"0",0,0,0,0,0,0,0,0,0,0,0,0,0,0,"0",5,0,0,0,0,0,0,0,0,0,0,0,0,0,0,0,"1",0,0,0,"0",0,0,0,0,"0",0,0,0,0,0,0,0,0,0,0,0,0,0,0,0,"0","0","1","0","0","0","0","0","0","0","0","0","0","0","0","0","0","0","0","0","0","0","0","0","1","0","0","0","1","1","0","0","0","0","0","0","0","0","0","0","0","0","0","0","0","0","0","0","0","0","0","0","0","0","0","1","0","0","0","0","0","0","0","0","0","0","0","0","0","0","0","0","0","0","0","0","0","0","0","0","0","0","0","0","0","0","0","0","0","0","0","0","1","202108","202204","2062"
"0860611","530010","70390150","42278757000191","3","1","00000000000000","","","","0015","","0","E","","","04","","01","04","03","","99","","","","","","","","532002466977","20210719","1","","","","","","0","0","1","0","0","0","1","0","0","0","0","0","0","0",0,0,0,"0",0,0,0,0,0,0,0,0,0,0,0,0,0,0,"0",0,1,0,0,0,0,0,0,0,0,0,0,0,0,0,0,"1",0,0,0,"0",0,0,0,0,"0",0,0,0,0,0,0,0,0,0,0,0,0,0,0,0,"0","0","1","0","0","0","0","0","0","0","0","0","0","0","0","0","0","0","0","0","0","0","0","0","1","0","0","0","1","1","0","0","0","0","0","0","0","0","0","0","0","0","0","0","0","0","0","0","0","0","0","1","0","0","0","1","0","0","0","0","0","0","0","0","0","0","0","0","0","0","0","0","0","0","0","0","0","0","0","0","0","0","0","0","0","0","0","0","0","0","0","0","1","202108","202204","2062"
"0862479","530010","70390908","04712073000329","3","1","00000000000000","","","","0010","","0","E","","","04","","03","36","03","","99","","","","","","","","EAS.05264","20210401","1","","","","","","0","0","1","0","0","0","1","0","0","0","0","0","0","0",0,0,0,"0",0,0,0,0,0,0,0,0,0,0,0,0,0,0,"0",0,3,0,0,0,0,0,0,0,0,0,0,0,0,0,0,"1",0,0,0,"0",0,0,0,0,"0",0,0,0,0,0,0,0,0,0,0,0,0,0,0,0,"0","0","1","0","0","0","0","0","1","0","0","0","0","0","0","0","0","1","0","1","0","0","0","0","1","1","0","0","1","1","0","0","0","0","0","0","0","0","0","0","0","0","0","0","0","0","0","0","0","0","0","1","0","0","0","1","0","0","0","0","0","0","0","0","0","0","0","0","0","0","0","0","0","0","0","0","0","0","0","0","0","0","0","0","0","0","0","0","0","0","0","0","1","202108","202204","2062"
"0862959","530010","70712000","42003787000195","3","1","00000000000000","","","","","","0","E","","","04","","03","22","03","","99","","","","","","","","53109022805","20210618","2","","","","","","0","0","1","0","0","0","1","0","0","0","0","0","0","0",0,0,0,"0",0,0,0,0,0,0,0,0,0,0,0,0,0,0,"0",0,0,0,0,0,0,0,0,1,0,0,0,0,0,0,0,"1",0,0,0,"0",0,0,0,0,"0",0,0,0,0,0,0,0,0,0,0,0,0,0,0,0,"0","0","1","0","0","0","0","0","0","0","0","0","0","0","0","0","0","0","0","0","0","0","0","0","1","1","0","0","1","1","0","0","0","0","0","0","0","0","0","0","0","0","0","0","0","0","0","0","0","0","0","1","0","0","0","1","0","0","0","0","0","0","0","0","0","0","0","0","0","0","0","0","0","0","0","0","0","0","0","0","0","0","0","0","0","0","0","0","0","0","0","0","1","202108","202204","2062"
"0863017","530010","70673416","11738951000189","3","1","00000000000000","","","","","","0","E","","","04","","03","36","03","","99","","","","","","","","53201624170","20210811","1","","","","","","0","0","1","0","0","0","1","0","0","0","0","0","0","0",0,0,0,"0",0,0,0,0,0,0,0,0,0,0,0,0,0,0,"0",0,3,0,0,0,0,0,0,0,0,0,0,0,0,0,0,"1",0,0,0,"0",0,0,0,0,"0",0,0,0,0,0,0,0,0,0,0,0,0,0,0,0,"0","0","1","0","0","0","0","0","0","0","0","0","0","0","0","0","0","0","0","0","0","0","0","0","1","0","0","0","1","1","0","0","0","0","0","0","0","0","0","0","0","0","0","0","0","0","0","0","0","0","0","1","0","0","0","1","0","0","0","0","0","0","0","0","0","0","0","0","0","0","0","0","0","0","0","0","0","0","0","0","0","0","0","0","0","0","0","0","0","0","0","0","1","202202","202204","2062"
"0864188","530010","70719903","41211009000129","3","1","00000000000000","","","","","","0","E","","","04","","03","36","03","","99","","","","","","","","EAS 00810-02/2021","20210714","1","","","","","","0","0","1","0","0","0","1","0","0","0","0","0","0","0",0,0,0,"0",0,0,0,0,0,0,0,0,0,0,0,0,0,0,"0",2,0,0,1,0,0,0,0,0,0,0,0,0,0,0,0,"1",0,0,0,"0",0,0,0,0,"0",0,0,0,0,0,0,0,0,0,0,0,0,0,0,0,"0","0","1","0","0","0","0","0","0","0","0","0","0","0","0","0","0","0","0","1","0","0","0","0","1","1","0","0","1","1","0","0","0","0","0","0","0","0","0","0","0","0","0","0","0","0","0","0","0","0","0","1","0","0","0","1","0","0","0","0","0","0","0","0","0","0","0","0","0","0","0","0","0","0","0","0","0","0","0","0","0","0","0","0","0","0","0","0","0","0","0","0","1","202108","202204","2062"
"0864978","530010","72025535","36577947000107","3","1","00000000000000","","","","0180","","0","E","","","04","","01","36","01","","99","","","","","","","","LICENCA DEFUNCIONAMENTO","20210226","1","","","","","","0","0","1","0","0","0","1","0","0","0","0","0","0","0",0,0,0,"0",0,0,0,0,0,0,0,0,0,0,0,0,0,0,"0",0,1,0,0,0,0,0,0,0,0,0,0,0,0,0,0,"1",0,0,0,"0",0,0,0,0,"0",0,0,0,0,0,0,0,0,0,0,0,0,0,0,0,"0","0","1","0","0","0","0","0","0","0","0","0","0","0","0","0","0","0","0","0","0","0","0","0","1","0","0","0","1","1","0","0","0","0","0","0","0","0","0","0","0","0","0","0","0","0","0","0","0","0","0","1","0","0","0","0","0","0","0","0","0","0","0","0","0","0","0","0","0","0","0","0","0","0","0","0","0","0","0","0","0","0","0","0","0","0","0","0","0","0","0","0","1","202108","202204","3999"
"0865494","530010","70830350","32726568000180","3","1","00000000000000","","","","0005","61","0","E","","","04","","03","36","04","","99","","","","","","","","RLE DIGITAL","20200114","1","","","","","","0","0","1","0","0","0","1","0","0","0","0","0","0","0",0,0,0,"0",0,0,0,0,0,0,0,0,0,0,0,0,0,0,"0",0,2,0,0,0,0,0,0,0,0,0,0,0,0,0,0,"1",0,0,0,"0",0,0,0,0,"0",0,0,0,0,0,0,0,0,0,0,0,0,0,0,0,"0","0","0","1","0","0","0","0","0","0","0","0","0","0","0","0","0","0","0","1","0","0","0","0","1","0","0","0","1","1","0","0","0","0","0","0","0","0","0","0","0","0","0","0","0","0","0","0","0","0","0","1","0","0","0","1","0","0","0","0","0","0","0","0","0","0","0","0","0","0","0","0","0","0","0","0","0","0","0","0","0","0","0","0","0","0","0","0","0","0","0","0","1","202108","202204","2062"
"0865729","530010","70340908","34101822000180","3","1","00000000000000","","","","","","0","E","","","04","","01","36","03","","99","","","","","","","","ODO.01848-01","20210612","1","","","","","","0","0","1","0","0","0","1","0","0","0","0","0","0","0",0,0,0,"0",0,0,0,0,0,0,0,0,0,0,0,0,0,0,"0",0,0,0,0,0,0,0,0,4,0,0,0,0,0,0,0,"1",0,0,0,"0",0,0,0,0,"0",0,0,0,0,0,0,0,0,0,0,0,0,0,0,0,"0","0","1","0","0","0","0","0","1","0","0","0","0","0","0","0","0","0","0","0","0","0","0","0","1","1","0","0","1","1","0","0","0","0","0","0","0","0","0","0","0","0","0","0","0","0","0","0","0","0","0","1","0","0","0","1","0","0","0","0","0","0","0","0","0","0","0","0","0","0","0","0","0","0","0","0","0","0","0","0","0","0","0","0","0","0","0","0","0","0","0","0","1","202108","202204","2305"
"0865982","530010","70390150","09331272000815","3","1","00000000000000","","","","","","0","E","","","04","","03","39","03","","99","","","","","","","","","","","","","","","","0","0","1","0","0","0","1","0","0","0","0","0","0","0",0,0,0,"0",0,0,0,0,0,0,0,0,0,0,0,0,0,0,"0",0,0,0,0,0,0,0,0,0,0,0,0,0,0,0,0,"0",0,0,0,"0",0,0,0,0,"0",0,0,0,0,0,0,0,0,0,0,0,0,0,0,0,"0","0","0","0","0","0","0","0","0","0","0","0","0","0","0","0","0","0","0","0","0","0","0","0","0","1","1","0","1","1","0","0","0","0","0","0","0","0","0","0","0","0","0","0","0","0","0","0","0","0","0","1","0","0","0","1","0","0","1","0","0","0","1","0","0","0","0","0","0","0","0","0","0","0","0","0","0","0","0","0","0","0","0","0","0","0","0","0","0","0","0","0","1","202108","202204","2062"
"0867381","530010","72318583","00076980154168","1","1","00000000000000","","","","0140","","0","E","","","04","","01","22","03","","99","","","","","","","","8/2021 - RA-SAM","20210626","1","","","","","","0","0","1","0","0","0","1","0","0","0","0","0","0","0",0,0,0,"0",0,0,0,0,0,0,0,0,0,0,0,0,0,0,"0",1,0,0,0,0,0,0,0,0,0,0,0,0,0,0,0,"1",0,0,0,"0",0,0,0,0,"0",0,0,0,0,0,0,0,0,0,0,0,0,0,0,0,"0","0","1","0","0","0","0","0","0","0","0","0","0","0","0","0","0","0","0","0","0","0","0","0","1","0","0","0","1","1","0","0","0","0","0","0","0","0","0","0","0","0","0","0","0","0","0","0","0","0","0","1","0","0","0","1","0","0","0","0","0","0","0","0","0","0","0","0","0","0","0","0","0","0","0","0","0","0","0","0","0","0","0","0","0","0","0","0","0","0","0","0","1","202108","202204","4000"
"0868442","530010","72120440","42914708000106","3","1","00000000000000","","","","0180","","0","E","","","04","","01","22","03","","99","","","","","","","","53202492714","20210802","1","","","","","","0","0","1","0","0","0","1","0","0","0","0","0","0","0",0,0,0,"0",0,0,0,0,0,0,0,0,0,0,0,0,0,0,"0",0,0,0,1,0,0,0,0,0,0,0,0,0,0,0,0,"1",0,0,0,"0",0,0,0,0,"0",0,0,0,0,0,0,0,0,0,0,0,0,0,0,0,"0","0","1","0","0","0","0","0","0","0","0","0","0","0","0","0","0","0","0","0","0","0","0","0","1","1","0","0","1","1","0","0","0","0","0","0","0","0","0","0","0","0","0","0","0","0","0","0","0","0","0","1","0","0","0","1","0","0","0","0","0","0","0","0","0","0","0","0","0","0","0","0","0","0","0","0","0","0","0","0","0","0","0","0","0","0","0","0","0","0","0","0","1","202108","202204","2062"
"0869929","530010","72302500","00057005044215","1","1","00000000000000","","","","","","0","E","","","04","","03","22","04","","99","","","","","","","","ODO 00097-18/2021","20210428","1","","","","","","0","0","1","0","0","0","1","0","0","0","0","0","0","0",0,0,0,"0",0,0,0,0,0,0,0,0,0,0,0,0,0,0,"0",0,0,0,0,0,0,0,0,2,0,0,0,0,0,0,0,"1",0,0,0,"0",0,0,0,0,"0",0,0,0,0,0,0,0,0,0,0,0,0,0,0,0,"0","0","1","0","0","0","0","0","0","0","0","0","0","0","0","0","0","0","0","0","0","0","0","0","1","1","0","0","1","1","0","0","0","0","0","0","0","0","0","0","0","0","0","0","0","0","0","0","0","0","0","1","0","0","0","1","0","0","0","0","0","0","0","0","0","0","0","0","0","0","0","0","0","0","0","0","0","0","0","0","0","0","0","0","0","0","0","0","0","0","0","0","1","202108","202204","4000"
"0869961","530010","70275510","06626253122508","3","1","00000000000000","","","","0015","","0","E","","","04","","01","43","04","","99","","","","","","","","","","","","","","","","0","0","1","0","0","0","1","0","0","0","0","0","0","0",0,0,0,"0",0,0,0,0,0,0,0,0,0,0,0,0,0,0,"0",0,0,0,1,0,0,0,0,0,0,0,1,0,0,0,0,"1",0,0,0,"0",0,0,0,0,"0",0,0,0,0,0,0,0,0,0,0,0,0,0,0,0,"0","0","0","0","0","0","1","0","0","0","0","0","0","0","0","0","0","0","0","0","0","0","0","0","1","1","1","0","1","1","0","0","0","0","0","0","0","0","0","0","0","0","0","0","0","0","0","0","0","0","0","1","0","0","0","0","0","0","0","0","0","0","0","0","0","0","0","0","0","0","0","0","0","0","0","0","0","0","0","0","0","0","0","0","0","0","0","0","0","0","0","0","1","202108","202204","2046"
"0869996","530010","70757510","06626253033750","3","1","00000000000000","","","","0005","","0","E","","","04","","01","43","04","","99","","","","","","","","","","","","","","","","0","0","1","0","0","0","1","0","0","0","0","0","0","0",0,0,0,"0",0,0,0,0,0,0,0,0,0,0,0,0,0,0,"0",0,0,0,0,0,0,0,0,0,0,0,1,0,0,0,0,"1",0,0,0,"0",0,0,0,0,"0",0,0,0,0,0,0,0,0,0,0,0,0,0,0,0,"0","0","0","0","0","0","1","0","0","0","0","0","0","0","0","0","0","0","0","0","0","0","0","0","1","1","1","0","1","1","0","0","0","0","0","0","0","0","0","0","0","0","0","0","0","0","0","0","0","0","0","1","0","0","0","0","0","0","0","0","0","0","0","0","0","0","0","0","0","0","0","0","0","0","0","0","0","0","0","0","0","0","0","0","0","0","0","0","0","0","0","0","1","202108","202204","2046"
"0872911","530010","71931720","35741318000108","3","1","00000000000000","","","","9901","","0","E","","","04","","03","36","05","","99","","","","","","","","","","","","","","","","0","0","1","0","0","0","1","0","0","0","0","0","0","0",0,0,0,"0",0,0,0,0,0,0,0,0,0,0,0,0,0,0,"0",0,1,0,0,0,0,0,0,0,0,0,0,0,0,0,0,"1",0,0,0,"0",0,0,0,0,"0",0,0,0,0,0,0,0,0,0,0,0,0,0,0,0,"0","0","1","1","0","0","0","0","0","0","0","0","0","0","0","0","0","0","0","0","0","0","0","0","1","1","1","0","1","1","0","0","0","0","0","0","0","0","0","0","0","0","0","0","0","0","0","0","0","0","0","1","0","0","0","0","0","0","0","0","0","0","0","0","0","0","0","0","0","0","0","0","0","0","0","0","0","0","0","0","0","0","0","0","0","0","0","0","0","0","0","0","1","202108","202204","2062"
"0872962","530010","71919540","42642834000140","3","1","00000000000000","","","","9901","","0","E","","","04","","01","22","03","","99","","","","","","","","EAS.548792021","20210712","1","","","","","","0","0","1","0","0","0","1","0","0","0","0","0","0","0",0,0,0,"0",0,0,0,0,0,0,0,0,0,0,0,0,0,0,"0",0,0,0,1,0,0,0,0,0,0,0,0,0,0,0,0,"1",0,0,0,"0",0,0,0,0,"0",0,0,0,0,0,0,0,0,0,0,0,0,0,0,0,"0","0","1","0","0","0","0","0","0","0","0","0","0","0","0","0","0","0","0","0","0","0","0","0","1","1","0","0","1","1","0","0","0","0","0","0","0","0","0","0","0","0","0","0","0","0","0","0","0","0","0","1","0","0","0","1","0","0","0","0","0","0","0","0","0","0","0","0","0","0","0","0","0","0","0","0","0","0","0","0","0","0","0","0","0","0","0","0","0","0","0","0","1","202108","202204","2062"
"0873004","530010","72420280","37697340000123","3","1","00000000000000","","","","","","0","E","","","04","","03","22","03","","99","","","","","","","","53020002599","20210406","1","","","","","","0","0","1","0","0","0","1","0","0","0","0","0","0","0",0,0,0,"0",0,0,0,0,0,0,0,0,0,0,0,0,0,0,"0",0,0,0,0,0,0,0,0,2,0,0,0,0,0,0,0,"1",0,0,0,"0",0,0,0,0,"0",0,0,0,0,0,0,0,0,0,0,0,0,0,0,0,"0","0","1","0","0","0","0","0","0","0","0","0","0","0","0","0","0","0","0","0","0","0","0","0","1","1","0","0","1","1","0","0","0","0","0","0","0","0","0","0","0","0","0","0","0","0","0","0","0","0","0","1","0","0","0","1","0","0","0","0","0","0","0","0","0","0","0","0","0","0","0","0","0","0","0","0","0","0","0","0","0","0","0","0","0","0","0","0","0","0","0","0","1","202108","202204","2305"
"0873055","530010","73035090","10866056000187","3","1","00000000000000","","","","","","0","E","","","04","","03","36","04","","99","","","","","","","","53090578021","20210503","1","","","","","","0","0","1","0","0","0","1","0","0","0","0","0","0","0",0,0,0,"0",0,0,0,0,0,0,0,0,0,0,0,0,0,0,"0",0,0,0,3,0,0,0,0,0,0,0,0,0,0,0,0,"1",0,0,0,"0",0,0,0,0,"0",0,0,0,0,0,0,0,0,0,0,0,0,0,0,0,"0","0","1","0","0","0","0","0","0","0","0","0","0","0","0","0","0","0","0","1","0","0","0","0","1","1","0","0","1","1","0","0","0","0","0","0","0","0","0","0","0","0","0","0","0","0","0","0","0","0","0","1","0","0","0","1","0","0","0","0","0","0","0","0","0","0","0","0","0","0","0","0","0","0","0","0","0","0","0","0","0","0","0","0","0","0","0","0","0","0","0","0","1","202109","202204","2062"
"0874094","530010","72115700","42920483000192","3","1","00000000000000","","","","0180","","0","E","","","04","","03","04","04","","99","001","12351","4525310","","","","","","","","","","","","","0","0","1","0","0","0","1","0","0","0","0","0","0","0",0,0,0,"0",0,0,0,0,0,0,0,0,0,0,0,0,0,0,"0",1,2,0,0,0,0,0,0,0,0,0,0,0,0,0,0,"1",0,0,0,"0",0,0,0,0,"0",0,0,0,0,0,0,0,0,0,0,0,0,0,0,0,"0","0","1","0","0","0","0","0","0","0","0","0","0","0","0","0","0","1","0","0","0","0","0","0","1","1","0","0","1","1","0","0","0","0","0","0","0","0","0","0","0","0","0","0","0","0","0","0","0","0","0","1","0","0","0","1","0","0","1","0","0","0","1","0","0","0","0","0","0","0","0","0","0","0","0","0","0","0","0","0","0","0","0","0","0","0","0","0","0","0","0","0","1","202108","202204","2062"
"0874388","530010","70710149","37620857000114","3","1","00000000000000","","","","","","0","E","","","04","","03","22","04","","99","","","","","","","","CERTIFICADO DE LICENCIAME","20200924","1","","","","","","0","0","1","0","0","0","1","0","0","0","0","0","0","0",0,0,0,"0",0,0,0,0,0,0,0,0,0,0,0,0,0,0,"0",0,0,0,1,0,0,0,0,0,0,0,0,0,0,0,0,"1",0,0,0,"0",0,0,0,0,"0",0,0,0,0,0,0,0,0,0,0,0,0,0,0,0,"0","0","0","0","0","0","0","0","0","0","0","0","0","0","0","0","0","0","0","0","0","0","0","0","0","0","0","0","1","1","0","0","0","0","0","0","0","0","0","0","0","0","0","0","0","0","0","0","0","0","0","1","0","0","0","0","0","0","0","0","0","0","0","0","0","0","0","0","0","0","0","0","0","0","0","0","0","0","0","0","0","0","0","0","0","0","0","0","0","0","0","0","1","202108","202204","2062"
"0874485","530010","70390150","38199245000162","3","1","00000000000000","","","","0015","","0","E","","","04","","03","36","01","","99","","","","","","","","EAS.2087501","20210104","1","","","","","","0","0","1","0","0","0","1","0","0","0","0","0","0","0",0,0,0,"0",0,0,0,0,0,0,0,0,0,0,0,0,0,0,"0",0,1,0,0,0,0,0,0,0,0,0,0,0,0,0,0,"1",1,0,0,"1",0,0,0,0,"0",0,0,0,0,0,0,0,0,0,0,0,0,0,0,0,"0","1","1","0","0","0","0","0","1","0","0","0","0","0","0","0","0","0","0","0","0","0","0","0","1","1","0","0","1","1","0","0","0","0","0","0","0","0","0","0","0","0","0","0","0","0","0","0","0","0","0","1","0","0","0","1","0","0","0","0","0","0","0","0","0","0","0","0","0","0","0","0","0","0","0","0","0","0","0","0","0","0","0","0","0","0","0","0","0","0","0","0","1","202109","202204","2062"
"0874515","530010","72145450","61486650111767","3","1","00000000000000","","","","","","0","E","","","04","","03","39","04","","99","","","","","","","","LAB 00024-15/2021","20210324","1","","","","","","0","0","1","0","0","0","1","0","0","0","0","0","0","0",0,0,0,"0",0,0,0,0,0,0,0,0,0,0,0,0,0,0,"0",0,1,0,0,0,0,0,0,0,0,0,1,0,0,0,0,"1",0,0,0,"0",0,0,0,0,"0",0,0,0,0,0,0,0,0,0,0,0,0,0,0,0,"0","0","0","0","0","0","0","0","0","0","0","0","0","0","0","0","0","0","0","1","0","0","0","0","1","1","0","0","1","1","0","0","0","0","0","0","0","0","0","0","0","0","0","0","0","0","0","0","0","0","0","0","0","0","0","0","0","0","1","0","0","0","1","0","0","0","0","0","0","0","0","0","0","0","0","0","0","0","0","0","0","0","0","0","0","0","0","0","0","0","0","0","1","202108","202204","2046"
"0874523","530010","70200650","00000000000000","3","3","00394700000108","","01","","0015","","1","E","","","04","","01","36","06","","99","","","","","","","","","","1","","","","","","0","0","1","0","0","0","1","0","0","0","0","0","0","0",0,0,0,"0",0,0,0,0,0,0,0,0,0,0,0,0,0,0,"0",0,0,0,0,0,0,0,0,0,0,0,0,0,0,0,0,"0",0,0,0,"0",0,0,0,0,"0",0,0,0,0,0,0,0,0,0,0,0,0,0,0,0,"0","0","0","0","0","0","1","0","0","0","0","0","0","0","0","0","0","0","0","0","0","0","0","0","1","0","0","0","1","1","0","0","0","0","0","0","0","0","0","0","0","0","0","0","0","0","0","0","0","0","1","0","0","0","0","0","0","0","0","0","0","0","0","0","0","0","0","0","0","0","0","0","0","0","0","0","0","0","0","0","0","0","0","0","0","0","0","0","0","0","0","0","1","202203","202204","1023"
"0874558","530010","70715900","40773909000105","3","1","00000000000000","","","","0005","","0","E","","","04","","01","22","03","","99","","","","","","","","53600473884","20210209","1","","","","","","0","0","1","0","0","0","1","0","0","0","0","0","0","0",0,0,0,"0",0,0,0,0,0,0,0,0,0,0,0,0,0,0,"0",0,1,0,0,0,0,0,0,0,0,0,0,0,0,0,0,"1",0,0,0,"0",0,0,0,0,"0",0,0,0,0,0,0,0,0,0,0,0,0,0,0,0,"0","0","1","0","0","0","0","0","0","0","0","0","0","0","0","0","0","0","0","0","0","0","0","0","1","0","0","0","1","1","0","0","0","0","0","0","0","0","0","0","0","0","0","0","0","0","0","0","0","0","0","1","0","0","0","0","0","0","0","0","0","0","0","0","0","0","0","0","0","0","0","0","0","0","0","0","0","0","0","0","0","0","0","0","0","0","0","0","0","0","0","0","1","202108","202204","2305"
"0874698","530010","70340000","36716718000126","3","1","00000000000000","","","","","","0","E","","","04","","03","22","03","","99","","","","","","","","2549-01 EAS","20210303","1","","","","","","0","0","1","0","0","0","1","0","0","0","0","0","0","0",0,0,0,"0",0,0,0,0,0,0,0,0,0,0,0,0,0,0,"0",0,1,0,0,0,0,0,0,0,0,0,0,0,0,0,0,"1",0,0,0,"0",0,0,0,0,"0",0,0,0,0,0,0,0,0,0,0,0,0,0,0,0,"0","0","1","0","0","0","0","0","0","0","0","0","0","0","0","0","0","0","0","0","0","0","0","0","1","0","0","0","1","1","0","0","0","0","0","0","0","0","0","0","0","0","0","0","0","0","0","0","0","0","0","1","0","0","0","1","0","0","0","0","0","0","0","0","0","0","0","0","0","0","0","0","0","0","0","0","0","0","0","0","0","0","0","0","0","0","0","0","0","0","0","0","1","202108","202204","2305"
"0875929","530010","71503505","40318316000140","3","1","00000000000000","","","","","","0","E","","","04","","03","22","04","","99","","","","","","","","53202398751","20220725","1","","","","","","0","0","1","0","0","0","1","0","0","0","0","0","0","0",0,0,0,"0",0,0,0,0,0,0,0,0,0,0,0,0,0,0,"0",0,0,0,0,0,0,0,0,1,0,0,0,0,0,0,0,"1",0,0,0,"0",0,0,0,0,"0",0,0,0,0,0,0,0,0,0,0,0,0,0,0,0,"0","0","0","0","0","0","0","0","0","0","0","0","0","0","0","0","0","0","0","0","0","0","0","0","0","0","0","0","1","1","0","0","0","0","0","0","0","0","0","0","0","0","0","0","0","0","0","0","0","0","0","1","0","0","0","0","0","0","0","0","0","0","0","0","0","0","0","0","0","0","0","0","0","0","0","0","0","0","0","0","0","0","0","0","0","0","0","0","0","0","0","0","1","202108","202204","2062"
"0876658","530010","72125010","40031760000180","3","1","00000000000000","","","","","","0","E","","","04","","01","04","03","","99","","","","","","","","2XCKEV","20210309","1","","","","","","0","0","1","0","0","0","1","0","0","0","0","0","0","0",0,0,0,"0",0,0,0,0,0,0,0,0,0,0,0,0,0,0,"0",2,1,0,2,0,0,0,0,0,0,0,0,0,0,0,0,"1",0,0,0,"0",0,0,0,0,"0",0,0,0,0,0,0,0,0,0,0,0,0,0,0,0,"0","0","1","0","0","0","0","0","0","0","0","0","0","0","0","0","0","0","0","0","0","0","0","0","1","1","0","0","1","1","0","0","0","0","0","0","0","0","0","0","0","0","0","0","0","0","0","0","0","0","0","1","0","0","0","0","0","0","0","0","0","0","0","0","0","0","0","0","0","0","0","0","0","0","0","0","0","0","0","0","0","0","0","0","0","0","0","0","0","0","0","0","1","202108","202204","2062"
"0876682","530010","70719903","41725188000112","3","1","00000000000000","","","","0005","","0","E","","","04","","01","36","04","","99","","","","","","","","","","","","","","","","0","0","1","0","0","0","1","0","0","0","0","0","0","0",0,0,0,"0",0,0,0,0,0,0,0,0,2,0,0,0,0,0,"1",0,0,0,0,0,0,0,0,2,0,0,0,0,0,0,0,"1",0,0,0,"0",0,0,0,0,"0",0,0,0,0,0,0,0,0,0,0,0,0,0,0,0,"0","0","1","0","0","0","0","0","0","0","0","0","0","0","0","0","0","0","0","0","0","0","0","0","1","1","0","0","1","1","0","0","0","0","0","0","0","0","0","0","0","0","0","0","0","0","0","0","0","0","0","1","0","0","0","1","0","0","0","0","0","0","0","0","0","1","0","0","0","1","0","0","0","0","0","0","0","0","0","0","0","0","0","0","0","0","0","0","0","0","0","0","1","202108","202204","2062"
"0876747","530010","70362540","06626253030573","3","1","00000000000000","","","","0015","","0","E","","","04","","01","43","04","","99","","","","","","","","","","","","","","","","0","0","1","0","0","0","1","0","0","0","0","0","0","0",0,0,0,"0",0,0,0,0,0,0,0,0,0,0,0,0,0,0,"0",0,0,0,0,0,0,0,0,0,0,0,1,0,0,0,0,"1",0,0,0,"0",0,0,0,0,"0",0,0,0,0,0,0,0,0,0,0,0,0,0,0,0,"0","0","0","0","0","0","1","0","0","0","0","0","0","0","0","0","0","0","0","0","0","0","0","0","1","1","1","0","1","1","0","0","0","0","0","0","0","0","0","0","0","0","0","0","0","0","0","0","0","0","0","1","0","0","0","0","0","0","0","0","0","0","0","0","0","0","0","0","0","0","0","0","0","0","0","0","0","0","0","0","0","0","0","0","0","0","0","0","0","0","0","0","1","202108","202204","2046"
"0876844","530010","70390904","61486650114863","3","1","00000000000000","","","","","","0","E","","","04","","03","39","04","","99","","","","","","","","LAB05746-01","20210806","1","","","","","","0","0","1","0","0","0","1","0","0","0","0","0","0","0",0,0,0,"0",0,0,0,0,0,0,0,0,0,0,0,0,0,0,"0",0,0,0,0,0,0,0,0,0,0,0,1,0,0,0,0,"1",0,0,0,"0",0,0,0,0,"0",0,0,0,0,0,0,0,0,0,0,0,0,0,0,0,"0","0","0","0","0","0","0","0","0","0","0","0","0","0","0","0","0","0","0","1","0","0","0","0","1","1","0","0","1","1","0","0","0","0","0","0","0","0","0","0","0","0","0","0","0","0","0","0","0","0","0","0","0","0","0","0","0","0","1","0","0","0","1","0","0","0","0","0","0","0","0","0","0","0","0","0","0","0","0","0","0","0","0","0","0","0","0","0","0","0","0","0","1","202109","202204","2046"
"0877026","530010","70710100","36623480000194","3","1","00000000000000","","","","","","0","E","","","04","","03","36","03","","99","","","","","","","","LICENCA SANITARIA","20210810","1","","","","","","0","0","1","0","0","0","1","0","0","0","0","0","0","0",0,0,0,"0",0,0,0,0,0,0,0,0,0,0,0,0,0,0,"0",0,1,0,0,0,0,0,0,0,0,0,0,0,0,0,0,"1",0,0,0,"0",0,0,0,0,"0",0,0,0,0,0,0,0,0,0,0,0,0,0,0,0,"0","0","1","0","0","0","0","0","1","0","0","0","0","0","0","0","0","0","0","0","0","0","0","0","1","0","0","0","1","1","0","0","0","0","0","0","0","0","0","0","0","0","0","0","0","0","0","0","0","0","0","1","0","0","1","1","0","0","0","0","0","0","0","0","0","0","0","0","0","0","0","0","0","0","0","0","0","0","0","0","0","0","0","0","0","0","0","0","0","0","0","0","1","202108","202204","2062"
"0877220","530010","72405901","00000000000000","3","3","00394700000108","","03","","0060","","1","E","","","04","","03","36","06","","99","","","","","","","","","","","","","","","","0","0","1","0","0","0","1","0","0","0","0","0","0","0",0,0,0,"0",0,0,0,0,0,0,0,0,0,0,0,0,0,0,"0",2,0,0,3,0,0,0,0,0,0,0,0,0,0,0,0,"1",0,0,0,"0",0,0,0,0,"0",0,0,0,0,0,0,0,0,0,0,0,0,0,0,0,"0","0","0","0","0","0","0","0","0","0","0","0","0","0","0","0","0","0","0","0","0","0","0","0","0","0","0","0","1","1","0","0","0","0","0","0","0","0","0","0","0","0","0","0","0","0","0","0","0","0","1","0","0","0","0","0","0","0","0","0","0","0","0","0","0","0","0","0","0","0","0","0","0","0","0","0","0","0","0","0","0","0","0","0","0","0","0","0","0","0","0","0","1","202109","202204","1023"
"0877492","530010","70390150","35134746000172","3","1","00000000000000","","","","","","0","E","","","04","","01","36","03","","99","","","","","","","","EAS.20949-01","20210707","1","","","","","","0","0","1","0","0","0","1","0","0","0","0","0","0","0",0,0,0,"0",0,0,0,0,0,0,0,0,0,0,0,0,0,0,"0",0,0,0,0,0,0,0,0,2,0,0,0,0,0,0,0,"1",0,0,0,"0",0,0,0,0,"0",0,0,0,0,0,0,0,0,0,0,0,0,0,0,0,"0","0","1","0","0","0","0","0","1","0","0","0","0","0","0","0","0","0","0","0","0","0","0","0","1","1","0","0","1","1","0","0","0","0","0","0","0","0","0","0","0","0","0","0","0","0","0","0","0","0","0","1","0","0","0","1","0","0","0","0","0","0","0","0","0","0","0","0","0","0","0","0","0","0","0","0","0","0","0","0","0","0","0","0","0","0","0","0","0","0","0","0","1","202108","202204","2062"
"0878111","530010","70675560","21564147000184","3","1","00000000000000","","","","9931","","0","E","","","04","","03","04","06","","99","","","","","","","","RLE","20211005","1","","","","","","0","0","1","0","0","0","1","0","0","0","0","0","0","0",0,0,0,"0",0,0,0,0,0,0,0,0,0,0,0,0,0,0,"0",0,0,0,3,0,0,0,0,0,0,0,0,0,0,0,0,"1",0,0,0,"0",0,0,0,0,"0",0,0,0,0,0,0,0,0,0,0,0,0,0,0,0,"0","0","1","0","0","0","0","0","0","0","0","0","0","0","0","0","0","0","0","0","0","0","0","0","1","0","0","0","1","1","0","0","0","0","0","0","0","0","0","0","0","0","0","0","0","0","0","0","0","0","0","1","0","0","0","1","0","0","0","0","0","0","0","0","0","0","0","0","0","0","0","0","0","0","0","0","0","0","0","0","0","0","0","0","0","0","0","0","0","0","0","0","1","202204","202204","2062"
"0878138","530010","70297400","34762804000140","3","1","00000000000000","","","","","","0","E","","","04","","03","22","03","","99","","","","","","","","ODO.01839-01","20210318","1","","","","","","0","0","1","0","0","0","1","0","0","0","0","0","0","0",0,0,0,"0",0,0,0,0,0,0,0,0,0,0,0,0,0,0,"0",0,0,0,0,0,0,0,0,1,0,0,0,0,0,0,0,"1",0,0,0,"0",0,0,0,0,"0",0,0,0,0,0,0,0,0,0,0,0,0,0,0,0,"0","0","0","0","0","0","0","0","0","0","0","0","0","0","0","0","0","0","0","0","0","0","0","0","0","1","1","0","1","1","0","0","0","0","0","0","0","0","0","0","0","0","0","0","0","0","0","0","0","0","0","1","0","0","0","0","0","0","0","0","0","0","0","0","0","0","0","0","0","0","0","0","0","0","0","0","0","0","0","0","0","0","0","0","0","0","0","0","0","0","0","0","1","202109","202204","2135"
"0878359","530010","72410101","43182832000189","3","1","00000000000000","","","","0060","","0","E","","","04","","03","36","03","","99","","","","","","","","RLE","20210826","1","","","","","","0","0","1","0","0","0","1","0","0","0","0","0","0","0",0,0,0,"0",0,0,0,0,0,0,0,0,0,0,0,0,0,0,"0",0,0,0,1,0,0,0,0,0,0,0,0,0,0,0,0,"1",0,0,0,"0",0,0,0,0,"0",0,0,0,0,0,0,0,0,0,0,0,0,0,0,0,"0","0","1","0","0","0","0","0","0","0","0","0","0","0","0","0","0","0","0","0","0","0","0","0","1","0","0","0","1","1","0","0","0","0","0","0","0","0","0","0","0","0","0","0","0","0","0","0","0","0","0","0","0","0","0","1","0","0","0","0","0","0","0","0","0","0","0","0","0","0","0","0","0","0","0","0","0","0","0","0","0","0","0","0","0","0","0","0","0","0","0","0","1","202201","202204","2062"
"0881627","530010","72120065","10459308000315","3","1","00000000000000","","","","0180","","0","E","","","04","","03","22","04","","99","","","","","","","","RLE","20200704","1","","","","","","0","0","1","0","0","0","1","0","0","0","0","0","0","0",0,0,0,"0",0,0,0,0,0,0,0,0,0,0,0,0,0,0,"0",0,0,0,1,0,0,0,0,0,0,0,0,0,0,0,0,"1",0,0,0,"0",0,0,0,0,"0",0,0,0,0,0,0,0,0,0,0,0,0,0,0,0,"0","0","1","0","0","0","0","0","0","0","0","0","0","0","0","0","0","0","0","0","0","0","0","0","1","0","0","0","1","1","0","0","0","0","0","0","0","0","0","0","0","0","0","0","0","0","0","0","0","0","0","1","0","0","0","0","0","0","0","0","0","0","0","0","0","0","0","0","0","0","0","0","0","0","0","0","0","0","0","0","0","0","0","0","0","0","0","0","0","0","0","0","1","202111","202204","2062"
"0881651","530010","71692228","40904376000145","3","1","00000000000000","","","","","","0","E","","","04","","01","22","03","","99","","","","","","","","0037-06/2021","20210825","1","","","","","","0","0","1","0","0","0","1","0","0","0","0","0","0","0",0,0,0,"0",0,0,0,0,0,0,0,0,0,0,0,0,0,0,"0",0,0,0,0,0,0,0,0,3,0,0,0,0,0,0,0,"1",0,0,0,"0",0,0,0,0,"0",0,0,0,0,0,0,0,0,0,0,0,0,0,0,0,"0","0","0","0","0","0","0","0","0","0","0","0","0","0","0","0","0","0","0","0","0","0","0","0","0","1","0","0","1","1","0","0","0","0","0","0","0","0","0","0","0","0","0","0","0","0","0","0","0","0","0","1","0","0","0","1","0","0","0","0","0","0","0","0","0","0","0","0","0","0","0","0","0","0","0","0","0","0","0","0","0","0","0","0","0","0","0","0","0","0","0","0","1","202109","202204","2062"
"0881678","530010","72215178","38006231000185","3","1","00000000000000","","","","0040","","0","E","","","04","","03","39","03","","99","","","","","","","","EAS.0569823","20201220","1","","","","","","0","0","1","0","0","0","1","0","0","0","0","0","0","0",0,0,0,"0",0,0,0,0,0,0,0,0,0,0,0,0,0,0,"0",0,4,0,0,0,0,0,0,0,0,0,0,0,0,0,0,"1",0,0,0,"0",0,0,0,0,"0",0,0,0,0,0,0,0,0,0,0,0,0,0,0,0,"0","0","0","0","0","0","0","0","1","0","0","0","0","0","0","0","0","0","0","0","0","0","0","0","1","1","0","0","1","1","0","0","0","0","0","0","0","0","0","0","0","0","0","0","0","0","0","0","0","0","0","1","0","0","0","1","0","0","1","0","0","0","0","0","0","0","0","0","0","0","0","0","0","0","0","0","0","0","0","0","0","0","0","0","0","0","0","0","0","0","0","0","1","202108","202204","2062"
"0883050","530010","72110020","27023182000172","3","1","00000000000000","","","","0180","","0","E","","","04","","03","36","03","","99","","","","","","","","CERTIFICADO DE LICENCIAME","20170323","1","","","","","","0","0","1","0","0","0","1","0","0","0","0","0","0","0",0,0,0,"0",0,0,0,0,0,0,0,0,0,0,0,0,0,0,"0",0,0,0,0,0,0,0,0,1,0,0,0,0,0,0,0,"1",0,0,0,"0",0,0,0,0,"0",0,0,0,0,0,0,0,0,0,0,0,0,0,0,0,"0","0","1","0","0","0","0","0","1","0","0","0","0","0","0","0","0","0","0","0","0","0","0","0","1","0","0","0","1","1","0","0","0","0","0","0","0","0","0","0","0","0","0","0","0","0","0","0","0","0","0","0","0","0","0","1","0","0","0","0","0","0","0","0","0","0","0","0","0","0","0","0","0","0","0","0","0","0","0","0","0","0","0","0","0","0","0","0","0","0","0","0","1","202109","202204","2062"
"0883069","530010","70673416","43206651000145","3","1","00000000000000","","","","0010","","0","E","","","04","","01","85","03","","99","","","","","","","","","","","","","","","","0","0","1","0","0","0","1","0","0","0","0","0","0","0",0,0,0,"0",0,0,0,0,0,0,0,0,0,0,0,0,0,0,"0",1,0,0,0,0,0,0,0,0,0,0,1,0,0,0,0,"1",0,0,0,"0",0,0,0,0,"0",0,0,0,0,0,0,0,0,0,0,0,0,0,0,0,"0","0","0","1","0","0","0","0","0","0","0","0","0","0","0","0","0","0","0","1","0","0","0","0","1","1","0","0","1","1","0","0","0","0","0","0","0","0","0","0","0","0","0","0","0","0","0","0","0","0","0","1","0","0","0","0","0","0","0","0","0","0","0","0","0","0","0","0","0","0","0","0","0","0","0","0","0","0","0","0","0","0","0","0","0","0","0","0","0","0","0","0","1","202109","202204","2062"
"0883158","530010","72405160","36785584000103","3","1","00000000000000","","","","","","0","E","","","04","","03","36","04","","99","","","","","","","","53202307674","20210517","1","","","","","","0","0","1","0","0","0","1","0","0","0","0","0","0","0",0,0,0,"0",0,0,0,0,0,0,0,0,0,0,0,0,0,0,"0",0,2,0,0,0,0,0,0,0,0,0,0,0,0,0,0,"1",0,0,0,"0",0,0,0,0,"0",0,0,0,0,0,0,0,0,0,0,0,0,0,0,0,"0","0","1","0","0","0","0","0","0","0","0","0","0","0","0","0","0","0","0","0","0","0","0","0","1","0","0","0","1","1","0","0","0","0","0","0","0","0","0","0","0","0","0","0","0","0","0","0","0","0","0","1","0","0","0","1","0","0","0","0","0","0","0","0","0","0","0","0","0","0","0","0","0","0","0","0","0","0","0","0","0","0","0","0","0","0","0","0","0","0","0","0","1","202109","202204","2062"
"0884308","530010","71936970","39696027000104","3","1","00000000000000","","","","","","0","E","","","04","","03","36","03","","99","","","","","","","","53202375505","20210830","1","","","","","","0","0","1","0","0","0","1","0","0","0","0","0","0","0",0,0,0,"0",0,0,0,0,0,0,0,0,0,0,0,0,0,0,"0",0,2,0,1,0,0,0,0,0,0,0,0,0,0,0,0,"1",0,0,0,"0",0,0,0,0,"0",0,0,0,0,0,0,0,0,0,0,0,0,0,0,0,"0","0","1","0","0","0","0","0","0","0","0","0","0","0","0","0","0","0","0","1","0","0","0","0","1","0","0","0","1","1","0","0","0","0","0","0","0","0","0","0","0","0","0","0","0","0","0","0","0","0","0","1","0","0","0","1","0","0","0","0","0","0","0","0","0","0","0","0","0","0","0","0","0","0","0","0","0","0","0","0","0","0","0","0","0","0","0","0","0","0","0","0","1","202109","202204","2062"
"0885185","530010","72115700","41863535000173","3","1","00000000000000","","","","0180","","0","E","","","04","","01","04","03","","99","","","","","","","","RLE DIGITAL","20210518","1","","","","","","0","0","1","0","0","0","1","0","0","0","0","0","0","0",0,0,0,"0",0,0,0,0,0,0,0,0,0,0,0,0,0,0,"0",2,0,0,0,0,0,0,0,0,0,0,0,0,0,0,0,"1",0,0,0,"0",0,0,0,0,"0",0,0,0,0,0,0,0,0,0,0,0,0,0,0,0,"0","0","1","0","0","0","0","0","0","0","0","0","0","0","0","0","0","0","0","0","0","0","0","0","1","1","0","0","1","1","0","0","0","0","0","0","0","0","0","0","0","0","0","0","0","0","0","0","0","0","0","1","0","0","0","1","0","0","0","0","0","0","0","0","0","0","0","0","0","0","0","0","0","0","0","0","0","0","0","0","0","0","0","0","0","0","0","0","0","0","0","0","1","202109","202204","2305"
"0885207","530010","70351550","03648894000119","3","1","00000000000000","","","","0015","","0","E","","","04","","03","39","03","","99","","","","","","","","CERTIFICADO LICENCIAMENTO","20210715","1","","","","","","0","0","1","0","0","0","1","0","0","0","0","0","0","0",0,0,0,"0",0,0,0,0,0,0,0,0,0,0,0,0,0,0,"0",0,0,0,0,0,0,0,0,0,0,0,1,0,0,0,0,"1",0,0,0,"0",0,0,0,0,"0",0,0,0,0,0,0,0,0,0,0,0,0,0,0,0,"0","0","1","0","0","0","0","0","0","0","0","0","0","0","0","0","0","0","0","0","0","0","0","0","1","1","0","0","1","1","0","0","0","0","0","0","0","0","0","0","0","0","0","0","0","0","0","0","0","0","0","1","0","0","0","1","0","0","0","0","0","0","0","0","0","0","0","0","0","0","0","0","0","0","0","0","0","0","0","0","0","0","0","0","0","0","0","0","0","0","0","0","1","202109","202204","2062"
"0885223","530010","70390150","42898541000129","3","1","00000000000000","","","","0010","","0","E","","","04","","02","36","05","","99","","","","","","","","EAS20968-01","20210826","1","","","","","","0","0","1","0","0","0","1","0","0","0","0","0","0","0",0,0,0,"0",0,0,0,0,0,0,0,0,0,0,0,0,0,0,"0",1,0,0,0,0,0,0,0,0,0,0,0,0,0,0,0,"1",0,0,0,"0",0,0,0,0,"0",0,0,0,0,0,0,0,0,0,0,0,0,0,0,0,"0","0","1","0","0","0","0","0","0","0","0","0","0","0","0","0","0","0","0","0","0","0","0","0","1","0","0","0","1","1","0","0","0","0","0","0","0","0","0","0","0","0","0","0","0","0","0","0","0","0","0","1","0","0","0","0","0","0","0","0","0","0","0","0","0","0","0","0","0","0","0","0","0","0","0","0","0","0","0","0","0","0","0","0","0","0","0","0","0","0","0","0","1","202109","202204","2062"
"0885800","530010","70089000","22969077000107","3","1","00000000000000","","","","0010","","0","E","","","04","","03","36","03","","99","","","","","","","","EAS 2094601","20210809","1","","","","","","0","0","1","0","0","0","1","0","0","0","0","0","0","0",0,0,0,"0",0,0,0,0,0,0,0,0,0,0,0,0,0,0,"0",0,2,0,2,0,0,0,0,0,0,0,0,0,0,0,0,"1",0,0,0,"0",0,0,0,0,"0",0,0,0,0,0,0,0,0,0,0,0,0,0,0,0,"0","0","1","0","0","0","0","0","0","0","0","0","0","0","0","0","0","0","0","0","0","0","0","0","1","1","0","0","1","1","0","0","0","0","0","0","0","0","0","0","0","0","0","0","0","0","0","0","0","0","0","1","0","0","1","1","0","0","0","0","0","0","0","0","0","0","0","0","0","0","0","0","0","0","0","0","0","0","0","0","0","0","0","0","0","0","0","0","0","0","0","0","1","202109","202204","2062"
"0886254","530010","70833530","36355868000151","3","1","00000000000000","","","","","","0","E","","","04","","03","36","04","","99","","","","","","","","53600422678","20210507","1","","","","","","0","0","1","0","0","0","1","0","0","0","0","0","0","0",0,0,0,"0",0,0,0,0,0,0,0,0,0,0,0,0,0,0,"0",0,1,0,0,0,0,0,0,0,0,0,0,0,0,0,0,"1",0,0,0,"0",0,0,0,0,"0",0,0,0,0,0,0,0,0,0,0,0,0,0,0,0,"0","0","1","0","0","0","0","0","0","0","0","0","0","0","0","0","0","0","0","0","0","0","0","0","1","0","0","0","1","1","0","0","0","0","0","0","0","0","0","0","0","0","0","0","0","0","0","0","0","0","0","1","0","0","0","1","0","0","0","0","0","0","0","0","0","0","0","0","0","0","0","0","0","0","0","0","0","0","0","0","0","0","0","0","0","0","0","0","0","0","0","0","1","202109","202204","2305"
"0886300","530010","70200740","23425877000120","3","1","00000000000000","","","","","","0","E","","","04","","01","36","03","","99","","","","","","","","EAS.20963-01","20210813","1","","","","","","0","0","1","0","0","0","1","0","0","0","0","0","0","0",0,0,0,"0",0,0,0,0,0,0,0,0,0,0,0,0,0,0,"0",0,3,0,0,0,0,0,0,0,0,0,0,0,0,0,0,"1",0,0,0,"0",0,0,0,0,"0",0,0,0,0,0,0,0,0,0,0,0,0,0,0,0,"0","0","1","0","0","0","0","0","0","0","0","0","0","0","0","0","0","0","0","0","0","0","0","0","1","0","0","0","1","1","0","0","0","0","0","0","0","0","0","0","0","0","0","0","0","0","0","0","0","0","0","1","0","0","1","1","0","0","0","0","0","0","0","0","0","0","0","0","0","0","0","0","0","0","0","0","0","0","0","0","0","0","0","0","0","0","0","0","0","0","0","0","1","202109","202204","2062"
"0886327","530010","72310007","33055734000127","3","1","00000000000000","","","","0140","","0","E","","","03","","03","04","03","","99","","","","","","","","RLE/VISADF","20210520","1","","","","","","0","0","1","0","0","0","1","0","0","0","0","0","0","0",0,0,0,"0",0,0,0,0,0,0,0,0,0,0,0,0,0,0,"0",0,0,0,3,0,0,0,0,0,0,0,0,0,0,0,0,"1",0,0,0,"0",0,0,0,0,"0",0,0,0,0,0,0,0,0,0,0,0,0,0,0,0,"0","0","1","0","0","0","0","0","0","0","0","0","0","0","0","0","0","0","0","0","0","0","0","0","1","0","0","0","1","1","0","0","0","0","0","0","0","0","0","0","0","0","0","0","0","0","0","0","0","0","0","1","0","0","0","1","0","0","0","0","0","0","0","0","0","0","0","0","0","0","0","0","0","0","0","0","0","0","0","0","0","0","0","0","0","0","0","0","0","0","0","0","1","202109","202204","2062"
"0886351","530010","71936250","43150399000108","3","1","00000000000000","","","","","","0","E","","","04","","03","36","03","","99","","","","","","","","53202501268","20210817","1","","","","","","0","0","1","0","0","0","1","0","0","0","0","0","0","0",0,0,0,"0",0,0,0,0,0,0,0,0,0,0,0,0,0,0,"0",0,1,0,0,0,0,0,0,0,0,0,0,0,0,0,0,"1",0,0,0,"0",0,0,0,0,"0",0,0,0,0,0,0,0,0,0,0,0,0,0,0,0,"0","0","1","0","0","0","0","0","0","0","0","0","0","0","0","0","0","0","0","0","0","0","0","0","1","0","0","0","1","1","0","0","0","0","0","0","0","0","0","0","0","0","0","0","0","0","0","0","0","0","0","1","0","0","0","1","0","0","0","0","0","0","0","0","0","0","0","0","0","0","0","0","0","0","0","0","0","0","0","0","0","0","0","0","0","0","0","0","0","0","0","0","1","202109","202204","2062"
"0886378","530010","73350201","38366454000153","3","1","00000000000000","","","","","","0","E","","","04","","03","22","03","","99","","","","","","","","LICENCA SANITARIA","20210323","1","","","","","","0","0","1","0","0","0","1","0","0","0","0","0","0","0",0,0,0,"0",0,0,0,0,0,0,0,0,0,0,0,0,0,0,"0",0,0,0,0,0,0,0,0,2,0,0,0,0,0,0,0,"1",0,0,0,"0",0,0,0,0,"0",0,0,0,0,0,0,0,0,0,0,0,0,0,0,0,"0","0","0","0","0","0","0","0","0","0","0","0","0","0","0","0","0","0","0","0","0","0","0","0","0","1","0","0","1","1","0","0","0","0","0","0","0","0","0","0","0","0","0","0","0","0","0","0","0","0","0","1","0","0","0","0","0","0","0","0","0","0","0","0","0","0","0","0","0","0","0","0","0","0","0","0","0","0","0","0","0","0","0","0","0","0","0","0","0","0","0","0","1","202109","202204","2305"
"0886459","530010","70200700","41074047000187","3","1","00000000000000","","","","0015","","0","E","","","04","","01","36","04","","99","","","","","","","","LICENCA SANITARIA","20210825","1","","","","","","0","0","1","0","0","0","1","0","0","0","0","0","0","0",0,0,0,"0",0,0,0,0,0,0,0,0,0,0,0,0,0,0,"0",1,0,0,0,0,0,0,0,0,0,0,0,0,0,0,0,"1",0,0,0,"0",0,0,0,0,"0",0,0,0,0,0,0,0,0,0,0,0,0,0,0,0,"0","0","1","0","0","0","0","0","0","0","0","0","0","0","0","0","0","0","0","0","0","0","0","0","1","0","0","0","1","1","0","0","0","0","0","0","0","0","0","0","0","0","0","0","0","0","0","0","0","0","0","1","0","0","0","1","0","0","0","0","0","0","0","0","0","0","0","0","0","0","0","0","0","0","0","0","0","0","0","0","0","0","0","0","0","0","0","0","0","0","0","0","1","202204","202204","2062"
"0886564","530010","71953000","35430488000171","3","1","00000000000000","","","","","","0","E","","","04","","03","36","03","","99","","","","","","","","53300022097","20210616","2","","","","","","0","0","1","0","0","0","1","0","0","0","0","0","0","0",0,0,0,"0",0,0,0,0,0,0,0,0,0,0,0,0,0,0,"1",0,9,0,0,0,0,0,0,0,0,0,0,0,0,0,0,"1",0,0,0,"0",0,0,0,0,"0",0,0,1,0,0,0,0,0,0,0,0,0,0,0,0,"0","0","1","0","0","0","1","0","0","0","0","0","0","0","0","0","0","1","0","1","0","1","0","0","1","1","1","0","1","1","0","0","0","0","0","0","0","0","0","0","0","0","0","0","0","0","0","0","0","0","0","1","0","0","1","1","0","0","0","0","0","0","0","0","0","0","0","0","0","0","0","0","0","0","0","0","0","0","0","0","0","0","0","0","0","0","0","0","0","0","0","0","1","202109","202204","2054"
"0886610","530010","70710100","00649756001219","3","1","00000000000000","","","","0010","","0","E","","","04","","03","36","03","","99","","","","","","","","EAS 960314","20211014","1","","","","","","0","0","1","0","0","0","1","0","0","0","0","0","0","0",0,0,0,"0",0,0,0,0,0,0,0,0,0,0,0,0,0,0,"0",0,3,0,0,0,0,0,0,0,0,0,0,0,0,0,1,"1",0,0,0,"0",0,0,0,0,"0",0,0,0,0,0,0,0,0,0,0,0,0,0,0,0,"0","0","1","0","0","0","0","0","0","0","0","0","0","0","0","0","0","0","0","1","0","0","0","0","1","1","0","0","1","1","0","0","0","0","0","0","0","0","0","0","0","0","0","0","0","0","0","0","0","0","0","0","0","0","0","1","0","0","0","0","0","0","0","0","0","0","0","0","0","0","0","0","0","0","0","0","0","0","0","0","0","0","0","0","0","0","0","0","0","0","0","0","1","202203","202204","2062"
"0886742","530010","70610050","37538739000161","3","1","00000000000000","","","","","","0","E","","","04","","03","36","04","","99","","","","","","","","ODO. 01851-01","20210722","1","","","","","","0","0","1","0","0","0","1","0","0","0","0","0","0","0",0,0,0,"0",0,0,0,0,0,0,0,0,0,0,0,0,0,0,"0",0,0,0,0,0,0,0,0,3,0,0,0,0,0,0,0,"1",0,0,0,"0",0,0,0,0,"0",0,0,0,0,0,0,0,0,0,0,0,0,0,0,0,"0","0","1","0","0","0","0","0","0","0","0","0","0","0","0","0","0","0","0","0","0","0","0","0","1","1","0","0","1","1","0","0","0","0","0","0","0","0","0","0","0","0","0","0","0","0","0","0","0","0","0","1","0","0","0","1","0","0","0","0","0","0","0","0","0","0","0","0","0","0","0","0","0","0","0","0","0","0","0","0","0","0","0","0","0","0","0","0","0","0","0","0","1","202109","202204","2062"
"0886890","530010","70710146","42535402000130","3","1","00000000000000","","","","0010","","0","E","","","04","","03","36","03","","99","","","","","","","","EAS 00229-02","20210812","1","","","","","","0","0","1","0","0","0","1","0","0","0","0","0","0","0",0,0,0,"0",0,0,0,0,0,0,0,0,0,0,0,0,0,0,"0",0,1,0,0,0,0,0,0,0,0,0,0,0,0,0,0,"1",0,0,0,"0",0,0,0,0,"0",0,0,0,0,0,0,0,0,0,0,0,0,0,0,0,"0","0","1","0","0","0","0","0","0","0","0","0","0","0","0","0","0","0","0","0","0","0","0","0","1","0","0","0","1","1","0","0","0","0","0","0","0","0","0","0","0","0","0","0","0","0","0","0","0","0","0","1","0","0","0","0","0","0","0","0","0","0","0","0","0","0","0","0","0","0","0","0","0","0","0","0","0","0","0","0","0","0","0","0","0","0","0","0","0","0","0","0","1","202109","202204","2062"
"0886955","530010","72610307","42389797000100","3","1","00000000000000","","","","","","0","E","","","04","","01","36","04","","99","","","","","","","","1172","20210102","1","","","","","","0","0","1","0","0","0","1","0","0","0","0","0","0","0",0,0,0,"0",0,0,0,0,0,0,0,0,0,0,0,0,0,0,"0",0,0,0,0,0,0,0,0,1,0,0,0,0,0,0,0,"1",0,0,0,"0",0,0,0,0,"0",0,0,0,0,0,0,0,0,0,0,0,0,0,0,0,"0","0","1","0","0","0","0","0","0","0","0","0","0","0","0","0","0","0","0","0","0","0","0","0","1","1","0","0","0","1","0","0","0","0","0","0","0","0","0","0","0","0","0","0","0","0","0","0","0","0","0","1","0","0","0","0","0","0","0","0","0","0","0","0","0","0","0","0","0","0","0","0","0","0","0","0","0","0","0","0","0","0","0","0","0","0","0","0","0","0","0","0","1","202109","202204","2135"
"0887382","530010","70200760","42890843000150","3","1","00000000000000","","","","","","0","E","","","04","","01","36","05","","99","","","","","","","","53202491611","20210728","1","","","","","","0","0","1","0","0","0","1","0","0","0","0","0","0","0",0,0,0,"0",0,0,0,0,0,0,0,0,0,0,0,0,0,0,"0",0,3,0,3,0,0,0,0,0,0,0,0,0,0,0,0,"1",0,0,0,"0",0,0,0,0,"0",0,0,0,0,0,0,0,0,0,0,0,0,0,0,0,"0","0","1","0","0","0","0","0","0","0","0","0","0","0","0","0","0","0","0","0","0","0","0","0","1","0","1","0","0","1","0","0","0","0","0","0","0","0","0","0","0","0","0","0","0","0","0","0","0","0","0","1","0","0","0","0","0","0","0","0","0","0","0","0","0","0","0","0","0","0","0","0","0","0","0","0","0","0","0","0","0","0","0","0","0","0","0","0","0","0","0","0","1","202109","202204","2062"
"0887536","530010","70340901","13548159000197","3","1","00000000000000","","","","","","0","E","","","04","","03","22","04","","99","","","","","","","","53202309804","20210625","2","","","","","","0","0","1","0","0","0","1","0","0","0","0","0","0","0",0,0,0,"0",0,0,0,0,0,0,0,0,0,0,0,0,0,0,"0",0,0,0,0,0,0,0,0,1,0,0,0,0,0,0,0,"1",0,0,0,"0",0,0,0,0,"0",0,0,0,0,0,0,0,0,0,0,0,0,0,0,0,"0","0","1","0","0","0","0","0","0","0","0","0","0","0","0","0","0","0","0","0","0","0","0","0","1","1","0","0","1","1","0","0","0","0","0","0","0","0","0","0","0","0","0","0","0","0","0","0","0","0","0","1","0","0","0","1","0","0","0","0","0","0","0","0","0","0","0","0","0","0","0","0","0","0","0","0","0","0","0","0","0","0","0","0","0","0","0","0","0","0","0","0","1","202109","202204","2062"
"0887935","530010","71591315","36612743000160","3","1","00000000000000","","","","","","0","E","","","04","","03","22","03","","99","","","","","","","","530025632018","20210807","1","","","","","","0","0","1","0","0","0","1","0","0","0","0","0","0","0",0,0,0,"0",0,0,0,0,0,0,0,0,0,0,0,0,0,0,"0",0,0,0,0,0,0,0,0,2,0,0,0,0,0,0,0,"1",0,0,0,"0",0,0,0,0,"0",0,0,0,0,0,0,0,0,0,0,0,0,0,0,0,"0","0","1","0","0","0","0","0","0","0","0","0","0","0","0","0","0","0","0","1","0","0","0","0","1","1","0","0","1","1","0","0","0","0","0","0","0","0","0","0","0","0","0","0","0","0","0","0","0","0","0","1","0","0","1","1","0","0","0","0","0","0","0","0","0","0","0","0","0","0","0","0","0","0","0","0","0","0","0","0","0","0","0","0","0","0","0","0","0","0","0","0","1","202109","202204","2305"
"0888214","530010","71692442","42368394000185","3","1","00000000000000","","","","0160","","0","E","","","04","","01","22","03","","99","","","","","","","","RLE","20210617","2","","","","","","0","0","1","0","0","0","1","0","0","0","0","0","0","0",0,0,0,"0",0,0,0,0,0,0,0,0,0,0,0,0,0,0,"0",0,0,0,0,0,0,0,0,2,0,0,0,0,0,0,0,"1",0,0,0,"0",0,0,0,0,"0",0,0,0,0,0,0,0,0,0,0,0,0,0,0,0,"0","0","1","0","0","0","0","0","0","0","0","0","0","0","0","0","0","0","0","0","0","0","0","0","1","1","1","0","1","1","0","0","0","0","0","0","0","0","0","0","0","0","0","0","0","0","0","0","0","0","0","1","0","0","0","0","0","0","0","0","0","0","0","0","0","0","0","0","0","0","0","0","0","0","0","0","0","0","0","0","0","0","0","0","0","0","0","0","0","0","0","0","1","202109","202204","2062"
"0892599","530010","71919900","43103724000173","3","1","00000000000000","","","","9901","","0","E","","","04","","01","36","03","","99","","","","","","","","RLE","20210831","1","","","","","","0","0","1","0","0","0","1","0","0","0","0","0","0","0",0,0,0,"0",0,0,0,0,0,0,0,0,0,0,0,0,0,0,"0",0,0,0,1,0,0,0,0,0,0,0,0,0,0,0,0,"1",0,0,0,"0",0,0,0,0,"0",0,0,0,0,0,0,0,0,0,0,0,0,0,0,0,"0","0","1","0","0","0","0","0","0","0","0","0","0","0","0","0","0","0","0","0","0","0","0","0","1","0","0","0","1","1","0","0","0","0","0","0","0","0","0","0","0","0","0","0","0","0","0","0","0","0","0","1","0","0","0","1","0","0","0","0","0","0","0","0","0","0","0","0","0","0","0","0","0","0","0","0","0","0","0","0","0","0","0","0","0","0","0","0","0","0","0","0","1","202109","202204","2062"
"0892661","530010","70670502","38537465000159","3","1","00000000000000","","","","","","0","E","","","04","","","22","04","","99","","","","","","","","RLE REDESIMDF","20210909","1","","","","","","0","0","1","0","0","0","1","0","0","0","0","0","0","0",0,0,0,"0",0,0,0,0,0,0,0,0,0,0,0,0,0,0,"0",0,1,0,6,0,0,0,0,0,0,0,0,0,0,0,0,"1",0,0,0,"0",0,0,0,0,"0",0,0,0,0,0,0,0,0,0,0,0,0,0,0,0,"0","0","1","0","0","0","0","0","0","0","0","0","0","0","0","0","0","0","0","0","0","0","0","0","1","0","0","0","1","1","0","0","0","0","0","0","0","0","0","0","0","0","0","0","0","0","0","0","0","0","0","1","0","0","0","1","0","0","0","0","0","0","0","0","0","0","0","0","0","0","0","0","0","0","0","0","0","0","0","0","0","0","0","0","0","0","0","0","0","0","0","0","1","202109","202204","2062"
"0895415","530010","71908360","22103827000163","3","1","00000000000000","","","","","","0","E","","","04","","01","22","01","","99","","","","","","","","53201992284","20210908","1","","","","","","0","0","1","0","0","0","1","0","0","0","0","0","0","0",0,0,0,"0",0,0,0,0,0,0,0,0,0,0,0,0,0,0,"0",0,1,0,0,0,0,0,0,0,0,0,0,0,0,0,0,"1",0,0,0,"0",0,0,0,0,"0",0,0,0,0,0,0,0,0,0,0,0,0,0,0,0,"0","0","0","0","0","0","0","0","0","0","0","0","0","0","0","0","0","0","0","0","0","0","0","0","0","1","0","0","0","1","0","0","0","0","0","0","0","0","0","0","0","0","0","0","0","0","0","0","0","0","0","1","0","0","0","0","0","0","0","0","0","0","0","0","0","0","0","0","0","0","0","0","0","0","0","0","0","0","0","0","0","0","0","0","0","0","0","0","0","0","0","0","1","202109","202204","2062"
"0895504","530010","71926000","39308071000191","3","1","00000000000000","","","","9901","","0","E","","","04","","03","22","04","","99","","","","","","","","CERT. DE LICENCIAMENTO","20210810","1","","","","","","0","0","1","0","0","0","1","0","0","0","0","0","0","0",0,0,0,"0",0,0,0,0,0,0,0,0,0,0,0,0,0,0,"0",0,0,0,1,0,0,0,0,0,0,0,0,0,0,0,0,"1",0,0,0,"0",0,0,0,0,"0",0,0,0,0,0,0,0,0,0,0,0,0,0,0,0,"0","0","1","1","0","0","0","0","0","0","0","0","0","0","0","0","0","0","0","0","0","0","0","0","1","0","0","0","1","1","0","0","0","0","0","0","0","0","0","0","0","0","0","0","0","0","0","0","0","0","0","1","0","0","0","1","0","0","0","0","0","0","0","0","0","0","0","0","0","0","0","0","0","0","0","0","0","0","0","0","0","0","0","0","0","0","0","0","0","0","0","0","1","202203","202204","2062"
"0895520","530010","70316000","43462320000176","3","1","00000000000000","","","","0010","","0","E","","","04","","03","36","03","","99","","","","","","","","T1LTLH","20210909","1","","","","","","0","0","1","0","0","0","1","0","0","0","0","0","0","0",0,0,0,"0",0,0,0,0,0,0,0,0,0,0,0,0,0,0,"0",0,0,0,1,0,0,0,0,0,0,0,0,0,0,0,0,"1",0,0,0,"0",0,0,0,0,"0",0,0,0,0,0,0,0,0,0,0,0,0,0,0,0,"0","0","1","0","0","0","0","0","0","0","0","0","0","0","0","0","0","0","0","0","0","0","0","0","1","0","0","0","1","1","0","0","0","0","0","0","0","0","0","0","0","0","0","0","0","0","0","0","0","0","0","1","0","0","0","1","0","0","0","0","0","0","0","0","0","0","0","0","0","0","0","0","0","0","0","0","0","0","0","0","0","0","0","0","0","0","0","0","0","0","0","0","1","202109","202204","2062"
"0896373","530010","70077900","08298204000162","3","1","00000000000000","","","","","","0","E","","","04","","01","36","03","","99","","","","","","","","ODO 00232/02/2021","20210413","1","","","","","","0","0","1","0","0","0","1","0","0","0","0","0","0","0",0,0,0,"0",0,0,0,0,0,0,0,0,0,0,0,0,0,0,"0",0,0,0,0,0,0,0,0,3,0,0,0,0,0,0,0,"1",0,0,0,"0",0,0,0,0,"0",0,0,0,0,0,0,0,0,0,0,0,0,0,0,0,"0","0","1","0","0","0","0","0","0","0","0","0","0","0","0","0","0","0","0","0","0","0","0","0","1","1","0","0","1","1","0","0","0","0","0","0","0","0","0","0","0","0","0","0","0","0","0","0","0","0","0","1","0","0","0","1","0","0","0","0","0","0","0","0","0","0","0","0","0","0","0","0","0","0","0","0","0","0","0","0","0","0","0","0","0","0","0","0","0","0","0","0","1","202110","202204","2062"
"0896438","530010","70200700","29181493000195","3","1","00000000000000","","","","","","0","E","","","04","","03","22","04","","99","","","","","","","","53202220232","20210601","1","","","","","","0","0","1","0","0","0","1","0","0","0","0","0","0","0",0,0,0,"0",0,0,0,0,0,0,0,0,0,0,0,0,0,0,"0",0,0,0,0,0,0,0,0,1,0,0,0,0,0,0,0,"1",0,0,0,"0",0,0,0,0,"0",0,0,0,0,0,0,0,0,0,0,0,0,0,0,0,"0","0","0","0","0","0","0","0","1","0","0","0","0","0","0","0","0","0","0","0","0","0","0","0","1","0","0","0","1","1","0","0","0","0","0","0","0","0","0","0","0","0","0","0","0","0","0","0","0","0","0","1","0","0","0","1","0","0","0","0","0","0","0","0","0","0","0","0","0","0","0","0","0","0","0","0","0","0","0","0","0","0","0","0","0","0","0","0","0","0","0","0","1","202109","202204","2305"
"0896454","530010","71215100","43255131000122","3","1","00000000000000","","","","","","0","E","","","04","","03","36","04","","99","","","","","","","","53202505395","20210824","1","","","","","","0","0","1","0","0","0","1","0","0","0","0","0","0","0",0,0,0,"0",0,0,0,0,0,0,0,0,0,0,0,0,0,0,"0",0,0,0,1,0,0,0,0,0,0,0,0,0,0,0,0,"1",0,0,0,"0",0,0,0,0,"0",0,0,0,0,0,0,0,0,0,0,0,0,0,0,0,"0","0","0","1","0","0","0","0","0","0","0","0","0","0","0","0","0","0","0","0","0","0","0","0","1","0","0","0","1","1","0","0","0","0","0","0","0","0","0","0","0","0","0","0","0","0","0","0","0","0","0","1","0","0","0","0","0","0","0","0","0","0","0","0","0","0","0","0","0","0","0","0","0","0","0","0","0","0","0","0","0","0","0","0","0","0","0","0","0","0","0","0","1","202109","202204","2062"
"0897736","530010","71908540","41054153000107","3","1","00000000000000","","","","","","0","E","","","04","","01","22","03","","99","","","","","","","","CERTIFICADO LICENCIAMENTO","20210903","1","","","","","","0","0","1","0","0","0","1","0","0","0","0","0","0","0",0,0,0,"0",0,0,0,0,0,0,0,0,0,0,0,0,0,0,"0",0,0,0,1,0,0,0,0,0,0,0,0,0,0,0,0,"1",0,0,0,"0",0,0,0,0,"0",0,0,0,0,0,0,0,0,0,0,0,0,0,0,0,"0","0","1","0","0","0","0","0","0","0","0","0","0","0","0","0","0","0","0","0","0","0","0","0","1","0","0","0","1","1","0","0","0","0","0","0","0","0","0","0","0","0","0","0","0","0","0","0","0","0","0","1","0","0","1","1","0","0","0","0","0","0","0","0","0","0","0","0","0","0","0","0","0","0","0","0","0","0","0","0","0","0","0","0","0","0","0","0","0","0","0","0","1","202109","202204","2062"
"0897744","530010","71680349","06060901000155","3","1","00000000000000","","","","","","0","E","","","04","","01","36","03","","99","","","","","","","","53202489969","20210901","1","","","","","","0","0","1","0","0","0","1","0","0","0","0","0","0","0",0,0,0,"0",0,0,0,0,0,0,0,0,0,0,0,0,0,0,"0",0,0,0,2,0,0,0,0,0,0,0,0,0,0,0,0,"1",0,0,0,"0",0,0,0,0,"0",0,0,0,0,0,0,0,0,0,0,0,0,0,0,0,"0","0","1","0","0","0","0","0","0","0","0","0","0","0","0","0","0","0","0","1","0","0","0","0","1","0","0","0","1","1","0","0","0","0","0","0","0","0","0","0","0","0","0","0","0","0","0","0","0","0","0","1","0","0","0","0","0","0","0","0","0","0","0","0","0","0","0","0","0","0","0","0","0","0","0","0","0","0","0","0","0","0","0","0","0","0","0","0","0","0","0","0","1","202109","202204","2062"
"0897892","530010","70390150","35808560000151","3","1","00000000000000","","","","","","0","E","","","04","","03","22","03","","99","","","","","","","","ODO 01887-01","20210419","1","","","","","","0","0","1","0","0","0","1","0","0","0","0","0","0","0",0,0,0,"0",0,0,0,0,0,0,0,0,0,0,0,0,0,0,"0",0,0,0,0,0,0,0,0,2,0,0,0,0,0,0,0,"1",0,0,0,"0",0,0,0,0,"0",0,0,0,0,0,0,0,0,0,0,0,0,0,0,0,"0","0","1","0","0","0","0","0","0","0","0","0","0","0","0","0","0","0","0","0","0","0","0","0","1","1","0","0","1","1","0","0","0","0","0","0","0","0","0","0","0","0","0","0","0","0","0","0","0","0","0","1","0","0","0","1","0","0","0","0","0","0","0","0","0","0","0","0","0","0","0","0","0","0","0","0","0","0","0","0","0","0","0","0","0","0","0","0","0","0","0","0","1","202109","202204","2062"
"0897930","530010","70390155","42434393000191","3","1","00000000000000","","","","","","0","E","","","04","","03","36","03","","99","","","","","","","","5300214482021","20210517","2","","","","","","0","0","1","0","0","0","1","0","0","1","0","0","0","1",2,0,0,"1",0,0,0,0,0,0,0,0,0,0,0,0,0,0,"0",0,2,0,1,0,0,0,0,0,0,0,0,0,0,0,0,"1",0,0,2,"1",0,0,0,0,"0",0,0,0,0,0,0,0,0,0,0,0,0,0,0,0,"0","1","1","0","0","0","0","0","0","0","0","0","0","0","0","0","0","0","0","0","0","0","0","0","1","1","0","0","1","1","0","0","0","0","0","0","0","0","0","0","0","0","0","0","1","0","0","0","1","0","0","1","0","0","0","1","0","0","0","0","0","0","0","0","0","0","0","0","0","0","0","0","0","0","0","0","0","0","0","0","0","0","0","0","0","0","0","0","0","0","0","0","1","202109","202204","2062"
"0898848","530010","70390150","42073323000155","3","1","00000000000000","","","","0015","","0","E","","","04","","01","22","03","","99","","","","","","","","LICENCA DE FUNCIONAMENTO","20210909","1","","","","","","0","0","1","0","0","0","1","0","0","0","0","0","0","0",0,0,0,"0",0,0,0,0,0,0,0,0,0,0,0,0,0,0,"0",0,0,0,2,0,0,0,0,0,0,0,0,0,0,0,0,"1",0,0,0,"0",0,0,0,0,"0",0,0,0,0,0,0,0,0,0,0,0,0,0,0,0,"0","0","0","0","0","0","0","0","0","0","0","0","0","0","0","0","0","0","0","0","0","0","0","0","0","0","0","0","1","1","0","0","0","0","0","0","0","0","0","0","0","0","0","0","0","0","0","0","0","0","0","1","0","0","1","1","0","0","0","0","0","0","0","0","0","0","0","0","0","0","0","0","0","0","0","0","0","0","0","0","0","0","0","0","0","0","0","0","0","0","0","0","1","202109","202204","2062"
"0899453","530010","70719900","28385453000100","3","1","00000000000000","","","","","","0","E","","","04","","01","22","03","","99","","","","","","","","02906/2012","20210301","1","","","","","","0","0","1","0","0","0","1","0","0","0","0","0","0","0",0,0,0,"0",0,0,0,0,0,0,0,0,0,0,0,0,0,0,"0",2,0,0,0,0,0,0,0,0,0,0,0,0,0,0,0,"1",0,0,0,"0",0,0,0,0,"0",0,0,0,0,0,0,0,0,0,0,0,0,0,0,0,"0","0","0","1","0","0","0","0","0","0","0","0","0","0","0","0","0","0","0","0","0","0","0","0","1","0","0","0","1","1","0","0","0","0","0","0","0","0","0","0","0","0","0","0","0","0","0","0","0","0","0","0","0","0","0","1","0","0","0","0","0","0","0","0","0","0","0","0","0","0","0","0","0","0","0","0","0","0","0","0","0","0","0","0","0","0","0","0","0","0","0","0","1","202109","202204","2135"
"0900184","530010","72110150","28950274000160","3","1","00000000000000","","","","0180","","0","E","","","04","","01","22","03","","99","","","","","","","","","","","","","","","","0","0","1","0","0","0","1","0","0","0","0","0","0","0",0,0,0,"0",0,0,0,0,0,0,0,0,0,0,0,0,0,0,"0",2,0,0,1,0,0,0,0,0,0,0,0,0,0,0,0,"1",0,0,0,"0",0,0,0,0,"0",0,0,0,0,0,0,0,0,0,0,0,0,0,0,0,"0","0","1","0","0","0","0","0","0","0","0","0","0","0","0","0","0","0","0","0","0","0","0","0","1","0","0","0","1","1","0","0","0","0","0","0","0","0","0","0","0","0","0","0","0","0","0","0","0","0","0","1","0","0","0","1","0","0","0","0","0","0","0","0","0","0","0","0","0","0","0","0","0","0","0","0","0","0","0","0","0","0","0","0","0","0","0","0","0","0","0","0","1","202109","202204","2305"
"0901105","530010","71929000","43102475000100","3","1","00000000000000","","","","","","0","E","","","04","","01","36","03","","99","","","","","","","","53101473960","20210812","1","","","","","","0","0","1","0","0","0","1","0","0","0","0","0","0","0",0,0,0,"0",0,0,0,0,0,0,0,0,0,0,0,0,0,0,"0",0,0,0,1,0,0,0,0,0,0,0,0,0,0,0,0,"1",0,0,0,"0",0,0,0,0,"0",0,0,0,0,0,0,0,0,0,0,0,0,0,0,0,"0","0","1","0","0","0","0","0","0","0","0","0","0","0","0","0","0","0","0","1","0","0","0","0","1","0","0","0","1","1","0","0","0","0","0","0","0","0","0","0","0","0","0","0","0","0","0","0","0","0","0","1","0","0","0","0","0","0","0","0","0","0","0","0","0","0","0","0","0","0","0","0","0","0","0","0","0","0","0","0","0","0","0","0","0","0","0","0","0","0","0","0","1","202109","202204","2135"
"0901229","530010","70305905","39144961000105","3","1","00000000000000","","","","","","0","E","","","03","","01","36","03","","99","","","","","","","","000000","20210831","1","","","","","","0","0","1","0","0","0","1","0","0","0","0","0","0","0",0,0,0,"0",0,0,0,0,0,0,0,0,0,0,0,0,0,0,"0",0,1,0,0,0,0,0,0,0,0,0,0,0,0,0,0,"1",0,0,0,"0",0,0,0,0,"0",0,0,0,0,0,0,0,0,0,0,0,0,0,0,0,"0","0","1","0","0","0","0","0","0","0","0","0","0","0","0","0","0","0","0","0","0","0","0","0","1","1","0","0","1","1","0","0","0","0","0","0","0","0","0","0","0","0","0","0","0","0","0","0","0","0","0","0","0","0","0","1","0","0","0","0","0","0","0","0","0","0","0","0","0","0","0","0","0","0","0","0","0","0","0","0","0","0","0","0","0","0","0","0","0","0","0","0","1","202109","202204","2062"
"0901342","530010","71915250","42920299000142","3","1","00000000000000","","","","9901","","0","E","","","04","","01","04","03","","99","","","","","","","","","","","","","","","","0","0","0","0","1","0","1","0","0","0","0","0","0","0",0,0,0,"0",0,0,0,0,0,0,0,0,0,0,0,0,0,0,"0",1,0,0,0,0,0,0,0,0,0,0,0,0,0,0,0,"1",0,0,0,"0",0,0,0,0,"0",0,0,0,0,0,0,0,0,0,0,0,0,0,0,0,"0","0","1","0","0","0","0","0","0","0","0","0","0","0","0","0","0","0","0","0","0","0","0","0","1","0","0","0","1","1","0","0","0","0","0","0","0","0","0","0","0","0","0","0","0","0","0","0","0","0","0","1","0","0","0","0","0","0","0","0","0","0","0","0","0","0","0","0","0","0","0","0","0","0","0","0","0","0","0","0","0","0","0","0","0","0","0","0","0","0","0","0","1","202109","202204","2062"
"0901733","530010","73330002","40627461000103","3","1","00000000000000","","","","","","0","E","","","04","","03","22","03","","99","","","","","","","","532021106460","20210804","2","","","","","","0","0","1","0","0","0","1","0","0","0","0","0","0","0",0,0,0,"0",0,0,0,0,0,0,0,0,0,0,0,0,0,0,"0",0,0,0,0,0,0,0,0,2,0,0,0,0,0,0,0,"1",0,0,0,"0",0,0,0,0,"0",0,0,0,0,0,0,0,0,0,0,0,0,0,0,0,"0","0","1","0","0","0","0","0","0","0","0","0","0","0","0","0","0","0","0","1","0","0","0","0","1","1","0","0","1","1","0","0","0","0","0","0","0","0","0","0","0","0","0","0","0","0","0","0","0","0","0","0","0","0","0","1","0","0","0","0","0","0","0","0","0","0","0","0","0","0","0","0","0","0","0","0","0","0","0","0","0","0","0","0","0","0","0","0","0","0","0","0","1","202109","202204","2135"
"0901768","530010","70719903","41513567000149","3","1","00000000000000","","","","","","0","E","","","04","","01","22","03","","99","","","","","","","","EAS.00845-02","20210409","1","","","","","","0","0","1","0","0","0","1","0","0","0","0","0","0","0",0,0,0,"0",0,0,0,0,0,0,0,0,0,0,0,0,0,0,"0",0,0,0,1,0,0,0,0,0,0,0,0,0,0,0,0,"1",0,0,0,"0",0,0,0,0,"0",0,0,0,0,0,0,0,0,0,0,0,0,0,0,0,"0","0","1","0","0","0","0","0","0","0","0","0","0","0","0","0","0","0","0","0","0","0","0","0","1","0","0","0","1","1","0","0","0","0","0","0","0","0","0","0","0","0","0","0","0","0","0","0","0","0","0","1","0","0","0","0","0","0","0","0","0","0","0","0","0","0","0","0","0","0","0","0","0","0","0","0","0","0","0","0","0","0","0","0","0","0","0","0","0","0","0","0","1","202110","202204","2062"
"0902780","530010","71590588","27999058000147","3","1","00000000000000","","","","","","0","E","","","04","","01","36","03","","99","","","","","","","","53202119100","20201228","1","","","","","","0","0","1","0","0","0","1","0","0","0","0","0","0","0",0,0,0,"0",0,0,0,0,0,0,0,0,0,0,0,0,0,0,"0",0,0,0,0,0,0,0,0,2,0,0,0,0,0,0,0,"1",0,0,0,"0",0,0,0,0,"0",0,0,0,0,0,0,0,0,0,0,0,0,0,0,0,"0","0","1","0","0","0","0","0","1","0","0","0","0","0","0","0","0","0","0","0","0","0","0","0","1","1","0","0","1","1","0","0","0","0","0","0","0","0","0","0","0","0","0","0","0","0","0","0","0","0","0","1","0","0","0","0","0","0","0","0","0","0","0","0","0","0","0","0","0","0","0","0","0","0","0","0","0","0","0","0","0","0","0","0","0","0","0","0","0","0","0","0","1","202110","202204","2062"
"0902985","530010","72306701","33099690000137","3","1","00000000000000","","","","","","0","E","","","04","","03","22","03","","99","","","","","","","","CLO 14 2021","20210824","2","","","","","","0","0","1","0","0","0","1","0","0","0","0","0","0","0",0,0,0,"0",0,0,0,0,0,0,0,0,0,0,0,0,0,0,"0",0,0,0,0,0,0,0,0,2,0,0,0,0,0,0,0,"1",0,0,0,"0",0,0,0,0,"0",0,0,0,0,0,0,0,0,0,0,0,0,0,0,0,"0","0","1","0","0","0","0","0","0","0","0","0","0","0","0","0","0","0","0","0","0","0","0","0","1","1","0","0","1","1","0","0","0","0","0","0","0","0","0","0","0","0","0","0","0","0","0","0","0","0","0","1","0","0","0","1","0","0","0","0","0","0","0","0","0","0","0","0","0","0","0","0","0","0","0","0","0","0","0","0","0","0","0","0","0","0","0","0","0","0","0","0","1","202109","202204","2305"
"0904384","530010","72015020","39683996000112","3","1","00000000000000","","","","0180","","0","E","","","03","","01","36","03","","99","","","","","","","","EAS.00291-14","20210625","1","","","","","","0","0","1","0","0","0","1","0","0","0","0","0","0","0",0,0,0,"0",0,0,0,0,0,0,0,0,0,0,0,0,0,0,"0",0,5,0,0,0,0,0,0,0,0,0,0,0,0,0,0,"1",0,0,0,"0",0,0,0,0,"0",0,0,0,0,0,0,0,0,0,0,0,0,0,0,0,"0","0","1","0","0","0","0","0","0","0","0","0","0","0","0","0","0","0","0","0","0","0","0","0","1","1","0","0","0","1","0","0","0","0","0","0","0","0","0","0","0","0","0","0","0","0","0","0","0","0","0","0","0","0","0","1","0","0","0","0","0","0","0","0","0","0","0","0","0","0","0","0","0","0","0","0","0","0","0","0","0","0","0","0","0","0","0","0","0","0","0","0","1","202109","202204","2062"
"0904716","530010","72215170","00000000000000","3","3","00394700000108","","","","0040","","1","E","","","04","","03","36","06","","99","","","","","","","","","","","","","","","","0","0","0","0","0","0","0","0","0","0","0","0","0","0",0,0,0,"0",0,0,0,0,0,0,0,0,0,0,0,0,0,0,"0",0,0,0,3,0,0,0,0,0,0,0,0,0,0,0,0,"1",0,0,0,"0",0,0,0,0,"0",0,0,0,0,0,0,0,0,0,0,0,0,0,0,0,"0","0","0","0","1","0","0","0","0","0","0","0","0","0","0","0","0","0","0","0","0","0","0","0","1","0","0","0","1","1","0","0","0","0","0","0","0","0","0","0","0","0","0","0","0","0","0","0","0","0","1","0","0","0","0","0","0","0","0","0","0","0","0","0","0","0","0","0","0","0","0","0","0","0","0","0","0","0","0","0","0","0","0","0","0","0","0","0","0","0","0","0","1","202203","202204","1023"
"0906840","530010","70770560","41464518000163","3","1","00000000000000","","","","","","0","E","","","04","","03","36","04","","99","","","","","","","","","","","","","","","","0","0","1","0","0","0","1","0","0","0","0","0","0","0",0,0,0,"0",0,0,0,0,0,0,0,0,0,0,0,0,0,0,"0",0,3,0,0,0,0,0,0,0,0,0,0,0,0,0,0,"1",0,0,0,"0",0,0,0,0,"0",0,0,0,0,0,0,0,0,0,0,0,0,0,0,0,"0","0","1","0","0","0","0","0","0","0","0","0","0","0","0","0","0","0","0","0","0","0","0","0","1","1","0","0","0","1","0","0","0","0","0","0","0","0","0","0","0","0","0","0","0","0","0","0","0","0","0","1","0","0","0","0","0","0","0","0","0","0","0","0","0","0","0","0","0","0","0","0","0","0","0","0","0","0","0","0","0","0","0","0","0","0","0","0","0","0","0","0","1","202110","202204","2062"
"0908843","530010","72600500","40045440000180","3","1","00000000000000","","","","0130","","0","E","","","04","","03","39","03","","99","","","","","","","","EAS - 127326/2021-17/2021","20210401","1","","","","","","0","0","1","0","0","0","1","0","0","0","0","0","0","0",0,0,0,"0",0,0,0,0,0,0,0,0,0,0,0,0,0,0,"0",0,3,0,0,0,0,0,0,0,0,0,0,0,0,0,0,"1",0,0,0,"0",0,0,0,0,"0",0,0,0,0,0,0,0,0,0,0,0,0,0,0,0,"0","0","1","0","0","0","0","0","0","0","0","0","0","0","0","0","0","0","0","0","0","0","0","0","1","0","1","0","1","1","0","0","0","0","0","0","0","0","0","0","0","0","0","0","0","0","0","0","0","0","0","0","0","0","0","0","0","0","1","0","0","0","0","0","0","0","0","0","0","0","0","0","0","0","0","0","0","0","0","0","0","0","0","0","0","0","0","0","0","0","0","0","1","202111","202204","2062"
"0909033","530010","72006200","43652036000162","3","1","00000000000000","","","","","","0","E","","","04","","03","22","04","","99","","","","","","","","08.086.401/001-86","20210924","2","","","","","","0","0","1","0","0","0","1","0","0","0","0","0","0","0",0,0,0,"0",0,0,0,0,0,0,0,0,0,0,0,0,0,0,"0",0,0,0,2,0,0,0,0,0,0,0,0,0,0,0,0,"1",0,0,0,"0",0,0,0,0,"0",0,0,0,0,0,0,0,0,0,0,0,0,0,0,0,"0","0","1","0","0","0","0","0","0","0","0","0","0","0","0","0","0","0","0","1","0","0","0","0","1","1","0","0","1","1","0","0","0","0","0","0","0","0","0","0","0","0","0","0","0","0","0","0","0","0","0","1","0","0","0","1","0","0","0","0","0","0","0","0","0","0","0","0","0","0","0","0","0","0","0","0","0","0","0","0","0","0","0","0","0","0","0","0","0","0","0","0","1","202110","202204","2062"
"0911550","530010","70390135","03648894000208","3","1","00000000000000","","","","0015","","0","E","","","04","","01","39","03","","99","","","","","","","","CERTIFICADO DE LICENCIAME","20210715","1","","","","","","0","0","1","0","0","0","1","0","0","0","0","0","0","0",0,0,0,"0",0,0,0,0,0,0,0,0,0,0,0,0,0,0,"0",0,0,0,0,0,0,0,0,0,0,0,1,0,0,0,0,"1",0,0,0,"0",0,0,0,0,"0",0,0,0,0,0,0,0,0,0,0,0,0,0,0,0,"0","0","1","0","0","0","0","0","0","0","0","0","0","0","0","0","0","0","0","0","0","0","0","0","1","1","0","0","1","1","0","0","0","0","0","0","0","0","0","0","0","0","0","0","0","0","0","0","0","0","0","1","0","0","0","1","0","0","0","0","0","0","0","0","0","0","0","0","0","0","0","0","0","0","0","0","0","0","0","0","0","0","0","0","0","0","0","0","0","0","0","0","1","202110","202204","2062"
"0911577","530010","70390150","25033012000143","3","1","00000000000000","","","","0015","","0","E","","","04","","03","22","03","","99","","","","","","","","","","","","","","","","0","0","1","0","0","0","1","0","0","0","0","0","0","0",0,0,0,"0",0,0,0,0,0,0,0,0,0,0,0,0,0,0,"0",0,1,0,0,0,0,0,0,0,0,0,0,0,0,0,0,"1",0,0,0,"0",0,0,0,0,"0",0,0,0,0,0,0,0,0,0,0,0,0,0,0,0,"0","0","1","0","0","0","0","0","0","0","0","0","0","0","0","0","0","0","0","0","0","0","0","0","1","0","0","0","1","1","0","0","0","0","0","0","0","0","0","0","0","0","0","0","0","0","0","0","0","0","0","1","0","0","0","0","0","0","0","0","0","0","0","0","0","0","0","0","0","0","0","0","0","0","0","0","0","0","0","0","0","0","0","0","0","0","0","0","0","0","0","0","1","202110","202204","2062"
"0911593","530010","72225232","32899269000148","3","1","00000000000000","","","","0040","","0","E","","","04","","01","36","03","","99","","","","","","","","RLE DIGITAL","20210227","1","","","","","","0","0","1","0","0","0","1","0","0","0","0","0","0","0",0,0,0,"0",0,0,0,0,0,0,0,0,0,0,0,0,0,0,"0",0,0,0,0,0,0,0,0,3,0,0,0,0,0,0,0,"1",0,0,0,"0",0,0,0,0,"0",0,0,0,0,0,0,0,0,0,0,0,0,0,0,0,"0","0","1","0","0","0","0","0","0","0","0","0","0","0","0","0","0","0","0","0","0","0","0","0","1","1","1","0","1","1","0","0","0","0","0","0","0","0","0","0","0","0","0","0","0","0","0","0","0","0","0","1","0","0","0","1","0","0","0","0","0","0","0","0","0","0","0","0","0","0","0","0","0","0","0","0","0","0","0","0","0","0","0","0","0","0","0","0","0","0","0","0","1","202110","202204","2062"
"0912883","530010","70200740","34224749000134","3","1","00000000000000","","","","0015","","0","E","","","04","","03","36","03","","99","","","","","","","","EAS 20723-01","20201109","1","","","","","","0","0","1","0","0","0","1","0","0","0","0","0","0","0",0,0,0,"0",0,0,0,0,0,0,0,0,0,0,0,0,0,0,"0",1,0,0,0,0,0,0,0,0,0,0,0,0,0,0,0,"1",0,0,0,"0",0,0,0,0,"0",0,0,0,0,0,0,0,0,0,0,0,0,0,0,0,"0","0","1","0","0","0","0","0","0","0","0","0","0","0","0","0","0","0","0","0","0","0","0","0","1","1","0","0","1","1","0","0","0","0","0","0","0","0","0","0","0","0","0","0","0","0","0","0","0","0","0","1","0","0","0","1","0","0","0","0","0","0","0","0","0","0","0","0","0","0","0","0","0","0","0","0","0","0","0","0","0","0","0","0","0","0","0","0","0","0","0","0","1","202110","202204","2305"
"0913405","530010","71906750","43611377000190","3","1","00000000000000","","","","","","0","E","","","04","","03","22","03","","99","","","","","","","","532021002020","20210901","2","","","","","","0","0","1","0","0","0","1","0","0","0","0","0","0","0",0,0,0,"0",0,0,0,0,0,0,0,0,0,0,0,0,0,0,"0",0,0,0,2,0,0,0,0,0,0,0,0,0,0,0,0,"1",0,0,0,"0",0,0,0,0,"0",0,0,0,0,0,0,0,0,0,0,0,0,0,0,0,"0","0","1","0","0","0","0","0","0","0","0","0","0","0","0","0","0","0","0","0","0","0","0","0","1","1","0","0","1","1","0","0","0","0","0","0","0","0","0","0","0","0","0","0","0","0","0","0","0","0","0","1","0","0","0","1","0","0","0","0","0","0","0","0","0","0","0","0","0","0","0","0","0","0","0","0","0","0","0","0","0","0","0","0","0","0","0","0","0","0","0","0","1","202111","202204","2062"
"0914789","530010","70770100","43253408000188","3","1","00000000000000","","","","","","0","E","","","04","","03","22","04","","99","","","","","","","","53202505298","20210913","2","","","","","","0","0","1","0","0","0","1","0","0","0","0","0","0","0",0,0,0,"0",0,0,0,0,0,0,0,0,0,0,0,0,0,0,"0",0,0,0,2,0,0,0,0,0,0,0,0,0,0,0,0,"1",0,0,0,"0",0,0,0,0,"0",0,0,0,0,0,0,0,0,0,0,0,0,0,0,0,"0","0","1","0","0","0","0","0","0","0","0","0","0","0","0","0","0","0","0","0","0","0","0","0","1","1","0","0","1","1","0","0","0","0","0","0","0","0","0","0","0","0","0","0","0","0","0","0","0","0","0","1","0","0","0","1","0","0","0","0","0","0","0","0","0","0","0","0","0","0","0","0","0","0","0","0","0","0","0","0","0","0","0","0","0","0","0","0","0","0","0","0","1","202110","202204","2062"
"0914894","530010","72620159","36390659000149","3","1","00000000000000","","","","0130","","0","E","","","04","","03","22","03","","99","","","","","","","","ODO-228158-17/2021","20210611","1","","","","","","0","0","1","0","0","0","1","0","0","0","0","0","0","0",0,0,0,"0",0,0,0,0,0,0,0,0,0,0,0,0,0,0,"0",0,0,0,0,0,0,0,0,1,0,0,0,0,0,0,0,"1",0,0,0,"0",0,0,0,0,"0",0,0,0,0,0,0,0,0,0,0,0,0,0,0,0,"0","0","1","0","0","0","0","0","0","0","0","0","0","0","0","0","0","0","0","0","0","0","0","0","1","1","0","0","1","1","0","0","0","0","0","0","0","0","0","0","0","0","0","0","0","0","0","0","0","0","0","1","0","0","0","0","0","0","0","0","0","0","0","0","0","0","0","0","0","0","0","0","0","0","0","0","0","0","0","0","0","0","0","0","0","0","0","0","0","0","0","0","1","202110","202204","2062"
"0916285","530010","72215501","42935988000120","3","1","00000000000000","","","","","","0","E","","","04","","01","22","03","","99","","","","","","","","EAS .02905-01","20210730","1","","","","","","0","0","1","0","0","0","1","0","0","0","0","0","0","0",0,0,0,"0",0,0,0,0,0,0,0,0,0,0,0,0,0,0,"0",0,0,0,1,0,0,0,0,0,0,0,0,0,0,0,0,"1",0,0,0,"0",0,0,0,0,"0",0,0,0,0,0,0,0,0,0,0,0,0,0,0,0,"0","0","1","0","0","0","0","0","0","0","0","0","0","0","0","0","0","0","0","0","0","0","0","0","1","0","0","0","1","1","0","0","0","0","0","0","0","0","0","0","0","0","0","0","0","0","0","0","0","0","0","1","0","0","0","0","0","0","0","0","0","0","0","0","0","0","0","0","0","0","0","0","0","0","0","0","0","0","0","0","0","0","0","0","0","0","0","0","0","0","0","0","1","202110","202204","2062"
"0917796","530010","70830301","37263305000104","3","1","00000000000000","","","","0005","","0","E","","","04","","01","22","03","","99","","","","","","","","DFP2000088861","20230529","1","","","","","","0","0","1","0","0","0","1","0","0","0","0","0","0","0",0,0,0,"0",0,0,0,0,0,0,0,0,0,0,0,0,0,0,"0",0,0,0,4,0,0,0,0,0,0,0,0,0,0,0,0,"1",0,0,0,"0",0,0,0,0,"0",0,0,0,0,0,0,0,0,0,0,0,0,0,0,0,"0","0","1","0","0","0","0","0","0","0","0","0","0","0","0","0","0","0","0","0","0","0","0","0","1","0","0","0","1","1","0","0","0","0","0","0","0","0","0","0","0","0","0","0","0","0","0","0","0","0","0","1","0","0","0","1","0","0","0","0","0","0","0","0","0","0","0","0","0","0","0","0","0","0","0","0","0","0","0","0","0","0","0","0","0","0","0","0","0","0","0","0","1","202110","202204","2062"
"0917826","530010","70200740","43646276000154","3","1","00000000000000","","","","0015","","0","E","","","04","","03","22","03","","99","","","","","","","","DFP2100171447","20210928","1","","","","","","0","0","1","0","0","0","1","0","0","0","0","0","0","0",0,0,0,"0",0,0,0,0,0,0,0,0,0,0,0,0,0,0,"0",0,1,0,0,0,0,0,0,0,0,0,0,0,0,0,0,"1",0,0,0,"0",0,0,0,0,"0",0,0,0,0,0,0,0,0,0,0,0,0,0,0,0,"0","0","1","0","0","0","0","0","0","0","0","0","0","0","0","0","0","0","0","0","0","0","0","0","1","1","0","0","1","1","0","0","0","0","0","0","0","0","0","0","0","0","0","0","0","0","0","0","0","0","0","1","0","0","0","1","0","0","0","0","0","0","0","0","0","0","0","0","0","0","0","0","0","0","0","0","0","0","0","0","0","0","0","0","0","0","0","0","0","0","0","0","1","202110","202204","2062"
"0917834","530010","71926000","43294671000115","3","1","00000000000000","","","","9901","","0","E","","","04","","03","22","03","","99","","","","","","","","DFP2100152246","20210827","1","","","","","","0","0","1","0","0","0","1","0","0","0","0","0","0","0",0,0,0,"0",0,0,0,0,0,0,0,0,0,0,0,0,0,0,"0",0,0,0,1,0,0,0,0,0,0,0,0,0,0,0,0,"1",0,0,0,"0",0,0,0,0,"0",0,0,0,0,0,0,0,0,0,0,0,0,0,0,0,"0","0","1","0","0","0","0","0","0","0","0","0","0","0","0","0","0","0","0","0","0","0","0","0","1","0","0","0","1","1","0","0","0","0","0","0","0","0","0","0","0","0","0","0","0","0","0","0","0","0","0","1","0","0","0","1","0","0","0","0","0","0","0","0","0","0","0","0","0","0","0","0","0","0","0","0","0","0","0","0","0","0","0","0","0","0","0","0","0","0","0","0","1","202110","202204","2062"
"0917850","530010","71916250","42179608000175","3","1","00000000000000","","","","9901","","0","E","","","04","","03","36","04","","99","","","","","","","","","","","","","","","","0","0","1","0","0","0","1","0","0","0","0","0","0","0",0,0,0,"0",0,0,0,0,0,0,0,0,0,0,0,0,0,0,"0",0,0,0,4,0,0,0,0,0,0,0,0,0,0,0,0,"1",0,0,0,"0",0,0,0,0,"0",0,0,0,0,0,0,0,0,0,0,0,0,0,0,0,"0","0","0","0","0","0","0","0","0","0","0","0","0","0","0","0","0","0","0","0","0","0","0","0","0","0","0","0","1","1","0","0","0","0","0","0","0","0","0","0","0","0","0","0","0","0","0","0","0","0","0","1","0","0","1","1","0","0","0","0","0","0","0","0","0","0","0","0","0","0","0","0","0","0","0","0","0","0","0","0","0","0","0","0","0","0","0","0","0","0","0","0","1","202110","202204","2062"
"0918466","530010","71966900","00331801000482","3","1","00000000000000","","","","","","0","E","","","01","","02","04","03","","99","","","","","","","","EAS 00044-14P","20201215","1","","","","","","0","0","1","0","0","0","1","0","0","0","0","0","0","0",0,0,0,"0",0,0,0,0,0,0,0,0,0,0,0,0,0,0,"0",0,20,0,0,0,0,0,0,0,0,0,0,0,0,0,0,"1",0,0,0,"0",0,0,0,0,"0",0,0,0,0,0,0,0,0,0,0,0,0,0,0,0,"0","0","0","0","0","0","0","0","1","0","0","0","0","0","0","0","0","1","0","1","0","0","0","0","1","1","1","0","1","1","0","0","0","0","0","0","0","0","0","0","0","0","0","0","0","0","0","0","0","0","0","0","0","0","0","0","1","0","0","0","0","0","0","1","0","0","0","0","0","0","0","0","0","0","0","0","0","0","0","0","0","0","0","0","0","0","0","0","0","0","0","0","1","202110","202204","3999"
"0922293","530010","71909360","43185277000149","3","1","00000000000000","","","","9901","","0","E","","","04","","03","36","04","","99","","","","","","","","53202502663","20210818","1","","","","","","0","0","1","0","0","0","1","0","0","0","0","0","0","0",0,0,0,"0",0,0,0,0,0,0,0,0,0,0,0,0,0,0,"0",0,0,0,2,0,0,0,0,0,0,0,0,0,0,0,0,"1",0,0,0,"0",0,0,0,0,"0",0,0,0,0,0,0,0,0,0,0,0,0,0,0,0,"0","0","0","1","0","0","0","0","0","0","0","0","0","0","0","0","0","0","0","0","0","0","0","0","1","0","0","0","1","1","0","0","0","0","0","0","0","0","0","0","0","0","0","0","0","0","0","0","0","0","0","1","0","0","0","1","0","0","0","0","0","0","0","0","0","0","0","0","0","0","0","0","0","0","0","0","0","0","0","0","0","0","0","0","0","0","0","0","0","0","0","0","1","202110","202204","2062"
"0922765","530010","71720515","41178163000146","3","1","00000000000000","","","","","","0","E","","","04","","03","36","03","","99","","","","","","","","EAS-0030-11/2021","20210825","1","","","","","","0","0","1","0","0","0","1","0","0","0","0","0","0","0",0,0,0,"0",0,0,0,0,0,0,0,0,0,0,0,0,0,0,"0",0,0,0,1,0,0,0,0,0,0,0,0,0,0,0,0,"1",0,0,0,"0",0,0,0,0,"0",0,0,0,0,0,0,0,0,0,0,0,0,0,0,0,"0","0","1","0","0","0","0","0","0","0","0","0","0","0","0","0","0","0","0","0","0","0","0","0","1","0","0","0","1","1","0","0","0","0","0","0","0","0","0","0","0","0","0","0","0","0","0","0","0","0","0","1","0","0","1","1","0","0","0","0","0","0","0","0","0","0","0","0","0","0","0","0","0","0","0","0","0","0","0","0","0","0","0","0","0","0","0","0","0","0","0","0","1","202110","202204","2062"
"0923826","530010","70790156","00718528015475","3","1","00000000000000","","","","0005","","0","E","","","04","","01","39","03","","99","","","","","","","","LAB 00154-75","20210821","2","","","","","","0","0","1","0","0","0","1","0","0","0","0","0","0","0",0,0,0,"0",0,0,0,0,0,0,0,0,0,0,0,0,0,0,"0",0,0,0,0,0,0,0,0,0,0,0,0,0,0,0,0,"0",0,0,0,"0",0,0,0,0,"0",0,0,0,0,0,0,0,0,0,0,0,0,0,0,0,"0","0","1","0","0","0","0","0","0","0","0","0","0","0","0","0","0","0","0","0","0","0","0","0","1","1","0","0","1","1","0","0","0","0","0","0","0","0","0","0","0","0","0","0","0","0","0","0","0","0","0","0","0","0","0","0","0","0","1","0","0","1","1","0","0","0","0","0","0","0","0","0","0","0","0","0","0","0","0","0","0","0","0","0","0","0","0","0","0","0","0","0","1","202110","202204","2054"
"0924091","530010","71931720","43479379000177","3","1","00000000000000","","","","9901","","0","E","","","04","","03","36","03","","99","","","","","","","","8650","20210920","1","","","","","","0","0","1","0","0","0","1","0","0","0","0","0","0","0",0,0,0,"0",0,0,0,0,0,0,0,0,0,0,0,0,0,0,"0",0,0,0,1,0,0,0,0,0,0,0,0,0,0,0,0,"1",0,0,0,"0",0,0,0,0,"0",0,0,0,0,0,0,0,0,0,0,0,0,0,0,0,"0","0","1","0","0","0","0","0","0","0","0","0","0","0","0","0","0","0","0","0","0","0","0","0","1","0","0","0","1","1","0","0","0","0","0","0","0","0","0","0","0","0","0","0","0","0","0","0","0","0","0","1","0","0","0","0","0","0","0","0","0","0","0","0","0","0","0","0","0","0","0","0","0","0","0","0","0","0","0","0","0","0","0","0","0","0","0","0","0","0","0","0","1","202110","202204","2062"
"0924202","530010","70390150","41196513000105","3","1","00000000000000","","","","","","0","E","","","04","","01","22","03","","99","","","","","","","","EAS: 20603-01","20210312","1","","","","","","0","0","1","0","0","0","1","0","0","0","0","0","0","0",0,0,0,"0",0,0,0,0,0,0,0,0,0,0,0,0,0,0,"0",0,0,0,1,0,0,0,0,0,0,0,0,0,0,0,0,"1",0,0,0,"0",0,0,0,0,"0",0,0,0,0,0,0,0,0,0,0,0,0,0,0,0,"0","0","1","0","0","0","0","0","0","0","0","0","0","0","0","0","0","0","0","0","0","0","0","0","1","0","0","0","1","1","0","0","0","0","0","0","0","0","0","0","0","0","0","0","0","0","0","0","0","0","0","1","0","0","0","0","0","0","0","0","0","0","0","0","0","0","0","0","0","0","0","0","0","0","0","0","0","0","0","0","0","0","0","0","0","0","0","0","0","0","0","0","1","202110","202204","2062"
"0924326","530010","72140010","43305818000125","3","1","00000000000000","","","","","","0","E","","","04","","01","36","03","","99","","","","","","","","53202507401","20210827","1","","","","","","0","0","1","0","0","0","1","0","0","0","0","0","0","0",0,0,0,"0",0,0,0,0,0,0,0,0,0,0,0,0,0,0,"0",0,0,0,1,0,0,0,0,0,0,0,0,0,0,0,0,"1",0,0,0,"0",0,0,0,0,"0",0,0,0,0,0,0,0,0,0,0,0,0,0,0,0,"0","0","1","0","0","0","0","0","0","0","0","0","0","0","0","0","0","0","0","0","0","0","0","0","1","0","0","0","1","1","0","0","0","0","0","0","0","0","0","0","0","0","0","0","0","0","0","0","0","0","0","1","0","0","0","0","0","0","0","0","0","0","0","0","0","0","0","0","0","0","0","0","0","0","0","0","0","0","0","0","0","0","0","0","0","0","0","0","0","0","0","0","1","202110","202204","2062"
"0924857","530010","72262104","00394700003808","3","3","00394700000108","","04","","0040","","1","E","","","04","","03","73","06","","99","","","","","","","","","","","","","","","","0","0","1","0","0","0","1","0","0","0","0","0","0","0",0,0,0,"0",0,0,0,2,0,0,0,1,0,1,0,0,0,3,"1",0,0,0,0,0,0,0,0,0,0,0,0,0,0,0,0,"0",0,0,0,"0",0,0,0,0,"0",0,0,0,6,0,0,0,0,0,0,0,0,0,0,0,"0","0","1","0","1","0","1","0","1","1","1","0","0","0","0","0","1","0","1","1","1","0","0","0","1","1","1","1","1","1","0","0","0","1","0","0","0","0","0","0","0","0","1","0","0","0","0","0","0","0","1","0","0","0","0","0","0","0","0","0","0","0","0","0","1","0","0","0","0","0","0","0","0","0","0","0","0","0","0","0","0","0","0","0","0","0","0","0","0","0","0","0","1","202204","202204","1023"
"0925632","530010","70390108","43003744000172","3","1","00000000000000","","","","0015","","0","E","","","04","","03","36","03","","99","","","","","","","","EAS.02631-01","20210915","1","","","","","","0","0","1","0","0","0","1","0","0","0","0","0","0","0",0,0,0,"0",0,0,0,0,0,0,0,0,0,0,0,0,0,0,"0",0,2,0,0,0,0,0,0,0,0,0,0,0,0,0,0,"1",0,0,0,"0",0,0,0,0,"0",0,0,0,0,0,0,0,0,0,0,0,0,0,0,0,"0","0","1","0","0","0","0","0","1","0","0","0","0","0","0","0","0","1","0","1","0","0","0","0","1","0","1","0","1","1","0","0","0","0","0","0","0","0","0","0","0","0","0","0","0","0","0","0","0","0","0","1","0","0","0","1","0","0","0","0","0","0","0","0","0","0","0","0","0","0","0","0","0","0","0","0","0","0","0","0","0","0","0","0","0","0","0","0","0","0","0","0","1","202110","202204","2305"
"0925713","530010","70872530","43507580000110","3","1","00000000000000","","","","","","0","E","","","04","","01","36","03","","99","","","","","","","","EAS.02905.01","20210914","1","","","","","","0","0","1","0","0","0","1","0","0","0","0","0","0","0",0,0,0,"0",0,0,0,0,0,0,0,0,0,0,0,0,0,0,"0",0,0,0,1,0,0,0,0,0,0,0,0,0,0,0,0,"1",0,0,0,"0",0,0,0,0,"0",0,0,0,0,0,0,0,0,0,0,0,0,0,0,0,"0","0","1","0","0","0","0","0","0","0","0","0","0","0","0","0","0","0","0","0","0","0","0","0","1","0","0","0","1","1","0","0","0","0","0","0","0","0","0","0","0","0","0","0","0","0","0","0","0","0","0","1","0","0","0","0","0","0","0","0","0","0","0","0","0","0","0","0","0","0","0","0","0","0","0","0","0","0","0","0","0","0","0","0","0","0","0","0","0","0","0","0","1","202110","202204","2062"
"0925799","530010","70340000","43366311000181","3","1","00000000000000","","","","0015","","0","E","","","04","","02","22","03","","99","","","","","","","","001","20211008","1","","","","","","0","0","1","0","0","0","1","0","0","0","0","0","0","0",0,0,0,"0",0,0,0,0,0,0,0,0,0,0,0,0,0,0,"0",0,0,0,0,0,0,0,0,2,0,0,0,0,0,0,0,"1",0,0,0,"0",0,0,0,0,"0",0,0,0,0,0,0,0,0,0,0,0,0,0,0,0,"0","0","1","0","0","0","0","0","0","0","0","0","0","0","0","0","0","0","0","0","0","0","0","0","1","1","0","0","1","1","0","0","0","0","0","0","0","0","0","0","0","0","0","0","0","0","0","0","0","0","0","1","0","0","1","1","0","0","0","0","0","0","0","0","0","0","0","0","0","0","0","0","0","0","0","0","0","0","0","0","0","0","0","0","0","0","0","0","0","0","0","0","1","202110","202204","2062"
"0927104","530010","71994325","00718528015203","3","1","00000000000000","","","","9901","","0","E","","","04","","01","39","03","","99","","","","","","","","LAB 00152-03","20211015","1","","","","","","0","0","1","0","0","0","1","0","0","0","0","0","0","0",0,0,0,"0",0,0,0,0,0,0,0,0,0,0,0,0,0,0,"0",0,0,0,0,0,0,0,0,0,0,0,0,0,0,0,0,"0",0,0,0,"0",0,0,0,0,"0",0,0,0,0,0,0,0,0,0,0,0,0,0,0,0,"0","0","1","0","0","0","0","0","0","0","0","0","0","0","0","0","0","0","0","0","0","0","0","0","1","1","0","0","1","1","0","0","0","0","0","0","0","0","0","0","0","0","0","0","0","0","0","0","0","0","0","0","0","0","0","0","0","0","1","0","0","1","1","0","0","0","0","0","0","0","0","0","0","0","0","0","0","0","0","0","0","0","0","0","0","0","0","0","0","0","0","0","1","202110","202204","2054"
"0929069","530010","72110160","39790122000164","3","1","00000000000000","","","","0180","","0","E","","","04","","01","36","03","","99","","","","","","","","ODO.00220-15/2021","20211007","1","","","","","","0","0","1","0","0","0","1","0","0","0","0","0","0","0",0,0,0,"0",0,0,0,0,0,0,0,0,0,0,0,0,0,0,"0",0,0,0,0,0,0,0,0,2,0,0,0,0,0,0,0,"1",0,0,0,"0",0,0,0,0,"0",0,0,0,0,0,0,0,0,0,0,0,0,0,0,0,"0","0","1","0","0","0","0","0","0","0","0","0","0","0","0","0","0","0","0","0","0","0","0","0","1","1","1","0","1","1","0","0","0","0","0","0","0","0","0","0","0","0","0","0","0","0","0","0","0","0","0","1","0","0","0","1","0","0","0","0","0","0","0","0","0","0","0","0","0","0","0","0","0","0","0","0","0","0","0","0","0","0","0","0","0","0","0","0","0","0","0","0","1","202110","202204","2062"
"0931330","530010","72007185","15639493000343","3","1","00000000000000","","","","9934","","0","E","","","04","","01","22","03","","99","","","","","","","","LICENCIAMENTO SANITARIO","20210826","1","","","","","","0","0","1","0","0","0","1","0","0","0","0","0","0","0",0,0,0,"0",0,0,0,0,0,0,0,0,0,0,0,0,0,0,"0",0,0,0,1,0,0,0,0,0,0,0,0,0,0,0,0,"1",0,0,0,"0",0,0,0,0,"0",0,0,0,0,0,0,0,0,0,0,0,0,0,0,0,"0","0","0","1","0","0","0","0","0","0","0","0","0","0","0","0","0","0","0","0","0","0","0","0","1","0","0","0","1","1","0","0","0","0","0","0","0","0","0","0","0","0","0","0","0","0","0","0","0","0","0","1","0","0","0","0","0","0","0","0","0","0","0","0","0","0","0","0","0","0","0","0","0","0","0","0","0","0","0","0","0","0","0","0","0","0","0","0","0","0","0","0","1","202110","202204","2062"
"0931713","530010","70070120","28950074000108","3","1","00000000000000","","","","","","0","E","","","04","","01","22","03","","99","","","","","","","","53202140401","20200204","1","","","","","","0","0","1","0","0","0","1","0","0","0","0","0","0","0",0,0,0,"0",0,0,0,0,0,0,0,0,0,0,0,0,0,0,"0",0,1,0,0,0,0,0,0,0,0,0,0,0,0,0,0,"1",0,0,0,"0",0,0,0,0,"0",0,0,0,0,0,0,0,0,0,0,0,0,0,0,0,"0","0","0","0","0","0","0","0","0","0","0","0","0","0","0","0","0","0","0","0","0","0","0","0","0","0","0","0","1","1","0","0","0","0","0","0","0","0","0","0","0","0","0","0","0","0","0","0","0","0","0","1","0","0","0","0","0","0","0","0","0","0","0","0","0","0","0","0","0","0","0","0","0","0","0","0","0","0","0","0","0","0","0","0","0","0","0","0","0","0","0","0","1","202110","202204","2062"
"0932809","530010","72115700","15639493000262","3","1","00000000000000","","","","0180","","0","E","","","04","","01","22","03","","99","","","","","","","","LICENCA DE FUNCIONAMENTO","20211018","1","","","","","","0","0","1","0","0","0","1","0","0","0","0","0","0","0",0,0,0,"0",0,0,0,0,0,0,0,0,0,0,0,0,0,0,"0",0,0,0,1,0,0,0,0,0,0,0,0,0,0,0,0,"1",0,0,0,"0",0,0,0,0,"0",0,0,0,0,0,0,0,0,0,0,0,0,0,0,0,"0","0","0","1","0","0","0","0","0","0","0","0","0","0","0","0","0","0","0","0","0","0","0","0","1","0","0","0","1","1","0","0","0","0","0","0","0","0","0","0","0","0","0","0","0","0","0","0","0","0","0","1","0","0","0","0","0","0","0","0","0","0","0","0","0","0","0","0","0","0","0","0","0","0","0","0","0","0","0","0","0","0","0","0","0","0","0","0","0","0","0","0","1","202110","202204","2062"
"0934739","530010","71950904","00094018847149","1","1","00000000000000","","","","","","0","E","","","04","","03","22","03","","99","","","","","","","","062021","20210924","2","","","","","","0","0","1","0","0","0","1","0","0","0","0","0","0","0",0,0,0,"0",0,0,0,0,0,0,0,0,0,0,0,0,0,0,"0",0,1,0,0,0,0,0,0,0,0,0,0,0,0,0,0,"1",0,0,0,"0",0,0,0,0,"0",0,0,0,0,0,0,0,0,0,0,0,0,0,0,0,"0","0","1","0","0","0","0","0","0","0","0","0","0","0","0","0","0","0","0","0","0","0","0","0","1","0","0","0","1","1","0","0","0","0","0","0","0","0","0","0","0","0","0","0","0","0","0","0","0","0","0","1","0","0","0","1","0","0","0","0","0","0","0","0","0","0","0","0","0","0","0","0","0","0","0","0","0","0","0","0","0","0","0","0","0","0","0","0","0","0","0","0","1","202110","202204","4000"
"0934925","530010","72302567","30153800000103","3","1","00000000000000","","","","0140","","0","E","","","04","","01","39","03","","99","","","","","","","","LAB.00021-18/2020","20200830","1","","","","","","0","0","1","0","0","0","1","0","0","0","0","0","0","0",0,0,0,"0",0,0,0,0,0,0,0,0,0,0,0,0,0,0,"0",0,0,0,1,0,0,0,0,0,0,0,0,0,0,0,0,"1",0,0,0,"0",0,0,0,0,"0",0,0,0,0,0,0,0,0,0,0,0,0,0,0,0,"0","0","1","0","0","0","0","0","0","0","0","0","0","0","0","0","0","0","0","0","0","0","0","0","1","1","1","0","1","1","0","0","0","0","0","0","0","0","0","0","0","0","0","0","0","0","0","0","0","0","0","1","0","0","0","1","0","0","0","0","0","0","0","0","0","0","0","0","0","0","0","0","0","0","0","0","0","0","0","0","0","0","0","0","0","0","0","0","0","0","0","0","1","202111","202204","2062"
"0934933","530010","71200040","12492089000130","3","1","00000000000000","","","","","","0","E","","","04","","03","36","03","","99","","","","","","","","ODO 01587-01","20210713","1","","","","","","0","0","1","0","0","0","1","0","0","0","0","0","0","0",0,0,0,"0",0,0,0,0,0,0,0,0,0,0,0,0,0,0,"0",0,0,0,0,0,0,0,0,2,0,0,0,0,0,0,0,"1",0,0,0,"0",0,0,0,0,"0",0,0,0,0,0,0,0,0,0,0,0,0,0,0,0,"0","0","0","0","0","0","0","0","1","0","0","0","0","0","0","0","0","0","0","0","0","0","0","0","1","1","0","0","1","1","0","0","0","0","0","0","0","0","0","0","0","0","0","0","0","0","0","0","0","0","0","1","0","0","0","0","0","0","0","0","0","0","0","0","0","0","0","0","0","0","0","0","0","0","0","0","0","0","0","0","0","0","0","0","0","0","0","0","0","0","0","0","1","202111","202204","2062"
"0934941","530010","71503501","43794187000155","3","1","00000000000000","","","","","","0","E","","","04","","03","36","03","","99","","","","","","","","CERTIF. DE LICENCIAMENTO","20211006","1","","","","","","0","0","1","0","0","0","1","0","0","0","0","0","0","0",0,0,0,"0",0,0,0,0,0,0,0,0,0,0,0,0,0,0,"0",0,0,0,1,0,0,0,0,0,0,0,0,0,0,0,0,"1",0,0,0,"0",0,0,0,0,"0",0,0,0,0,0,0,0,0,0,0,0,0,0,0,0,"0","0","0","0","0","0","0","0","0","0","0","0","0","0","0","0","0","0","0","0","0","0","0","0","0","0","0","0","1","1","0","0","0","0","0","0","0","0","0","0","0","0","0","0","0","0","0","0","0","0","0","1","0","0","0","1","0","0","0","0","0","0","0","0","0","0","0","0","0","0","0","0","0","0","0","0","0","0","0","0","0","0","0","0","0","0","0","0","0","0","0","0","1","202111","202204","2062"
"0935255","530010","72301520","37861565000173","3","1","00000000000000","","","","0140","","0","E","","","04","","01","36","04","","99","","","","","","","","EAS.00066-18/2021","20210113","1","","","","","","0","0","1","0","0","0","1","0","0","0","0","0","0","0",0,0,0,"0",0,0,0,0,0,0,0,0,0,0,0,0,0,0,"0",3,0,0,0,0,0,0,0,0,0,0,0,0,0,0,0,"1",0,0,0,"0",0,0,0,0,"0",0,0,0,0,0,0,0,0,0,0,0,0,0,0,0,"0","0","1","0","0","0","0","0","0","0","0","0","0","0","0","0","0","0","0","0","0","0","0","0","1","1","0","0","1","1","0","0","0","0","0","0","0","0","0","0","0","0","0","0","0","0","0","0","0","0","0","1","0","0","0","1","0","0","0","0","0","0","0","0","0","0","0","0","0","0","0","0","0","0","0","0","0","0","0","0","0","0","0","0","0","0","0","0","0","0","0","0","1","202111","202204","2305"
"0935514","530010","71587032","00394700003980","3","3","00394700000108","","04","","0110","","1","E","","","04","","03","73","06","","99","","","","","","","","","","","","","","","","0","0","1","0","0","0","1","0","0","0","0","0","0","0",0,0,0,"0",0,0,0,2,0,0,0,1,0,1,0,0,0,3,"1",0,0,0,0,0,0,0,0,0,0,0,0,0,0,0,0,"0",0,0,0,"0",0,0,0,0,"0",0,0,0,6,0,0,0,0,0,0,0,0,0,0,0,"0","0","1","0","1","0","1","0","1","1","1","0","0","0","0","0","1","0","1","1","1","0","0","0","1","1","1","1","1","1","0","0","0","1","0","0","0","0","0","0","0","0","1","0","0","0","0","0","0","0","1","0","0","0","0","0","0","0","0","0","0","0","0","0","1","0","0","0","0","0","0","0","0","0","0","0","0","0","0","0","0","0","0","0","0","0","0","0","0","0","0","0","1","202202","202204","1023"
"0936391","530010","70712903","40259355000114","3","1","00000000000000","","","","","","0","E","","","04","","01","22","03","","99","","","","","","","","00255022021","20210914","1","","","","","","0","0","1","0","0","0","1","0","0","0","0","0","0","0",0,0,0,"0",0,0,0,0,0,0,0,0,0,0,0,0,0,0,"0",0,1,0,0,0,0,0,0,0,0,0,0,0,0,0,0,"1",0,0,0,"0",0,0,0,0,"0",0,0,0,0,0,0,0,0,0,0,0,0,0,0,0,"0","0","0","0","0","0","0","0","0","0","0","0","0","0","0","0","0","0","0","0","0","0","0","0","0","1","1","0","1","1","0","0","0","0","0","0","0","0","0","0","0","0","0","0","0","0","0","0","0","0","0","1","0","0","0","0","0","0","0","0","0","0","0","0","0","0","0","0","0","0","0","0","0","0","0","0","0","0","0","0","0","0","0","0","0","0","0","0","0","0","0","0","1","202111","202204","2062"
"0936642","530010","70390078","20880154000718","3","1","00000000000000","","","","","","0","E","","","04","","03","77","03","","99","","","","","","","","53920009844","20201124","1","","","","","","0","0","1","0","0","0","1","0","0","0","0","0","0","0",0,0,0,"0",0,0,0,0,0,0,0,0,0,0,0,0,0,0,"1",0,0,0,0,0,0,0,0,0,0,0,0,0,0,0,0,"0",0,0,0,"0",0,0,0,0,"0",0,1,0,0,0,0,0,0,0,0,0,0,0,0,0,"0","0","0","1","1","0","1","0","0","0","0","1","0","0","0","0","0","0","0","1","0","1","0","0","1","0","0","0","1","1","0","0","0","0","0","0","0","0","0","0","0","0","0","0","0","0","0","0","0","0","0","0","0","0","0","0","0","0","1","0","0","0","1","0","0","0","0","0","0","0","0","0","0","0","0","0","0","0","0","0","0","0","0","0","0","0","0","0","0","0","0","0","1","202111","202204","2062"
"0936650","530010","72215171","27055575000168","3","1","00000000000000","","","","","","0","E","","","04","","03","36","03","","99","","","","","","","","ODO - 000213-012","20211020","1","","","","","","0","0","1","0","0","0","1","0","0","0","0","0","0","0",0,0,0,"0",0,0,0,0,0,0,0,0,0,0,0,0,0,0,"0",0,0,0,0,0,0,0,0,1,0,0,0,0,0,0,0,"1",0,0,0,"0",0,0,0,0,"0",0,0,0,0,0,0,0,0,0,0,0,0,0,0,0,"0","0","1","0","0","0","0","0","0","0","0","0","0","0","0","0","0","0","0","0","0","0","0","0","1","1","0","0","1","1","0","0","0","0","0","0","0","0","0","0","0","0","0","0","0","0","0","0","0","0","0","1","0","0","0","1","0","0","0","0","0","0","0","0","0","0","0","0","0","0","0","0","0","0","0","0","0","0","0","0","0","0","0","0","0","0","0","0","0","0","0","0","1","202111","202204","2305"
"0936669","530010","71950770","42511186000193","3","1","00000000000000","","","","0180","","0","E","","","04","","01","36","03","","99","","","","","","","","RLE","20210818","1","","","","","","0","0","1","0","0","0","1","0","0","0","0","0","0","0",0,0,0,"0",0,0,0,0,0,0,0,0,0,0,0,0,0,0,"0",1,0,0,0,0,0,0,0,0,0,0,0,0,0,0,0,"1",0,0,0,"0",0,0,0,0,"0",0,0,0,0,0,0,0,0,0,0,0,0,0,0,0,"0","0","1","0","0","0","0","0","0","0","0","0","0","0","0","0","0","0","0","0","0","0","0","0","1","0","0","0","1","1","0","0","0","0","0","0","0","0","0","0","0","0","0","0","0","0","0","0","0","0","0","1","0","0","0","1","0","0","0","0","0","0","0","0","0","0","0","0","0","0","0","0","0","0","0","0","0","0","0","0","0","0","0","0","0","0","0","0","0","0","0","0","1","202111","202204","2062"
"0938483","530010","72015525","41419947000119","3","1","00000000000000","","","","","","0","E","","","04","","01","36","03","","99","","","","","","","","ODO.00174-14","20210901","1","","","","","","0","0","1","0","0","0","1","0","0","0","0","0","0","0",0,0,0,"0",0,0,0,0,0,0,0,0,0,0,0,0,0,0,"0",0,0,0,0,0,0,0,0,2,0,0,0,0,0,0,0,"1",0,0,0,"0",0,0,0,0,"0",0,0,0,0,0,0,0,0,0,0,0,0,0,0,0,"0","0","1","0","0","0","0","0","1","0","0","0","0","0","0","0","0","0","0","1","0","0","0","0","1","1","0","0","1","1","0","0","0","0","0","0","0","0","0","0","0","0","0","0","0","0","0","0","0","0","0","1","0","0","0","0","0","0","0","0","0","0","0","0","0","0","0","0","0","0","0","0","0","0","0","0","0","0","0","0","0","0","0","0","0","0","0","0","0","0","0","0","1","202111","202204","2062"
"0939145","530010","72445070","00394700004103","3","3","00394700000108","","","","0060","","1","E","","","04","","03","73","06","","99","","","","","","","","","","","","","","","","0","0","1","0","0","0","1","0","0","0","0","0","0","0",0,0,0,"0",0,0,0,2,0,0,0,1,0,1,0,0,0,3,"1",0,0,0,0,0,0,0,0,0,0,0,0,0,0,0,0,"0",0,0,0,"0",0,0,0,0,"0",0,0,0,6,0,0,0,0,0,0,0,0,0,0,0,"0","0","1","0","1","0","1","0","1","1","1","0","0","0","0","0","1","0","1","1","1","0","0","0","1","1","1","1","1","1","0","0","0","1","0","0","0","0","0","0","0","0","1","0","0","0","0","0","0","0","1","0","0","0","0","0","0","0","0","0","0","0","0","0","1","0","0","0","0","0","0","0","0","0","0","0","0","0","0","0","0","0","0","0","0","0","0","0","0","0","0","0","1","202204","202204","1023"
"0939579","530010","71966900","43663516000129","3","1","00000000000000","","","","","","0","E","","","04","","03","22","03","","99","","","","","","","","53202522605","20210928","2","","","","","","0","0","1","0","0","0","1","0","0","0","0","0","0","0",0,0,0,"0",0,0,0,0,0,0,0,0,0,0,0,0,0,0,"0",0,0,0,1,0,0,0,0,0,0,0,0,0,0,0,0,"1",0,0,0,"0",0,0,0,0,"0",0,0,0,0,0,0,0,0,0,0,0,0,0,0,0,"0","0","1","0","0","0","0","0","0","0","0","0","0","0","0","0","0","0","0","0","0","0","0","0","1","0","0","0","1","1","0","0","0","0","0","0","0","0","0","0","0","0","0","0","0","0","0","0","0","0","0","1","0","0","0","1","0","0","0","0","0","0","0","0","0","0","0","0","0","0","0","0","0","0","0","0","0","0","0","0","0","0","0","0","0","0","0","0","0","0","0","0","1","202111","202204","2062"
"0940577","530010","70390095","37087223000148","3","1","00000000000000","","","","0015","","0","E","","","04","","01","36","03","","99","","","","","","","","","","","","","","","","0","0","1","0","0","0","1","0","0","0","0","0","0","0",0,0,0,"0",0,0,0,0,0,0,0,0,0,0,0,0,0,0,"0",1,0,0,0,0,0,0,0,0,0,0,0,0,0,0,0,"1",0,0,0,"0",0,0,0,0,"0",0,0,0,0,0,0,0,0,0,0,0,0,0,0,0,"0","0","1","0","0","0","0","0","0","0","0","0","0","0","0","0","0","0","0","0","0","0","0","0","1","0","0","0","1","1","0","0","0","0","0","0","0","0","0","0","0","0","0","0","0","0","0","0","0","0","0","1","0","0","0","0","0","0","0","0","0","0","0","0","0","0","0","0","0","0","0","0","0","0","0","0","0","0","0","0","0","0","0","0","0","0","0","0","0","0","0","0","1","202111","202204","2062"
"0940631","530010","72225013","61585865043470","3","1","00000000000000","","","","","","0","E","","","04","","03","43","06","","99","","","","","","","","00142-16","20210520","2","","","","","","0","0","1","0","0","0","1","0","0","0","0","0","0","0",0,0,0,"0",0,0,0,0,0,0,0,0,0,0,0,0,0,0,"0",0,0,0,0,0,0,0,0,0,0,0,1,0,0,0,0,"1",0,0,0,"0",0,0,0,0,"0",0,0,0,0,0,0,0,0,0,0,0,0,0,0,0,"0","0","0","0","0","0","1","0","0","0","0","0","0","0","0","0","0","0","0","0","0","0","0","0","1","1","0","0","1","1","0","0","0","0","0","0","0","0","0","0","0","0","0","0","0","0","0","0","0","0","0","1","0","0","0","0","0","0","0","0","0","0","0","0","0","0","0","0","0","0","0","0","0","0","0","0","0","0","0","0","0","0","0","0","0","0","0","0","0","0","0","0","1","202111","202204","2046"
"0940666","530010","72025065","41559142000170","3","1","00000000000000","","","","0180","","0","E","","","04","","03","04","03","","99","","","","","","","","34573456","20210413","1","","","","","","0","0","1","0","0","0","1","0","0","0","0","0","0","0",0,0,0,"0",0,0,0,0,0,0,0,0,0,0,0,0,0,0,"0",0,5,0,0,0,0,0,0,0,0,0,0,0,0,0,0,"1",0,0,0,"0",0,0,0,0,"0",0,0,0,0,0,0,0,0,0,0,0,0,0,0,0,"0","0","1","0","0","0","0","0","0","0","0","0","0","0","0","0","0","0","0","0","0","0","0","0","1","0","0","0","1","1","0","0","0","0","0","0","0","0","0","0","0","0","0","0","0","0","0","0","0","0","0","1","0","0","0","1","0","0","0","0","0","0","0","0","0","0","0","0","0","0","0","0","0","0","0","0","0","0","0","0","0","0","0","0","0","0","0","0","0","0","0","0","1","202111","202204","2062"
"0940933","530010","73105904","38438295000155","3","1","00000000000000","","","","0170","","0","E","","","04","","01","36","03","","99","","","","","","","","CR 195","20210813","1","","","","","","0","0","1","0","0","0","1","0","0","0","0","0","0","0",0,0,0,"0",0,0,0,0,0,0,0,0,0,0,0,0,0,0,"0",0,0,0,0,0,0,0,0,3,0,0,0,0,0,0,0,"1",0,0,0,"0",0,0,0,0,"0",0,0,0,0,0,0,0,0,0,0,0,0,0,0,0,"0","0","1","0","0","0","0","0","1","0","0","0","0","0","0","0","0","0","0","0","0","0","0","0","1","1","0","0","1","1","0","0","0","0","0","0","0","0","0","0","0","0","0","0","0","0","0","0","0","0","0","1","0","0","0","0","0","0","0","0","0","0","0","0","0","0","0","0","0","0","0","0","0","0","0","0","0","0","0","0","0","0","0","0","0","0","0","0","0","0","0","0","1","202111","202204","2062"
"0940941","530010","70390903","33055288000150","3","1","00000000000000","","","","","","0","E","","","04","","","22","02","","99","","","","","","","","EAS 208855-01","20201103","1","","","","","","0","0","1","0","0","0","1","0","0","0","0","0","0","0",0,0,0,"0",0,0,0,0,0,0,0,0,0,0,0,0,0,0,"0",0,1,0,0,0,0,0,0,0,0,0,0,0,0,0,0,"1",0,0,0,"0",0,0,0,0,"0",0,0,0,0,0,0,0,0,0,0,0,0,0,0,0,"0","0","0","0","0","0","0","0","0","0","0","0","0","0","0","0","0","0","0","0","0","0","0","0","0","0","0","0","0","0","0","0","0","0","0","0","0","0","0","0","0","0","0","0","0","0","0","0","0","0","0","1","0","0","0","1","0","0","0","0","0","0","0","0","0","0","0","0","0","0","0","0","0","0","0","0","0","0","0","0","0","0","0","0","0","0","0","0","0","0","0","0","1","202111","202204","2062"
"0941492","530010","70390095","37763821000270","3","1","00000000000000","","","","0005","","0","E","","","04","","01","36","03","","99","","","","","","","","CADASTRO FISCAL DO DF","20210409","1","","","","","","0","0","1","0","0","0","1","0","0","0","0","0","0","0",0,0,0,"0",0,0,0,0,0,0,0,0,0,0,0,0,0,0,"0",1,0,0,1,0,0,0,0,0,0,0,0,0,0,0,0,"1",0,0,0,"0",0,0,0,0,"0",0,0,0,0,0,0,0,0,0,0,0,0,0,0,0,"0","0","1","0","0","0","0","0","0","0","0","0","0","0","0","0","0","0","0","0","0","0","0","0","1","1","0","0","1","1","0","0","0","0","0","0","0","0","0","0","0","0","0","0","0","0","0","0","0","0","0","1","0","0","0","0","0","0","0","0","0","0","0","0","0","0","0","0","0","0","0","0","0","0","0","0","0","0","0","0","0","0","0","0","0","0","0","0","0","0","0","0","1","202111","202204","2062"
"0941522","530010","70340908","41828834000177","3","1","00000000000000","","","","","","0","E","","","04","","03","22","03","","99","","","","","","","","532083755221","20190829","","","","","","","0","0","1","0","0","0","1","0","0","0","0","0","0","0",0,0,0,"0",0,0,0,0,0,0,0,0,0,0,0,0,0,0,"0",0,0,0,0,0,0,0,0,1,0,0,0,0,0,0,0,"1",0,0,0,"0",0,0,0,0,"0",0,0,0,0,0,0,0,0,0,0,0,0,0,0,0,"0","0","1","0","0","0","0","0","0","0","0","0","0","0","0","0","0","0","0","1","0","0","0","0","1","1","0","0","1","1","0","0","0","0","0","0","0","0","0","0","0","0","0","0","0","0","0","0","0","0","0","1","0","0","0","1","0","0","0","0","0","0","0","0","0","0","0","0","0","0","0","0","0","0","0","0","0","0","0","0","0","0","0","0","0","0","0","0","0","0","0","0","1","202111","202204","2062"
"0942014","530010","70340906","28064561000173","3","1","00000000000000","","","","0015","","0","E","","","04","","01","22","03","","99","","","","","","","","RLE DIGITAL","20210816","1","","","","","","0","0","1","0","0","0","1","0","0","0","0","0","0","0",0,0,0,"0",0,0,0,0,0,0,0,0,0,0,0,0,0,0,"0",0,0,0,1,0,0,0,0,0,0,0,0,0,0,0,0,"1",0,0,0,"0",0,0,0,0,"0",0,0,0,0,0,0,0,0,0,0,0,0,0,0,0,"0","0","0","0","0","0","0","0","0","0","0","0","0","0","0","0","0","0","0","0","0","0","0","0","0","0","0","0","1","1","0","0","0","0","0","0","0","0","0","0","0","0","0","0","0","0","0","0","0","0","0","1","0","0","1","0","0","0","0","0","0","0","0","0","0","0","0","0","0","0","0","0","0","0","0","0","0","0","0","0","0","0","0","0","0","0","0","0","0","0","0","0","1","202111","202204","2062"
"0943142","530010","72405499","42093478000153","3","1","00000000000000","","","","0010","","0","E","","","04","","01","36","03","","99","","","","","","","","AS.00165-20/2021","20210831","1","","","","","","0","0","1","0","0","0","1","0","0","0","0","0","0","0",0,0,0,"0",0,0,0,0,0,0,0,0,0,0,0,0,0,0,"0",0,0,0,0,0,0,0,0,0,0,1,1,0,0,0,0,"1",0,0,0,"0",0,0,0,0,"0",0,0,0,0,0,0,0,0,0,0,0,0,0,0,0,"0","0","1","0","0","0","0","0","0","0","0","0","0","0","0","0","0","0","0","0","0","0","0","0","1","1","0","0","1","1","0","0","0","0","0","0","0","0","0","0","0","0","0","0","0","0","0","0","0","0","0","1","0","0","0","0","0","0","0","0","0","0","0","0","0","0","0","0","0","0","0","0","0","0","0","0","0","0","0","0","0","0","0","0","0","0","0","0","0","0","0","0","1","202111","202204","2062"
"0943290","530010","72215507","00053864905168","1","1","00000000000000","","","","","","0","E","","","04","","01","22","03","","99","","","","","","","","ODO.00443-16/2021","20210506","1","","","","","","0","0","1","0","0","0","1","0","0","0","0","0","0","0",0,0,0,"0",0,0,0,0,0,0,0,0,0,0,0,0,0,0,"0",0,0,0,0,0,0,0,0,1,0,0,0,0,0,0,0,"1",0,0,0,"0",0,0,0,0,"0",0,0,0,0,0,0,0,0,0,0,0,0,0,0,0,"0","0","1","0","0","0","0","0","1","0","0","0","0","0","0","0","0","0","0","0","0","0","0","0","1","1","0","0","1","1","0","0","0","0","0","0","0","0","0","0","0","0","0","0","0","0","0","0","0","0","0","1","0","0","0","0","0","0","0","0","0","0","0","0","0","0","0","0","0","0","0","0","0","0","0","0","0","0","0","0","0","0","0","0","0","0","0","0","0","0","0","0","1","202111","202204","4000"
"0943363","530010","71741201","42560273000130","3","1","00000000000000","","","","","","0","E","","","04","","03","22","03","","99","","","","","","","","53600493494","20210719","1","","","","","","0","0","1","0","0","0","1","0","0","0","0","0","0","0",0,0,0,"0",0,0,0,0,0,0,0,0,0,0,0,0,0,0,"0",0,0,0,1,0,0,0,0,0,0,0,0,0,0,0,0,"1",0,0,0,"0",0,0,0,0,"0",0,0,0,0,0,0,0,0,0,0,0,0,0,0,0,"0","0","1","0","0","0","0","0","0","0","0","0","0","0","0","0","0","0","0","0","0","0","0","0","1","0","0","0","1","1","0","0","0","0","0","0","0","0","0","0","0","0","0","0","0","0","0","0","0","0","0","1","0","0","1","0","0","0","0","0","0","0","0","0","0","0","0","0","0","0","0","0","0","0","0","0","0","0","0","0","0","0","0","0","0","0","0","0","0","0","0","0","1","202111","202204","2062"
"0943398","530010","70710146","42245644000190","3","1","00000000000000","","","","0005","","0","E","","","04","","03","22","06","","99","","","","","","","","EAS 00054-02/2021","20211024","1","","","","","","0","0","1","0","0","0","1","0","0","0","0","0","0","0",0,0,0,"0",0,0,0,0,0,0,0,0,0,0,0,0,0,0,"0",1,0,0,0,0,0,0,0,0,0,0,0,0,0,0,0,"1",0,0,0,"0",0,0,0,0,"0",0,0,0,0,0,0,0,0,0,0,0,0,0,0,0,"0","0","1","0","0","0","0","0","0","0","0","0","0","0","0","0","0","0","0","0","0","0","0","0","1","0","0","0","1","1","0","0","0","0","0","0","0","0","0","0","0","0","0","0","0","0","0","0","0","0","0","1","0","0","0","0","0","0","0","0","0","0","0","0","0","0","0","0","0","0","0","0","0","0","0","0","0","0","0","0","0","0","0","0","0","0","0","0","0","0","0","0","1","202111","202204","2062"
"0943401","530010","71919180","41858171000133","3","1","00000000000000","","","","9901","","0","E","","","04","","03","04","03","","99","","","","","","","","EAS.000204-22","20211006","1","","","","","","0","0","1","0","0","0","1","0","0","0","0","0","0","0",0,0,0,"0",0,0,0,0,0,0,0,0,0,0,0,0,0,0,"0",0,38,0,1,0,0,0,0,0,0,0,0,0,0,0,0,"1",0,0,0,"0",0,0,0,0,"0",0,0,0,0,0,0,0,0,0,0,0,0,0,0,0,"0","0","1","0","0","0","0","0","0","0","0","0","0","0","0","0","0","0","0","0","0","0","0","0","1","1","0","0","1","1","0","0","0","0","0","0","0","0","0","0","0","0","0","0","0","0","0","0","0","0","0","1","0","0","0","1","0","0","0","0","0","0","0","0","0","0","0","0","0","0","0","0","0","0","0","0","0","0","0","0","0","0","0","0","0","0","0","0","0","0","0","0","1","202111","202204","2062"
"0943436","530010","71936250","43670250000141","3","1","00000000000000","","","","","","0","E","","","04","","03","36","03","","99","","","","","","","","532021110021","20211008","1","","","","","","0","0","1","0","0","0","1","0","0","0","0","0","0","0",0,0,0,"0",0,0,0,0,0,0,0,0,0,0,0,0,0,0,"0",0,1,0,0,0,0,0,0,0,0,0,0,0,0,0,0,"1",0,0,0,"0",0,0,0,0,"0",0,0,0,0,0,0,0,0,0,0,0,0,0,0,0,"0","0","1","0","0","0","0","0","0","0","0","0","0","0","0","0","0","0","0","0","0","0","0","0","1","1","0","0","1","1","0","0","0","0","0","0","0","0","0","0","0","0","0","0","0","0","0","0","0","0","0","1","0","0","0","1","0","0","0","0","0","0","0","0","0","0","0","0","0","0","0","0","0","0","0","0","0","0","0","0","0","0","0","0","0","0","0","0","0","0","0","0","1","202111","202204","2062"
"0943444","530010","71020637","17507192000120","3","1","00000000000000","","","","","","0","E","","","04","","03","22","03","","99","","","","","","","","RLE 53201856453","20211013","1","","","","","","0","0","1","0","0","0","1","0","0","0","0","0","0","0",0,0,0,"0",0,0,0,0,0,0,0,0,0,0,0,0,0,0,"0",0,0,0,0,0,0,0,0,1,0,0,0,0,0,0,0,"1",0,0,0,"0",0,0,0,0,"0",0,0,0,0,0,0,0,0,0,0,0,0,0,0,0,"0","0","1","0","0","0","0","0","1","0","0","0","0","0","0","0","0","0","0","1","0","0","0","0","1","1","0","1","1","1","0","0","0","0","0","0","0","0","0","0","0","0","0","0","0","0","0","0","0","0","0","1","0","0","0","0","0","0","0","0","0","0","0","0","0","0","0","0","0","0","0","0","0","0","0","0","0","0","0","0","0","0","0","0","0","0","0","0","0","0","0","0","1","202111","202204","2062"
"0943452","530010","72405499","24942732001564","3","1","00000000000000","","","","0060","","0","E","","","04","","03","39","05","","99","","","","","","","","00146-20/2021","20200528","1","","","","","","0","0","1","0","0","0","1","0","0","0","0","0","0","0",0,0,0,"0",0,0,0,0,0,0,0,0,0,0,0,0,0,0,"0",0,1,0,0,0,0,0,0,0,0,0,0,0,0,0,0,"1",0,0,0,"0",0,0,0,0,"0",0,0,0,0,0,0,0,0,0,0,0,0,0,0,0,"0","0","1","0","0","0","0","0","0","0","0","0","0","0","0","0","0","0","0","0","0","0","0","0","1","1","0","1","1","1","0","0","0","0","0","0","0","0","0","0","0","0","0","0","0","0","0","0","0","0","0","0","0","0","0","0","0","0","0","0","0","0","1","0","0","0","0","0","0","0","0","0","0","0","0","0","0","0","0","0","0","0","0","0","0","0","0","0","0","0","0","0","1","202111","202204","2062"
"0943932","530010","71907720","41500053000159","3","1","00000000000000","","","","","","0","E","","","04","","02","36","03","","99","","","","","","","","RLE DIGITAL","20210929","1","","","","","","0","0","1","0","0","0","1","0","0","0","0","0","0","0",0,0,0,"0",0,0,0,0,0,0,0,0,0,0,0,0,0,0,"0",1,0,0,0,0,0,0,0,0,0,0,0,0,0,0,0,"1",0,0,0,"0",0,0,0,0,"0",0,0,0,0,0,0,0,0,0,0,0,0,0,0,0,"0","0","0","0","0","0","0","0","0","0","0","0","0","0","0","0","0","0","0","0","0","0","0","0","0","0","0","0","1","1","0","0","0","0","0","0","0","0","0","0","0","0","0","0","0","0","0","0","0","0","0","1","0","0","0","0","0","0","0","0","0","0","0","0","0","0","0","0","0","0","0","0","0","0","0","0","0","0","0","0","0","0","0","0","0","0","0","0","0","0","0","0","1","202111","202204","2062"
"0944947","530010","72145809","42326513000137","3","1","00000000000000","","","","0180","","0","E","","","04","","01","36","04","","99","","","","","","","","DFP2100106955","20210615","1","","","","","","0","0","1","0","0","0","1","0","0","0","0","0","0","0",0,0,0,"0",0,0,0,0,0,0,0,0,0,0,0,0,0,0,"0",0,1,0,0,0,0,0,0,0,0,0,0,0,0,0,0,"1",0,0,0,"0",0,0,0,0,"0",0,0,0,0,0,0,0,0,0,0,0,0,0,0,0,"0","0","1","0","0","0","0","0","0","0","0","0","0","0","0","0","0","0","0","0","0","0","0","0","1","0","0","0","1","1","0","0","0","0","0","0","0","0","0","0","0","0","0","0","0","0","0","0","0","0","0","1","0","0","1","1","0","0","0","0","0","0","0","0","0","0","0","0","0","0","0","0","0","0","0","0","0","0","0","0","0","0","0","0","0","0","0","0","0","0","0","0","1","202111","202204","2305"
"0945056","530010","72015110","25080087000185","3","1","00000000000000","","","","","","0","E","","","04","","","22","03","","99","","","","","","","","RLE DIGITAL","20211103","","","","","","","0","0","1","0","0","0","1","0","0","0","0","0","0","0",0,0,0,"0",0,0,0,0,0,0,0,0,0,0,0,0,0,0,"0",0,1,0,0,0,0,0,0,0,0,0,0,0,0,0,0,"1",0,0,0,"0",0,0,0,0,"0",0,0,0,0,0,0,0,0,0,0,0,0,0,0,0,"0","0","1","0","0","0","0","0","0","0","0","0","0","0","0","0","0","0","0","0","0","0","0","0","1","0","0","0","1","1","0","0","0","0","0","0","0","0","0","0","0","0","0","0","0","0","0","0","0","0","0","1","0","0","0","0","0","0","0","0","0","0","0","0","0","0","0","0","0","0","0","0","0","0","0","0","0","0","0","0","0","0","0","0","0","0","0","0","0","0","0","0","1","202111","202204","2062"
"0945587","530010","70830356","40161095000140","3","1","00000000000000","","","","0005","","0","E","","","04","","01","04","03","","99","","","","","","","","RLE -53202393155","20211029","","","","","","","0","0","0","0","1","0","1","0","0","0","0","0","0","0",0,0,0,"0",0,0,0,0,0,0,0,0,0,0,0,0,0,0,"0",6,0,0,0,0,0,0,0,0,0,0,0,0,0,0,0,"1",0,0,0,"0",0,0,0,0,"0",0,0,0,0,0,0,0,0,0,0,0,0,0,0,0,"0","0","1","1","0","0","0","0","0","0","0","0","0","0","0","0","0","0","0","0","0","0","0","0","1","1","1","0","1","1","0","0","0","0","0","0","0","0","0","0","0","0","0","0","0","0","0","0","0","0","0","1","0","0","0","1","0","0","0","0","0","0","0","0","0","0","0","0","0","0","0","0","0","0","0","0","0","0","0","0","0","0","0","0","0","0","0","0","0","0","0","0","1","202111","202204","2062"
"0945595","530010","71880140","00394700004286","3","3","00394700000108","","04","","9917","","1","E","","","04","","03","73","06","","99","","","","","","","","","","","","","","","","0","0","1","0","0","0","1","0","0","0","0","0","0","0",0,0,0,"0",0,0,0,2,0,0,0,1,0,1,0,0,0,3,"1",0,0,0,0,0,0,0,0,0,0,0,0,0,0,0,0,"0",0,0,0,"0",0,0,0,0,"0",0,0,0,6,0,0,0,0,0,0,0,0,0,0,0,"0","0","1","0","1","0","1","0","1","1","1","0","0","0","0","0","1","0","1","1","1","0","0","0","1","1","1","1","1","1","0","0","0","1","0","0","0","0","0","0","0","0","1","0","0","0","0","0","0","0","1","0","0","0","0","0","0","0","0","0","0","0","0","0","1","0","0","0","0","0","0","0","0","0","0","0","0","0","0","0","0","0","0","0","0","0","0","0","0","0","0","0","1","202203","202204","1023"
"0946451","530010","71927360","60884855004141","3","1","00000000000000","","","","","","0","E","","","04","","03","22","06","","99","","","","","","","","EAS Nº 00652-1","20210302","1","","","","","","0","0","1","0","0","0","1","0","0","0","0","0","0","0",0,0,0,"0",0,0,0,0,0,0,0,0,0,0,0,0,0,0,"0",4,0,0,0,0,0,0,0,0,0,0,0,0,0,0,0,"1",0,0,0,"0",0,0,0,0,"0",0,0,0,0,0,0,0,0,0,0,0,0,0,0,0,"0","0","1","0","0","0","0","0","0","0","0","0","0","0","0","0","0","0","0","0","0","0","0","0","1","1","0","0","1","1","0","0","0","0","0","0","0","0","0","0","0","0","0","0","0","0","0","0","0","0","0","1","0","0","1","1","0","0","0","0","0","0","0","0","0","0","0","0","0","0","0","0","0","0","0","0","0","0","0","0","0","0","0","0","0","0","0","0","0","0","0","0","1","202111","202204","2054"
"0946958","530010","70200700","41965530000151","3","1","00000000000000","","","1","0015","","0","E","","","04","","03","22","03","","99","","","","","","","","VISADF","20210928","1","","","","","","0","0","1","0","0","0","1","0","0","0","0","0","0","0",0,0,0,"0",0,0,0,0,0,0,0,0,0,0,0,0,0,0,"0",0,1,0,0,0,0,0,0,0,0,0,0,0,0,1,0,"1",0,0,0,"0",0,0,0,0,"0",0,0,0,0,0,0,0,0,0,0,0,0,0,0,0,"0","0","0","1","0","0","0","0","0","0","0","0","0","0","0","0","0","0","0","0","0","0","0","0","1","1","0","0","1","1","0","0","0","0","0","0","0","0","0","0","0","0","0","0","0","0","0","0","0","0","0","1","0","0","0","0","0","0","0","0","0","0","0","0","0","0","0","0","0","0","0","0","0","0","0","0","0","0","0","0","0","0","0","0","0","0","0","0","0","0","0","0","1","202111","202204","2062"
"0947253","530010","71687402","28899353000275","3","1","00000000000000","","","","0160","","0","E","","","04","","03","36","03","","99","","","","","","","","EAS 0033-06/2021","20211020","1","","","","","","0","0","1","0","0","0","1","0","0","0","0","0","0","0",0,0,0,"0",0,0,0,0,0,0,0,0,0,0,0,0,0,0,"0",0,0,0,5,0,0,0,0,0,0,0,0,0,0,0,0,"1",0,0,0,"0",0,0,0,0,"0",0,0,0,0,0,0,0,0,0,0,0,0,0,0,0,"0","0","1","0","0","0","0","0","0","0","0","0","0","0","0","0","0","0","0","0","0","0","0","0","1","1","0","0","1","1","0","0","0","0","0","0","0","0","0","0","0","0","0","0","0","0","0","0","0","0","0","1","0","0","0","1","0","0","0","0","0","0","0","0","0","0","0","0","0","0","0","0","0","0","0","0","0","0","0","0","0","0","0","0","0","0","0","0","0","0","0","0","1","202204","202204","2062"
"0947350","530010","70719903","41000347000111","3","1","00000000000000","","","","0010","","0","E","","","04","","03","36","03","","99","","","","","","","","CERTIFICADO DE LICENCIAME","20210308","1","","","","","","0","0","1","0","0","0","1","0","0","0","0","0","0","0",0,0,0,"0",0,0,0,0,0,0,0,0,0,0,0,0,0,0,"0",0,2,0,2,0,0,0,0,0,0,0,0,0,0,0,0,"1",0,0,0,"0",0,0,0,0,"0",0,0,0,0,0,0,0,0,0,0,0,0,0,0,0,"0","0","0","0","0","0","0","0","0","0","0","0","0","0","0","0","0","0","0","0","0","0","0","0","0","0","0","0","1","1","0","0","0","0","0","0","0","0","0","0","0","0","0","0","0","0","0","0","0","0","0","1","0","0","0","1","0","0","0","0","0","0","0","0","0","0","0","0","0","0","0","0","0","0","0","0","0","0","0","0","0","0","0","0","0","0","0","0","0","0","0","0","1","202111","202204","2135"
"0947709","530010","72115700","41502636000119","3","1","00000000000000","","","","","","0","E","","","04","","03","22","03","","99","","","","","","","","","","","","","","","","0","0","1","0","0","0","1","0","0","0","0","0","0","0",0,0,0,"0",0,0,0,0,0,0,0,0,0,0,0,0,0,0,"0",0,0,0,1,0,0,0,0,0,0,0,0,0,0,0,0,"1",0,0,0,"0",0,0,0,0,"0",0,0,0,0,0,0,0,0,0,0,0,0,0,0,0,"0","0","0","0","0","0","0","0","0","0","0","0","0","0","0","0","0","0","0","0","0","0","0","0","0","0","0","0","1","1","0","0","0","0","0","0","0","0","0","0","0","0","0","0","0","0","0","0","0","0","0","1","0","0","1","1","0","0","0","0","0","0","0","0","0","0","0","0","0","0","0","0","0","0","0","0","0","0","0","0","0","0","0","0","0","0","0","0","0","0","0","0","1","202111","202204","2062"
"0947717","530010","71907720","40033886000194","3","1","00000000000000","","","","9901","","0","E","","","04","","03","36","03","","99","","","","","","","","","","","","","","","","0","0","1","0","0","0","1","0","0","0","0","0","0","0",0,0,0,"0",0,0,0,0,0,0,0,0,0,0,0,0,0,0,"0",0,0,0,1,0,0,0,0,0,0,0,0,0,0,0,0,"1",0,0,0,"0",0,0,0,0,"0",0,0,0,0,0,0,0,0,0,0,0,0,0,0,0,"0","0","1","0","0","0","0","0","0","0","0","0","0","0","0","0","0","0","0","0","0","0","0","0","1","0","0","0","1","1","0","0","0","0","0","0","0","0","0","0","0","0","0","0","0","0","0","0","0","0","0","1","0","0","0","0","0","0","0","0","0","0","0","0","0","0","0","0","0","0","0","0","0","0","0","0","0","0","0","0","0","0","0","0","0","0","0","0","0","0","0","0","1","202111","202204","2062"
"0949248","530010","70390700","43934890000111","3","1","00000000000000","","","","0010","","0","E","","","04","","01","22","03","","99","","","","","","","","53202534115","20211020","1","","","","","","0","0","1","0","0","0","1","0","0","0","0","0","0","0",0,0,0,"0",0,0,0,0,0,0,0,0,0,0,0,0,0,0,"0",0,0,0,1,0,0,0,0,0,0,0,0,0,0,0,0,"1",0,0,0,"0",0,0,0,0,"0",0,0,0,0,0,0,0,0,0,0,0,0,0,0,0,"0","0","1","0","0","0","0","0","0","0","0","0","0","0","0","0","0","0","0","0","0","0","0","0","1","0","0","0","1","1","0","0","0","0","0","0","0","0","0","0","0","0","0","0","0","0","0","0","0","0","0","0","0","0","0","1","0","0","0","0","0","0","0","0","0","0","0","0","0","0","0","0","0","0","0","0","0","0","0","0","0","0","0","0","0","0","0","0","0","0","0","0","1","202111","202204","2062"
"0951110","530010","71926000","42658588000115","3","1","00000000000000","","","","9901","","0","E","","","03","","01","22","03","","99","","","","","","","","LICENCIAMENTO SANITARIO","20211021","1","","","","","","0","0","1","0","0","0","1","0","0","0","0","0","0","0",0,0,0,"0",0,0,0,0,0,0,0,0,0,0,0,0,0,0,"0",0,0,0,0,0,0,0,0,1,0,0,0,0,0,0,0,"1",0,0,0,"0",0,0,0,0,"0",0,0,0,0,0,0,0,0,0,0,0,0,0,0,0,"0","0","0","1","0","0","0","0","0","0","0","0","0","0","0","0","0","0","0","0","0","0","0","0","1","0","0","0","1","1","0","0","0","0","0","0","0","0","0","0","0","0","0","0","0","0","0","0","0","0","0","1","0","0","0","0","0","0","0","0","0","0","0","0","0","0","0","0","0","0","0","0","0","0","0","0","0","0","0","0","0","0","0","0","0","0","0","0","0","0","0","0","1","202111","202204","2305"
"0951226","530010","70374540","37079130000171","3","1","00000000000000","","","","0005","","0","E","","","04","","03","22","04","","99","","","","","","","","202050","20211105","1","","","","","","0","0","1","0","0","0","1","0","0","0","0","0","0","0",0,0,0,"0",0,0,0,0,0,0,0,0,1,0,0,0,0,0,"1",0,0,0,0,0,0,0,0,1,0,0,0,0,0,0,0,"1",0,0,0,"0",0,0,0,0,"0",0,0,0,0,1,0,0,0,0,0,0,0,0,0,0,"0","0","1","0","0","0","0","0","1","0","0","0","0","0","0","0","0","0","0","0","0","0","0","0","1","0","1","0","1","1","0","0","0","0","0","0","0","0","0","0","0","0","0","0","0","0","0","0","0","0","0","1","0","0","0","0","0","0","0","0","0","0","0","0","0","0","0","0","0","0","0","0","0","0","0","0","0","0","0","0","0","0","0","0","0","0","0","0","0","0","0","0","1","202111","202204","2305"
"0952435","530010","72210182","37665256000128","3","1","00000000000000","","","","0040","","0","E","","","04","","01","39","03","","99","","","","","","","","","","","","","","","","0","0","1","0","0","0","1","0","0","0","0","0","0","0",0,0,0,"0",0,0,0,0,0,0,0,0,0,0,0,0,0,0,"0",0,0,0,1,0,0,0,0,0,0,0,0,0,0,0,0,"1",0,0,0,"0",0,0,0,0,"0",0,0,0,0,0,0,0,0,0,0,0,0,0,0,0,"0","0","0","0","0","0","0","0","0","0","0","0","0","0","0","0","0","0","0","0","0","0","0","0","0","1","0","0","0","1","0","0","0","0","0","0","0","0","0","0","0","0","0","0","0","0","0","0","0","0","0","0","0","0","0","0","0","0","1","0","0","0","0","0","0","0","0","0","0","0","0","0","0","0","0","0","0","0","0","0","0","0","0","0","0","0","0","0","0","0","0","0","1","202111","202204","2062"
"0953776","530010","72260804","37293499000182","3","1","00000000000000","","","","","","0","E","","","04","","","22","03","","99","","","","","","","","","","","","","","","","0","0","1","0","0","0","1","0","0","0","0","0","0","0",0,0,0,"0",0,0,0,0,0,0,0,0,0,0,0,0,0,0,"0",0,0,0,0,0,0,0,0,3,0,0,0,0,0,0,0,"1",0,0,0,"0",0,0,0,0,"0",0,0,0,0,0,0,0,0,0,0,0,0,0,0,0,"0","0","0","0","0","0","0","0","0","0","0","0","0","0","0","0","0","0","0","0","0","0","0","0","0","0","0","0","1","1","0","0","0","0","0","0","0","0","0","0","0","0","0","0","0","0","0","0","0","0","0","1","0","0","0","0","0","0","0","0","0","0","0","0","0","0","0","0","0","0","0","0","0","0","0","0","0","0","0","0","0","0","0","0","0","0","0","0","0","0","0","0","1","202111","202204","2062"
"0954020","530010","70390145","31481934000116","3","1","00000000000000","","","","","","0","E","","","04","","03","36","03","","99","","","","","","","","53202192044","20211005","1","","","","","","0","0","1","0","0","0","1","0","0","0","0","0","0","0",0,0,0,"0",0,0,0,0,0,0,0,0,0,0,0,0,0,0,"0",0,0,0,1,0,0,0,0,0,0,0,0,0,0,0,0,"1",0,0,0,"0",0,0,0,0,"0",0,0,0,0,0,0,0,0,0,0,0,0,0,0,0,"0","0","1","0","0","0","0","0","0","0","0","0","0","0","0","0","0","0","0","0","0","0","0","0","1","0","0","0","1","1","0","0","0","0","0","0","0","0","0","0","0","0","0","0","0","0","0","0","0","0","0","1","0","0","0","1","0","0","0","0","0","0","0","0","0","0","0","0","0","0","0","0","0","0","0","0","0","0","0","0","0","0","0","0","0","0","0","0","0","0","0","0","1","202111","202204","2062"
"0954160","530010","72003010","37527300000133","3","1","00000000000000","","","","9934","","0","E","","","04","","01","22","04","","99","","","","","","","","00326.15/2021","20211022","1","","","","","","0","0","1","0","0","0","1","0","0","0","0","0","0","0",0,0,0,"0",0,0,0,0,0,0,0,0,0,0,0,0,0,0,"0",0,11,0,0,0,0,0,0,0,0,0,0,0,0,0,0,"1",0,0,0,"0",0,0,0,0,"0",0,0,0,0,0,0,0,0,0,0,0,0,0,0,0,"0","0","1","0","0","0","0","0","0","0","0","0","0","0","0","0","0","0","0","0","0","0","0","0","1","1","0","0","0","1","0","0","0","0","0","0","0","0","0","0","0","0","0","0","0","0","0","0","0","0","0","1","0","0","0","1","0","0","0","0","0","0","0","0","0","0","0","0","0","0","0","0","0","0","0","0","0","0","0","0","0","0","0","0","0","0","0","0","0","0","0","0","1","202112","202204","2062"
"0954233","530010","71691083","03628122001600","3","1","00000000000000","","","","0160","","0","E","","","04","","03","36","03","","99","","","","","","","","ODO 00019 - 014","20211119","1","","","","","","0","0","1","0","0","0","1","0","0","0","0","0","0","0",0,0,0,"0",0,0,0,0,0,0,0,0,0,0,0,0,0,0,"0",0,1,0,0,0,0,0,0,0,0,0,0,0,0,0,0,"1",0,0,0,"0",0,0,0,0,"0",0,0,0,0,0,0,0,0,0,0,0,0,0,0,0,"0","0","1","0","0","0","0","0","0","0","0","0","0","0","0","0","0","0","0","0","0","0","0","0","1","0","0","0","1","1","0","0","0","0","0","0","0","0","0","0","0","0","0","0","0","0","0","0","0","0","0","1","0","0","0","1","0","0","0","0","0","0","0","0","0","0","0","0","0","0","0","0","0","0","0","0","0","0","0","0","0","0","0","0","0","0","0","0","0","0","0","0","1","202111","202204","2062"
"0954292","530010","70770903","43459985000120","3","1","00000000000000","","","","","","0","E","","","04","","03","36","06","","99","","","","","","","","EAS 00087-02/2021","20211119","1","","","","","","0","0","1","0","0","0","1","0","0","0","0","0","0","0",0,0,0,"0",0,0,0,0,0,0,0,0,0,0,0,0,0,0,"0",0,1,0,0,0,0,0,0,0,0,0,0,0,0,0,0,"1",0,0,0,"0",0,0,0,0,"0",0,0,0,0,0,0,0,0,0,0,0,0,0,0,0,"0","0","0","1","0","0","0","0","0","0","0","0","0","0","0","0","0","0","0","0","0","0","0","0","1","0","0","0","1","1","0","0","0","0","0","0","0","0","0","0","0","0","0","0","0","0","0","0","0","0","0","1","0","0","1","1","0","0","0","0","0","0","0","0","0","0","0","0","0","0","0","0","0","0","0","0","0","0","0","0","0","0","0","0","0","0","0","0","0","0","0","0","1","202111","202204","2062"
"0955485","530010","70340901","41660946000161","3","1","00000000000000","","","","0015","","0","E","","","04","","03","36","03","","99","","","","","","","","CERTIFIC DE LICENCIAMENTO","20210422","1","","","","","","0","0","0","0","0","0","0","0","0","0","0","0","0","0",0,0,0,"0",0,0,0,0,0,0,0,0,0,0,0,0,0,0,"0",0,0,0,1,0,0,0,0,0,0,0,0,0,0,0,0,"1",0,0,0,"0",0,0,0,0,"0",0,0,0,0,0,0,0,0,0,0,0,0,0,0,0,"0","0","1","0","0","0","0","0","0","0","0","0","0","0","0","0","0","0","0","0","0","0","0","0","1","0","0","0","1","1","0","0","0","0","0","0","0","0","0","0","0","0","0","0","0","0","0","0","0","0","0","1","0","0","0","0","0","0","0","0","0","0","0","0","0","0","0","0","0","0","0","0","0","0","0","0","0","0","0","0","0","0","0","0","0","0","0","0","0","0","0","0","1","202111","202204","2062"
"0955493","530010","70390020","39974337000135","3","1","00000000000000","","","","0015","","0","E","","","04","","01","22","04","","99","","","","","","","","RLE DIGITAL","20210617","1","","","","","","0","0","1","0","0","0","1","0","0","0","0","0","0","0",0,0,0,"0",0,0,0,0,0,0,0,0,0,0,0,0,0,0,"0",0,0,0,1,0,0,0,0,0,0,0,0,0,0,0,0,"1",0,0,0,"0",0,0,0,0,"0",0,0,0,0,0,0,0,0,0,0,0,0,0,0,0,"0","0","1","0","0","0","0","0","0","0","0","0","0","0","0","0","0","0","0","0","0","0","0","0","1","0","0","0","1","1","0","0","0","0","0","0","0","0","0","0","0","0","0","0","0","0","0","0","0","0","0","1","0","0","0","1","0","0","0","0","0","0","0","0","0","0","0","0","0","0","0","0","0","0","0","0","0","0","0","0","0","0","0","0","0","0","0","0","0","0","0","0","1","202111","202204","2062"
"0955752","530010","70740511","29521159000567","3","1","00000000000000","","","","","","0","E","","","04","","02","77","03","","99","","","","","","","","EAS 00090-02","20211103","2","","","","","","0","0","1","0","0","0","1","0","0","0","0","0","0","0",0,0,0,"0",0,0,0,0,0,0,0,0,0,0,0,0,0,0,"0",0,0,0,1,0,0,0,0,0,0,0,0,0,0,0,0,"1",0,0,0,"0",0,0,0,0,"0",0,0,0,0,0,0,0,0,0,0,0,0,0,0,0,"0","0","1","0","0","0","0","0","0","0","0","0","0","0","0","0","0","0","0","0","0","0","0","0","1","1","0","0","1","1","0","0","0","0","0","0","0","0","0","0","0","0","0","0","0","0","0","0","0","0","0","1","0","0","0","1","0","0","0","0","0","0","0","0","0","0","0","0","0","0","0","0","0","0","0","0","0","0","0","0","0","0","0","0","0","0","0","0","0","0","0","0","1","202112","202204","2305"
"0955914","530010","72025110","42784150000183","3","1","00000000000000","","","","0180","","0","E","","","04","","01","85","03","","99","","","","","","","","RLE 53202487770 -10/2021","20210721","","","","","","","0","0","1","0","0","0","1","0","0","0","0","0","0","0",0,0,0,"0",0,0,0,0,0,0,0,0,0,0,0,0,0,0,"0",0,0,0,0,0,0,0,0,0,0,0,1,0,0,0,0,"1",0,0,0,"0",0,0,0,0,"0",0,0,0,0,0,0,0,0,0,0,0,0,0,0,0,"0","0","0","1","0","0","1","0","0","1","0","0","0","0","0","0","0","0","0","1","0","1","0","0","1","1","1","0","1","1","0","0","0","0","0","0","0","0","0","0","0","0","0","0","0","0","0","0","0","0","0","1","0","0","0","0","0","0","0","0","0","0","0","0","0","0","0","0","0","0","0","0","0","0","0","0","0","0","0","0","0","0","0","0","0","0","0","0","0","0","0","0","1","202111","202204","2062"
"0955973","530010","70673623","40997560000187","3","1","00000000000000","","","","","","0","E","","","04","","03","22","03","","99","","","","","","","","53202419359","20210225","1","","","","","","0","0","1","0","0","0","1","0","0","0","0","0","0","0",0,0,0,"0",0,0,0,0,0,0,0,0,0,0,0,0,0,0,"0",0,0,0,1,0,0,0,0,0,0,0,0,0,0,0,0,"1",0,0,0,"0",0,0,0,0,"0",0,0,0,0,0,0,0,0,0,0,0,0,0,0,0,"0","0","1","0","0","0","0","0","0","0","0","0","0","0","0","0","0","0","0","0","0","0","0","0","1","0","0","0","1","1","0","0","0","0","0","0","0","0","0","0","0","0","0","0","0","0","0","0","0","0","0","1","0","0","0","1","0","0","0","0","0","0","0","0","0","0","0","0","0","0","0","0","0","0","0","0","0","0","0","0","0","0","0","0","0","0","0","0","0","0","0","0","1","202111","202204","2062"
"0957755","530010","73061345","00000000000000","3","3","00394700000108","","06","","9922","","1","E","","","04","","01","02","04","","99","","","","","","","","","","","","","","","","1","0","0","0","0","0","1","0","0","0","0","0","0","0",0,0,0,"0",0,0,0,0,0,0,0,0,0,0,0,0,0,0,"0",4,0,0,4,0,0,0,0,4,0,4,1,1,0,1,0,"1",0,0,0,"0",0,0,0,0,"0",0,0,0,0,0,0,0,0,0,0,0,0,0,0,0,"0","0","1","0","0","0","1","0","1","0","0","0","0","0","0","0","0","0","0","0","0","0","0","0","1","1","1","0","1","1","0","0","0","0","0","0","0","0","0","0","0","0","0","0","0","0","0","0","0","0","1","0","0","0","0","0","0","0","0","0","0","0","0","0","0","0","0","0","0","0","0","1","0","0","0","0","0","0","1","0","0","0","0","0","0","0","0","0","0","0","0","0","1","202204","202204","1023"
"0958050","530010","70390906","34103720000102","3","1","00000000000000","","","","0015","","0","E","","","04","","01","36","04","","99","","","","","","","","EAS.20914-01","20210406","1","","","","","","0","0","1","0","0","0","1","0","0","0","0","0","0","0",0,0,0,"0",0,0,0,0,0,0,0,0,0,0,0,0,0,0,"0",0,2,0,0,0,0,0,0,0,0,0,0,0,0,0,0,"1",0,0,0,"0",0,0,0,0,"0",0,0,0,0,0,0,0,0,0,0,0,0,0,0,0,"0","0","1","0","0","0","0","0","0","0","0","0","0","0","0","0","0","0","0","0","0","0","0","0","1","1","1","0","1","1","0","0","0","0","0","0","0","0","0","0","0","0","0","0","0","0","0","0","0","0","0","1","0","0","0","1","0","0","0","0","0","0","0","0","0","0","0","0","0","0","0","0","0","0","0","0","0","0","0","0","0","0","0","0","0","0","0","0","0","0","0","0","1","202112","202204","2062"
"0958158","530010","72405135","35232699000108","3","1","00000000000000","","","","0060","","0","E","","","04","","03","04","05","","99","","","","","","","","EAS.00145-20/2021","20210623","1","","","","","","0","0","1","0","0","0","1","0","0","0","0","0","0","0",0,0,0,"0",0,0,0,0,0,0,0,0,0,0,0,0,0,0,"0",0,1,0,1,0,0,0,0,0,0,0,0,0,0,0,0,"1",0,0,0,"0",0,0,0,0,"0",0,0,0,0,0,0,0,0,0,0,0,0,0,0,0,"0","0","1","0","0","0","0","0","0","0","0","0","0","0","0","0","0","0","0","0","0","0","0","0","1","0","0","0","1","1","0","0","0","0","0","0","0","0","0","0","0","0","0","0","0","0","0","0","0","0","0","1","0","0","0","1","0","0","0","0","0","0","0","0","0","0","0","0","0","0","0","0","0","0","0","0","0","0","0","0","0","0","0","0","0","0","0","0","0","0","0","0","1","202112","202204","2305"
"0958220","530010","70770560","35538318000105","3","1","00000000000000","","","","","","0","E","","","04","","03","36","03","","99","","","","","","","","04/852.952/2021","20200728","2","","","","","","0","0","1","0","0","0","1","0","0","0","0","0","0","0",0,0,0,"0",0,0,0,0,0,0,0,0,0,0,0,0,0,0,"0",0,1,0,0,0,0,0,0,0,0,0,0,0,0,0,0,"1",0,0,0,"0",0,0,0,0,"0",0,0,0,0,0,0,0,0,0,0,0,0,0,0,0,"0","0","1","0","0","0","0","0","0","0","0","0","0","0","0","0","0","0","1","0","0","0","0","0","1","1","0","0","1","1","0","0","0","0","0","0","0","0","0","0","0","0","0","0","0","0","0","0","0","0","0","1","0","0","0","1","0","0","0","0","0","0","0","0","0","0","0","0","0","0","0","0","0","0","0","0","0","0","0","0","0","0","0","0","0","0","0","0","0","0","0","0","1","202112","202204","2062"
"0958301","530010","70390108","19071921000173","3","1","00000000000000","","","","0015","","0","E","","","04","","03","36","03","","99","","","","","","","","EAS 2088101","20210122","1","","","","","","0","0","1","0","0","0","1","0","0","0","0","0","0","0",0,0,0,"0",0,0,0,0,0,0,0,0,0,0,0,0,0,0,"0",0,0,0,0,0,0,0,0,6,0,0,0,0,0,0,0,"1",0,0,0,"0",0,0,0,0,"0",0,0,0,0,0,0,0,0,0,0,0,0,0,0,0,"0","0","1","0","0","0","0","0","0","0","0","0","0","0","0","0","0","0","0","0","0","0","0","0","1","0","0","0","1","1","0","0","0","0","0","0","0","0","0","0","0","0","0","0","0","0","0","0","0","0","0","0","0","0","0","1","0","0","0","0","0","0","0","0","0","0","0","0","0","0","0","0","0","0","0","0","0","0","0","0","0","0","0","0","0","0","0","0","0","0","0","0","1","202112","202204","2062"
"0958360","530010","72600401","03628122001782","3","1","00000000000000","","","","0130","","0","E","","","04","","03","36","03","","99","","","","","","","","ODO - 00005 - 015","20211125","1","","","","","","0","0","1","0","0","0","1","0","0","0","0","0","0","0",0,0,0,"0",0,0,0,0,0,0,0,0,0,0,0,0,0,0,"0",0,2,0,0,0,0,0,0,0,0,0,0,0,0,0,0,"1",0,0,0,"0",0,0,0,0,"0",0,0,0,0,0,0,0,0,0,0,0,0,0,0,0,"0","0","1","0","0","0","0","0","0","0","0","0","0","0","0","0","0","0","0","0","0","0","0","0","1","0","0","0","1","1","0","0","0","0","0","0","0","0","0","0","0","0","0","0","0","0","0","0","0","0","0","1","0","0","0","1","0","0","0","0","0","0","0","0","0","0","0","0","0","0","0","0","0","0","0","0","0","0","0","0","0","0","0","0","0","0","0","0","0","0","0","0","1","202112","202204","2062"
"0962619","530010","70390055","29823288000186","3","1","00000000000000","","","","","","0","E","","","04","","03","22","03","","99","","","","","","","","CERTIFICADO DE LICENCIAME","20210104","1","","","","","","0","0","1","0","0","0","1","0","0","0","0","0","0","0",0,0,0,"0",0,0,0,0,0,0,0,0,0,0,0,0,0,0,"0",0,0,0,1,0,0,0,0,0,0,0,0,0,0,0,0,"1",0,0,0,"0",0,0,0,0,"0",0,0,0,0,0,0,0,0,0,0,0,0,0,0,0,"0","0","1","0","0","0","0","0","0","0","0","0","0","0","0","0","0","0","0","0","0","0","0","0","1","0","0","0","1","1","0","0","0","0","0","0","0","0","0","0","0","0","0","0","0","0","0","0","0","0","0","1","0","0","0","1","0","0","0","0","0","0","0","0","0","0","0","0","0","0","0","0","0","0","0","0","0","0","0","0","0","0","0","0","0","0","0","0","0","0","0","0","1","202112","202204","2135"
"0962945","530010","72130002","44136648000165","3","1","00000000000000","","","","0180","","0","E","","","04","","01","22","03","","99","","","","","","","","RLE DIGITAL","20211111","1","","","","","","0","0","1","0","0","0","1","0","0","0","0","0","0","0",0,0,0,"0",0,0,0,0,0,0,0,0,0,0,0,0,0,0,"0",0,0,0,0,0,0,0,0,1,0,0,0,0,0,0,0,"1",0,0,0,"0",0,0,0,0,"0",0,0,0,0,0,0,0,0,0,0,0,0,0,0,0,"0","0","1","0","0","0","0","0","0","0","0","0","0","0","0","0","0","0","0","0","0","0","0","0","1","1","1","0","1","1","0","0","0","0","0","0","0","0","0","0","0","0","0","0","0","0","0","0","0","0","0","1","0","0","0","1","0","0","0","0","0","0","0","0","0","0","0","0","0","0","0","0","0","0","0","0","0","0","0","0","0","0","0","0","0","0","0","0","0","0","0","0","1","202112","202204","2062"
"0965022","530010","70276160","43422384000143","3","1","00000000000000","","","","","","0","E","","","04","","01","22","03","","99","","","","","","","","DFP2100163068","20210906","1","","","","","","0","0","1","0","0","0","1","0","0","0","0","0","0","0",0,0,0,"0",0,0,0,0,0,0,0,0,0,0,0,0,0,0,"0",1,0,0,0,0,0,0,0,0,0,0,0,0,0,0,0,"1",0,0,0,"0",0,0,0,0,"0",0,0,0,0,0,0,0,0,0,0,0,0,0,0,0,"0","0","1","0","0","0","0","0","0","0","0","0","0","0","0","0","0","0","1","0","0","0","0","0","1","0","0","0","1","1","0","0","0","0","0","0","0","0","0","0","0","0","0","0","0","0","0","0","0","0","0","1","0","0","0","0","0","0","0","0","0","0","0","0","0","0","0","0","0","0","0","0","0","0","0","0","0","0","0","0","0","0","0","0","0","0","0","0","0","0","0","0","1","202112","202204","2062"
"0966738","530010","70077900","44231981000153","3","1","00000000000000","","","","0005","","0","E","","","04","","01","36","03","","99","","","","","","","","CERTIFICADO DE LICENCIAME","20211201","1","","","","","","0","0","1","0","0","0","1","0","0","0","0","0","0","0",0,0,0,"0",0,0,0,0,0,0,0,0,0,0,0,0,0,0,"0",0,0,0,0,0,0,0,0,2,0,0,0,0,0,0,0,"1",0,0,0,"0",0,0,0,0,"0",0,0,0,0,0,0,0,0,0,0,0,0,0,0,0,"0","0","1","0","0","0","0","0","0","0","0","0","0","0","0","0","0","0","0","0","0","0","0","0","1","1","1","0","1","1","0","0","0","0","0","0","0","0","0","0","0","0","0","0","0","0","0","0","0","0","0","1","0","0","0","1","0","0","0","0","0","0","0","0","0","0","0","0","0","0","0","0","0","0","0","0","0","0","0","0","0","0","0","0","0","0","0","0","0","0","0","0","1","202112","202204","2062"
"0966916","530010","72015525","09518930000106","3","1","00000000000000","","","","0180","","0","E","","","04","","01","22","03","","99","","","","","","","","RAD 00015-14","20191217","1","","","","","","0","0","1","0","0","0","1","0","0","0","0","0","0","0",0,0,0,"0",0,0,0,0,0,0,0,0,0,0,0,0,0,0,"0",0,0,0,0,0,0,0,0,1,0,0,0,0,0,0,0,"1",0,0,0,"0",0,0,0,0,"0",0,0,0,0,0,0,0,0,0,0,0,0,0,0,0,"0","0","1","0","0","0","0","0","0","0","0","0","0","0","0","0","0","0","0","0","0","0","0","0","1","1","1","0","1","1","0","0","0","0","0","0","0","0","0","0","0","0","0","0","0","0","0","0","0","0","0","1","0","0","0","1","0","0","0","0","0","0","0","0","0","0","0","0","0","0","0","0","0","0","0","0","0","0","0","0","0","0","0","0","0","0","0","0","0","0","0","0","1","202112","202204","2062"
"0966983","530010","71680362","30246154000129","3","1","00000000000000","","","","9930","","0","E","","","04","","01","36","04","","99","","","","","","","","CERTIFICADO DE LICENCIAME","20210922","1","","","","","","0","0","1","0","0","0","1","0","0","0","0","0","0","0",0,0,0,"0",0,0,0,0,0,0,0,0,0,0,0,0,0,0,"0",0,0,0,2,0,0,0,0,0,0,0,0,0,0,0,0,"1",0,0,0,"0",0,0,0,0,"0",0,0,0,0,0,0,0,0,0,0,0,0,0,0,0,"0","0","0","0","0","0","0","0","0","0","0","0","0","0","0","0","0","0","0","0","0","0","0","0","0","0","0","0","1","1","0","0","0","0","0","0","0","0","0","0","0","0","0","0","0","0","0","0","0","0","0","1","0","0","0","1","0","0","0","0","0","0","0","0","0","0","0","0","0","0","0","0","0","0","0","0","0","0","0","0","0","0","0","0","0","0","0","0","0","0","0","0","1","202112","202204","2135"
"0967068","530010","70070120","09205914000163","3","1","00000000000000","","","","","","0","E","","","04","","03","22","03","","99","","","","","","","","532021110021","20211008","1","","","","","","0","0","1","0","0","0","1","0","0","0","0","0","0","0",0,0,0,"0",0,0,0,0,0,0,0,0,0,0,0,0,0,0,"0",0,0,0,2,0,0,0,0,0,0,0,0,0,0,0,0,"1",0,0,0,"0",0,0,0,0,"0",0,0,0,0,0,0,0,0,0,0,0,0,0,0,0,"0","0","1","0","0","0","0","0","0","0","0","0","0","0","0","0","0","0","0","0","0","0","0","0","1","1","0","0","1","1","0","0","0","0","0","0","0","0","0","0","0","0","0","0","0","0","0","0","0","0","0","1","0","0","0","1","0","0","0","0","0","0","0","0","0","0","0","0","0","0","0","0","0","0","0","0","0","0","0","0","0","0","0","0","0","0","0","0","0","0","0","0","1","202112","202204","2305"
"0967203","530010","72151304","28152318000107","3","1","00000000000000","","","","","","0","E","","","04","","03","36","03","","99","","","","","","","","53600228243","20211122","2","","","","","","0","0","1","0","0","0","1","0","0","0","0","0","0","0",0,0,0,"0",0,0,0,0,0,0,0,0,0,0,0,0,0,0,"0",0,0,0,2,0,0,0,0,0,0,0,0,0,0,0,0,"1",0,0,0,"0",0,0,0,0,"0",0,0,0,0,0,0,0,0,0,0,0,0,0,0,0,"0","0","0","0","0","0","0","0","0","0","0","0","0","0","0","0","0","0","1","0","0","0","0","0","1","1","0","0","1","1","0","0","0","0","0","0","0","0","0","0","0","0","0","0","0","0","0","0","0","0","0","1","0","0","0","1","0","0","0","0","0","0","0","0","0","0","0","0","0","0","0","0","0","0","0","0","0","0","0","0","0","0","0","0","0","0","0","0","0","0","0","0","1","202112","202204","2305"
"0967300","530010","70390150","30203057000159","3","1","00000000000000","","","","0010","","0","E","","","04","","01","22","03","","99","","","","","","","","53202166078","20210629","1","","","","","","0","0","1","0","0","0","1","0","0","0","0","0","0","0",0,0,0,"0",0,0,0,0,0,0,0,0,0,0,0,0,0,0,"0",0,1,0,0,0,0,0,0,0,0,0,0,0,0,0,0,"1",0,0,0,"0",0,0,0,0,"0",0,0,0,0,0,0,0,0,0,0,0,0,0,0,0,"0","0","1","0","0","0","0","0","0","0","0","0","0","0","0","0","0","0","0","0","0","0","0","0","1","0","0","0","1","1","0","0","0","0","0","0","0","0","0","0","0","0","0","0","0","0","0","0","0","0","0","1","0","0","0","0","0","0","0","0","0","0","0","0","0","0","0","0","0","0","0","0","0","0","0","0","0","0","0","0","0","0","0","0","0","0","0","0","0","0","0","0","1","202112","202204","2062"
"0967521","530010","71503505","43578969000157","3","1","00000000000000","","","","0080","","0","E","","","04","","03","04","03","","99","","","","","","","","EAS 02345671","20211207","1","","","","","","0","0","1","0","0","0","1","0","0","0","0","0","0","0",0,0,0,"0",0,0,0,0,0,0,0,0,0,0,0,0,0,0,"0",1,6,0,0,0,0,0,0,0,0,0,2,0,0,0,0,"1",0,0,0,"0",0,0,0,0,"0",0,0,0,0,0,0,0,0,0,0,0,0,0,0,0,"0","0","1","0","0","0","0","0","1","0","0","0","0","0","0","0","0","0","0","0","0","0","0","0","1","1","0","0","1","1","0","0","0","0","0","0","0","0","0","0","0","0","0","0","0","0","0","0","0","0","0","1","0","0","0","1","0","0","0","0","0","0","0","0","0","0","0","0","0","0","0","0","0","0","0","0","0","0","0","0","0","0","0","0","0","0","0","0","0","0","0","0","1","202112","202204","2062"
"0967742","530010","70200700","24414589000132","3","1","00000000000000","","","","","","0","E","","","04","","03","36","03","","99","","","","","","","","EAS.20966-01","20210820","1","","","","","","0","0","1","0","0","0","1","0","0","0","0","0","0","0",0,0,0,"0",0,0,0,0,0,0,0,0,0,0,0,0,0,0,"0",0,2,0,0,0,0,0,0,0,0,0,0,0,0,0,0,"1",0,0,0,"0",0,0,0,0,"0",0,0,0,0,0,0,0,0,0,0,0,0,0,0,0,"0","0","1","0","0","0","0","0","0","0","0","0","0","0","0","0","0","0","0","0","0","0","0","0","1","0","0","0","1","1","0","0","0","0","0","0","0","0","0","0","0","0","0","0","0","0","0","0","0","0","0","1","0","0","0","0","0","0","0","0","0","0","0","0","0","0","0","0","0","0","0","0","0","0","0","0","0","0","0","0","0","0","0","0","0","0","0","0","0","0","0","0","1","202112","202204","2240"
"0969222","530010","70719900","43191446000153","3","1","00000000000000","","","","0005","","0","E","","","04","","03","39","06","","99","","","","","","","","00025-02/2021","20210920","1","","","","","","0","0","1","0","0","0","1","0","0","0","0","0","0","0",0,0,0,"0",0,0,0,0,0,0,0,0,0,0,0,0,0,0,"0",0,0,0,0,0,0,0,0,0,0,0,0,0,0,0,0,"0",0,0,0,"0",0,0,0,0,"0",0,0,0,0,0,0,0,0,0,0,0,0,0,0,0,"0","0","1","0","0","0","0","0","0","0","0","0","0","0","0","0","0","0","0","0","0","0","0","0","1","1","0","0","1","1","0","0","0","0","0","0","0","0","0","0","0","0","0","0","0","0","0","0","0","0","0","0","0","0","0","0","0","0","1","0","0","0","1","0","0","0","0","0","0","0","0","0","0","0","0","0","0","0","0","0","0","0","0","0","0","0","0","0","0","0","0","0","1","202112","202204","2062"
"0969443","530010","72120270","43946802000100","3","1","00000000000000","","","","","","0","E","","","04","","03","22","03","","99","","","","","","","","53202122122","20210901","2","","","","","","0","0","1","0","0","0","1","0","0","0","0","0","0","0",0,0,0,"0",0,0,0,0,0,0,0,0,0,0,0,0,0,0,"0",0,3,0,1,0,0,0,0,0,0,0,0,0,0,0,0,"1",0,0,0,"0",0,0,0,0,"0",0,0,0,0,0,0,0,0,0,0,0,0,0,0,0,"0","0","0","0","0","0","0","0","0","0","0","0","0","0","0","0","0","0","1","0","0","0","0","0","1","1","0","0","1","1","0","0","0","0","0","0","0","0","0","0","0","0","0","0","0","0","0","0","0","0","0","1","0","0","0","1","0","0","0","0","0","0","0","0","0","0","0","0","0","0","0","0","0","0","0","0","0","0","0","0","0","0","0","0","0","0","0","0","0","0","0","0","1","202112","202204","2062"
"0969478","530010","70392901","42904736000134","3","1","00000000000000","","","","","","0","E","","","04","","01","36","03","","99","","","","","","","","ODO.00958-01","20211203","1","","","","","","0","0","1","0","0","0","1","0","0","0","0","0","0","0",0,0,0,"0",0,0,0,0,0,0,0,0,0,0,0,0,0,0,"0",0,0,0,0,0,0,0,0,2,0,0,0,0,0,0,0,"1",0,0,0,"0",0,0,0,0,"0",0,0,0,0,0,0,0,0,0,0,0,0,0,0,0,"0","0","1","0","0","0","0","0","1","0","0","0","0","0","0","0","0","0","0","0","0","0","0","0","1","1","0","0","1","1","0","0","0","0","0","0","0","0","0","0","0","0","0","0","0","0","0","0","0","0","0","1","0","0","0","0","0","0","0","0","0","0","0","0","0","0","0","0","0","0","0","0","0","0","0","0","0","0","0","0","0","0","0","0","0","0","0","0","0","0","0","0","1","202112","202204","2062"
"0969877","530010","73403330","00394700004367","3","3","00394700000108","","04","","0120","","1","E","","","04","","03","73","06","","99","","","","","","","","","","","","","","","","0","0","1","0","0","0","1","0","0","0","0","0","0","0",0,0,0,"0",0,0,0,2,0,0,0,1,0,1,0,0,0,3,"1",0,0,0,0,0,0,0,0,0,0,0,0,0,0,0,0,"0",0,0,0,"0",0,0,0,0,"0",0,0,0,6,0,0,0,0,0,0,0,0,0,0,0,"0","0","1","0","1","0","1","0","1","1","1","0","0","0","0","0","1","0","1","1","1","0","0","0","1","1","1","1","1","1","0","0","0","1","0","0","0","0","0","0","0","0","1","0","0","0","0","0","0","0","1","0","0","0","0","0","0","0","0","0","0","0","0","0","1","0","0","0","0","0","0","0","0","0","0","0","0","0","0","0","0","0","0","0","0","0","0","0","0","0","0","0","1","202204","202204","1023"
"0970115","530010","70719900","41416784000110","3","1","00000000000000","","","","0005","","0","E","","","04","","03","39","04","","99","","","","","","","","00045-02/2021","20210909","1","","","","","","0","0","1","0","0","0","1","0","0","0","0","0","0","0",0,0,0,"0",0,0,0,0,0,0,0,0,0,0,0,0,0,0,"0",0,0,0,0,0,0,0,0,0,0,0,0,0,0,0,0,"0",0,0,0,"0",0,0,0,0,"0",0,0,0,0,0,0,0,0,0,0,0,0,0,0,0,"0","0","1","0","0","0","0","0","0","0","0","0","0","0","0","0","0","0","0","0","0","0","0","0","1","1","0","0","1","1","0","0","0","0","0","0","0","0","0","0","0","0","0","0","0","0","0","0","0","0","0","0","0","0","0","0","0","0","1","0","0","0","1","0","0","0","0","0","0","0","0","0","0","0","0","0","0","0","0","0","0","0","0","0","0","0","0","0","0","0","0","0","1","202112","202204","2062"
"0970158","530010","70390055","31415432000197","3","1","00000000000000","","","","0015","","0","E","","","04","","02","36","03","","99","","","","","","","","","","","","","","","","0","0","1","0","0","0","1","0","0","0","0","0","0","0",0,0,0,"0",0,0,0,0,0,0,0,0,0,0,0,0,0,0,"0",0,2,0,0,0,0,0,0,0,0,0,0,0,0,0,0,"1",0,0,0,"0",0,0,0,0,"0",0,0,0,0,0,0,0,0,0,0,0,0,0,0,0,"0","0","1","0","0","0","0","0","0","0","0","0","0","0","0","0","0","0","0","0","0","0","0","0","1","0","0","0","1","1","0","0","0","0","0","0","0","0","0","0","0","0","0","0","0","0","0","0","0","0","0","1","0","0","0","0","0","0","0","0","0","0","0","0","0","0","0","0","0","0","0","0","0","0","0","0","0","0","0","0","0","0","0","0","0","0","0","0","0","0","0","0","1","202112","202204","2305"
"0970174","530010","70200760","32704951000138","3","1","00000000000000","","","","0015","","0","E","","","04","","01","22","03","","99","","","","","","","","EAS20642","20211014","1","","","","","","0","0","1","0","0","0","1","0","0","0","0","0","0","0",0,0,0,"0",0,0,0,0,0,0,0,0,0,0,0,0,0,0,"0",0,4,0,0,0,0,0,0,0,0,0,0,0,0,0,0,"1",0,0,0,"0",0,0,0,0,"0",0,0,0,0,0,0,0,0,0,0,0,0,0,0,0,"0","0","1","0","0","0","0","0","0","0","0","0","0","0","0","0","0","0","0","0","0","0","0","0","1","0","0","0","1","1","0","0","0","0","0","0","0","0","0","0","0","0","0","0","0","0","0","0","0","0","0","1","0","0","0","0","0","0","0","0","0","0","0","0","0","0","0","0","0","0","0","0","0","0","0","0","0","0","0","0","0","0","0","0","0","0","0","0","0","0","0","0","1","202112","202204","2062"
"0970182","530010","71919540","36968077000105","3","1","00000000000000","","","","","","0","E","","","04","","03","77","03","","99","","","","","","","","LICENCA DE FUNCIONAMENTO","20210625","1","","","","","","0","0","1","0","0","0","1","0","0","0","0","0","0","0",0,0,0,"0",0,0,0,0,0,0,0,0,0,0,0,0,0,0,"0",0,0,0,0,0,0,0,0,0,0,0,0,0,0,0,0,"0",0,0,0,"0",0,0,0,0,"0",0,0,0,0,0,0,0,0,0,0,0,0,0,0,0,"0","0","1","0","0","0","0","0","0","0","0","0","0","0","0","0","0","0","0","0","0","0","0","0","1","0","0","0","0","0","0","0","0","0","0","0","0","0","0","0","0","0","0","0","0","0","0","0","0","0","0","1","0","0","0","0","0","0","0","0","0","0","0","0","0","0","0","0","0","0","0","0","0","0","0","0","0","0","0","0","0","0","0","0","0","0","0","0","0","0","0","0","1","202112","202204","2062"
"0970271","530010","71570203","43932035000171","3","1","00000000000000","","","","","","0","E","","","04","","01","36","03","","99","","","","","","","","EAS8690-9","20211019","1","","","","","","0","0","1","0","0","0","1","0","0","0","0","0","0","0",0,0,0,"0",0,0,0,0,0,0,0,0,0,0,0,0,0,0,"0",0,1,0,0,0,0,0,0,0,0,0,0,0,0,0,0,"1",0,0,0,"0",0,0,0,0,"0",0,0,0,0,0,0,0,0,0,0,0,0,0,0,0,"0","0","1","0","0","0","0","0","0","0","0","0","0","0","0","0","0","0","0","0","0","0","0","0","1","0","0","0","1","1","0","0","0","0","0","0","0","0","0","0","0","0","0","0","0","0","0","0","0","0","0","1","0","0","1","1","0","0","0","0","0","0","0","0","0","0","0","0","0","0","0","0","0","0","0","0","0","0","0","0","0","0","0","0","0","0","0","0","0","0","0","0","1","202112","202204","2135"
"0971324","530010","71919180","43233156000125","3","1","00000000000000","","","","9901","","0","E","","","04","","01","36","03","","99","","","","","","","","EAS.00208-22/2021","20211116","1","","","","","","0","0","1","0","0","0","1","0","0","0","0","0","0","0",0,0,0,"0",0,0,0,0,0,0,0,0,0,0,0,0,0,0,"0",0,1,0,0,0,0,0,0,0,0,0,0,0,0,0,0,"1",0,0,0,"0",0,0,0,0,"0",0,0,0,0,0,0,0,0,0,0,0,0,0,0,0,"0","0","1","0","0","0","0","0","0","0","0","0","0","0","0","0","0","0","0","1","0","0","0","0","1","1","1","0","1","1","0","0","0","0","0","0","0","0","0","0","0","0","0","0","0","0","0","0","0","0","0","1","0","0","0","1","0","0","0","0","0","0","0","0","0","0","0","0","0","0","0","0","0","0","0","0","0","0","0","0","0","0","0","0","0","0","0","0","0","0","0","0","1","202112","202204","2062"
"0972053","530010","70390700","36787715000183","3","1","00000000000000","","","","","","0","E","","","04","","03","36","03","","99","","","","","","","","","","","","","","","","0","0","1","0","0","0","1","0","0","0","0","0","0","0",0,0,0,"0",0,0,0,0,0,0,0,0,0,0,0,0,0,0,"0",0,1,0,0,0,0,0,0,0,0,0,0,0,0,0,0,"1",0,0,0,"0",0,0,0,0,"0",0,0,0,0,0,0,0,0,0,0,0,0,0,0,0,"0","0","1","0","0","0","0","0","0","0","0","0","0","0","0","0","0","0","0","0","0","0","0","0","1","1","0","0","1","1","0","0","0","0","0","0","0","0","0","0","0","0","0","0","0","0","0","0","0","0","0","1","0","0","0","0","0","0","0","0","0","0","0","0","0","0","0","0","0","0","0","0","0","0","0","0","0","0","0","0","0","0","0","0","0","0","0","0","0","0","0","0","1","202112","202204","2062"
"0972088","530010","70390150","43802462000135","3","1","00000000000000","","","","0015","","0","E","","","04","","01","22","04","","99","","","","","","","","","","1","","","","","","0","0","1","0","0","0","1","0","0","0","0","0","0","0",0,0,0,"0",0,0,0,0,0,0,0,0,0,0,0,0,0,0,"0",0,1,0,0,0,0,0,0,0,0,0,0,0,0,0,0,"1",0,0,0,"0",0,0,0,0,"0",0,0,0,0,0,0,0,0,0,0,0,0,0,0,0,"0","0","1","0","0","0","0","0","0","0","0","0","0","0","0","0","0","0","0","0","0","0","0","0","1","0","0","0","1","1","0","0","0","0","0","0","0","0","0","0","0","0","0","0","0","0","0","0","0","0","0","1","0","0","0","0","0","0","0","0","0","0","0","0","0","0","0","0","0","0","0","0","0","0","0","0","0","0","0","0","0","0","0","0","0","0","0","0","0","0","0","0","1","202112","202204","2062"
"0972118","530010","70316902","12756352000231","3","1","00000000000000","","","","0015","","0","E","","","04","","01","04","04","","99","","","","","","","","53900314161 - REDE SIM DF","20211117","1","","","","","","0","0","1","0","0","0","1","0","0","0","0","0","0","0",0,0,0,"0",0,0,0,0,0,0,0,0,0,0,0,0,0,0,"1",2,0,0,3,0,0,0,0,0,0,0,0,0,0,0,0,"1",0,0,0,"0",0,0,0,0,"0",0,0,0,1,0,0,0,0,0,0,0,0,0,0,0,"0","0","1","0","0","0","0","0","0","0","1","0","0","0","0","0","0","0","0","1","0","0","0","0","1","0","0","0","1","1","0","0","0","0","0","0","0","0","0","0","0","0","0","0","0","0","0","0","0","0","0","1","0","0","0","0","0","0","0","0","0","0","0","0","0","0","0","0","0","0","0","0","0","0","0","0","0","0","0","0","0","0","0","0","0","0","0","0","0","0","0","0","1","202112","202204","2062"
"0972290","530010","71625182","22259240000300","3","1","00000000000000","","","","","","0","E","","","04","","03","22","03","","99","","","","","","","","DISPENSADA PELO RLE","20211026","1","","","","","","0","0","1","0","0","0","1","0","0","0","0","0","0","0",0,0,0,"0",0,0,0,0,0,0,0,0,0,0,0,0,0,0,"0",0,0,0,1,0,0,0,0,0,0,0,0,0,0,0,0,"1",0,0,0,"0",0,0,0,0,"0",0,0,0,0,0,0,0,0,0,0,0,0,0,0,0,"0","0","1","0","0","0","0","0","0","0","0","0","0","0","0","0","0","0","0","0","0","0","0","0","1","0","0","0","1","1","0","0","0","0","0","0","0","0","0","0","0","0","0","0","0","0","0","0","0","0","0","1","0","0","0","1","0","0","0","0","0","0","0","0","0","0","0","0","0","0","0","0","0","0","0","0","0","0","0","0","0","0","0","0","0","0","0","0","0","0","0","0","1","202112","202204","2135"
"0972436","530010","72215045","39441763000103","3","1","00000000000000","","","","0040","","0","E","","","04","","01","22","04","","99","","","","","","","","RLE","20201113","1","","","","","","0","0","1","0","0","0","1","0","0","0","0","0","0","0",0,0,0,"0",0,0,0,0,0,0,0,0,0,0,0,0,0,0,"0",0,0,0,1,0,0,0,0,0,0,0,0,0,0,0,0,"1",0,0,0,"0",0,0,0,0,"0",0,0,0,0,0,0,0,0,0,0,0,0,0,0,0,"0","0","1","0","0","0","0","0","0","0","0","0","0","0","0","0","0","0","0","0","0","0","0","0","1","0","0","0","1","1","0","0","0","0","0","0","0","0","0","0","0","0","0","0","0","0","0","0","0","0","0","1","0","0","0","0","0","0","0","0","0","0","0","0","0","0","0","0","0","0","0","0","0","0","0","0","0","0","0","0","0","0","0","0","0","0","0","0","0","0","0","0","1","202112","202204","2062"
"0972789","530010","71936250","44169206000115","3","1","00000000000000","","","","9901","","0","E","","","04","","01","22","04","","99","","","","","","","","CERT DE LICENCIAMENTO","20211109","1","","","","","","0","0","1","0","0","0","1","0","0","0","0","0","0","0",0,0,0,"0",0,0,0,0,0,0,0,0,0,0,0,0,0,0,"0",0,0,0,1,0,0,0,0,0,0,0,0,0,0,0,0,"1",0,0,0,"0",0,0,0,0,"0",0,0,0,0,0,0,0,0,0,0,0,0,0,0,0,"0","0","1","0","0","0","0","0","0","0","0","0","0","0","0","0","0","0","0","0","0","0","0","0","1","0","0","0","1","1","0","0","0","0","0","0","0","0","0","0","0","0","0","0","0","0","0","0","0","0","0","1","0","0","0","1","0","0","0","0","0","0","0","0","0","0","0","0","0","0","0","0","0","0","0","0","0","0","0","0","0","0","0","0","0","0","0","0","0","0","0","0","1","202112","202204","2062"
"0973343","530010","70297400","00000000000000","3","3","08942610000116","","","","0010","","0","E","","","04","","03","36","03","","99","","","","","","","","","","","","","","","","0","0","1","0","0","0","1","0","0","0","0","0","0","0",0,0,0,"0",0,0,0,0,0,0,0,0,0,0,0,0,0,0,"0",0,1,0,0,0,0,0,0,0,0,0,0,0,0,0,0,"1",0,0,0,"0",0,0,0,0,"0",0,0,0,0,0,0,0,0,0,0,0,0,0,0,0,"0","0","1","0","1","0","0","0","0","0","0","0","0","0","0","0","0","0","0","0","0","0","0","0","1","0","0","0","1","1","0","0","0","0","0","0","0","0","0","0","0","0","0","0","0","0","0","0","0","0","0","0","0","0","1","0","0","0","0","0","0","0","0","0","0","0","0","0","0","0","0","0","0","0","0","0","0","0","0","0","0","0","0","0","0","0","0","0","0","0","0","0","1","202204","202204","1023"
"0973602","530010","72215018","42025983000160","3","1","00000000000000","","","","","","0","E","","","04","","03","04","03","","99","","","","","","","","5315332112021","20211105","2","","","","","","0","0","1","0","0","0","1","0","0","0","0","0","0","0",0,0,0,"0",0,0,0,0,0,0,0,0,0,0,0,0,0,0,"0",1,0,0,2,0,0,0,0,1,0,0,0,0,0,0,0,"1",0,0,0,"0",0,0,0,0,"0",0,0,0,0,0,0,0,0,0,0,0,0,0,0,0,"0","0","1","0","0","0","0","0","0","0","0","0","0","0","0","0","0","0","0","0","0","0","0","0","1","1","0","0","1","1","0","0","0","0","0","0","0","0","0","0","0","0","0","0","0","0","0","0","0","0","0","1","0","0","0","1","0","0","1","0","0","0","1","0","0","0","0","0","0","0","0","0","0","0","0","0","0","0","0","0","0","0","0","0","0","0","0","0","0","0","0","0","1","202112","202204","2062"
"0973653","530010","70712903","40308056000122","3","1","00000000000000","","","","","","0","E","","","04","","03","22","03","","99","","","","","","","","53202398459","20210108","2","","","","","","0","0","1","0","0","0","1","0","0","0","0","0","0","0",0,0,0,"0",0,0,0,0,0,0,0,0,0,0,0,0,0,0,"0",0,3,0,0,0,0,0,0,0,0,0,0,0,0,0,0,"1",0,0,0,"0",0,0,0,0,"0",0,0,0,0,0,0,0,0,0,0,0,0,0,0,0,"0","0","1","0","0","0","0","0","0","0","0","0","0","0","0","0","0","0","0","0","0","0","0","0","1","1","0","0","1","1","0","0","0","0","0","0","0","0","0","0","0","0","0","0","0","0","0","0","0","0","0","1","0","0","0","1","0","0","0","0","0","0","0","0","0","0","0","0","0","0","0","0","0","0","0","0","0","0","0","0","0","0","0","0","0","0","0","0","0","0","0","0","1","202112","202204","2062"
"0974080","530010","71571013","15681020000142","3","1","00000000000000","","","","","","0","E","","","04","","01","36","03","","99","","","","","","","","EAS.0010-05-2020","20201223","1","","","","","","0","0","1","0","0","0","1","0","0","0","0","0","0","0",0,0,0,"0",0,0,0,0,0,0,0,0,0,0,0,0,0,0,"0",0,0,0,1,0,0,0,0,0,0,0,0,0,0,0,0,"1",0,0,0,"0",0,0,0,0,"0",0,0,0,0,0,0,0,0,0,0,0,0,0,0,0,"0","0","1","0","0","0","0","0","0","0","0","0","0","0","0","0","0","0","0","0","0","0","0","0","1","0","0","0","1","1","0","0","0","0","0","0","0","0","0","0","0","0","0","0","0","0","0","0","0","0","0","1","0","0","0","0","0","0","0","0","0","0","0","0","0","0","0","0","0","0","0","0","0","0","0","0","0","0","0","0","0","0","0","0","0","0","0","0","0","0","0","0","1","202112","202204","2062"
"0975532","530010","70390095","28541494001293","3","1","00000000000000","","","","","","0","E","","","04","","03","36","03","","99","","","","","","","","53920017073","20221021","1","","","","","","0","0","1","0","0","0","1","0","0","0","0","0","0","0",0,0,0,"0",0,0,0,0,0,0,0,0,0,0,0,0,0,0,"0",0,1,0,0,0,0,0,0,0,0,0,0,0,0,0,0,"1",0,0,0,"0",0,0,0,0,"0",0,0,0,0,0,0,0,0,0,0,0,0,0,0,0,"0","0","1","0","0","0","0","0","0","0","0","0","0","0","0","0","0","0","0","0","0","0","0","0","1","0","0","0","1","1","0","0","0","0","0","0","0","0","0","0","0","0","0","0","0","0","0","0","0","0","0","1","0","0","0","0","0","0","0","0","0","0","0","0","0","0","0","0","0","0","0","0","0","0","0","0","0","0","0","0","0","0","0","0","0","0","0","0","0","0","0","0","1","202112","202204","2062"
"0975575","530010","71060250","40786167000144","3","1","00000000000000","","","","0070","","0","E","","","04","","01","04","04","","99","","","","","","","","CERT.LICENCIAMENTO","20210222","1","","","","","","0","0","1","0","0","0","1","0","0","0","0","0","0","0",0,0,0,"0",0,0,0,0,0,0,0,0,0,0,0,0,0,0,"0",0,5,0,0,0,0,0,0,0,0,0,0,0,0,0,0,"1",0,0,0,"0",0,0,0,0,"0",0,0,0,0,0,0,0,0,0,0,0,0,0,0,0,"0","0","1","0","0","0","0","0","0","0","0","0","0","0","0","0","0","0","0","0","0","0","0","0","1","0","0","0","1","1","0","0","0","0","0","0","0","0","0","0","0","0","0","0","0","0","0","0","0","0","0","1","0","0","0","1","0","0","0","0","0","0","0","0","0","0","0","0","0","0","0","0","0","0","0","0","0","0","0","0","0","0","0","0","0","0","0","0","0","0","0","0","1","202204","202204","2062"
"0975842","530010","72430108","39609918000178","3","1","00000000000000","","","","","","0","E","","","04","","03","36","03","","99","","","","","","","","00083-20/2021","20210528","2","","","","","","0","0","1","0","0","0","1","0","0","0","0","0","0","0",0,0,0,"0",0,0,0,0,0,0,0,0,0,0,0,0,0,0,"0",0,1,0,0,0,0,0,0,0,0,0,0,0,0,0,0,"1",0,0,0,"0",0,0,0,0,"0",0,0,0,0,0,0,0,0,0,0,0,0,0,0,0,"0","0","0","0","0","0","0","0","0","0","0","0","0","0","0","0","0","0","0","1","0","0","0","0","1","1","0","0","1","1","0","0","0","0","0","0","0","0","0","0","0","0","0","0","0","0","0","0","0","0","0","1","0","0","1","1","0","0","0","0","0","0","0","0","0","0","0","0","0","0","0","0","0","0","0","0","0","0","0","0","0","0","0","0","0","0","0","0","0","0","0","0","1","202112","202204","2062"
"0976083","530010","71215650","44627280000138","3","1","00000000000000","","","","","","0","E","","","04","","03","04","04","","99","","","","","","","","5344355030801","20210515","1","","","","","","0","0","1","0","0","0","1","0","0","0","0","0","0","0",0,0,0,"0",0,0,0,0,0,0,0,0,0,0,0,0,0,0,"0",0,0,0,3,0,0,0,0,0,0,0,0,0,0,0,0,"1",0,0,0,"0",0,0,0,0,"0",0,0,0,0,0,0,0,0,0,0,0,0,0,0,0,"0","0","1","0","0","0","0","0","0","0","0","0","0","0","0","0","0","0","0","1","0","0","0","0","1","1","0","0","1","1","0","0","0","0","0","0","0","0","0","0","0","0","0","0","0","0","0","0","0","0","0","1","0","0","0","1","0","0","0","0","0","0","0","0","0","0","0","0","0","0","0","0","0","0","0","0","0","0","0","0","0","0","0","0","0","0","0","0","0","0","0","0","1","202112","202204","2062"
"0979147","530010","70711903","41876697000146","3","1","00000000000000","","","","","","0","E","","","04","","03","22","03","","99","","","","","","","","5322130688832","20210619","2","","","","","","0","0","1","0","0","0","1","0","0","0","0","0","0","0",0,0,0,"0",0,0,0,0,0,0,0,0,0,0,0,0,0,0,"0",0,0,0,2,0,0,0,0,0,0,0,0,0,0,0,0,"1",0,0,0,"0",0,0,0,0,"0",0,0,0,0,0,0,0,0,0,0,0,0,0,0,0,"0","0","1","0","0","0","0","0","0","0","0","0","0","0","0","0","0","0","0","0","0","0","0","0","1","0","0","0","1","1","0","0","0","0","0","0","0","0","0","0","0","0","0","0","0","0","0","0","0","0","0","1","0","0","0","1","0","0","0","0","0","0","0","0","0","0","0","0","0","0","0","0","0","0","0","0","0","0","0","0","0","0","0","0","0","0","0","0","0","0","0","0","1","202112","202204","2062"
"0979155","530010","72010010","44268445000475","3","1","00000000000000","","","","","","0","E","","","04","","01","36","03","","99","","","","","","","","","","","","","","","","0","0","1","0","0","0","1","0","0","0","0","0","0","0",0,0,0,"0",0,0,0,0,0,0,0,0,0,0,0,0,0,0,"0",0,0,0,0,0,0,0,0,2,0,0,0,0,0,0,0,"1",0,0,0,"0",0,0,0,0,"0",0,0,0,0,0,0,0,0,0,0,0,0,0,0,0,"0","0","1","0","0","0","0","0","0","0","0","0","0","0","0","0","0","0","0","0","0","0","0","0","1","1","0","0","1","1","0","0","0","0","0","0","0","0","0","0","0","0","0","0","0","0","0","0","0","0","0","1","0","0","0","1","0","0","0","0","0","0","0","0","0","0","0","0","0","0","0","0","0","0","0","0","0","0","0","0","0","0","0","0","0","0","0","0","0","0","0","0","1","202112","202204","2062"
"0979368","530010","70830350","26482659000204","3","1","00000000000000","","","","0005","","0","E","","","04","","01","36","04","","99","","","","","","","","EAS 000024-02/2021","20210424","1","","","","","","0","0","1","0","0","0","1","0","0","0","0","0","0","0",0,0,0,"0",0,0,0,0,0,0,0,0,0,0,0,0,0,0,"0",3,0,0,0,0,0,0,0,0,0,0,0,0,0,0,0,"1",0,0,0,"0",0,0,0,0,"0",0,0,0,0,0,0,0,0,0,0,0,0,0,0,0,"0","0","0","1","0","0","0","0","0","0","0","0","0","0","0","0","0","0","0","0","0","0","0","0","1","1","1","0","1","1","0","0","0","0","0","0","0","0","0","0","0","0","0","0","0","0","0","0","0","0","0","1","0","0","0","1","0","0","0","0","0","0","0","0","0","0","0","0","0","0","0","0","0","0","0","0","0","0","0","0","0","0","0","0","0","0","0","0","0","0","0","0","1","202203","202204","2062"
"0979376","530010","70077900","44268445000122","3","1","00000000000000","","","","","","0","E","","","04","","01","22","03","","99","","","","","","","","","","","","","","","","0","0","1","0","0","0","1","0","0","0","0","0","0","0",0,0,0,"0",0,0,0,0,0,0,0,0,0,0,0,0,0,0,"0",0,0,0,0,0,0,0,0,3,0,0,0,0,0,0,0,"1",0,0,0,"0",0,0,0,0,"0",0,0,0,0,0,0,0,0,0,0,0,0,0,0,0,"0","0","1","0","0","0","0","0","0","0","0","0","0","0","0","0","0","0","0","0","0","0","0","0","1","1","0","0","1","1","0","0","0","0","0","0","0","0","0","0","0","0","0","0","0","0","0","0","0","0","0","1","0","0","0","1","0","0","0","0","0","0","0","0","0","0","0","0","0","0","0","0","0","0","0","0","0","0","0","0","0","0","0","0","0","0","0","0","0","0","0","0","1","202112","202204","2062"
"0980064","530010","70770576","40477803000156","3","1","00000000000000","","","","0010","","0","E","","","04","","01","36","03","","99","","","","","","","","","","","","","","","","0","0","1","0","0","0","1","0","0","0","0","0","0","0",0,0,0,"0",0,0,0,0,0,0,0,0,0,0,0,0,0,0,"0",0,0,0,1,0,0,0,0,0,0,0,0,0,0,0,0,"1",0,0,0,"0",0,0,0,0,"0",0,0,0,0,0,0,0,0,0,0,0,0,0,0,0,"0","0","1","0","0","0","0","0","0","0","0","0","0","0","0","0","0","0","0","0","0","0","0","0","1","0","0","0","1","1","0","0","0","0","0","0","0","0","0","0","0","0","0","0","0","0","0","0","0","0","0","1","0","0","0","0","0","0","0","0","0","0","0","0","0","0","0","0","0","0","0","0","0","0","0","0","0","0","0","0","0","0","0","0","0","0","0","0","0","0","0","0","1","202201","202204","2062"
"0980129","530010","70745540","31159058000378","3","1","00000000000000","","","","","","0","E","","","04","","03","22","03","","99","","","","","","","","09/97/015445/2021","20210917","1","","","","","","0","0","1","0","0","0","1","0","0","0","0","0","0","0",0,0,0,"0",0,0,0,0,0,0,0,0,0,0,0,0,0,0,"0",0,0,0,2,0,0,0,0,0,0,0,0,0,0,0,0,"1",0,0,0,"0",0,0,0,0,"0",0,0,0,0,0,0,0,0,0,0,0,0,0,0,0,"0","0","1","0","0","0","0","0","0","0","0","0","0","0","0","0","0","0","0","0","0","0","0","0","1","1","0","0","1","1","0","0","0","0","0","0","0","0","0","0","0","0","0","0","0","0","0","0","0","0","0","1","0","0","0","1","0","0","0","0","0","0","0","0","0","0","0","0","0","0","0","0","0","0","0","0","0","0","0","0","0","0","0","0","0","0","0","0","0","0","0","0","1","202112","202204","2062"
"0980137","530010","71635600","43697079000164","3","1","00000000000000","","","","0090","","0","E","","","04","","03","04","03","","99","","","","","","","","EAS. 525-03/2021","20211223","1","","","","","","0","0","1","0","0","0","1","0","0","0","0","0","0","0",0,0,0,"0",0,0,0,0,0,0,0,0,0,0,0,0,0,0,"0",0,1,0,0,0,0,0,0,0,0,0,0,0,0,0,0,"1",0,0,0,"0",0,0,0,0,"0",0,0,0,0,0,0,0,0,0,0,0,0,0,0,0,"0","0","1","0","0","0","0","0","0","0","0","0","0","0","0","0","0","0","0","0","0","0","0","0","1","1","0","0","1","1","0","0","0","0","0","0","0","0","0","0","0","0","0","0","0","0","0","0","0","0","0","1","0","0","0","1","0","0","0","0","0","0","0","0","0","0","0","0","0","0","0","0","0","0","0","0","0","0","0","0","0","0","0","0","0","0","0","0","0","0","0","0","1","202112","202204","2062"
"0980544","530010","70760620","44121045000190","3","1","00000000000000","","","","0005","","0","E","","","04","","03","22","04","","99","","","","","","","","","","","","","","","","0","0","1","0","0","0","1","0","0","0","0","0","0","0",0,0,0,"0",0,0,0,0,0,0,0,0,0,0,0,0,0,0,"0",0,0,0,0,0,0,0,0,1,0,0,0,0,0,0,0,"1",0,0,0,"0",0,0,0,0,"0",0,0,0,0,0,0,0,0,0,0,0,0,0,0,0,"0","0","1","0","0","0","0","0","1","0","0","0","0","0","0","0","0","0","0","0","0","0","0","0","1","1","1","1","1","1","0","0","0","0","0","0","0","0","0","0","0","0","0","0","0","0","0","0","0","0","0","1","0","0","0","0","0","0","0","0","0","0","0","0","0","0","0","0","0","0","0","0","0","0","0","0","0","0","0","0","0","0","0","0","0","0","0","0","0","0","0","0","1","202201","202204","2062"
"0981281","530010","72405010","44268445000394","3","1","00000000000000","","","","","","0","E","","","04","","01","36","03","","99","","","","","","","","","","","","","","","","0","0","1","0","0","0","1","0","0","0","0","0","0","0",0,0,0,"0",0,0,0,0,0,0,0,0,0,0,0,0,0,0,"0",0,0,0,0,0,0,0,0,2,0,0,0,0,0,0,0,"1",0,0,0,"0",0,0,0,0,"0",0,0,0,0,0,0,0,0,0,0,0,0,0,0,0,"0","0","1","0","0","0","0","0","0","0","0","0","0","0","0","0","0","0","0","0","0","0","0","0","1","1","0","0","1","1","0","0","0","0","0","0","0","0","0","0","0","0","0","0","0","0","0","0","0","0","0","1","0","0","0","1","0","0","0","0","0","0","0","0","0","0","0","0","0","0","0","0","0","0","0","0","0","0","0","0","0","0","0","0","0","0","0","0","0","0","0","0","1","202201","202204","2062"
"0981664","530010","70390125","43969735000130","3","1","00000000000000","","","","0015","","0","E","","","04","","01","04","03","","99","","","","","","","","53101477825","20211111","1","","","","","","0","0","1","0","0","0","1","0","0","0","0","0","0","0",0,0,0,"0",0,0,0,0,0,0,0,0,0,0,0,0,0,0,"0",0,1,0,1,0,0,0,0,0,0,0,0,0,0,0,0,"1",0,0,0,"0",0,0,0,0,"0",0,0,0,0,0,0,0,0,0,0,0,0,0,0,0,"0","0","1","0","0","0","0","0","0","0","0","0","0","0","0","0","0","0","0","0","0","0","0","0","1","0","0","0","1","1","0","0","0","0","0","0","0","0","0","0","0","0","0","0","0","0","0","0","0","0","0","1","0","0","0","1","0","0","0","0","0","0","0","0","0","0","0","0","0","0","0","0","0","0","0","0","0","0","0","0","0","0","0","0","0","0","0","0","0","0","0","0","1","202203","202204","2135"
"0981931","530010","71953000","40652955000148","3","1","00000000000000","","","","0180","","0","E","","","04","","01","36","03","","99","","","","","","","","EAS 010101","20210201","1","","","","","","0","0","1","0","0","0","1","0","0","0","0","0","0","0",0,0,0,"0",0,0,0,0,0,0,0,0,0,0,0,0,0,0,"0",0,0,0,0,0,0,0,0,2,0,0,0,0,0,0,0,"1",0,0,0,"0",0,0,0,0,"0",0,0,0,0,0,0,0,0,0,0,0,0,0,0,0,"0","0","1","0","0","0","0","0","1","0","0","0","0","0","0","0","0","0","0","1","0","0","0","0","1","1","1","1","1","1","0","0","0","0","0","0","0","0","0","0","0","0","0","0","0","0","0","0","0","0","0","1","0","0","0","1","0","0","0","0","0","0","0","0","0","0","0","0","0","0","0","0","0","0","0","0","0","0","0","0","0","0","0","0","0","0","0","0","0","0","0","0","1","202202","202204","2062"
"0982474","530010","72410100","43858879000110","3","1","00000000000000","","","","0060","","0","E","","","04","","03","36","03","","99","","","","","","","","53202530837 RLE","20211014","1","","","","","","0","0","1","0","0","0","1","0","0","0","0","0","0","0",0,0,0,"0",0,0,0,0,0,0,0,0,0,0,0,0,0,0,"0",0,3,0,0,0,0,0,0,0,0,0,0,0,0,0,0,"1",0,0,0,"0",0,0,0,0,"0",0,0,0,0,0,0,0,0,0,0,0,0,0,0,0,"0","0","1","0","0","0","0","0","0","0","0","0","0","0","0","0","0","0","0","0","0","0","0","0","1","0","0","0","1","1","0","0","0","0","0","0","0","0","0","0","0","0","0","0","0","0","0","0","0","0","0","1","0","0","0","1","0","0","0","0","0","0","0","0","0","0","0","0","0","0","0","0","0","0","0","0","0","0","0","0","0","0","0","0","0","0","0","0","0","0","0","0","1","202201","202204","2062"
"0982717","530010","70200760","40846721000131","3","1","00000000000000","","","","0015","","0","E","","","04","","03","04","03","","99","","","","","","","","VMKK2R","20211123","1","","","","","","0","0","1","0","0","0","1","0","0","0","0","0","0","0",0,0,0,"0",0,0,0,0,0,0,0,0,0,0,0,0,0,0,"0",0,1,0,1,0,0,0,0,0,0,0,0,0,0,0,0,"1",0,0,0,"0",0,0,0,0,"0",0,0,0,0,0,0,0,0,0,0,0,0,0,0,0,"0","0","1","0","0","0","0","0","1","0","0","0","0","0","0","0","0","0","0","0","0","0","0","0","1","1","1","1","1","1","0","0","0","0","0","0","0","0","0","0","0","0","0","0","0","0","0","0","0","0","0","1","0","0","0","0","0","0","0","0","0","0","0","0","0","0","0","0","0","0","0","0","0","0","0","0","0","0","0","0","0","0","0","0","0","0","0","0","0","0","0","0","1","202201","202204","2062"
"0984809","530010","71680112","00718528015394","3","1","00000000000000","","","","0090","","0","E","","","04","","01","39","03","","99","","","","","","","","LAB:2022-09","20211221","2","","","","","","0","0","1","0","0","0","1","0","0","0","0","0","0","0",0,0,0,"0",0,0,0,0,0,0,0,0,0,0,0,0,0,0,"0",0,0,0,0,0,0,0,0,0,0,0,0,0,0,0,0,"0",0,0,0,"0",0,0,0,0,"0",0,0,0,0,0,0,0,0,0,0,0,0,0,0,0,"0","0","1","0","0","0","0","0","0","0","0","0","0","0","0","0","0","0","0","0","0","0","0","0","1","1","1","0","1","1","0","0","0","0","0","0","0","0","0","0","0","0","0","0","0","0","0","0","0","0","0","0","0","0","0","0","0","0","1","0","0","1","1","0","0","0","0","0","0","0","0","0","0","0","0","0","0","0","0","0","0","0","0","0","0","0","0","0","0","0","0","0","1","202202","202204","2054"
"0984833","530010","71955100","31633631000171","3","1","00000000000000","","","","9901","","0","E","","","04","","01","04","03","","99","","","","","","","","CERTIFICADO DE LICENCIAME","20211118","1","","","","","","0","0","1","0","0","0","1","0","0","0","0","0","0","0",0,0,0,"0",0,0,0,0,0,0,0,0,0,0,0,0,0,0,"0",0,0,0,8,0,0,0,0,0,0,0,0,0,0,0,0,"1",0,0,0,"0",0,0,0,0,"0",0,0,0,0,0,0,0,0,0,0,0,0,0,0,0,"0","0","1","0","0","0","0","0","0","0","0","0","0","0","0","0","0","0","0","0","0","0","0","0","1","0","0","0","1","1","0","0","0","0","0","0","0","0","0","0","0","0","0","0","0","0","0","0","0","0","0","1","0","0","0","0","0","0","0","0","0","0","0","0","0","0","0","0","0","0","0","0","0","0","0","0","0","0","0","0","0","0","0","0","0","0","0","0","0","0","0","0","1","202201","202204","2062"
"0985759","530010","70715900","41860569000104","3","1","00000000000000","","","","0005","","0","E","","","04","","01","22","03","","99","","","","","","","","LICENCA SANITARIA","20211216","1","","","","","","0","0","1","0","0","0","1","0","0","0","0","0","0","0",0,0,0,"0",0,0,0,0,0,0,0,0,0,0,0,0,0,0,"0",2,0,0,0,0,0,0,0,0,0,0,0,0,0,0,0,"1",0,0,0,"0",0,0,0,0,"0",0,0,0,0,0,0,0,0,0,0,0,0,0,0,0,"0","0","0","0","0","0","0","0","0","0","0","0","0","0","0","0","0","0","0","0","0","0","0","0","0","1","0","0","1","1","0","0","0","0","0","0","0","0","0","0","0","0","0","0","0","0","0","0","0","0","0","1","0","0","0","0","0","0","0","0","0","0","0","0","0","0","0","0","0","0","0","0","0","0","0","0","0","0","0","0","0","0","0","0","0","0","0","0","0","0","0","0","1","202201","202204","2062"
"0985791","530010","73031505","10457717000625","3","1","00000000000000","","","","0140","","0","E","","","04","","03","39","03","","99","","","","","","","","53900419893","20211215","1","","","","","","0","0","1","0","0","0","1","0","0","0","0","0","0","0",0,0,0,"0",0,0,0,0,0,0,0,0,0,0,0,0,0,0,"0",0,0,0,1,0,0,0,0,0,0,0,0,0,0,0,0,"1",0,0,0,"0",0,0,0,0,"0",0,0,0,0,0,0,0,0,0,0,0,0,0,0,0,"0","0","1","0","0","0","0","0","0","0","0","0","0","0","0","0","0","0","0","0","0","0","0","0","1","1","0","0","1","1","0","0","0","0","0","0","0","0","0","0","0","0","0","0","0","0","0","0","0","0","0","0","0","0","0","0","0","0","1","0","0","0","1","0","0","0","0","0","0","0","0","0","0","0","0","0","0","0","0","0","0","0","0","0","0","0","0","0","0","0","0","0","1","202201","202204","2062"
"0985872","530010","70333900","41325847000123","3","1","00000000000000","","","","","","0","E","","","04","","03","36","03","","99","","","","","","","","53202430778","20210324","2","","","","","","0","0","1","0","0","0","1","0","0","0","0","0","0","0",0,0,0,"0",0,0,0,0,0,0,0,0,0,0,0,0,0,0,"0",7,0,0,5,0,0,0,0,0,0,0,0,0,0,0,0,"1",0,0,0,"0",0,0,0,0,"0",0,0,0,0,0,0,0,0,0,0,0,0,0,0,0,"0","0","1","0","0","0","0","0","0","0","0","0","0","0","0","0","0","0","0","0","0","0","0","0","1","1","0","0","1","1","0","0","0","0","0","0","0","0","0","0","0","0","0","0","0","0","0","0","0","0","0","1","0","0","0","1","0","0","0","0","0","0","0","0","0","0","0","0","0","0","0","0","0","0","0","0","0","0","0","0","0","0","0","0","0","0","0","0","0","0","0","0","1","202201","202204","2062"
"0985953","530010","70737030","43345931000134","3","1","00000000000000","","","","0010","","0","E","","","04","","03","36","03","","99","","","","","","","","EAS03215-1","20211022","","","","","","","0","0","1","0","0","0","1","0","0","0","0","0","0","0",0,0,0,"0",0,0,0,0,0,0,0,0,0,0,0,0,0,0,"0",0,0,0,1,0,0,0,0,0,0,0,0,0,0,0,0,"1",0,0,0,"0",0,0,0,0,"0",0,0,0,0,0,0,0,0,0,0,0,0,0,0,0,"0","0","1","0","0","0","0","0","0","0","0","0","0","0","0","0","0","0","0","0","0","0","0","0","1","1","0","0","1","1","0","0","0","0","0","0","0","0","0","0","0","0","0","0","0","0","0","0","0","0","0","1","0","0","1","1","0","0","0","0","0","0","0","0","0","0","0","0","0","0","0","0","0","0","0","0","0","0","0","0","0","0","0","0","0","0","0","0","0","0","0","0","1","202201","202204","2062"
"0986356","530010","70670512","41384399000139","3","1","00000000000000","","","","9931","","0","E","","","04","","01","22","03","","99","","","","","","","","53202433092","20210407","1","","","","","","0","0","1","0","0","0","1","0","0","0","0","0","0","0",0,0,0,"0",0,0,0,0,0,0,0,0,0,0,0,0,0,0,"0",1,0,0,0,0,0,0,0,0,0,0,0,0,0,0,0,"1",0,0,0,"0",0,0,0,0,"0",0,0,0,0,0,0,0,0,0,0,0,0,0,0,0,"0","0","0","0","0","0","0","0","0","0","0","0","0","0","0","0","0","0","0","0","0","0","0","0","0","0","0","0","1","1","0","0","0","0","0","0","0","0","0","0","0","0","0","0","0","0","0","0","0","0","0","1","0","0","0","0","0","0","0","0","0","0","0","0","0","0","0","0","0","0","0","0","0","0","0","0","0","0","0","0","0","0","0","0","0","0","0","0","0","0","0","0","1","202201","202204","2062"
"0987301","530010","70710149","37590019000145","3","1","00000000000000","","","","","","0","E","","","04","","03","22","03","","99","","","","","","","","YUJCUW","20211126","2","","","","","","0","0","1","0","0","0","1","0","0","0","0","0","0","0",0,0,0,"0",0,0,0,0,0,0,0,0,0,0,0,0,0,0,"0",0,1,0,0,0,0,0,0,0,0,0,0,0,0,0,0,"1",0,0,0,"0",0,0,0,0,"0",0,0,0,0,0,0,0,0,0,0,0,0,0,0,0,"0","0","0","0","0","0","0","0","0","0","0","0","0","0","0","0","0","0","0","0","0","0","0","0","0","0","0","0","1","1","0","0","0","0","0","0","0","0","0","0","0","0","0","0","0","0","0","0","0","0","0","1","0","0","0","0","0","0","0","0","0","0","0","0","0","0","0","0","0","0","0","0","0","0","0","0","0","0","0","0","0","0","0","0","0","0","0","0","0","0","0","0","1","202201","202204","2062"
"0987654","530010","70316000","20053175000174","3","1","00000000000000","","","","0015","","0","E","","","04","","03","36","03","","99","","","","","","","","EAS 20238-01","20210203","1","","","","","","0","0","1","0","0","0","1","0","0","0","0","0","0","0",0,0,0,"0",0,0,0,0,0,0,0,0,0,0,0,0,0,0,"0",0,2,0,0,0,0,0,0,0,0,0,0,0,0,0,0,"1",0,0,0,"0",0,0,0,0,"0",0,0,0,0,0,0,0,0,0,0,0,0,0,0,0,"0","0","1","0","0","0","0","0","0","0","0","0","0","0","0","0","0","0","0","0","0","0","0","0","1","1","0","0","1","1","0","0","0","0","0","0","0","0","0","0","0","0","0","0","0","0","0","0","0","0","0","1","0","0","0","1","0","0","0","0","0","0","0","0","0","0","0","0","0","0","0","0","0","0","0","0","0","0","0","0","0","0","0","0","0","0","0","0","0","0","0","0","1","202201","202204","2062"
"0987662","530010","70390150","37977556000142","3","1","00000000000000","","","","0015","","0","E","","","04","","03","36","03","","99","","","","","","","","","","","","","","","","0","0","1","0","0","0","1","0","0","0","0","0","0","0",0,0,0,"0",0,0,0,0,0,0,0,0,0,0,0,0,0,0,"0",2,1,0,1,0,0,0,0,0,0,0,0,0,0,0,0,"1",0,0,0,"0",0,0,0,0,"0",0,0,0,0,0,0,0,0,0,0,0,0,0,0,0,"0","0","1","0","0","0","0","0","0","0","0","0","0","0","0","0","0","0","0","0","0","0","0","0","1","1","0","0","1","1","0","0","0","0","0","0","0","0","0","0","0","0","0","0","0","0","0","0","0","0","0","1","0","0","0","1","0","0","0","0","0","0","0","0","0","0","0","0","0","0","0","0","0","0","0","0","0","0","0","0","0","0","0","0","0","0","0","0","0","0","0","0","1","202201","202204","2062"
"0987670","530010","70390095","22108884000135","3","1","00000000000000","","","","0015","","0","E","","","04","","03","36","03","","99","","","","","","","","RLE","20210801","1","","","","","","0","0","1","0","0","0","1","0","0","0","0","0","0","0",0,0,0,"0",0,0,0,0,0,0,0,0,0,0,0,0,0,0,"0",0,1,0,0,0,0,0,0,0,0,0,0,0,0,0,0,"1",0,0,0,"0",0,0,0,0,"0",0,0,0,0,0,0,0,0,0,0,0,0,0,0,0,"0","0","1","0","0","0","0","0","0","0","0","0","0","0","0","0","0","0","0","0","0","0","0","0","1","1","0","0","1","1","0","0","0","0","0","0","0","0","0","0","0","0","0","0","0","0","0","0","0","0","0","1","0","0","0","1","0","0","0","0","0","0","0","0","0","0","0","0","0","0","0","0","0","0","0","0","0","0","0","0","0","0","0","0","0","0","0","0","0","0","0","0","1","202201","202204","2062"
"0987719","530010","72601119","40552600000187","3","1","00000000000000","","","","0130","","0","E","","","04","","01","22","03","","99","","","","","","","","","","","","","","","","0","0","1","0","0","0","1","0","0","0","0","0","0","0",0,0,0,"0",0,0,0,0,0,0,0,0,0,0,0,0,0,0,"0",0,0,0,0,0,0,0,0,1,0,0,0,0,0,0,0,"1",0,0,0,"0",0,0,0,0,"0",0,0,0,0,0,0,0,0,0,0,0,0,0,0,0,"0","0","0","0","0","0","0","0","1","0","0","0","0","0","0","0","0","0","0","0","0","0","0","0","1","1","0","0","1","1","0","0","0","0","0","0","0","0","0","0","0","0","0","0","0","0","0","0","0","0","0","1","0","0","0","0","0","0","0","0","0","0","0","0","0","0","0","0","0","0","0","0","0","0","0","0","0","0","0","0","0","0","0","0","0","0","0","0","0","0","0","0","1","202201","202204","2062"
"0987778","530010","70710600","41146281000172","3","1","00000000000000","","","","0005","","0","E","","","04","","01","36","04","","99","","","","","","","","CERTIFICADO DE LICENCIAME","20210614","1","","","","","","0","0","1","0","0","0","1","0","0","0","0","0","0","0",0,0,0,"0",0,0,0,0,0,0,0,0,0,0,0,0,0,0,"0",0,1,0,1,0,0,0,0,0,0,0,0,0,0,0,0,"1",0,0,0,"0",0,0,0,0,"0",0,0,0,0,0,0,0,0,0,0,0,0,0,0,0,"0","0","1","0","0","0","0","0","0","0","0","0","0","0","0","0","0","0","0","0","0","0","0","0","1","0","0","0","1","1","0","0","0","0","0","0","0","0","0","0","0","0","0","0","0","0","0","0","0","0","0","1","0","0","0","1","0","0","0","0","0","0","0","0","0","0","0","0","0","0","0","0","0","0","0","0","0","0","0","0","0","0","0","0","0","0","0","0","0","0","0","0","1","202201","202204","2062"
"0989002","530010","70770560","42442849000165","3","1","00000000000000","","","","0005","","0","E","","","04","","03","36","03","","99","","","","","","","","RLE","20220103","1","","","","","","0","0","1","0","0","0","1","0","0","0","0","0","0","0",0,0,0,"0",0,0,0,0,0,0,0,0,0,0,0,0,0,0,"0",0,0,0,2,0,0,0,0,0,0,0,0,0,0,0,0,"1",0,0,0,"0",0,0,0,0,"0",0,0,0,0,0,0,0,0,0,0,0,0,0,0,0,"0","0","1","0","0","0","0","0","0","0","0","0","0","0","0","0","0","0","0","0","0","0","0","0","1","0","0","0","1","1","0","0","0","0","0","0","0","0","0","0","0","0","0","0","0","0","0","0","0","0","0","1","0","0","0","1","0","0","0","0","0","0","0","0","0","0","0","0","0","0","0","0","0","0","0","0","0","0","0","0","0","0","0","0","0","0","0","0","0","0","0","0","1","202201","202204","2062"
"0989177","530010","70770909","43085724000198","3","1","00000000000000","","","","0005","","0","E","","","04","","01","36","03","","99","","","","","","","","","","","","","","","","0","0","1","0","0","0","1","0","0","0","0","0","0","0",0,0,0,"0",0,0,0,0,0,0,0,0,0,0,0,0,0,0,"0",0,0,0,1,0,0,0,0,0,0,0,0,0,0,0,0,"1",0,0,0,"0",0,0,0,0,"0",0,0,0,0,0,0,0,0,0,0,0,0,0,0,0,"0","0","0","0","0","0","0","0","0","0","0","0","0","0","0","0","0","0","0","0","0","0","0","0","0","0","0","0","1","1","0","0","0","0","0","0","0","0","0","0","0","0","0","0","0","0","0","0","0","0","0","0","0","0","1","0","0","0","0","0","0","0","0","0","0","0","0","0","0","0","0","0","0","0","0","0","0","0","0","0","0","0","0","0","0","0","0","0","0","0","0","0","1","202201","202204","2062"
"0989185","530010","70340907","44031668000171","3","1","00000000000000","","","","0010","","0","E","","","04","","03","36","03","","99","","","","","","","","53202539397","20211027","1","","","","","","0","0","1","0","0","0","1","0","0","0","0","0","0","0",0,0,0,"0",0,0,0,0,0,0,0,0,0,0,0,0,0,0,"0",0,0,0,2,0,0,0,0,0,0,0,0,0,0,0,0,"1",0,0,0,"0",0,0,0,0,"0",0,0,0,0,0,0,0,0,0,0,0,0,0,0,0,"0","0","0","1","0","0","0","0","0","0","0","0","0","0","0","0","0","0","0","0","0","0","0","0","1","0","0","0","1","1","0","0","0","0","0","0","0","0","0","0","0","0","0","0","0","0","0","0","0","0","0","1","0","0","0","0","0","0","0","0","0","0","0","0","0","0","0","0","0","0","0","0","0","0","0","0","0","0","0","0","0","0","0","0","0","0","0","0","0","0","0","0","1","202201","202204","2062"
"0989193","530010","70200700","44694195000192","3","1","00000000000000","","","","","","0","E","","","04","","01","22","03","","99","","","","","","","","RLE","20220211","1","","","","","","0","0","1","0","0","0","1","0","0","0","0","0","0","0",0,0,0,"0",0,0,0,0,0,0,0,0,0,0,0,0,0,0,"0",1,0,0,0,0,0,0,0,0,0,0,0,0,0,0,0,"1",0,0,0,"0",0,0,0,0,"0",0,0,0,0,0,0,0,0,0,0,0,0,0,0,0,"0","0","1","0","0","0","0","0","0","0","0","0","0","0","0","0","0","0","0","0","0","0","0","0","1","0","0","0","1","1","0","0","0","0","0","0","0","0","0","0","0","0","0","0","0","0","0","0","0","0","0","1","0","0","0","1","0","0","0","0","0","0","0","0","0","0","0","0","0","0","0","0","0","0","0","0","0","0","0","0","0","0","0","0","0","0","0","0","0","0","0","0","1","202201","202204","2062"
"0989916","530010","70098900","00497560000101","3","1","00000000000000","","","","","","0","E","","","04","","03","04","02","","99","","","","","","","","","","","","","","","","0","0","1","0","0","0","1","0","0","0","0","0","0","0",0,0,0,"0",0,0,0,0,0,0,0,0,0,0,0,0,0,0,"0",4,0,0,1,0,0,0,1,0,0,1,1,0,0,0,0,"1",0,0,0,"0",0,0,0,0,"0",0,0,0,0,0,0,0,0,2,0,0,0,0,0,0,"0","0","1","0","0","0","0","0","1","0","0","0","0","0","0","0","0","1","0","0","1","0","0","0","1","1","1","0","1","1","0","0","0","0","0","0","0","0","0","0","0","0","0","0","0","0","0","0","0","0","0","0","0","0","0","1","0","0","0","0","0","0","0","0","0","0","0","0","0","0","0","0","0","0","0","0","0","0","0","0","0","0","0","0","0","0","0","0","0","0","0","0","1","202201","202204","1074"
"0990035","530010","70790157","33263364000113","3","1","00000000000000","","","","","","0","E","","","04","","01","22","03","","99","","","","","","","","JUCISDF","20190405","1","","","","","","0","0","1","0","0","0","1","0","0","0","0","0","0","0",0,0,0,"0",0,0,0,0,0,0,0,0,0,0,0,0,0,0,"0",0,0,0,1,0,0,0,0,0,0,0,0,0,0,0,0,"1",0,0,0,"0",0,0,0,0,"0",0,0,0,0,0,0,0,0,0,0,0,0,0,0,0,"0","0","0","0","0","0","0","0","0","0","0","0","0","0","0","0","0","0","0","0","0","0","0","0","0","0","0","0","1","1","0","0","0","0","0","0","0","0","0","0","0","0","0","0","0","0","0","0","0","0","0","0","0","0","0","1","0","0","0","0","0","0","0","0","0","0","0","0","0","0","0","0","0","0","0","0","0","0","0","0","0","0","0","0","0","0","0","0","0","0","0","0","1","202201","202204","2062"
"0990094","530010","71615560","37325547000177","3","1","00000000000000","","","","0090","","0","E","","","04","","03","36","03","","99","","","","","","","","EAS 526-03/2021","20220113","1","","","","","","0","0","1","0","0","0","1","0","0","0","0","0","0","0",0,0,0,"0",0,0,0,0,0,0,0,0,0,0,0,0,0,0,"0",0,1,0,0,0,0,0,0,0,0,0,0,0,0,0,0,"1",0,0,0,"0",0,0,0,0,"0",0,0,0,0,0,0,0,0,0,0,0,0,0,0,0,"0","0","1","0","0","0","0","0","0","0","0","0","0","0","0","0","0","0","0","0","0","0","0","0","1","1","0","0","1","1","0","0","0","0","0","0","0","0","0","0","0","0","0","0","0","0","0","0","0","0","0","1","0","0","0","1","0","0","0","0","0","0","0","0","0","0","0","0","0","0","0","0","0","0","0","0","0","0","0","0","0","0","0","0","0","0","0","0","0","0","0","0","1","202201","202204","2062"
"0990787","530010","72215178","42146038000117","3","1","00000000000000","","","","","","0","E","","","03","","03","22","03","","99","","","","","","","","355030801-863-053452-1-9","20210312","2","","","","","","0","0","1","0","0","0","1","0","0","0","0","0","0","0",0,0,0,"0",0,0,0,0,0,0,0,0,0,0,0,0,0,0,"0",0,0,0,0,0,0,0,0,2,0,0,0,0,0,0,0,"1",0,0,0,"0",0,0,0,0,"0",0,0,0,0,0,0,0,0,0,0,0,0,0,0,0,"0","0","0","0","0","0","0","0","0","0","0","0","0","0","0","0","0","0","1","0","0","0","0","0","1","1","0","0","1","1","0","0","0","0","0","0","0","0","0","0","0","0","0","0","0","0","0","0","0","0","0","1","0","0","0","1","0","0","0","0","0","0","0","0","0","0","0","0","0","0","0","0","0","0","0","0","0","0","0","0","0","0","0","0","0","0","0","0","0","0","0","0","1","202201","202204","2062"
"0990841","530010","71927540","00447821010729","3","1","00000000000000","","","","9901","","0","E","","","04","","01","43","04","","99","","","","","","","","LICENCA SANITARIA","20210312","1","","","","","","0","0","1","0","0","0","1","0","0","0","0","0","0","0",0,0,0,"0",0,0,0,0,0,0,0,0,0,0,0,0,0,0,"0",0,0,0,0,0,0,0,0,0,0,0,1,0,0,0,0,"1",0,0,0,"0",0,0,0,0,"0",0,0,0,0,0,0,0,0,0,0,0,0,0,0,0,"0","0","0","0","0","0","1","0","0","0","0","0","0","0","0","0","0","0","0","0","0","0","0","0","1","1","0","0","1","1","0","0","0","0","0","0","0","0","0","0","0","0","0","0","0","0","0","0","0","0","0","1","0","0","0","0","0","0","0","0","0","0","0","0","0","0","0","0","0","0","0","0","0","0","0","0","0","0","0","0","0","0","0","0","0","0","0","0","0","0","0","0","1","202201","202204","2054"
"0990922","530010","70719903","44164161000196","3","1","00000000000000","","","","","","0","E","","","04","","01","22","03","","99","","","","","","","","EAS 0277201","20211108","2","","","","","","0","0","1","0","0","0","1","0","0","0","0","0","0","0",0,0,0,"0",0,0,0,0,0,0,0,0,0,0,0,0,0,0,"0",0,0,0,1,0,0,0,0,0,0,0,0,0,0,0,0,"1",0,0,0,"0",0,0,0,0,"0",0,0,0,0,0,0,0,0,0,0,0,0,0,0,0,"0","0","1","0","0","0","0","0","0","0","0","0","0","0","0","0","0","0","0","0","0","0","0","0","1","0","0","0","1","1","0","0","0","0","0","0","0","0","0","0","0","0","0","0","0","0","0","0","0","0","0","1","0","0","0","0","0","0","0","0","0","0","0","0","0","0","0","0","0","0","0","0","0","0","0","0","0","0","0","0","0","0","0","0","0","0","0","0","0","0","0","0","1","202201","202204","2062"
"0992542","530010","71080005","41420453000154","3","1","00000000000000","","","","0070","","0","E","","","04","","03","22","04","","99","","","","","","","","DISPENSADO","20220225","1","","","","","","0","0","1","0","0","0","1","0","0","0","0","0","0","0",0,0,0,"0",0,0,0,0,0,0,0,0,0,0,0,0,0,0,"0",0,0,0,8,0,0,0,0,0,0,0,0,0,0,0,0,"1",0,0,0,"0",0,0,0,0,"0",0,0,0,0,0,0,0,0,0,0,0,0,0,0,0,"0","0","1","0","0","0","0","0","0","0","0","0","0","0","0","0","0","0","0","0","0","0","0","0","1","0","0","0","1","1","0","0","0","0","0","0","0","0","0","0","0","0","0","0","0","0","0","0","0","0","0","1","0","0","1","1","0","0","0","0","0","0","0","0","0","0","0","0","0","0","0","0","0","0","0","0","0","0","0","0","0","0","0","0","0","0","0","0","0","0","0","0","1","202203","202204","2305"
"0992623","530010","72150512","42028671000100","3","1","00000000000000","","","","","","0","E","","","04","","01","22","04","","99","","","","","","","","53202457854","20210923","1","","","","","","0","0","1","0","0","0","1","0","0","0","0","0","0","0",0,0,0,"0",0,0,0,0,0,0,0,0,0,0,0,0,0,0,"0",0,0,0,0,0,0,0,0,1,0,0,0,0,0,0,0,"1",0,0,0,"0",0,0,0,0,"0",0,0,0,0,0,0,0,0,0,0,0,0,0,0,0,"0","0","0","0","0","0","0","0","0","0","0","0","0","0","0","0","0","0","0","0","0","0","0","0","0","1","0","0","1","1","0","0","0","0","0","0","0","0","0","0","0","0","0","0","0","0","0","0","0","0","0","1","0","0","0","0","0","0","0","0","0","0","0","0","0","0","0","0","0","0","0","0","0","0","0","0","0","0","0","0","0","0","0","0","0","0","0","0","0","0","0","0","1","202201","202204","2062"
"0992879","530010","70830350","44864362000104","3","1","00000000000000","","","","","","0","E","","","04","","03","36","03","","99","","","","","","","","5319/0063448-6","20210911","2","","","","","","0","0","1","0","0","0","1","0","0","0","0","0","0","0",0,0,0,"0",0,0,0,0,0,0,0,0,0,0,0,0,0,0,"0",0,0,0,3,0,0,0,0,0,0,0,0,0,0,0,0,"1",0,0,0,"0",0,0,0,0,"0",0,0,0,0,0,0,0,0,0,0,0,0,0,0,0,"0","0","1","0","0","0","0","0","0","0","0","0","0","0","0","0","0","0","0","1","0","0","0","0","1","1","0","0","1","1","0","0","0","0","0","0","0","0","0","0","0","0","0","0","0","0","0","0","0","0","0","1","0","0","0","1","0","0","0","0","0","0","0","0","0","0","0","0","0","0","0","0","0","0","0","0","0","0","0","0","0","0","0","0","0","0","0","0","0","0","0","0","1","202201","202204","2062"
"0992909","530010","70650292","19065227000143","3","1","00000000000000","","","","","","0","E","","","04","","01","36","03","","99","","","","","","","","EAS.00123-07","20220110","1","","","","","","0","0","1","0","0","0","1","0","0","0","0","0","0","0",0,0,0,"0",0,0,0,0,0,0,0,0,0,0,0,0,0,0,"0",0,0,0,1,0,0,0,0,0,0,0,0,0,0,0,0,"1",0,0,0,"0",0,0,0,0,"0",0,0,0,0,0,0,0,0,0,0,0,0,0,0,0,"0","0","1","0","0","0","0","0","0","0","0","0","0","0","0","0","0","0","0","0","0","0","0","0","1","0","0","0","1","1","0","0","0","0","0","0","0","0","0","0","0","0","0","0","0","0","0","0","0","0","0","1","0","0","0","0","0","0","0","0","0","0","0","0","0","0","0","0","0","0","0","0","0","0","0","0","0","0","0","0","0","0","0","0","0","0","0","0","0","0","0","0","1","202201","202204","2062"
"0992925","530010","70390700","35867677000106","3","1","00000000000000","","","","0015","","0","E","","","04","","03","22","03","","99","","","","","","","","53802864264","20220112","1","","","","","","0","0","1","0","0","0","1","0","0","0","0","0","0","0",0,0,0,"0",0,0,0,0,0,0,0,0,0,0,0,0,0,0,"0",0,0,0,1,0,0,0,0,0,0,0,0,0,0,0,0,"1",0,0,0,"0",0,0,0,0,"0",0,0,0,0,0,0,0,0,0,0,0,0,0,0,0,"0","0","0","0","0","0","0","0","0","0","0","0","0","0","0","0","0","0","0","0","0","0","0","0","0","0","0","0","1","1","0","0","0","0","0","0","0","0","0","0","0","0","0","0","0","0","0","0","0","0","0","1","0","0","0","1","0","0","0","0","0","0","0","0","0","0","0","0","0","0","0","0","0","0","0","0","0","0","0","0","0","0","0","0","0","0","0","0","0","0","0","0","1","202201","202204","2135"
"0993484","530010","70686655","37488134000103","3","1","00000000000000","","","","0010","","0","E","","","04","","01","36","03","","99","","","","","","","","37488134","20201230","1","","","","","","0","0","1","0","0","0","1","0","0","0","0","0","0","0",0,0,0,"0",0,0,0,0,0,0,0,0,0,0,0,0,0,0,"0",0,0,0,0,0,0,0,0,1,0,0,0,0,0,0,0,"1",0,0,0,"0",0,0,0,0,"0",0,0,0,0,0,0,0,0,0,0,0,0,0,0,0,"0","0","1","0","0","0","0","0","1","0","0","0","0","0","0","0","0","0","0","0","0","0","0","0","1","1","0","0","1","1","0","0","0","0","0","0","0","0","0","0","0","0","0","0","0","0","0","0","0","0","0","1","0","0","0","0","0","0","0","0","0","0","0","0","0","0","0","0","0","0","0","0","0","0","0","0","0","0","0","0","0","0","0","0","0","0","0","0","0","0","0","0","1","202201","202204","2135"
"0994154","530010","70790157","41405102000174","3","1","00000000000000","","","","","","0","E","","","04","","03","22","03","","99","","","","","","","","6018.2021/0072150-1","20210921","2","","","","","","0","0","1","0","0","0","1","0","0","0","0","0","0","0",0,0,0,"0",0,0,0,0,0,0,0,0,0,0,0,0,0,0,"0",0,0,0,2,0,0,0,0,0,0,0,0,0,0,0,0,"1",0,0,0,"0",0,0,0,0,"0",0,0,0,0,0,0,0,0,0,0,0,0,0,0,0,"0","0","1","0","0","0","0","0","0","0","0","0","0","0","0","0","0","0","0","0","0","0","0","0","1","1","0","0","1","1","0","0","0","0","0","0","0","0","0","0","0","0","0","0","0","0","0","0","0","0","0","1","0","0","0","1","0","0","0","0","0","0","0","0","0","0","0","0","0","0","0","0","0","0","0","0","0","0","0","0","0","0","0","0","0","0","0","0","0","0","0","0","1","202201","202204","2062"
"0995673","530010","71825300","00000000000000","3","3","00394700000108","","","","","","1","E","","","04","","02","78","06","","99","","","","","","","","","","","","","","","","0","0","1","0","0","0","1","0","0","0","0","0","0","0",0,0,0,"0",0,0,0,0,0,0,0,0,0,0,0,0,0,0,"1",0,1,0,0,3,12,0,0,0,0,2,0,0,0,0,0,"1",0,0,0,"0",0,0,0,0,"0",0,0,1,1,0,5,34,0,0,0,0,0,0,0,0,"0","0","0","0","1","0","1","0","0","0","1","0","0","0","0","0","0","0","0","0","0","0","0","0","1","1","0","0","1","1","0","0","0","0","0","0","0","0","0","0","0","0","0","0","0","0","0","0","0","0","1","0","0","0","0","0","0","0","0","0","0","0","0","0","0","0","0","0","0","0","0","0","0","0","0","0","0","0","0","0","0","0","0","0","0","0","0","0","0","0","0","0","1","202204","202204","1023"
"0996068","530010","72007240","00394700004014","3","3","00394700000108","","04","","9934","","1","E","","","04","","03","73","06","","99","","","","","","","","","","","","","","","","0","0","1","0","0","0","1","0","0","0","0","0","0","0",0,0,0,"0",0,0,0,2,0,0,0,1,0,1,0,0,0,3,"1",0,0,0,0,0,0,0,0,0,0,0,0,0,0,0,0,"0",0,0,0,"0",0,0,0,0,"0",0,0,0,6,0,0,0,0,0,0,0,0,0,0,0,"0","0","1","0","1","0","1","0","1","1","1","0","0","0","0","0","1","0","1","1","1","0","0","0","1","1","1","1","1","1","0","0","0","1","0","0","0","0","0","0","0","0","1","0","0","0","0","0","0","0","1","0","0","0","0","0","0","0","0","0","0","0","0","0","1","0","0","0","0","0","0","0","0","0","0","0","0","0","0","0","0","0","0","0","0","0","0","0","0","0","0","0","1","202205","202204","1023"
"0997617","530010","70675760","32912120000151","3","1","00000000000000","","","","","","0","E","","","04","","01","22","03","","99","","","","","","","","LICENCIAMENTO RLE","20200720","1","","","","","","0","0","1","0","0","0","1","0","0","0","0","0","0","0",0,0,0,"0",0,0,0,0,0,0,0,0,0,0,0,0,0,0,"0",0,0,0,1,0,0,0,0,0,0,0,0,0,0,0,0,"1",0,0,0,"0",0,0,0,0,"0",0,0,0,0,0,0,0,0,0,0,0,0,0,0,0,"0","0","0","0","0","0","0","0","0","0","0","0","0","0","0","0","0","0","0","0","0","0","0","0","0","0","0","0","1","1","0","0","0","0","0","0","0","0","0","0","0","0","0","0","0","0","0","0","0","0","0","1","0","0","0","0","0","0","0","0","0","0","0","0","0","0","0","0","0","0","0","0","0","0","0","0","0","0","0","0","0","0","0","0","0","0","0","0","0","0","0","0","1","202201","202204","2062"
"0998583","530010","72115700","36278202000147","3","1","00000000000000","","","","","","0","E","","","04","","02","22","03","","99","","","","","","","","35503080186301107810","20140731","2","","","","","","0","0","1","0","0","0","1","0","0","0","0","0","0","0",0,0,0,"0",0,0,0,0,0,0,0,0,0,0,0,0,0,0,"0",0,0,0,2,0,0,0,0,0,0,0,0,0,0,0,0,"1",0,0,0,"0",0,0,0,0,"0",0,0,0,0,0,0,0,0,0,0,0,0,0,0,0,"0","0","1","0","0","0","0","0","0","0","0","0","0","0","0","0","0","0","1","1","0","0","0","0","1","1","0","0","1","1","0","0","0","0","0","0","0","0","0","0","0","0","0","0","0","0","0","0","0","0","0","1","0","0","0","1","0","0","0","0","0","0","0","0","0","0","0","0","0","0","0","0","0","0","0","0","0","0","0","0","0","0","0","0","0","0","0","0","0","0","0","0","1","202201","202204","2062"
"1060937","530010","70200700","00000496882198","1","1","00000000000000","","","","","","0","E","","","04","","03","22","03","","99","","","","","","","","530020212022","20210809","2","","","","","","0","0","1","0","0","0","1","0","0","0","0","0","0","0",0,0,0,"0",0,0,0,0,0,0,0,0,0,0,0,0,0,0,"0",0,0,0,4,0,0,0,0,0,0,0,0,0,0,0,0,"1",0,0,0,"0",0,0,0,0,"0",0,0,0,0,0,0,0,0,0,0,0,0,0,0,0,"0","0","0","0","0","0","0","0","0","0","0","0","0","0","0","0","0","0","0","0","0","0","0","0","0","1","0","0","1","1","0","0","0","0","0","0","0","0","0","0","0","0","0","0","0","0","0","0","0","0","0","1","0","0","0","1","0","0","0","0","0","0","0","0","0","0","0","0","0","0","0","0","0","0","0","0","0","0","0","0","0","0","0","0","0","0","0","0","0","0","0","0","1","202110","202204","2062"
"1061437","530010","71936250","00006979711717","1","1","00000000000000","","","","","","0","E","","","04","","03","22","03","","99","","","","","","","","532021110021","20211008","1","","","","","","0","0","1","0","0","0","1","0","0","0","0","0","0","0",0,0,0,"0",0,0,0,0,0,0,0,0,0,0,0,0,0,0,"0",0,1,0,0,0,0,0,0,0,0,0,0,0,0,0,0,"1",0,0,0,"0",0,0,0,0,"0",0,0,0,0,0,0,0,0,0,0,0,0,0,0,0,"0","0","0","0","0","0","0","0","0","0","0","0","0","0","0","0","0","0","0","0","0","0","0","0","0","1","0","0","1","1","0","0","0","0","0","0","0","0","0","0","0","0","0","0","0","0","0","0","0","0","0","1","0","0","0","1","0","0","0","0","0","0","0","0","0","0","0","0","0","0","0","0","0","0","0","0","0","0","0","0","0","0","0","0","0","0","0","0","0","0","0","0","1","202110","202204","2062"
"1061518","530010","71966900","00003487524155","1","1","00000000000000","","","","","","0","E","","","04","","03","22","03","","99","","","","","","","","53202522605","20210928","2","","","","","","0","0","1","0","0","0","1","0","0","0","0","0","0","0",0,0,0,"0",0,0,0,0,0,0,0,0,0,0,0,0,0,0,"0",0,0,0,1,0,0,0,0,0,0,0,0,0,0,0,0,"1",0,0,0,"0",0,0,0,0,"0",0,0,0,0,0,0,0,0,0,0,0,0,0,0,0,"0","0","0","0","0","0","0","0","0","0","0","0","0","0","0","0","0","0","0","0","0","0","0","0","0","0","0","0","1","1","0","0","0","0","0","0","0","0","0","0","0","0","0","0","0","0","0","0","0","0","0","1","0","0","0","1","0","0","0","0","0","0","0","0","0","0","0","0","0","0","0","0","0","0","0","0","0","0","0","0","0","0","0","0","0","0","0","0","0","0","0","0","1","202110","202204","2062"
"1061836","530010","70340908","00003656749159","1","1","00000000000000","","","","","","0","E","","","04","","03","22","03","","99","","","","","","","","532083755221","20190829","","","","","","","0","0","1","0","0","0","1","0","0","0","0","0","0","0",0,0,0,"0",0,0,0,0,0,0,0,0,0,0,0,0,0,0,"0",0,0,0,0,0,0,0,0,1,0,0,0,0,0,0,0,"1",0,0,0,"0",0,0,0,0,"0",0,0,0,0,0,0,0,0,0,0,0,0,0,0,0,"0","0","0","0","0","0","0","0","0","0","0","0","0","0","0","0","0","0","0","0","0","0","0","0","0","1","0","0","1","1","0","0","0","0","0","0","0","0","0","0","0","0","0","0","0","0","0","0","0","0","0","1","0","0","0","1","0","0","0","0","0","0","0","0","0","0","0","0","0","0","0","0","0","0","0","0","0","0","0","0","0","0","0","0","0","0","0","0","0","0","0","0","1","202111","202204","2062"
"1066285","530010","70712903","00036110485691","1","1","00000000000000","","","","","","0","E","","","04","","03","22","06","","99","","","","","","","","532706112340","20210630","2","","","","","","0","0","1","0","0","0","1","0","0","0","0","0","0","0",0,0,0,"0",0,0,0,0,0,0,0,0,0,0,0,0,0,0,"0",0,0,0,0,0,0,0,0,2,0,0,0,0,0,0,0,"1",0,0,0,"0",0,0,0,0,"0",0,0,0,0,0,0,0,0,0,0,0,0,0,0,0,"0","0","0","0","0","0","0","0","0","0","0","0","0","0","0","0","0","0","0","0","0","0","0","0","0","1","0","0","1","1","0","0","0","0","0","0","0","0","0","0","0","0","0","0","0","0","0","0","0","0","0","1","0","0","0","1","0","0","0","0","0","0","0","0","0","0","0","0","0","0","0","0","0","0","0","0","0","0","0","0","0","0","0","0","0","0","0","0","0","0","0","0","1","202203","202204","4000"
"1066897","530010","72015525","00085238805187","1","1","00000000000000","","","","","","0","E","","","04","","03","22","03","","99","","","","","","","","85238805187","20210924","2","","","","","","0","0","1","0","0","0","1","0","0","0","0","0","0","0",0,0,0,"0",0,0,0,0,0,0,0,0,0,0,0,0,0,0,"0",0,0,0,2,0,0,0,0,0,0,0,0,0,0,0,0,"1",0,0,0,"0",0,0,0,0,"0",0,0,0,0,0,0,0,0,0,0,0,0,0,0,0,"0","0","0","0","0","0","0","0","0","0","0","0","0","0","0","0","0","0","0","0","0","0","0","0","0","1","0","0","1","1","0","0","0","0","0","0","0","0","0","0","0","0","0","0","0","0","0","0","0","0","0","1","0","0","0","1","0","0","0","0","0","0","0","0","0","0","0","0","0","0","0","0","0","0","0","0","0","0","0","0","0","0","0","0","0","0","0","0","0","0","0","0","1","202203","202204","2062"
"2360233","530010","73340300","00000000000000","3","3","00394700000108","","06","","0120","","1","E","","","04","","01","02","03","","99","","","","","","","","","","","","","","","","1","0","0","0","0","0","1","0","0","0","0","0","0","0",0,0,0,"0",0,0,0,0,0,0,0,0,0,0,0,0,0,0,"0",2,0,0,1,0,0,0,0,0,0,1,1,1,0,1,0,"1",0,0,0,"0",0,0,0,0,"0",0,0,0,0,0,0,0,0,0,0,0,0,0,0,0,"0","0","1","0","0","0","1","0","0","0","0","0","0","0","0","0","0","0","0","0","0","0","0","0","1","1","1","0","1","1","0","0","0","0","0","0","0","0","0","0","0","0","0","0","0","0","0","0","0","0","1","0","0","0","0","0","0","0","0","0","0","0","0","0","0","0","0","0","0","0","0","0","0","0","0","0","0","0","1","0","0","0","0","0","0","0","0","0","0","0","0","0","1","202204","202204","1023"
"2616610","530010","72215010","03834394000171","3","1","00000000000000","","","","","","0","E","","","04","","01","36","03","","99","","","","","","","","EAS.00089-16","20200703","1","","","","","","0","0","1","0","0","0","1","0","0","0","0","0","0","0",0,0,0,"0",0,0,0,0,0,0,0,0,0,0,0,0,0,0,"0",0,8,0,0,0,0,0,0,0,0,0,0,0,0,0,0,"1",0,0,0,"0",0,0,0,0,"0",0,0,0,0,0,0,0,0,0,0,0,0,0,0,0,"0","0","1","0","1","0","0","0","1","0","0","0","0","0","0","0","0","1","0","1","0","0","0","0","1","1","1","0","1","1","0","0","0","0","0","0","0","0","0","0","0","0","0","0","0","0","0","0","0","0","0","1","0","0","0","1","0","0","0","0","0","0","0","0","0","0","0","0","0","0","0","0","0","0","0","0","0","0","0","0","0","0","0","0","0","0","0","0","0","0","0","0","1","202010","202204","2062"
"2616696","530010","70330400","24949836000103","3","1","00000000000000","","","","0010","","0","E","","","04","","01","36","03","","99","001","10049","40250-8","","","","","EAS.02052-01","20210323","1","","","","","","0","0","1","0","0","0","1","0","0","0","0","0","0","0",0,0,0,"0",0,0,0,0,0,0,0,0,0,0,0,0,0,0,"0",0,4,0,0,0,0,0,0,0,0,0,0,0,0,0,0,"1",0,0,0,"0",0,0,0,0,"0",0,0,0,0,0,0,0,0,0,0,0,0,0,0,0,"0","0","0","0","0","0","0","0","0","0","0","0","0","0","0","0","0","0","0","0","0","0","0","0","0","0","0","0","1","1","0","0","0","0","0","0","0","0","0","0","0","0","0","0","0","0","0","0","0","0","0","1","0","0","0","0","0","0","0","0","0","0","0","0","0","0","0","0","0","0","0","0","0","0","0","0","0","0","0","0","0","0","0","0","0","0","0","0","0","0","0","0","1","202105","202204","3069"
"2616718","530010","70200670","00649756000166","3","1","00000000000000","","","","0010","","0","E","","","04","","03","62","06","","99","","","","","","","","EAS.05011-01","20210825","1","","","","","","0","0","0","0","1","0","1","0","0","0","0","1","0","1",6,0,0,"1",0,0,0,0,0,0,0,0,0,0,0,0,0,1,"1",0,40,0,0,0,0,0,0,0,0,0,0,0,0,0,0,"1",0,0,4,"1",0,0,0,0,"0",0,0,0,0,0,0,0,0,0,0,0,0,0,0,0,"0","1","1","0","0","0","0","0","1","1","0","0","0","0","0","0","0","1","1","0","0","1","0","0","1","1","1","0","1","1","0","0","0","0","0","0","0","0","0","0","0","0","0","0","0","0","0","0","0","0","0","1","0","0","0","1","0","0","0","0","0","0","0","0","0","1","0","0","0","1","0","0","0","0","0","0","0","0","0","0","0","0","0","0","0","0","0","0","0","0","0","0","1","202203","202204","2062"
"2616726","530010","70089000","00000000000000","3","3","00394700000108","","","","0010","","1","E","","","04","","03","39","04","","99","","","","","","","","","","","","","","","","0","0","1","0","0","0","1","0","0","0","0","0","0","0",0,0,0,"0",0,0,0,0,0,0,0,0,0,0,0,0,0,0,"0",0,0,0,2,0,0,0,0,0,0,0,0,0,0,0,0,"1",0,0,0,"0",0,0,0,0,"0",0,0,0,0,0,0,0,0,0,0,0,0,0,0,0,"0","0","0","0","1","0","0","0","0","0","0","0","0","0","0","0","0","0","0","0","0","0","0","0","1","1","0","0","1","1","0","0","0","0","0","0","0","0","0","0","0","0","0","0","0","0","0","0","0","0","1","0","0","0","0","0","0","0","0","0","0","0","0","0","0","0","0","0","0","0","0","0","0","0","0","0","0","0","0","0","0","0","0","0","0","0","0","0","0","0","0","0","1","202204","202204","1023"
"2616815","530010","70310500","03705784000141","3","1","00000000000000","","","","","","0","E","","","04","","01","22","03","","99","","","","","","","","ODO.00038-07","20190430","1","","","","","","0","0","1","0","0","0","1","0","0","0","0","0","0","0",0,0,0,"0",0,0,0,0,0,0,0,0,0,0,0,0,0,0,"0",0,0,0,0,0,0,0,0,1,0,0,0,0,0,0,0,"1",0,0,0,"0",0,0,0,0,"0",0,0,0,0,0,0,0,0,0,0,0,0,0,0,0,"0","0","1","0","0","0","0","0","1","0","0","0","0","0","0","0","0","0","0","0","0","0","0","0","1","1","0","0","1","1","0","0","0","0","0","0","0","0","0","0","0","0","0","0","0","0","0","0","0","0","0","1","0","0","0","0","0","0","0","0","0","0","0","0","0","0","0","0","0","0","0","0","0","0","0","0","0","0","0","0","0","0","0","0","0","0","0","0","0","0","0","0","1","201905","202204","2062"
"2616955","530010","72110160","00243530000160","3","1","00000000000000","","","","","","1","E","","","04","","03","36","04","","99","070","058","6028145","","","","","LICENCA DE SAUDE","20211007","1","","","","","","0","0","1","0","0","0","1","0","0","0","0","0","0","0",0,0,0,"0",0,0,0,0,0,0,0,0,0,0,0,0,0,0,"0",0,1,0,0,0,0,0,0,0,0,0,0,0,0,0,0,"1",0,0,0,"0",0,0,0,0,"0",0,0,0,0,0,0,0,0,0,0,0,0,0,0,0,"0","0","1","0","0","0","0","0","0","0","0","0","0","0","0","0","0","0","0","0","0","0","0","0","1","0","0","1","1","1","0","0","0","0","0","0","0","0","0","0","0","0","0","0","0","0","0","0","0","0","0","0","0","0","0","0","0","1","1","0","0","0","1","0","0","0","0","0","0","0","0","0","0","0","0","0","0","0","0","0","0","0","0","0","0","0","0","0","0","0","0","0","1","202111","202204","2062"
"2616971","530010","70710149","01258895000121","3","1","00000000000000","","","","0005","","0","E","","","04","","03","36","03","","99","","","","","","","","EAS 02116-01","20210414","1","","","","","","0","0","1","0","0","0","1","0","0","0","0","0","0","0",0,0,0,"0",0,0,0,0,0,0,0,0,0,0,0,0,0,0,"0",0,2,0,0,0,0,0,0,0,0,0,0,0,0,0,0,"1",0,0,0,"0",0,0,0,0,"0",0,0,0,0,0,0,0,0,0,0,0,0,0,0,0,"0","0","1","0","0","0","0","0","0","0","0","0","0","0","0","0","0","0","0","0","0","0","0","0","1","0","0","0","1","1","0","0","0","0","0","0","0","0","0","0","0","0","0","0","0","0","0","0","0","0","0","1","0","0","0","1","0","0","0","0","0","0","0","0","0","0","0","0","0","0","0","0","0","0","0","0","0","0","0","0","0","0","0","0","0","0","0","0","0","0","0","0","1","202104","202204","2062"
"2617250","530010","70675400","04375854000103","3","1","00000000000000","","","","9931","","0","E","","","04","","01","22","03","","99","001","33804","116025","","","","","ODO.00013-07","20190122","1","","","","","","0","0","1","0","0","0","1","0","0","0","0","0","0","0",0,0,0,"0",0,0,0,0,0,0,0,0,0,0,0,0,0,0,"0",0,0,0,0,0,0,0,0,2,0,0,0,0,0,0,0,"1",0,0,0,"0",0,0,0,0,"0",0,0,0,0,0,0,0,0,0,0,0,0,0,0,0,"0","0","0","0","0","0","0","0","1","0","0","0","0","0","0","0","0","0","0","0","0","0","0","0","1","1","0","0","1","1","0","0","0","0","0","0","0","0","0","0","0","0","0","0","0","0","0","0","0","0","0","1","0","0","0","1","0","0","0","0","0","0","0","0","0","0","0","0","0","0","0","0","0","0","0","0","0","0","0","0","0","0","0","0","0","0","0","0","0","0","0","0","1","201912","202204","2062"
"2617269","530010","72155000","00000000000000","3","3","00394700000108","","04","","0180","","1","E","","","03","","01","02","03","","99","","","","","","","","","","","","","","","","1","0","1","0","0","0","1","0","0","0","0","0","0","0",0,0,0,"0",0,0,0,0,0,0,0,0,0,0,0,0,0,0,"0",6,0,0,3,0,0,0,0,1,0,0,1,1,0,1,0,"1",0,0,0,"0",0,0,0,0,"0",0,0,0,0,0,0,0,0,0,0,0,0,0,0,0,"0","0","1","0","1","0","1","0","1","0","1","0","0","0","0","0","0","0","0","0","0","0","0","0","1","1","0","0","1","1","0","0","0","0","0","0","0","0","0","0","0","0","0","0","0","0","0","0","0","0","1","0","0","0","0","0","0","0","0","0","0","0","0","0","0","0","0","0","0","0","0","0","0","0","0","0","0","0","0","0","0","0","0","0","0","0","0","0","0","0","0","0","1","202110","202204","1023"
"2617293","530010","72270300","00000000000000","3","3","00394700000108","","05","","0040","","1","E","","","04","","01","02","03","","99","","","","","","","","","","","","","","","","1","0","0","0","0","0","1","0","0","0","0","0","0","0",0,0,0,"0",0,0,0,0,0,0,0,0,0,0,0,0,0,0,"0",10,0,0,2,0,0,0,0,3,1,3,1,1,0,1,0,"1",0,0,0,"0",0,0,0,0,"0",0,0,0,0,0,0,0,0,0,0,0,0,0,0,0,"0","0","1","0","1","0","1","0","1","0","1","0","0","0","0","0","0","0","0","0","0","0","0","0","1","1","0","0","1","1","0","0","0","0","0","0","0","0","0","0","0","0","0","0","0","0","0","0","0","0","1","0","0","0","0","0","0","0","0","0","0","0","0","0","0","0","0","0","0","0","0","0","0","0","0","0","0","0","0","0","0","0","0","0","0","0","0","0","0","0","0","0","1","202204","202204","1023"
"2617358","530010","71540400","00000000000000","3","3","00394700000108","","02","","","","1","E","","","04","","01","02","03","","99","","","","","","","","","","","","","","","","1","0","1","0","0","0","1","0","0","0","0","0","0","0",0,0,0,"0",0,0,0,0,0,0,0,0,0,0,0,0,0,0,"0",4,0,1,1,0,0,0,0,1,0,3,1,1,0,1,0,"1",0,0,0,"0",0,0,0,0,"0",0,0,0,0,0,0,0,0,0,0,0,0,0,0,0,"0","0","1","0","0","0","1","0","1","0","0","0","0","0","0","0","0","0","0","0","0","0","0","0","1","1","0","0","1","1","0","0","0","0","0","0","0","0","0","0","0","0","0","0","0","0","0","0","0","0","1","0","0","0","0","0","0","0","0","0","0","0","0","0","0","0","0","0","0","0","0","0","0","0","0","0","0","0","0","0","0","0","0","0","0","0","0","0","0","0","0","0","1","202104","202204","1023"
"2617366","530010","70710100","04792211000165","3","1","00000000000000","","","","","","0","E","","","04","","01","22","03","","99","","","","","","","","53201118291","20210930","1","","","","","","0","0","1","0","0","0","1","0","0","0","0","0","0","0",0,0,0,"0",0,0,0,0,0,0,0,0,0,0,0,0,0,0,"0",0,1,0,0,0,0,0,0,0,0,0,0,0,0,0,0,"1",0,0,0,"0",0,0,0,0,"0",0,0,0,0,0,0,0,0,0,0,0,0,0,0,0,"0","0","1","0","0","0","0","0","0","0","0","0","0","0","0","0","0","0","0","0","0","0","0","0","1","1","0","0","0","1","0","0","0","0","0","0","0","0","0","0","0","0","0","0","0","0","0","0","0","0","0","1","0","0","0","0","0","0","0","0","0","0","0","0","0","0","0","0","0","0","0","0","0","0","0","0","0","0","0","0","0","0","0","0","0","0","0","0","0","0","0","0","1","202110","202204","2062"
"2617595","530010","70390145","37175445000112","3","1","00000000000000","","","","","","0","E","","","04","","03","22","03","","99","","","","","","","","20210025410","20210511","1","","","","","","0","0","1","0","0","0","1","0","0","0","0","0","0","0",0,0,0,"0",0,0,0,0,0,0,0,0,0,0,0,0,0,0,"0",0,1,0,0,0,0,0,0,0,0,0,0,0,0,0,0,"1",0,0,0,"0",0,0,0,0,"0",0,0,0,0,0,0,0,0,0,0,0,0,0,0,0,"0","0","1","0","0","0","0","0","0","0","0","0","0","0","0","0","0","0","0","0","0","0","0","0","1","0","0","0","1","1","0","0","0","0","0","0","0","0","0","0","0","0","0","0","0","0","0","0","0","0","0","1","0","0","0","0","0","0","0","0","0","0","0","0","0","0","0","0","0","0","0","0","0","0","0","0","0","0","0","0","0","0","0","0","0","0","0","0","0","0","0","0","1","202202","202204","2135"
"2627558","530010","70077900","32910853000157","3","1","00000000000000","","","","0005","","0","E","","","04","","03","36","03","","99","","","","","","","","RAD 00007-02","20200929","1","","","","","","0","0","1","0","0","0","1","0","0","0","0","0","0","0",0,0,0,"0",0,0,0,0,0,0,0,0,0,0,0,0,0,0,"0",0,0,0,2,0,0,0,0,0,0,0,0,0,0,0,0,"1",0,0,0,"0",0,0,0,0,"0",0,0,0,0,0,0,0,0,0,0,0,0,0,0,0,"0","0","1","0","0","0","0","0","0","0","0","0","0","0","0","0","0","0","0","0","0","0","0","0","1","0","0","0","1","1","0","0","0","0","0","0","0","0","0","0","0","0","0","0","0","0","0","0","0","0","0","1","0","0","0","1","0","0","0","0","0","0","0","0","0","0","0","0","0","0","0","0","0","0","0","0","0","0","0","0","0","0","0","0","0","0","0","0","0","0","0","0","1","202009","202204","2062"
"2627582","530010","72120470","02575678000128","3","1","00000000000000","","","","0180","","0","E","","","04","","03","36","03","","99","","","","","","","","RAD.00010-15","20210604","1","","","","","","0","0","1","0","0","0","1","0","0","0","0","0","0","0",0,0,0,"0",0,0,0,0,0,0,0,0,0,0,0,0,0,0,"0",0,5,0,0,0,0,0,0,0,0,0,0,0,0,0,0,"1",0,0,0,"0",0,0,0,0,"0",0,0,0,0,0,0,0,0,0,0,0,0,0,0,0,"0","0","1","0","0","0","0","0","1","0","0","0","0","0","0","0","0","0","0","0","0","0","0","0","1","1","0","1","1","1","0","0","0","0","0","0","0","0","0","0","0","0","0","0","0","0","0","0","0","0","0","1","0","0","0","1","0","0","0","0","0","0","0","0","0","0","0","0","0","0","0","0","0","0","0","0","0","0","0","0","0","0","0","0","0","0","0","0","0","0","0","0","1","202201","202204","2062"
"2627590","530010","72115700","01648522000167","3","1","00000000000000","","","","0180","","0","E","","","04","","03","04","03","","99","","","","","","","","EAS 00046-15","20191105","1","","","","","","0","0","1","0","0","0","1","0","0","0","0","0","0","0",0,0,0,"0",0,0,0,0,0,0,0,0,0,0,0,0,0,0,"0",1,1,0,0,0,0,0,1,0,0,0,0,0,0,0,0,"1",0,0,0,"0",0,0,0,0,"0",0,0,0,0,0,0,0,0,0,0,0,0,0,0,0,"0","0","1","0","0","0","0","0","0","0","0","0","0","0","0","0","0","0","0","0","0","0","0","0","1","1","1","0","1","1","0","0","0","0","0","0","0","0","0","0","0","0","0","0","0","0","0","0","0","0","0","1","0","0","0","1","0","0","1","0","0","0","1","0","0","0","0","0","0","0","0","0","0","0","0","0","0","0","0","0","0","0","0","0","0","0","0","0","0","0","0","0","1","202003","202204","2305"
"2643111","530010","72020130","05045512000198","3","1","00000000000000","","","","0180","","0","E","","","04","","03","36","03","","99","","","","","","","","ODO.00111-14","20191022","1","","","","","","0","0","1","0","0","0","1","0","0","0","0","0","0","0",0,0,0,"0",0,0,0,0,0,0,0,0,0,0,0,0,0,0,"0",0,0,0,0,0,0,0,0,4,0,0,0,0,0,0,0,"1",0,0,0,"0",0,0,0,0,"0",0,0,0,0,0,0,0,0,0,0,0,0,0,0,0,"0","0","1","0","0","0","0","0","0","0","0","0","0","0","0","0","0","0","0","0","0","0","0","0","1","1","0","0","1","1","0","0","0","0","0","0","0","0","0","0","0","0","0","0","0","0","0","0","0","0","0","1","0","0","0","1","0","0","0","0","0","0","0","0","0","0","0","0","0","0","0","0","0","0","0","0","0","0","0","0","0","0","0","0","0","0","0","0","0","0","0","0","1","202101","202204","2062"
"2643146","530010","70390904","00408831000105","3","1","00000000000000","","","","0015","","0","E","","","04","","03","39","04","","99","","","","","","","","LAB0564-01","20181223","1","","","","","","0","0","1","0","0","0","1","0","0","0","0","0","0","0",0,0,0,"0",0,0,0,0,0,0,0,0,0,0,0,0,0,0,"0",0,0,0,0,0,0,0,0,0,0,0,0,0,0,0,0,"0",0,0,0,"0",0,0,0,0,"0",0,0,0,0,0,0,0,0,0,0,0,0,0,0,0,"0","0","0","0","0","0","0","0","0","0","0","0","0","0","0","0","0","0","0","0","0","0","0","0","0","1","1","0","1","1","0","0","0","0","0","0","0","0","0","0","0","0","0","0","0","0","0","0","0","0","0","0","0","0","0","0","0","0","1","0","0","1","1","0","0","0","0","0","0","0","0","0","0","0","0","0","0","0","0","0","0","0","0","0","0","0","0","0","0","0","0","0","1","201907","202204","2240"
"2643154","530010","70392901","00601179000132","3","1","00000000000000","","","","0015","","0","E","","","04","","03","04","03","","99","","","","","","","","EAS.02056-01","20201119","1","","","","","","0","0","1","0","0","0","1","0","0","0","0","0","0","0",0,0,0,"0",0,0,0,0,0,0,0,0,0,0,0,0,0,0,"0",0,5,0,0,0,0,0,0,0,0,0,0,0,0,0,1,"1",0,0,0,"0",0,0,0,0,"0",0,0,0,0,0,0,0,0,0,0,0,0,0,0,0,"0","0","1","0","0","0","1","0","1","1","0","0","0","0","0","0","0","1","0","1","0","0","0","0","1","1","0","0","1","1","0","0","0","0","0","0","0","0","0","0","0","0","0","0","0","0","0","0","0","0","0","1","0","0","1","1","0","0","1","0","0","1","1","0","0","0","0","0","0","0","0","0","0","0","0","0","0","0","0","0","0","0","0","0","0","0","0","0","0","0","0","0","1","202011","202204","2062"
"2643162","530010","71020627","37160231000172","3","1","00000000000000","","","","","","0","E","","","04","","01","22","03","","99","","","","","","","","LIC. SANITARIA","20200506","1","","","","","","0","0","1","0","0","0","1","0","0","0","0","0","0","0",0,0,0,"0",0,0,0,0,0,0,0,0,0,0,0,0,0,0,"0",0,0,0,0,0,0,0,0,1,0,0,0,0,0,0,0,"1",0,0,0,"0",0,0,0,0,"0",0,0,0,0,0,0,0,0,0,0,0,0,0,0,0,"0","0","0","0","0","0","0","0","0","0","0","0","0","0","0","0","0","0","0","0","0","0","0","0","0","1","0","0","1","1","0","0","0","0","0","0","0","0","0","0","0","0","0","0","0","0","0","0","0","0","0","1","0","0","1","1","0","0","0","0","0","0","0","0","0","0","0","0","0","0","0","0","0","0","0","0","0","0","0","0","0","0","0","0","0","0","0","0","0","0","0","0","1","202103","202204","2240"
"2643405","530010","72015020","37067584000122","3","1","00000000000000","","","","","","0","E","","","04","","03","36","03","","99","","","","","","","","ODO.00074-14","20210202","1","","","","","","0","0","1","0","0","0","1","0","0","0","0","0","0","0",0,0,0,"0",0,0,0,0,0,0,0,0,0,0,0,0,0,0,"0",0,0,0,0,0,0,0,0,8,0,0,0,0,0,0,0,"1",0,0,0,"0",0,0,0,0,"0",0,0,0,0,0,0,0,0,0,0,0,0,0,0,0,"0","0","1","0","0","0","0","0","1","0","0","0","0","0","0","0","0","0","0","1","0","0","0","0","1","1","1","0","1","1","0","0","0","0","0","0","0","0","0","0","0","0","0","0","0","0","0","0","0","0","0","1","0","0","1","0","0","0","0","0","0","0","0","0","0","0","0","0","0","0","0","0","0","0","0","0","0","0","0","0","0","0","0","0","0","0","0","0","0","0","0","0","1","202202","202204","2062"
"2643561","530010","72115700","72602071000175","3","1","00000000000000","","","","0180","","0","E","","","04","","01","62","03","","99","","","","","","","","EAS 00049-15/2021","20210505","1","","","","","","0","0","1","0","0","0","1","0","0","0","0","0","0","0",0,0,0,"0",0,0,0,0,0,0,0,0,0,0,0,0,0,0,"0",0,5,0,6,0,0,0,2,0,0,5,0,0,0,0,0,"1",0,0,0,"0",0,0,0,0,"0",0,0,0,0,0,0,0,0,0,0,0,0,0,0,0,"0","0","1","0","0","0","0","0","1","0","0","0","0","0","0","0","0","1","0","0","0","1","0","0","1","0","0","1","1","1","0","0","0","0","0","0","0","0","0","0","0","0","0","0","0","0","0","0","0","0","0","1","0","0","0","1","0","0","0","0","0","0","0","0","0","0","0","0","0","0","0","0","0","0","0","0","0","0","0","0","0","0","0","0","0","0","0","0","0","0","0","0","1","202111","202204","2062"
"2643596","530010","72115650","00626754000313","3","1","00000000000000","","","","","","0","E","","","04","","01","39","03","","99","","","","","","","","LAB - 00004-15","20201221","1","","","","","","0","0","1","0","0","0","1","0","0","0","0","0","0","0",0,0,0,"0",0,0,0,0,0,0,0,0,0,0,0,0,0,0,"0",0,0,0,0,0,0,0,0,0,0,0,0,0,0,0,0,"0",0,0,0,"0",0,0,0,0,"0",0,0,0,0,0,0,0,0,0,0,0,0,0,0,0,"0","0","0","0","0","0","0","0","0","0","0","0","0","0","0","0","0","0","0","0","0","0","0","0","0","1","0","0","0","1","0","0","0","0","0","0","0","0","0","0","0","0","0","0","0","0","0","0","0","0","0","0","0","0","0","0","0","0","1","0","0","0","0","0","0","0","0","0","0","0","0","0","0","0","0","0","0","0","0","0","0","0","0","0","0","0","0","0","0","0","0","0","1","202107","202204","2062"
"2645157","530010","71570903","00394700000370","3","3","00394700000108","","07","","0110","","1","E","","","05","","03","05","06","","99","","","","","","","","178/2004","20041005","","","","","","","1","0","1","0","1","0","1","0","0","0","0","1","0","1",94,67,37,"1",1,0,0,1,1,1,1,0,0,2,1,1,1,12,"1",0,21,0,0,0,0,0,0,2,1,5,1,0,1,1,1,"1",4,1,0,"1",2,1,0,1,"1",8,14,13,0,0,0,0,0,0,0,4,5,3,12,34,"1","1","1","0","1","0","1","0","1","0","0","1","1","0","1","0","1","0","0","1","1","0","1","0","1","1","1","0","1","1","0","0","0","1","0","0","0","0","0","0","0","0","1","1","0","0","0","0","0","0","1","0","0","0","0","0","0","1","0","0","0","0","0","0","1","0","0","0","0","0","0","0","0","0","0","0","0","0","1","0","0","0","0","0","0","0","0","0","0","0","0","0","1","202204","202204","1023"
"2649497","530010","72025110","00610980000144","3","1","00000000000000","","","","0180","","1","E","","","04","","03","05","06","","99","070","103","6263255","","","","","EAS0005514-2014","20220318","1","","","","","","0","0","1","0","1","0","1","0","0","1","0","1","0","1",27,40,87,"1",0,0,0,0,1,0,0,1,0,0,1,1,1,13,"1",0,0,0,0,0,0,0,0,2,1,0,0,0,0,0,0,"1",7,1,0,"1",0,0,1,0,"1",3,0,0,3,0,0,0,0,0,0,7,0,0,0,0,"0","1","1","0","1","0","1","0","1","1","1","0","1","0","1","0","0","1","1","1","1","1","1","0","1","1","1","1","1","1","1","0","0","1","0","1","1","0","1","0","1","0","1","1","1","0","0","0","1","0","0","1","0","0","0","1","0","0","1","0","0","0","1","0","0","1","0","0","0","1","0","0","0","0","0","0","0","0","0","0","0","0","0","0","0","0","0","0","0","0","0","0","1","202204","202204","2062"
"2649527","530010","70684831","00394700002151","3","3","00394700000108","","08","","0010","","1","E","","","04","","03","07","06","","99","","","","","","","","","","1","","","","","","1","0","1","0","1","0","1","0","0","1","0","1","0","1",0,14,0,"1",0,0,0,0,0,0,0,0,0,0,0,0,0,0,"0",2,8,0,3,0,0,0,0,1,0,1,0,0,0,0,0,"1",0,0,0,"0",0,0,0,0,"0",0,0,0,0,0,0,0,0,0,0,0,0,0,0,0,"0","0","1","0","1","0","1","0","1","0","1","0","0","0","0","0","1","0","0","0","1","1","1","0","1","1","1","0","1","1","0","0","0","1","0","1","0","0","0","0","0","0","1","1","0","0","0","0","0","0","1","0","0","0","0","0","0","1","0","0","0","0","0","0","0","0","0","0","0","0","0","0","0","0","0","0","0","0","0","0","0","0","0","0","0","0","0","0","0","0","0","0","1","202204","202204","1023"
"2649535","530010","71825300","00394700001503","3","3","00394700000108","","","","0135","","1","E","","","04","","01","70","03","","99","","","","","","","","","","2","","","","","","1","0","1","0","1","0","1","0","0","0","0","0","0","0",0,0,0,"0",0,0,0,0,0,0,0,0,0,0,0,0,0,0,"0",0,4,5,2,0,0,0,0,0,0,4,0,0,0,0,0,"1",0,0,0,"0",0,0,0,0,"0",0,0,0,0,0,0,0,0,0,0,0,0,0,0,0,"0","0","1","0","1","0","1","0","0","0","1","0","0","0","0","0","1","0","0","0","1","0","0","0","1","1","0","0","1","1","0","0","0","1","0","1","1","0","0","0","0","0","1","0","0","0","0","0","0","0","1","0","0","0","0","0","0","0","0","0","0","0","0","0","0","0","0","0","0","0","0","0","0","0","0","0","0","0","0","0","0","0","0","0","0","0","0","0","0","0","0","0","1","202204","202204","1023"
"2650355","530010","71691081","00394700003204","3","3","00394700000108","","07","","0160","","1","E","","","04","","03","61","06","","99","","","","","","","","","","","","","","","","0","0","0","0","0","0","0","0","0","1","0","0","0","1",0,0,0,"0",0,0,0,0,0,1,0,0,0,0,0,0,0,0,"1",0,0,0,0,0,0,0,0,0,0,0,1,0,0,0,0,"1",0,0,0,"0",0,3,0,0,"1",0,1,0,0,0,0,0,0,0,0,0,0,0,0,0,"0","1","1","0","0","0","1","0","1","0","1","0","0","0","1","0","0","0","0","1","1","0","0","0","1","1","0","0","1","1","0","0","0","0","0","0","1","0","0","1","1","0","1","1","0","0","0","0","0","0","0","0","0","0","0","0","0","1","0","0","0","0","0","0","1","0","0","0","0","0","0","0","0","0","0","0","0","0","0","0","0","0","0","0","0","0","0","0","0","0","0","0","1","202204","202204","1023"
"2660199","530010","71805731","00000000000000","3","3","00394700000108","","01","","0135","","1","E","","","04","","03","02","03","","99","","","","","","","","","","","","","","","","1","0","0","0","0","0","1","0","0","0","0","0","0","0",0,0,0,"0",0,0,0,0,0,0,0,0,0,0,0,0,0,0,"0",3,0,0,1,0,0,0,0,0,0,1,1,0,0,1,0,"1",0,0,0,"0",0,0,0,0,"0",0,0,0,0,0,0,0,0,0,0,0,0,0,0,0,"0","0","1","0","0","0","1","0","1","0","0","0","0","0","0","0","0","0","0","0","0","0","0","0","1","1","1","0","1","1","0","0","0","0","0","0","0","0","0","0","0","0","0","0","0","0","0","0","0","0","1","0","0","0","0","0","0","0","0","0","0","0","0","0","0","0","0","0","0","0","0","0","0","0","0","0","0","0","0","0","0","0","0","0","0","0","0","0","0","0","0","0","1","202104","202204","1023"
"2672197","530010","72322583","00000000000000","3","3","00394700000108","","04","","0140","","1","E","","","04","","03","05","06","","99","","","","","","","","","","","","","","","","1","0","1","0","1","0","1","0","0","1","0","1","0","1",20,101,46,"1",0,0,0,1,0,1,1,1,0,1,0,1,1,2,"1",0,7,0,0,0,0,0,0,0,1,1,1,0,0,0,0,"1",2,1,0,"1",3,1,1,1,"1",0,5,4,3,0,0,0,0,0,0,4,7,0,0,33,"1","1","1","0","1","0","1","0","1","0","1","0","1","0","1","0","1","0","1","0","1","0","0","0","1","1","1","0","1","1","0","0","0","1","0","1","1","0","0","0","1","0","1","1","0","0","0","0","0","0","1","0","0","0","0","0","0","1","0","0","0","0","0","0","1","0","0","0","0","0","0","0","0","0","0","0","0","0","0","0","0","0","0","0","0","0","0","0","0","0","0","0","1","202204","202204","1023"
"2672227","530010","73307997","00000000000000","3","3","00394700000108","","06","","0120","","1","E","","","04","","01","02","03","","99","","","","","","","","","","1","","","","","","1","0","0","0","0","0","1","0","0","0","0","0","0","0",0,0,0,"0",0,0,0,0,0,0,0,0,0,0,0,0,0,0,"0",1,0,0,0,0,0,0,0,0,0,1,1,0,0,1,0,"1",0,0,0,"0",0,0,0,0,"0",0,0,0,0,0,0,0,0,0,0,0,0,0,0,0,"0","0","1","0","0","0","1","0","0","0","0","0","0","0","0","0","0","0","0","0","0","0","0","0","1","1","0","0","1","1","0","0","0","0","0","0","0","0","0","0","0","0","0","0","0","0","0","0","0","0","1","0","0","0","0","0","0","0","0","0","0","0","0","0","0","0","0","0","0","0","0","0","0","0","0","0","0","0","1","0","0","0","0","0","0","0","0","0","0","0","0","0","1","202204","202204","1023"
"2672235","530010","73310000","00000000000000","3","3","00394700000108","","06","","0120","","1","E","","","04","","01","02","03","","99","","","","","","","","","","","","","","","","1","0","0","0","0","0","1","0","0","0","0","0","0","0",0,0,0,"0",0,0,0,0,0,0,0,0,0,0,0,0,0,0,"0",1,0,0,1,0,0,0,0,1,0,1,1,1,0,1,0,"1",0,0,0,"0",0,0,0,0,"0",0,0,0,0,0,0,0,0,0,0,0,0,0,0,0,"0","0","1","0","0","0","0","0","0","0","0","0","0","0","0","0","0","0","0","0","0","0","0","0","1","1","1","0","1","1","0","0","0","0","0","0","0","0","0","0","0","0","0","0","0","0","0","0","0","0","1","0","0","0","0","0","0","0","0","0","0","0","0","0","0","0","0","0","0","0","0","0","0","0","0","0","0","0","1","0","0","0","0","0","0","0","0","0","0","0","0","0","1","202204","202204","1023"
"2673894","530010","72450150","00000000000000","3","3","00394700000108","","03","","0060","","1","E","","","04","","03","02","03","","99","","","","","","","","","","","","","","","","1","0","0","0","0","0","1","0","0","0","0","0","0","0",0,0,0,"0",0,0,0,0,0,0,0,0,0,0,0,0,0,0,"0",1,0,1,1,0,0,0,0,1,0,1,1,1,0,1,0,"1",0,0,0,"0",0,0,0,0,"0",0,0,0,0,0,0,0,0,0,0,0,0,0,0,0,"0","0","1","0","0","0","1","0","1","0","0","0","0","0","0","0","0","0","0","0","0","0","0","0","1","1","0","0","1","1","0","0","0","0","0","0","0","0","0","0","0","0","0","0","0","0","0","0","0","0","1","0","0","0","0","0","0","0","0","0","0","0","0","0","0","0","0","0","0","0","0","0","0","0","0","0","0","0","1","0","0","0","0","0","0","1","0","0","0","0","0","0","1","202108","202204","1023"
"2673916","530010","70335901","37113180000470","3","1","00000000000000","","","","0015","","1","E","","","03","","01","07","04","","99","001","16071","4221001","","","","","42379","19920515","1","","","","","","1","0","1","0","1","0","1","0","0","1","0","1","0","1",78,2,12,"1",0,0,0,0,0,0,0,0,0,0,0,0,0,0,"0",0,0,44,8,0,0,0,0,0,0,0,0,0,1,5,0,"1",8,2,0,"1",0,0,0,0,"0",0,0,0,0,0,0,0,0,0,0,15,0,0,0,0,"0","1","1","0","1","0","1","0","1","0","1","0","1","0","0","0","1","0","1","0","1","0","0","0","1","1","1","0","1","1","1","1","1","1","1","1","1","1","1","1","0","0","1","1","0","0","0","0","0","0","1","0","0","0","0","0","0","1","0","0","0","0","0","0","0","0","0","0","0","0","0","0","0","0","0","0","0","0","0","0","0","0","0","0","0","0","0","0","0","0","0","0","1","202203","202204","3999"
"2673924","530010","71884690","00000000000000","3","3","00394700000108","","01","","0135","","1","E","","","04","","03","02","03","","99","","","","","","","","","","","","","","","","1","0","1","0","0","0","1","0","0","0","0","0","0","0",0,0,0,"0",0,0,0,0,0,0,0,0,0,0,0,0,0,0,"0",1,0,0,0,0,0,0,0,1,0,1,1,0,0,1,0,"1",0,0,0,"0",0,0,0,0,"0",0,0,0,0,0,0,0,0,0,0,0,0,0,0,0,"0","0","1","0","0","0","1","0","0","0","0","0","0","0","0","0","0","0","0","0","0","0","0","0","1","1","0","0","1","1","0","0","0","0","0","0","0","0","0","0","0","0","0","0","0","0","0","0","0","0","1","0","0","0","0","0","0","0","0","0","0","0","0","0","0","0","0","0","0","0","0","0","0","0","0","0","0","0","0","0","0","0","0","0","0","0","0","0","0","0","0","0","1","202102","202204","1023"
"2779056","530010","72322565","26042193000137","3","1","00000000000000","","","","0140","","1","E","","","04","","03","04","04","","99","070","027","0270460306","","","","","00052-18/2021","20210909","1","","","","","","0","0","1","0","1","0","1","0","0","0","0","0","0","0",0,0,0,"0",0,0,0,0,0,0,0,0,0,0,0,0,0,0,"0",0,4,0,4,0,0,0,0,0,0,0,0,0,0,0,0,"1",0,0,0,"0",0,0,0,0,"0",0,0,0,0,0,0,0,0,0,0,0,0,0,0,0,"0","0","1","0","1","0","0","0","0","1","1","0","0","0","0","0","0","1","0","1","0","1","0","0","1","1","0","0","1","1","0","0","0","1","0","0","0","0","0","0","0","0","1","0","0","0","0","0","0","0","1","0","0","0","0","1","0","1","0","0","0","0","1","0","0","0","0","0","0","0","0","0","0","0","0","0","0","0","0","0","0","0","0","0","0","0","0","0","0","0","0","0","1","202201","202204","2305"
"2779293","530010","72110170","02671139000192","3","1","00000000000000","","","","0180","","0","E","","","04","","03","36","03","","99","","","","","","","","EAS.00063-15","20210625","1","","","","","","0","0","1","0","0","0","1","0","0","0","0","0","0","0",0,0,0,"0",0,0,0,0,0,0,0,0,0,0,0,0,0,0,"0",0,2,0,0,0,0,0,0,0,1,0,0,0,0,0,0,"1",0,0,0,"0",0,0,0,0,"0",0,0,0,0,0,0,0,0,0,0,0,0,0,0,0,"0","0","1","0","0","0","0","0","1","0","0","0","0","0","0","0","0","0","0","0","0","0","0","0","1","0","0","0","1","1","0","0","0","0","0","0","0","0","0","0","0","0","0","0","0","0","0","0","0","0","0","1","0","0","0","1","0","0","0","0","0","0","0","0","0","0","0","0","0","0","0","0","0","0","0","0","0","0","0","0","0","0","0","0","0","0","0","0","0","0","0","0","1","202108","202204","2062"
"2779331","530010","72600100","00000000000000","3","3","00394700000108","","4","","0130","","1","E","","","04","","03","02","03","","99","","","","","","","","","","","","","","","","1","0","1","0","0","0","1","0","0","0","0","0","0","0",0,0,0,"0",0,0,0,0,0,0,0,0,0,0,0,0,0,0,"0",1,0,0,1,0,0,0,0,1,0,1,1,0,0,0,0,"1",0,0,0,"0",0,0,0,0,"0",0,0,0,0,0,0,0,0,0,1,0,0,0,0,0,"0","0","1","0","0","0","0","0","0","0","0","0","0","0","0","0","0","0","0","0","0","0","0","0","1","1","0","0","1","1","0","0","0","0","0","0","0","0","0","0","0","0","0","0","0","0","0","0","0","0","1","0","0","0","0","0","0","0","0","0","0","0","0","0","0","0","0","0","0","0","0","0","0","0","0","0","0","0","0","0","0","0","0","0","0","0","0","0","0","0","0","0","1","202205","202204","1023"
"2779366","530010","70390145","37992740000161","3","1","00000000000000","","","","","","1","E","","","04","","03","62","03","","99","001","34789","2005247","","","","","LICENCA DE FUNCIONAMENTO","20140507","1","","","","","","0","0","1","0","0","0","1","0","0","1","0","0","0","1",0,0,0,"0",0,0,0,0,0,0,0,14,0,0,0,0,0,0,"1",0,14,0,0,0,0,0,0,0,0,0,0,0,0,0,0,"1",0,0,14,"1",0,0,0,0,"0",0,0,0,14,0,0,0,0,0,0,0,0,0,0,0,"0","1","0","0","0","0","1","0","0","0","0","0","0","0","0","0","0","0","0","0","0","0","0","0","1","1","1","0","1","1","0","0","0","0","0","0","0","0","0","0","0","0","0","1","0","0","0","0","0","0","1","1","0","0","1","1","0","0","0","0","0","0","0","0","0","0","0","0","0","0","0","0","0","0","0","0","0","0","0","0","0","0","0","0","0","0","0","0","0","0","0","0","1","202011","202204","2062"
"2779374","530010","71020010","00000000000000","3","3","00394700000108","","01","","0070","","1","E","","","03","","01","02","04","","99","","","","","","","","","","","","","","","","0","0","1","0","0","0","1","0","0","0","0","0","0","0",0,0,0,"0",0,0,0,0,0,0,0,0,0,0,0,0,0,0,"0",3,2,0,0,0,0,0,0,1,0,1,1,0,0,0,0,"1",0,0,0,"0",0,0,0,0,"0",0,0,0,0,0,0,0,0,0,0,0,0,0,0,0,"0","0","1","0","1","0","1","0","1","0","0","0","0","0","0","0","0","0","0","0","0","0","0","0","1","1","0","0","1","1","0","0","0","0","0","0","0","0","0","0","0","0","0","0","0","0","0","0","0","0","1","0","0","0","0","0","0","0","0","0","0","0","0","0","0","0","0","0","0","0","0","0","0","0","0","0","0","0","0","0","0","0","0","0","0","0","0","0","0","0","0","0","1","202202","202204","1023"
"2779404","530010","72426010","00000000000000","3","3","00394700000108","","","","0060","","1","E","","","04","","03","02","03","","99","","","","","","","","","","","","","","","","1","0","0","0","0","0","1","0","0","0","0","0","0","0",0,0,0,"0",0,0,0,0,0,0,0,0,0,0,0,0,0,0,"0",1,0,1,1,0,0,0,0,1,0,1,1,1,0,1,0,"1",0,0,0,"0",0,0,0,0,"0",0,0,0,0,0,0,0,0,0,0,0,0,0,0,0,"0","0","1","0","1","0","1","0","0","0","0","0","0","0","0","0","0","0","0","0","0","0","0","0","1","1","0","0","1","1","0","0","0","0","0","0","0","0","0","0","0","0","0","0","0","0","0","0","0","0","1","0","0","0","0","0","0","0","0","0","0","0","0","0","0","0","0","0","0","0","0","0","0","0","0","0","0","0","1","0","0","0","0","0","0","1","0","0","0","0","0","0","1","202112","202204","1023"
"2779420","530010","70390911","00648717000144","3","1","00000000000000","","","","0010","","1","E","","","04","","03","36","04","","99","001","34789","0000004057895X","","","","","EAS 0521001","20210706","1","","","","","","0","0","1","0","1","0","1","0","0","0","0","0","0","0",0,0,0,"0",0,0,0,1,0,0,0,1,0,1,0,0,0,0,"1",0,2,2,0,0,0,0,0,0,0,1,0,0,0,1,1,"1",0,0,0,"0",0,0,0,0,"0",0,0,0,1,0,0,0,0,0,0,0,0,0,0,0,"0","0","1","0","1","0","0","0","0","1","1","0","0","0","0","0","0","1","1","0","0","1","0","0","1","1","1","0","1","1","1","0","0","1","0","1","1","0","0","0","0","0","1","0","0","0","0","0","0","0","1","1","0","0","0","0","0","1","0","0","0","0","0","0","0","0","0","0","0","0","0","0","0","0","0","0","0","0","0","0","0","0","0","0","0","0","0","0","0","0","0","0","1","202201","202204","2062"
"2796929","530010","70710100","41075135000101","3","1","00000000000000","","","","0005","","0","E","","","04","","01","85","04","","99","","","","","","","","53202422023","20210614","1","","","","","","0","0","1","0","0","0","1","0","0","0","0","0","0","0",0,0,0,"0",0,0,0,0,0,0,0,0,0,0,0,0,0,0,"0",1,0,0,0,0,0,0,0,0,0,1,1,0,0,0,0,"1",0,0,0,"0",0,0,0,0,"0",0,0,0,0,0,0,0,0,0,0,0,0,0,0,0,"0","0","0","1","0","0","0","0","0","0","0","0","0","0","0","0","0","0","0","1","0","1","0","0","1","1","0","0","1","1","0","0","0","0","0","0","0","0","0","0","0","0","0","0","0","0","0","0","0","0","0","1","0","0","0","1","0","0","0","0","0","0","0","0","0","0","0","0","0","0","0","0","0","0","0","0","0","0","0","0","0","0","0","0","0","0","0","0","0","0","0","0","1","202202","202204","2062"
"2796945","530010","71916500","44257773000123","3","1","00000000000000","","","","","","0","E","","","04","","03","22","03","","99","","","","","","","","RLE 5320551661","20211130","1","","","","","","0","0","1","0","0","0","1","0","0","0","0","0","0","0",0,0,0,"0",0,0,0,0,0,0,0,0,0,0,0,0,0,0,"0",0,0,0,1,0,0,0,0,0,0,0,0,0,0,0,0,"1",0,0,0,"0",0,0,0,0,"0",0,0,0,0,0,0,0,0,0,0,0,0,0,0,0,"0","0","1","0","0","0","0","0","0","0","0","0","0","0","0","0","0","0","0","0","0","0","0","0","1","0","0","0","1","1","0","0","0","0","0","0","0","0","0","0","0","0","0","0","0","0","0","0","0","0","0","1","0","0","0","1","0","0","0","0","0","0","0","0","0","0","0","0","0","0","0","0","0","0","0","0","0","0","0","0","0","0","0","0","0","0","0","0","0","0","0","0","1","202202","202204","2062"
"2796961","530010","71907720","33863961000189","3","1","00000000000000","","","","","","0","E","","","04","","03","22","03","","99","","","","","","","","LICENCA PARCIAL","20220114","1","","","","","","0","0","1","0","0","0","1","0","0","0","0","0","0","0",0,0,0,"0",0,0,0,0,0,0,0,0,0,0,0,0,0,0,"0",1,0,0,0,0,0,0,0,0,0,0,0,0,0,0,0,"1",0,0,0,"0",0,0,0,0,"0",0,0,0,0,0,0,0,0,0,0,0,0,0,0,0,"0","0","1","0","0","0","0","0","0","1","0","0","0","0","0","0","0","0","0","0","0","0","0","0","1","1","0","0","1","1","0","0","0","0","0","0","0","0","0","0","0","0","0","0","0","0","0","0","0","0","0","1","0","0","0","1","0","0","0","0","0","0","0","0","0","0","0","0","0","0","0","0","0","0","0","0","0","0","0","0","0","0","0","0","0","0","0","0","0","0","0","0","1","202202","202204","2062"
"2798336","530010","70660020","09020499000173","3","1","00000000000000","","","","","","0","E","","","04","","03","22","03","","99","","","","","","","","LICENCIAMENTO","20210125","1","","","","","","0","0","1","0","0","0","1","0","0","0","0","0","0","0",0,0,0,"0",0,0,0,0,0,0,0,0,0,0,0,0,0,0,"0",0,1,0,0,0,0,0,0,0,0,0,0,0,0,0,0,"1",0,0,0,"0",0,0,0,0,"0",0,0,0,0,0,0,0,0,0,0,0,0,0,0,0,"0","0","0","0","0","0","0","0","0","0","0","0","0","0","0","0","0","0","0","0","0","0","0","0","0","0","0","0","1","1","0","0","0","0","0","0","0","0","0","0","0","0","0","0","0","0","0","0","0","0","0","1","0","0","0","0","0","0","0","0","0","0","0","0","0","0","0","0","0","0","0","0","0","0","0","0","0","0","0","0","0","0","0","0","0","0","0","0","0","0","0","0","1","202202","202204","2313"
"2798352","530010","70670426","42314331000146","3","1","00000000000000","","","","9931","","0","E","","","04","","03","22","03","","99","","","","","","","","CERTIFICADO DE DISPENSA D","20210614","1","","","","","","0","0","1","0","0","0","1","0","0","0","0","0","0","0",0,0,0,"0",0,0,0,0,0,0,0,0,0,0,0,0,0,0,"0",0,0,0,0,0,0,0,0,0,0,0,0,0,0,0,0,"0",0,0,0,"0",0,0,0,0,"0",0,0,0,0,0,0,0,0,0,0,0,0,0,0,0,"0","0","1","0","0","0","0","0","0","0","0","0","0","0","0","0","0","0","0","0","0","0","0","0","1","0","0","0","1","1","0","0","0","0","0","0","0","0","0","0","0","0","0","0","0","0","0","0","0","0","0","1","0","0","0","0","0","0","0","0","0","0","0","0","0","0","0","0","0","0","0","0","0","0","0","0","0","0","0","0","0","0","0","0","0","0","0","0","0","0","0","0","1","202202","202204","2062"
"2804107","530010","71590000","00000000000000","3","3","00394700000108","","07","","0110","","1","E","","","04","","03","02","03","","99","","","","","","","","","","","","","","","","1","0","0","0","0","0","1","0","0","0","0","0","0","0",0,0,0,"0",0,0,0,0,0,0,0,0,0,0,0,0,0,0,"0",2,0,0,2,0,0,0,0,1,0,1,1,0,0,0,0,"1",0,0,0,"0",0,0,0,0,"0",0,0,0,0,0,0,0,0,0,0,0,0,0,0,0,"0","0","1","0","0","0","1","0","1","0","0","0","0","0","0","0","0","0","0","0","0","0","0","0","1","1","0","0","1","1","0","0","0","0","0","0","0","0","0","0","0","0","0","0","0","0","0","0","0","0","1","0","0","0","0","0","0","0","0","0","0","0","0","0","0","0","0","0","0","0","0","0","0","0","0","0","0","0","0","0","0","0","0","0","0","0","0","0","0","0","0","0","1","202203","202204","1023"
"2804123","530010","73380900","00000000000000","3","3","00394700000108","","06","","0120","","1","E","","","04","","01","02","03","","99","","","","","","","","","","","","","","","","1","0","0","0","0","0","1","0","0","0","0","0","0","0",0,0,0,"0",0,0,0,0,0,0,0,0,0,0,0,0,0,0,"0",2,0,0,1,0,0,0,0,0,0,1,1,0,0,1,0,"1",0,0,0,"0",0,0,0,0,"0",0,0,0,0,0,0,0,0,0,0,0,0,0,0,0,"0","0","1","0","0","0","0","0","0","0","0","0","0","0","0","0","0","0","0","0","0","0","0","0","1","1","1","0","1","1","0","0","0","0","0","0","0","0","0","0","0","0","0","0","0","0","0","0","0","0","1","0","0","0","0","0","0","0","0","0","0","0","0","0","0","0","0","0","0","0","0","0","0","0","0","0","0","0","1","0","0","0","0","0","0","0","0","0","0","0","0","0","1","202204","202204","1023"
"2804174","530010","73499899","00000000000000","3","3","00394700000108","","06","","0120","","1","E","","","04","","01","02","03","","99","","","","","","","","","","","","","","","","1","0","0","0","0","0","1","0","0","0","0","0","0","0",0,0,0,"0",0,0,0,0,0,0,0,0,0,0,0,0,0,0,"0",1,0,0,0,0,0,0,0,1,0,1,1,0,0,1,0,"1",0,0,0,"0",0,0,0,0,"0",0,0,0,0,0,0,0,0,0,0,0,0,0,0,0,"0","0","1","0","0","0","1","0","0","0","0","0","0","0","0","0","0","0","0","0","0","0","0","0","1","1","0","0","1","1","0","0","0","0","0","0","0","0","0","0","0","0","0","0","0","0","0","0","0","0","1","0","0","0","0","0","0","0","0","0","0","0","0","0","0","0","0","0","0","0","0","0","0","0","0","0","0","0","1","0","0","0","0","0","0","0","0","0","0","0","0","0","1","202204","202204","1023"
"2804247","530010","72600100","00000000000000","3","3","00394700000108","","4","","0130","","1","E","","","04","","03","02","03","","99","","","","","","","","","","","","","","","","1","0","1","0","0","0","1","0","0","0","0","0","0","0",0,0,0,"0",0,0,0,0,0,0,0,0,0,0,0,0,0,0,"0",2,0,0,1,0,0,0,0,1,0,1,1,1,0,1,0,"1",0,0,0,"0",0,0,0,0,"0",0,0,0,0,0,0,0,0,0,0,0,0,0,0,0,"0","0","1","0","0","0","0","0","0","0","0","0","0","0","0","0","0","0","0","0","0","0","0","0","1","1","0","0","1","1","0","0","0","0","0","0","0","0","0","0","0","0","0","0","0","0","0","0","0","0","1","0","0","0","0","0","0","0","0","0","0","0","0","0","0","0","0","0","0","0","0","0","0","0","0","0","0","0","0","0","0","0","0","0","0","0","0","0","0","0","0","0","1","202205","202204","1023"
"2804360","530010","73150030","00000000000000","3","3","00394700000108","","06","","","","1","E","","","03","","01","02","03","","99","","","","","","","","","","","","","","","","1","0","0","0","0","0","1","0","0","0","0","0","0","0",0,0,0,"0",0,0,0,0,0,0,0,0,0,0,0,0,0,0,"0",5,0,0,0,0,0,0,0,1,0,3,1,0,0,1,0,"1",0,0,0,"0",0,0,0,0,"0",0,0,0,0,0,0,0,0,0,0,0,0,0,0,0,"0","0","1","0","0","0","1","0","1","0","0","0","0","0","0","0","0","0","0","0","0","0","0","0","1","1","1","0","1","1","0","0","0","0","0","0","0","0","0","0","0","0","0","0","0","0","0","0","0","0","1","0","0","0","0","0","0","0","0","0","0","0","0","0","0","0","0","0","0","0","0","0","0","0","0","0","0","0","1","0","0","0","0","0","0","0","0","0","0","0","0","0","1","202204","202204","1023"
"2804387","530010","73100000","00000000000000","3","3","00394700000108","","06","","0170","","1","E","","","04","","01","02","03","","99","","","","","","","","","","","","","","","","1","0","0","0","0","0","1","0","0","0","0","0","0","0",0,0,0,"0",0,0,0,0,0,0,0,0,0,0,0,0,0,0,"0",1,0,0,1,0,0,0,1,1,0,1,1,0,0,0,0,"1",0,0,0,"0",0,0,0,0,"0",0,0,0,0,0,0,0,0,0,0,0,0,0,0,0,"0","0","1","0","0","0","0","0","0","0","0","0","0","0","0","0","0","0","0","0","0","0","0","0","1","1","1","0","1","1","0","0","0","0","0","0","0","0","0","0","0","0","0","0","0","0","0","0","0","0","1","0","0","0","0","0","0","0","0","0","0","0","0","0","0","0","0","0","0","0","0","0","0","0","0","0","0","0","1","0","0","0","0","0","0","0","0","0","0","0","0","0","1","202204","202204","1023"
"2804441","530010","72215175","02605453000177","3","1","00000000000000","","","","0010","","0","E","","","04","","03","36","03","","99","","","","","","","","EAS - 00082-16","20210708","1","","","","","","0","0","1","0","0","0","1","0","0","0","0","0","0","0",0,0,0,"0",0,0,0,0,0,0,0,0,0,0,0,0,0,0,"0",0,1,0,0,0,0,0,0,0,0,0,0,0,0,0,0,"1",0,0,0,"0",0,0,0,0,"0",0,0,0,0,0,0,0,0,0,0,0,0,0,0,0,"0","0","1","0","0","0","0","0","0","0","0","0","0","0","0","0","0","0","0","0","0","0","0","0","1","1","0","0","1","1","0","0","0","0","0","0","0","0","0","0","0","0","0","0","0","0","0","0","0","0","0","1","0","0","0","1","0","0","0","0","0","0","0","0","0","0","0","0","0","0","0","0","0","0","0","0","0","0","0","0","0","0","0","0","0","0","0","0","0","0","0","0","1","202107","202204","2062"
"2804603","530010","70200760","02808408000110","3","1","00000000000000","","","","","","0","E","","","04","","03","04","04","","99","","","","","","","","EAS - 20247-01","20200904","1","","","","","","0","0","1","0","0","0","1","0","0","0","0","0","0","0",0,0,0,"0",0,0,0,0,0,0,0,0,0,0,0,0,0,0,"0",0,3,0,0,0,0,0,0,0,0,0,0,0,0,0,0,"1",0,0,0,"0",0,0,0,0,"0",0,0,0,0,0,0,0,0,0,0,0,0,0,0,0,"0","0","1","0","0","0","0","0","0","0","0","0","0","0","0","0","0","0","0","0","0","0","0","0","1","0","0","0","1","1","0","0","0","0","0","0","0","0","0","0","0","0","0","0","0","0","0","0","0","0","0","1","0","0","0","1","0","0","0","0","0","0","0","0","0","0","0","0","0","0","0","0","0","0","0","0","0","0","0","0","0","0","0","0","0","0","0","0","0","0","0","0","1","202204","202204","2240"
"2811219","530010","70390108","01602408000104","3","1","00000000000000","","","","0010","","0","E","","","04","","03","04","04","","99","001","34789","2001950","","","","","EAS.05213-01","20210416","2","","","","","","0","0","1","0","1","0","1","0","0","0","0","0","0","0",0,0,0,"0",0,0,0,0,0,0,0,0,0,0,0,0,0,0,"0",0,4,0,1,0,0,0,0,0,0,0,0,0,0,0,0,"1",0,0,0,"0",0,0,0,0,"0",0,0,0,0,0,0,0,0,0,0,0,0,0,0,0,"0","0","0","0","1","0","0","0","0","0","1","0","0","0","0","0","0","1","1","0","0","1","0","0","1","1","0","0","1","1","0","0","0","1","0","1","0","0","0","0","0","0","1","0","0","0","0","0","0","0","0","1","0","0","0","0","0","0","0","0","0","0","1","0","0","0","0","0","0","0","0","0","0","0","0","0","0","0","0","0","0","0","0","0","0","0","0","0","0","0","0","0","1","202203","202204","2062"
"2811227","530010","70390700","61486650038822","3","1","00000000000000","","","","","","0","E","","","04","","03","39","04","","99","","","","","","","","","","","","","","","","0","0","1","0","0","0","1","0","0","0","0","0","0","0",0,0,0,"0",0,0,0,0,0,0,0,0,0,0,0,0,0,0,"0",0,0,0,0,0,0,0,1,0,0,0,0,0,0,0,0,"1",0,0,0,"0",0,0,0,0,"0",0,0,0,0,0,0,0,0,1,0,0,0,0,0,0,"0","0","0","0","0","0","0","0","0","0","0","0","0","0","0","0","0","0","0","0","0","0","0","0","0","0","0","1","1","1","0","0","0","0","0","0","0","0","0","0","0","0","0","0","0","0","0","0","0","0","0","0","0","0","0","0","0","0","1","0","0","0","1","0","0","0","0","0","0","0","0","0","0","0","0","0","0","0","0","0","0","0","0","0","0","0","0","0","0","0","0","0","1","202007","202204","2046"
"2814897","530010","71010006","00394700001694","3","3","00394700000108","","01","","0070","","1","E","","","03","","03","05","06","","99","","","","","","","","","","1","","","","","","1","0","1","0","0","0","1","0","0","1","0","0","0","1",0,36,4,"1",0,0,0,5,1,0,0,2,0,0,0,1,0,9,"1",0,0,0,1,0,0,0,0,0,0,0,0,0,0,0,0,"1",0,0,0,"0",0,0,0,0,"0",3,0,0,8,0,0,0,0,0,0,0,0,0,0,0,"0","0","1","0","1","0","1","0","1","0","0","1","0","1","0","0","0","0","0","0","1","0","1","0","1","1","1","0","1","1","0","0","0","1","0","1","0","0","0","1","1","0","1","1","0","0","0","0","0","0","1","0","0","0","0","0","0","1","0","0","0","0","0","0","1","0","0","0","0","0","0","0","0","0","0","0","0","0","1","0","0","0","0","0","0","1","0","0","0","0","0","0","1","202204","202204","1023"
"2815966","530010","70390700","00025841000153","3","1","00000000000000","","","","0010","","1","E","","","04","","03","05","06","","99","070","037","6034564","","","","","EAS.05010-01","20210723","1","","","","","","0","0","1","0","1","0","1","0","0","0","0","1","0","1",40,108,145,"1",0,0,0,0,4,0,0,6,0,0,1,1,1,10,"1",0,0,39,0,0,0,0,0,0,0,1,0,1,1,1,0,"1",9,9,0,"1",0,0,0,2,"1",12,0,0,30,0,0,0,0,0,0,10,0,0,13,0,"1","1","1","0","1","0","1","0","0","1","1","0","1","0","1","0","0","1","1","1","0","1","1","0","1","1","1","1","1","1","1","0","0","1","0","1","0","0","0","0","0","0","1","1","1","0","0","1","1","0","1","1","0","0","1","1","0","0","1","0","0","1","1","0","0","1","0","0","1","1","0","0","0","0","0","0","0","0","0","0","0","0","0","0","0","0","0","0","0","0","0","0","1","202204","202204","2054"
"2816741","530010","70330000","00000000000000","3","3","00394700000108","","0008","","0010","5697","1","E","","","04","","02","43","03","","99","","","","","","","","","","","","","","","","0","0","1","0","0","0","1","0","0","0","0","0","0","0",0,0,0,"0",0,0,0,0,0,0,0,0,0,0,0,0,0,0,"0",0,0,0,0,0,0,0,0,0,0,0,0,0,0,0,0,"0",0,0,0,"0",0,0,0,0,"0",0,0,0,0,0,0,0,0,0,0,0,0,0,0,0,"0","0","0","0","0","0","1","0","0","0","0","0","0","0","0","0","0","0","0","0","0","0","0","0","1","0","0","0","1","1","0","0","1","0","0","0","0","0","0","0","0","0","1","0","0","0","0","0","0","0","0","0","0","0","0","0","0","0","0","0","0","0","0","0","0","0","0","0","0","0","0","1","0","0","0","0","0","0","0","0","0","0","0","0","0","0","0","0","0","0","0","0","1","202203","202204","1023"
"2820994","530010","71906750","21596707000182","3","1","00000000000000","","","","","","0","E","","","04","","03","22","03","","99","","","","","","","","5320227721113","20211121","2","","","","","","0","0","1","0","0","0","1","0","0","0","0","0","0","0",0,0,0,"0",0,0,0,0,0,0,0,0,0,0,0,0,0,0,"0",0,0,0,2,0,0,0,0,0,0,0,0,0,0,0,0,"1",0,0,0,"0",0,0,0,0,"0",0,0,0,0,0,0,0,0,0,0,0,0,0,0,0,"0","0","1","0","0","0","0","0","0","0","0","0","0","0","0","0","0","0","0","0","0","0","0","0","1","1","0","0","1","1","0","0","0","0","0","0","0","0","0","0","0","0","0","0","0","0","0","0","0","0","0","1","0","0","0","1","0","0","0","0","0","0","0","0","0","0","0","0","0","0","0","0","0","0","0","0","0","0","0","0","0","0","0","0","0","0","0","0","0","0","0","0","1","202204","202204","2062"
"2821087","530010","70200700","42976210000160","3","1","00000000000000","","","","0015","","0","E","","","04","","03","22","03","","99","","","","","","","","LICENCA SANITARIA 1864","20211222","1","","","","","","0","0","1","0","0","0","1","0","0","0","0","0","0","0",0,0,0,"0",0,0,0,0,0,0,0,0,0,0,0,0,0,0,"0",0,0,0,0,0,0,0,0,1,0,0,0,0,0,0,0,"1",0,0,0,"0",0,0,0,0,"0",0,0,0,0,0,0,0,0,0,0,0,0,0,0,0,"0","0","0","0","0","0","0","0","1","0","0","0","0","0","0","0","0","0","0","0","0","0","0","0","1","1","0","0","1","1","0","0","0","0","0","0","0","0","0","0","0","0","0","0","0","0","0","0","0","0","0","1","0","0","0","1","0","0","0","0","0","0","0","0","0","0","0","0","0","0","0","0","0","0","0","0","0","0","0","0","0","0","0","0","0","0","0","0","0","0","0","0","1","202202","202204","2305"
"2827549","530010","71907720","40892375000128","3","1","00000000000000","","","","9901","","0","E","","","04","","03","04","03","","99","","","","","","","","RLE","20211119","1","","","","","","0","0","1","0","0","0","1","0","0","0","0","0","0","0",0,0,0,"0",0,0,0,0,0,0,0,0,0,0,0,0,0,0,"0",0,6,0,2,0,0,0,0,0,0,0,0,0,0,0,0,"1",0,0,0,"0",0,0,0,0,"0",0,0,0,0,0,0,0,0,0,0,0,0,0,0,0,"0","0","0","1","0","0","0","0","0","1","0","0","0","0","0","0","0","0","0","1","0","0","0","0","1","1","0","0","1","1","0","0","0","0","0","0","0","0","0","0","0","0","0","0","0","0","0","0","0","0","0","1","0","0","0","1","0","0","0","0","0","0","0","0","0","0","0","0","0","0","0","0","0","0","0","0","0","0","0","0","0","0","0","0","0","0","0","0","0","0","0","0","1","202202","202204","2062"
"2827824","530010","70200760","38166333000168","3","1","00000000000000","","","","","","0","E","","","04","","01","22","03","","99","","","","","","","","DFP2101302102","20220125","1","","","","","","0","0","1","0","0","0","1","0","0","0","0","0","0","0",0,0,0,"0",0,0,0,0,0,0,0,0,0,0,0,0,0,0,"0",1,0,0,0,0,0,0,0,0,0,0,0,0,0,0,0,"1",0,0,0,"0",0,0,0,0,"0",0,0,0,0,0,0,0,0,0,0,0,0,0,0,0,"0","0","1","0","0","0","0","0","0","0","0","0","0","0","0","0","0","0","1","0","0","0","0","0","1","0","0","0","1","1","0","0","0","0","0","0","0","0","0","0","0","0","0","0","0","0","0","0","0","0","0","1","0","0","0","0","0","0","0","0","0","0","0","0","0","0","0","0","0","0","0","0","0","0","0","0","0","0","0","0","0","0","0","0","0","0","0","0","0","0","0","0","1","202202","202204","2240"
"2827883","530010","72425132","24050738000121","3","1","00000000000000","","","","0010","","0","E","","","04","","03","36","03","","99","","","","","","","","RLE","20211122","1","","","","","","0","0","1","0","0","0","1","0","0","0","0","0","0","0",0,0,0,"0",0,0,0,0,0,0,0,0,0,0,0,0,0,0,"0",0,0,0,2,0,0,0,0,0,0,0,0,0,0,0,0,"1",0,0,0,"0",0,0,0,0,"0",0,0,0,0,0,0,0,0,0,0,0,0,0,0,0,"0","0","1","0","0","0","0","0","0","0","0","0","0","0","0","0","0","0","0","0","0","0","0","0","1","0","0","0","1","1","0","0","0","0","0","0","0","0","0","0","0","0","0","0","0","0","0","0","0","0","0","1","0","0","1","1","0","0","0","0","0","0","0","0","0","0","0","0","0","0","0","0","0","0","0","0","0","0","0","0","0","0","0","0","0","0","0","0","0","0","0","0","1","202202","202204","2062"
"2827891","530010","70390095","44118133000132","3","1","00000000000000","","","","0015","","0","E","","","04","","03","36","03","","99","","","","","","","","RLE","20211109","1","","","","","","0","0","1","0","0","0","1","0","0","0","0","0","0","0",0,0,0,"0",0,0,0,0,0,0,0,0,0,0,0,0,0,0,"0",0,2,0,0,0,0,0,0,0,0,0,0,0,0,0,0,"1",0,0,0,"0",0,0,0,0,"0",0,0,0,0,0,0,0,0,0,0,0,0,0,0,0,"0","0","1","0","0","0","0","0","0","0","0","0","0","0","0","0","0","0","0","0","0","0","0","0","1","1","0","0","1","1","0","0","0","0","0","0","0","0","0","0","0","0","0","0","0","0","0","0","0","0","0","1","0","0","0","1","0","0","0","0","0","0","0","0","0","0","0","0","0","0","0","0","0","0","0","0","0","0","0","0","0","0","0","0","0","0","0","0","0","0","0","0","1","202202","202204","2062"
"2827913","530010","70670431","44819497000140","3","1","00000000000000","","","","","","0","E","","","04","","01","36","03","","99","","","","","","","","NIRE: 53202579968","20220119","1","","","","","","0","0","1","0","0","0","1","0","0","0","0","0","0","0",0,0,0,"0",0,0,0,0,0,0,0,0,0,0,0,0,0,0,"0",0,1,0,0,0,0,0,0,0,0,0,0,0,0,0,0,"1",0,0,0,"0",0,0,0,0,"0",0,0,0,0,0,0,0,0,0,0,0,0,0,0,0,"0","0","1","0","0","0","0","0","0","0","0","0","0","0","0","0","0","0","0","0","0","0","0","0","1","0","0","0","1","1","0","0","0","0","0","0","0","0","0","0","0","0","0","0","0","0","0","0","0","0","0","1","0","0","0","0","0","0","0","0","0","0","0","0","0","0","0","0","0","0","0","0","0","0","0","0","0","0","0","0","0","0","0","0","0","0","0","0","0","0","0","0","1","202202","202204","2062"
"2828170","530010","72010010","12218742000177","3","1","00000000000000","","","","0180","","0","E","","","04","","01","22","04","","99","","","","","","","","LICENCA DE FUNCIONAMENTO","20220117","1","","","","","","0","0","1","0","0","0","1","0","0","0","0","0","0","0",0,0,0,"0",0,0,0,0,0,0,0,0,0,0,0,0,0,0,"0",0,0,0,1,0,0,0,0,0,0,0,0,0,0,0,0,"1",0,0,0,"0",0,0,0,0,"0",0,0,0,0,0,0,0,0,0,0,0,0,0,0,0,"0","0","0","0","0","0","0","0","0","0","0","0","0","0","0","0","0","0","0","0","0","0","0","0","0","0","0","0","1","1","0","0","0","0","0","0","0","0","0","0","0","0","0","0","0","0","0","0","0","0","0","1","0","0","0","0","0","0","0","0","0","0","0","0","0","0","0","0","0","0","0","0","0","0","0","0","0","0","0","0","0","0","0","0","0","0","0","0","0","0","0","0","1","202202","202204","2062"
"2829754","530010","70390150","40908748000101","3","1","00000000000000","","","","","","0","E","","","04","","01","22","03","","99","001","34789","547301","","","","","ODO.01860-ASA SUL","20210902","2","","","","","","0","0","1","0","0","0","1","0","0","0","0","0","0","0",0,0,0,"0",0,0,0,0,0,0,0,0,0,0,0,0,0,0,"0",0,0,0,0,0,0,0,0,2,0,0,0,0,0,0,0,"1",0,0,0,"0",0,0,0,0,"0",0,0,0,0,0,0,0,0,0,0,0,0,0,0,0,"0","0","1","0","0","0","0","0","1","0","0","0","0","0","0","0","0","0","0","0","0","0","0","0","1","1","0","0","1","1","0","0","0","0","0","0","0","0","0","0","0","0","0","0","0","0","0","0","0","0","0","1","0","0","0","0","0","0","0","0","0","0","0","0","0","0","0","0","0","0","0","0","0","0","0","0","0","0","0","0","0","0","0","0","0","0","0","0","0","0","0","0","1","202202","202204","2062"
"2829924","530010","72255311","00718528015556","3","1","00000000000000","","","","0040","","0","E","","","04","","03","39","03","","99","","","","","","","","LAB - 0023","20220110","","","","","","","0","0","1","0","0","0","1","0","0","0","0","0","0","0",0,0,0,"0",0,0,0,0,0,0,0,0,0,0,0,0,0,0,"0",0,0,0,0,0,0,0,0,0,0,0,0,0,0,0,0,"0",0,0,0,"0",0,0,0,0,"0",0,0,0,0,0,0,0,0,0,0,0,0,0,0,0,"0","0","1","0","0","0","0","0","0","0","0","0","0","0","0","0","0","0","0","0","0","0","0","0","1","1","1","0","1","1","0","0","0","0","0","0","0","0","0","0","0","0","0","0","0","0","0","0","0","0","0","0","0","0","0","0","0","0","1","0","0","1","1","0","0","0","0","0","0","0","0","0","0","0","0","0","0","0","0","0","0","0","0","0","0","0","0","0","0","0","0","0","1","202202","202204","2054"
"2830035","530010","70710143","17878890000131","3","1","00000000000000","","","","0005","","0","E","","","04","","03","22","03","","99","","","","","","","","EAS00371-02","20211213","1","","","","","","0","0","1","0","0","0","1","0","0","0","0","0","0","0",0,0,0,"0",0,0,0,0,0,0,0,0,0,0,0,0,0,0,"0",1,0,0,0,0,0,0,0,0,0,0,0,0,0,0,0,"1",0,0,0,"0",0,0,0,0,"0",0,0,0,0,0,0,0,0,0,0,0,0,0,0,0,"0","0","1","0","0","0","0","0","0","1","0","0","0","0","0","0","0","0","0","0","0","0","0","0","1","1","0","0","1","1","0","0","0","0","0","0","0","0","0","0","0","0","0","0","0","0","0","0","0","0","0","1","0","0","0","0","0","0","0","0","0","0","0","0","0","0","0","0","0","0","0","0","0","0","0","0","0","0","0","0","0","0","0","0","0","0","0","0","0","0","0","0","1","202202","202204","2305"
"2830183","530010","70770905","32323095000170","3","1","00000000000000","","","","0005","","0","E","","","04","","01","22","03","","99","","","","","","","","","","","","","","","","0","0","1","0","0","0","1","0","0","0","0","0","0","0",0,0,0,"0",0,0,0,0,0,0,0,0,0,0,0,0,0,0,"0",0,0,0,1,0,0,0,0,0,0,0,0,0,0,0,0,"1",0,0,0,"0",0,0,0,0,"0",0,0,0,0,0,0,0,0,0,0,0,0,0,0,0,"0","0","1","0","0","0","0","0","0","0","0","0","0","0","0","0","0","0","0","0","0","0","0","0","1","0","0","0","1","1","0","0","0","0","0","0","0","0","0","0","0","0","0","0","0","0","0","0","0","0","0","1","0","0","0","0","0","0","0","0","0","0","0","0","0","0","0","0","0","0","0","0","0","0","0","0","0","0","0","0","0","0","0","0","0","0","0","0","0","0","0","0","1","202202","202204","2305"
"2830906","530010","71060901","42257633000120","3","1","00000000000000","","","","0070","","0","E","","","04","","03","36","03","","99","","","","","","","","NAS 0253-01","20210630","1","","","","","","0","0","1","0","0","0","1","0","0","0","0","0","0","0",0,0,0,"0",0,0,0,0,0,0,0,0,0,0,0,0,0,0,"0",0,0,0,1,0,0,0,0,0,0,0,0,0,0,0,0,"1",0,0,0,"0",0,0,0,0,"0",0,0,0,0,0,0,0,0,0,0,0,0,0,0,0,"0","0","1","0","0","0","0","0","0","0","0","0","0","0","0","0","0","0","0","0","0","0","0","0","1","1","0","0","1","1","0","0","0","0","0","0","0","0","0","0","0","0","0","0","0","0","0","0","0","0","0","1","0","0","0","1","0","0","0","0","0","0","0","0","0","0","0","0","0","0","0","0","0","0","0","0","0","0","0","0","0","0","0","0","0","0","0","0","0","0","0","0","1","202202","202204","2062"
"2831082","530010","70390108","23340734000115","3","1","00000000000000","","","","","","0","E","","","04","","01","04","03","","99","","","","","","","","EAS20970-01","20210831","1","","","","","","0","0","1","0","0","0","1","0","0","0","0","0","0","0",0,0,0,"0",0,0,0,0,0,0,0,0,0,0,0,0,0,0,"0",0,1,0,0,0,0,0,0,0,0,0,0,0,0,0,0,"1",0,0,0,"0",0,0,0,0,"0",0,0,0,0,0,0,0,0,0,0,0,0,0,0,0,"0","0","1","0","0","0","0","0","0","0","0","0","0","0","0","0","0","0","0","0","0","0","0","0","1","1","0","0","1","1","0","0","0","0","0","0","0","0","0","0","0","0","0","0","0","0","0","0","0","0","0","1","0","0","0","1","0","0","0","0","0","0","0","0","0","0","0","0","0","0","0","0","0","0","0","0","0","0","0","0","0","0","0","0","0","0","0","0","0","0","0","0","1","202202","202204","2305"
"2831376","530010","70390125","37213442000126","3","1","00000000000000","","","","0015","","0","E","","","04","","02","22","03","","99","","","","","","","","53803187797","20210811","1","","","","","","0","0","1","0","0","0","1","0","0","0","0","0","0","0",0,0,0,"0",0,0,0,0,0,0,0,0,0,0,0,0,0,0,"0",0,0,0,3,0,0,0,0,0,0,0,0,0,0,0,0,"1",0,0,0,"0",0,0,0,0,"0",0,0,0,0,0,0,0,0,0,0,0,0,0,0,0,"0","0","1","0","0","0","0","0","0","0","0","0","0","0","0","0","0","0","0","0","0","0","0","0","1","0","0","0","1","1","0","0","0","0","0","0","0","0","0","0","0","0","0","0","0","0","0","0","0","0","0","1","0","0","0","1","0","0","0","0","0","0","0","0","0","0","0","0","0","0","0","0","0","0","0","0","0","0","0","0","0","0","0","0","0","0","0","0","0","0","0","0","1","202202","202204","2135"
"2831775","530010","72220403","43660954000133","3","1","00000000000000","","","","0040","","0","E","","","04","","01","22","03","","99","","","","","","","","CERTIFICADO DE LICENCIAME","20210927","1","","","","","","0","0","1","0","0","0","1","0","0","0","0","0","0","0",0,0,0,"0",0,0,0,0,0,0,0,0,0,0,0,0,0,0,"0",0,0,0,0,0,0,0,0,1,0,0,0,0,0,0,0,"1",0,0,0,"0",0,0,0,0,"0",0,0,0,0,0,0,0,0,0,0,0,0,0,0,0,"0","0","1","1","0","0","0","0","0","0","0","0","0","0","0","0","0","0","0","0","0","0","0","0","1","1","1","0","1","1","0","0","0","0","0","0","0","0","0","0","0","0","0","0","0","0","0","0","0","0","0","1","0","0","0","1","0","0","0","0","0","0","0","0","0","0","0","0","0","0","0","0","0","0","0","0","0","0","0","0","0","0","0","0","0","0","0","0","0","0","0","0","1","202202","202204","2062"
"2834235","530010","70746520","41708149000107","3","1","00000000000000","","","","","","0","E","","","04","","03","22","03","","99","","","","","","","","09/97/015245/2021","20201001","2","","","","","","0","0","1","0","0","0","1","0","0","0","0","0","0","0",0,0,0,"0",0,0,0,0,0,0,0,0,0,0,0,0,0,0,"0",0,0,0,2,0,0,0,0,0,0,0,0,0,0,0,0,"1",0,0,0,"0",0,0,0,0,"0",0,0,0,0,0,0,0,0,0,0,0,0,0,0,0,"0","0","1","0","0","0","0","0","0","0","0","0","0","0","0","0","0","0","0","0","0","0","0","0","1","1","0","0","1","1","0","0","0","0","0","0","0","0","0","0","0","0","0","0","0","0","0","0","0","0","0","1","0","0","0","1","0","0","0","0","0","0","0","0","0","0","0","0","0","0","0","0","0","0","0","0","0","0","0","0","0","0","0","0","0","0","0","0","0","0","0","0","1","202202","202204","2062"
"2834367","530010","71720520","09250316000106","3","1","00000000000000","","","","","","0","E","","","04","","03","22","03","","99","","","","","","","","53210063346-7","20211118","2","","","","","","0","0","1","0","0","0","1","0","0","0","0","0","0","0",0,0,0,"0",0,0,0,0,0,0,0,0,0,0,0,0,0,0,"0",0,0,0,0,0,0,0,0,3,0,0,0,0,0,0,0,"1",0,0,0,"0",0,0,0,0,"0",0,0,0,0,0,0,0,0,0,0,0,0,0,0,0,"0","0","1","0","0","0","0","0","0","0","0","0","0","0","0","0","0","0","0","0","0","0","0","0","1","1","0","0","1","1","0","0","0","0","0","0","0","0","0","0","0","0","0","0","0","0","0","0","0","0","0","1","0","0","0","1","0","0","0","0","0","0","0","0","0","0","0","0","0","0","0","0","0","0","0","0","0","0","0","0","0","0","0","0","0","0","0","0","0","0","0","0","1","202202","202204","2062"
"2834677","530010","71950770","41996763000111","3","1","00000000000000","","","","9901","","0","E","","","04","","03","04","03","","99","","","","","","","","532","20210518","1","","","","","","0","0","1","0","0","0","1","0","0","0","0","0","0","0",0,0,0,"0",0,0,0,0,0,0,0,0,0,0,0,0,0,0,"0",0,0,0,3,0,0,0,0,0,0,0,0,0,0,0,0,"1",0,0,0,"0",0,0,0,0,"0",0,0,0,0,0,0,0,0,0,0,0,0,0,0,0,"0","0","1","0","0","0","0","0","0","0","0","0","0","0","0","0","0","0","0","0","0","0","0","0","1","0","0","0","1","1","0","0","0","0","0","0","0","0","0","0","0","0","0","0","0","0","0","0","0","0","0","1","0","0","1","1","0","0","0","0","0","0","0","0","0","0","0","0","0","0","0","0","0","0","0","0","0","0","0","0","0","0","0","0","0","0","0","0","0","0","0","0","1","202202","202204","2062"
"2838028","530010","71070515","39722232000199","3","1","00000000000000","","","","","","0","E","","","04","","03","39","03","","99","","","","","","","","RLE@DIGITAL","20211231","1","","","","","","0","0","1","0","0","0","1","0","0","0","0","0","0","0",0,0,0,"0",0,0,0,0,0,0,0,0,0,0,0,0,0,0,"0",0,0,0,0,0,0,0,0,0,0,0,0,0,0,0,0,"0",0,0,0,"0",0,0,0,0,"0",0,0,0,0,0,0,0,0,0,0,0,0,0,0,0,"0","0","0","0","0","0","0","0","0","0","0","0","0","0","0","0","0","0","0","0","0","0","0","0","0","1","0","0","1","1","0","0","0","0","0","0","0","0","0","0","0","0","0","0","0","0","0","0","0","0","0","1","0","0","0","1","0","0","0","0","0","0","0","0","0","0","0","0","0","0","0","0","0","0","0","0","0","0","0","0","0","0","0","0","0","0","0","0","0","0","0","0","1","202202","202204","2062"
"2839075","530010","70390095","26399032000103","3","1","00000000000000","","","","","","0","E","","","04","","03","22","03","","99","","","","","","","","532021322122","20210901","2","","","","","","0","0","1","0","0","0","1","0","0","0","0","0","0","0",0,0,0,"0",0,0,0,0,0,0,0,0,0,0,0,0,0,0,"0",0,2,0,0,0,0,0,0,0,0,0,0,0,0,0,0,"1",0,0,0,"0",0,0,0,0,"0",0,0,0,0,0,0,0,0,0,0,0,0,0,0,0,"0","0","0","0","0","0","0","0","0","0","0","0","0","0","0","0","0","0","1","0","0","0","0","0","1","1","0","0","1","1","0","0","0","0","0","0","0","0","0","0","0","0","0","0","0","0","0","0","0","0","0","1","0","0","0","1","0","0","0","0","0","0","0","0","0","0","0","0","0","0","0","0","0","0","0","0","0","0","0","0","0","0","0","0","0","0","0","0","0","0","0","0","1","202202","202204","2062"
"2840499","530010","72737000","00394700004448","3","3","00394700000108","","","","0020","","1","E","","","04","","03","73","06","","99","","","","","","","","","","","","","","","","0","0","1","0","0","0","1","0","0","0","0","0","0","0",0,0,0,"0",0,0,0,2,0,0,0,1,0,1,0,0,0,3,"1",0,0,0,0,0,0,0,0,0,0,0,0,0,0,0,0,"0",0,0,0,"0",0,0,0,0,"0",0,0,0,6,0,0,0,0,0,0,0,0,0,0,0,"0","0","1","0","1","0","1","0","1","1","1","0","0","0","0","0","1","0","1","1","1","0","0","0","1","1","1","1","1","1","0","0","0","1","0","0","0","0","0","0","0","0","1","0","0","0","0","0","0","0","1","0","0","0","0","0","0","0","0","0","0","0","0","0","1","0","0","0","0","0","0","0","0","0","0","0","0","0","0","0","0","0","0","0","0","0","0","0","0","0","0","0","1","202203","202204","1023"
"2841142","530010","70710146","45134430000134","3","1","00000000000000","","","","","","0","E","","","04","","03","22","04","","99","","","","","","","","53202178766","20210924","2","","","","","","0","0","1","0","0","0","1","0","0","0","0","0","0","0",0,0,0,"0",0,0,0,0,0,0,0,0,0,0,0,0,0,0,"0",0,0,0,1,0,0,0,0,0,0,0,0,0,0,0,0,"1",0,0,0,"0",0,0,0,0,"0",0,0,0,0,0,0,0,0,0,0,0,0,0,0,0,"0","0","1","0","0","0","0","0","0","0","0","0","0","0","0","0","0","0","0","1","0","0","0","0","1","1","0","0","1","1","0","0","0","0","0","0","0","0","0","0","0","0","0","0","0","0","0","0","0","0","0","1","0","0","0","1","0","0","0","0","0","0","0","0","0","0","0","0","0","0","0","0","0","0","0","0","0","0","0","0","0","0","0","0","0","0","0","0","0","0","0","0","1","202202","202204","2062"
"2841444","530010","72215178","01361520000273","3","1","00000000000000","","","","0040","","0","E","","","04","","01","36","03","","99","","","","","","","","","","","","","","","","0","0","1","0","0","0","1","0","0","0","0","0","0","0",0,0,0,"0",0,0,0,0,0,0,0,0,0,0,0,0,0,0,"0",0,1,0,0,0,0,0,0,0,0,0,0,0,0,0,0,"1",0,0,0,"0",0,0,0,0,"0",0,0,0,0,0,0,0,0,0,0,0,0,0,0,0,"0","0","0","0","0","0","0","0","0","0","0","0","0","0","0","0","0","0","0","1","0","0","0","0","1","0","0","0","1","1","0","0","0","0","0","0","0","0","0","0","0","0","0","0","0","0","0","0","0","0","0","1","0","0","0","1","0","0","0","0","0","0","0","0","0","0","0","0","0","0","0","0","0","0","0","0","0","0","0","0","0","0","0","0","0","0","0","0","0","0","0","0","1","202202","202204","2240"
"2841460","530010","71503505","44979442000105","3","1","00000000000000","","","","0080","","0","E","","","04","","03","36","04","","99","","","","","","","","RLE","20220124","1","","","","","","0","0","1","0","0","0","1","0","0","0","0","0","0","0",0,0,0,"0",0,0,0,0,0,0,0,0,0,0,0,0,0,0,"0",0,0,0,2,0,0,0,0,0,0,0,0,0,0,0,0,"1",0,0,0,"0",0,0,0,0,"0",0,0,0,0,0,0,0,0,0,0,0,0,0,0,0,"0","0","1","0","0","0","0","0","0","0","0","0","0","0","0","0","0","0","0","0","0","0","0","0","1","0","0","0","1","1","0","0","0","0","0","0","0","0","0","0","0","0","0","0","0","0","0","0","0","0","0","1","0","0","0","1","0","0","0","0","0","0","0","0","0","0","0","0","0","0","0","0","0","0","0","0","0","0","0","0","0","0","0","0","0","0","0","0","0","0","0","0","1","202202","202204","2062"
"2841487","530010","70673416","41166376000158","3","1","00000000000000","","","","","","0","E","","","04","","01","85","03","","99","","","","","","","","EAS.00122-07","20220204","","","","","","","0","0","1","0","0","0","1","0","0","0","0","0","0","0",0,0,0,"0",0,0,0,0,0,0,0,0,0,0,0,0,0,0,"0",0,0,0,0,0,0,0,0,0,0,0,2,0,0,0,0,"1",0,0,0,"0",0,0,0,0,"0",0,0,0,0,0,0,0,0,0,0,0,0,0,0,0,"0","0","1","0","0","0","0","0","1","0","0","0","0","0","0","0","0","0","0","0","0","0","0","0","1","1","0","0","1","1","0","0","0","0","0","0","0","0","0","0","0","0","0","0","0","0","0","0","0","0","0","1","0","0","0","1","0","0","0","0","0","0","0","0","0","0","0","0","0","0","0","0","0","0","0","0","0","0","0","0","0","0","0","0","0","0","0","0","0","0","0","0","1","202202","202204","2062"
"2841495","530010","71503501","43784780000110","3","1","00000000000000","","","","0080","","0","E","","","04","","03","22","03","","99","","","","","","","","EAS-72","20220107","1","","","","","","0","0","1","0","0","0","1","0","0","0","0","0","0","0",0,0,0,"0",0,0,0,0,0,0,0,0,0,0,0,0,0,0,"0",0,1,0,0,0,0,0,0,0,0,0,0,0,0,0,0,"1",0,0,0,"0",0,0,0,0,"0",0,0,0,0,0,0,0,0,0,0,0,0,0,0,0,"0","0","1","0","0","0","0","0","0","0","0","0","0","0","0","0","0","0","0","0","0","0","0","0","1","1","0","0","1","1","0","0","0","0","0","0","0","0","0","0","0","0","0","0","0","0","0","0","0","0","0","1","0","0","0","1","0","0","0","0","0","0","0","0","0","0","0","0","0","0","0","0","0","0","0","0","0","0","0","0","0","0","0","0","0","0","0","0","0","0","0","0","1","202202","202204","2062"
"2841509","530010","71660800","44938857000122","3","1","00000000000000","","","","","","0","E","","","04","","03","22","04","","99","","","","","","","","534223011000","20210823","1","","","","","","0","0","1","0","0","0","1","0","0","0","0","0","0","0",0,0,0,"0",0,0,0,0,0,0,0,0,0,0,0,0,0,0,"0",0,0,0,1,0,0,0,0,0,0,0,0,0,0,0,0,"1",0,0,0,"0",0,0,0,0,"0",0,0,0,0,0,0,0,0,0,0,0,0,0,0,0,"0","0","1","0","0","0","0","0","0","0","0","0","0","0","0","0","0","0","1","0","0","0","0","0","1","0","0","0","1","1","0","0","0","0","0","0","0","0","0","0","0","0","0","0","0","0","0","0","0","0","0","1","0","0","0","1","0","0","0","0","0","0","0","0","0","0","0","0","0","0","0","0","0","0","0","0","0","0","0","0","0","0","0","0","0","0","0","0","0","0","0","0","1","202202","202204","2062"
"2843692","530010","71927540","10494766000395","3","1","00000000000000","","","","9901","","0","E","","","04","","03","36","04","","99","","","","","","","","RLE","20211123","1","","","","","","0","0","1","0","0","0","1","0","0","0","0","0","0","0",0,0,0,"0",0,0,0,0,0,0,0,0,0,0,0,0,0,0,"0",0,2,0,0,0,0,0,0,0,0,0,0,0,0,0,0,"1",0,0,0,"0",0,0,0,0,"0",0,0,0,0,0,0,0,0,0,0,0,0,0,0,0,"0","0","1","0","0","0","0","0","0","0","0","0","0","0","0","0","0","0","0","0","0","0","0","0","1","1","0","0","1","1","0","0","0","0","0","0","0","0","0","0","0","0","0","0","0","0","0","0","0","0","0","1","0","0","0","1","0","0","0","0","0","0","0","0","0","0","0","0","0","0","0","0","0","0","0","0","0","0","0","0","0","0","0","0","0","0","0","0","0","0","0","0","1","202202","202204","2062"
"2843781","530010","70390100","40566038000140","3","1","00000000000000","","","","0015","","0","E","","","04","","03","36","03","","99","","","","","","","","ODO 01840-01","20210726","1","","","","","","0","0","1","0","0","0","1","0","0","0","0","0","0","0",0,0,0,"0",0,0,0,0,0,0,0,0,0,0,0,0,0,0,"0",0,2,0,0,0,0,0,0,1,0,0,0,0,0,0,0,"1",0,0,0,"0",0,0,0,0,"0",0,0,0,0,0,0,0,0,0,0,0,0,0,0,0,"0","0","1","0","0","0","0","0","0","0","0","0","0","0","0","0","0","0","0","0","0","0","0","0","1","1","0","0","1","1","0","0","0","0","0","0","0","0","0","0","0","0","0","0","0","0","0","0","0","0","0","1","0","0","0","1","0","0","0","0","0","0","0","0","0","0","0","0","0","0","0","0","0","0","0","0","0","0","0","0","0","0","0","0","0","0","0","0","0","0","0","0","1","202202","202204","2062"
"2843854","530010","72025001","07829258000497","3","1","00000000000000","","","","0180","","0","E","","","04","","03","36","03","","99","","","","","","","","RLE","20211125","1","","","","","","0","0","1","0","0","0","1","0","0","0","0","0","0","0",0,0,0,"0",0,0,0,0,0,0,0,0,0,0,0,0,0,0,"0",0,2,0,0,0,0,0,0,0,0,0,0,0,0,0,0,"1",0,0,0,"0",0,0,0,0,"0",0,0,0,0,0,0,0,0,0,0,0,0,0,0,0,"0","0","1","0","0","0","0","0","0","0","0","0","0","0","0","0","0","0","0","0","0","0","0","0","1","1","0","0","1","1","0","0","0","0","0","0","0","0","0","0","0","0","0","0","0","0","0","0","0","0","0","1","0","0","0","1","0","0","0","0","0","0","0","0","0","0","0","0","0","0","0","0","0","0","0","0","0","0","0","0","0","0","0","0","0","0","0","0","0","0","0","0","1","202202","202204","2062"
"2843862","530010","70200760","28899447000163","3","1","00000000000000","","","","","","0","E","","","04","","03","36","03","","99","","","","","","","","53202139356","20210806","1","","","","","","0","0","1","0","0","0","1","0","0","0","0","0","0","0",0,0,0,"0",0,0,0,0,0,0,0,0,0,0,0,0,0,0,"0",0,0,0,0,0,0,0,0,2,0,0,0,0,0,0,0,"1",0,0,0,"0",0,0,0,0,"0",0,0,0,0,0,0,0,0,0,0,0,0,0,0,0,"0","0","1","0","0","0","0","0","1","0","0","0","0","0","0","0","0","0","0","0","0","0","0","0","1","1","0","0","1","1","0","0","0","0","0","0","0","0","0","0","0","0","0","0","0","0","0","0","0","0","0","1","0","0","0","0","0","0","0","0","0","0","0","0","0","0","0","0","0","0","0","0","0","0","0","0","0","0","0","0","0","0","0","0","0","0","0","0","0","0","0","0","1","202202","202204","2062"
"2843927","530010","72140460","22678342000106","3","1","00000000000000","","","","","","0","E","","","04","","03","22","03","","99","","","","","","","","000150-15","20220208","1","","","","","","0","0","1","0","0","0","1","0","0","0","0","0","0","0",0,0,0,"0",0,0,0,0,0,0,0,0,0,0,0,0,0,0,"0",0,0,0,0,0,0,0,0,3,0,0,0,0,0,0,0,"1",0,0,0,"0",0,0,0,0,"0",0,0,0,0,0,0,0,0,0,0,0,0,0,0,0,"0","0","1","0","0","0","0","0","0","0","0","0","0","0","0","0","0","0","0","0","0","0","0","0","1","0","0","0","1","1","0","0","0","0","0","0","0","0","0","0","0","0","0","0","0","0","0","0","0","0","0","1","0","0","0","1","0","0","0","0","0","0","0","0","0","0","0","0","0","0","0","0","0","0","0","0","0","0","0","0","0","0","0","0","0","0","0","0","0","0","0","0","1","202202","202204","2305"
"2844311","530010","72405135","42114797000106","3","1","00000000000000","","","","","","0","E","","","04","","03","22","03","","99","","","","","","","","53202461436","20210616","1","","","","","","0","0","1","0","0","0","1","0","0","0","0","0","0","0",0,0,0,"0",0,0,0,0,0,0,0,0,0,0,0,0,0,0,"0",0,0,0,1,0,0,0,0,0,0,0,0,0,0,0,0,"1",0,0,0,"0",0,0,0,0,"0",0,0,0,0,0,0,0,0,0,0,0,0,0,0,0,"0","0","1","0","0","0","0","0","0","0","0","0","0","0","0","0","0","0","0","0","0","0","0","0","1","0","0","0","1","1","0","0","0","0","0","0","0","0","0","0","0","0","0","0","0","0","0","0","0","0","0","1","0","0","0","0","0","0","0","0","0","0","0","0","0","0","0","0","0","0","0","0","0","0","0","0","0","0","0","0","0","0","0","0","0","0","0","0","0","0","0","0","1","202202","202204","2062"
"2844370","530010","70710149","44054551000103","3","1","00000000000000","","","","0005","","0","E","","","04","","03","04","03","","99","","","","","","","","EAS 00165-02/2021","20211217","1","","","","","","0","0","1","0","0","0","1","0","0","0","0","0","0","0",0,0,0,"0",0,0,0,0,0,0,0,0,0,0,0,0,0,0,"0",0,2,0,0,0,0,0,0,0,0,0,0,0,0,0,0,"1",0,0,0,"0",0,0,0,0,"0",0,0,0,0,0,0,0,0,0,0,0,0,0,0,0,"0","0","1","0","0","0","0","0","0","0","0","0","0","0","0","0","0","0","0","0","0","0","0","0","1","1","0","0","1","1","0","0","0","0","0","0","0","0","0","0","0","0","0","0","0","0","0","0","0","0","0","1","0","0","0","1","0","0","0","0","0","0","0","0","0","0","0","0","0","0","0","0","0","0","0","0","0","0","0","0","0","0","0","0","0","0","0","0","0","0","0","0","1","202202","202204","2062"
"2844435","530010","71950904","43490610000123","3","1","00000000000000","","","","","","0","E","","","04","","03","22","04","","99","","","","","","","","53202514009","20220110","1","","","","","","0","0","1","0","0","0","1","0","0","0","0","0","0","0",0,0,0,"0",0,0,0,0,0,0,0,0,0,0,0,0,0,0,"0",0,0,0,2,0,0,0,0,0,0,0,0,0,0,0,0,"1",0,0,0,"0",0,0,0,0,"0",0,0,0,0,0,0,0,0,0,0,0,0,0,0,0,"0","0","1","0","0","0","0","0","0","0","0","0","0","0","0","0","0","0","0","0","0","0","0","0","1","0","0","0","1","1","0","0","0","0","0","0","0","0","0","0","0","0","0","0","0","0","0","0","0","0","0","1","0","0","0","0","0","0","0","0","0","0","0","0","0","0","0","0","0","0","0","0","0","0","0","0","0","0","0","0","0","0","0","0","0","0","0","0","0","0","0","0","1","202202","202204","2062"
"2844532","530010","70673106","44954862000129","3","1","00000000000000","","","","","","0","E","","","04","","03","22","03","","99","","","","","","","","","","","","","","","","0","0","1","0","0","0","1","0","0","0","0","0","0","0",0,0,0,"0",0,0,0,0,0,0,0,0,0,0,0,0,0,0,"0",1,0,0,0,0,0,0,0,0,0,0,0,0,0,0,0,"1",0,0,0,"0",0,0,0,0,"0",0,0,0,0,0,0,0,0,0,0,0,0,0,0,0,"0","0","0","0","0","0","0","0","0","0","0","0","0","0","0","0","0","0","0","0","0","0","0","0","0","0","0","0","1","1","0","0","0","0","0","0","0","0","0","0","0","0","0","0","0","0","0","0","0","0","0","1","0","0","0","1","0","0","0","0","0","0","0","0","0","0","0","0","0","0","0","0","0","0","0","0","0","0","0","0","0","0","0","0","0","0","0","0","0","0","0","0","1","202202","202204","2062"
"2844621","530010","70390095","43954832000150","3","1","00000000000000","","","","0010","","0","E","","","04","","01","04","04","","99","","","","","","","","105433","20220204","","","","","","","0","0","1","0","0","0","1","0","0","0","0","0","0","0",0,0,0,"0",0,0,0,0,0,0,0,0,0,0,0,0,0,0,"0",0,3,0,0,0,0,0,0,0,0,0,0,0,0,0,0,"1",0,0,0,"0",0,0,0,0,"0",0,0,0,0,0,0,0,0,0,0,0,0,0,0,0,"0","0","1","0","0","0","0","0","0","1","0","0","0","0","0","0","0","1","0","1","0","1","0","0","1","1","0","0","1","1","0","0","0","0","0","0","0","0","0","0","0","0","0","0","0","0","0","0","0","0","0","1","0","0","0","1","0","0","0","0","0","0","0","0","0","0","0","0","0","0","0","0","0","0","0","0","0","0","0","0","0","0","0","0","0","0","0","0","0","0","0","0","1","202202","202204","2062"
"2846004","530010","70770560","41451737000108","3","1","00000000000000","","","","","","0","E","","","04","","03","22","03","","99","","","","","","","","5320243511-7","20210405","1","","","","","","0","0","1","0","0","0","1","0","0","0","0","0","0","0",0,0,0,"0",0,0,0,0,0,0,0,0,0,0,0,0,0,0,"0",0,1,0,0,0,0,0,0,0,0,0,0,0,0,0,0,"1",0,0,0,"0",0,0,0,0,"0",0,0,0,0,0,0,0,0,0,0,0,0,0,0,0,"0","0","0","0","0","0","0","0","0","0","0","0","0","0","0","0","0","0","0","0","0","0","0","0","0","0","0","0","1","1","0","0","0","0","0","0","0","0","0","0","0","0","0","0","0","0","0","0","0","0","0","1","0","0","1","1","0","0","0","0","0","0","0","0","0","0","0","0","0","0","0","0","0","0","0","0","0","0","0","0","0","0","0","0","0","0","0","0","0","0","0","0","1","202202","202204","2062"
"2846101","530010","71691088","39731593000100","3","1","00000000000000","","","","","","0","E","","","04","","03","22","03","","99","","","","","","","","53600461789","20201110","2","","","","","","0","0","1","0","0","0","1","0","0","0","0","0","0","0",0,0,0,"0",0,0,0,0,0,0,0,0,0,0,0,0,0,0,"0",0,0,0,0,0,0,0,0,2,0,0,0,0,0,0,0,"1",0,0,0,"0",0,0,0,0,"0",0,0,0,0,0,0,0,0,0,0,0,0,0,0,0,"0","0","1","0","0","0","0","0","1","0","0","0","0","0","0","0","0","0","0","1","0","0","0","0","1","1","0","0","1","1","0","0","0","0","0","0","0","0","0","0","0","0","0","0","0","0","0","0","0","0","0","1","0","0","0","1","0","0","0","0","0","0","0","0","0","0","0","0","0","0","0","0","0","0","0","0","0","0","0","0","0","0","0","0","0","0","0","0","0","0","0","0","1","202202","202204","2305"
"2847167","530010","70390150","44584328000178","3","1","00000000000000","","","","0015","","0","E","","","04","","03","36","03","","99","","","","","","","","","","","","","","","","0","0","1","0","0","0","1","0","0","0","0","0","0","0",0,0,0,"0",0,0,0,0,0,0,0,0,0,0,0,0,0,0,"0",0,0,0,0,0,0,0,0,2,0,0,0,0,0,0,0,"1",0,0,0,"0",0,0,0,0,"0",0,0,0,0,0,0,0,0,0,0,0,0,0,0,0,"0","0","1","0","0","0","0","0","1","0","0","0","0","0","0","0","0","0","0","0","0","0","0","0","1","1","0","0","1","1","0","0","0","0","0","0","0","0","0","0","0","0","0","0","0","0","0","0","0","0","0","1","0","0","0","1","0","0","0","0","0","0","0","0","0","0","0","0","0","0","0","0","0","0","0","0","0","0","0","0","0","0","0","0","0","0","0","0","0","0","0","0","1","202202","202204","2062"
"2847981","530010","70710907","34805372000107","3","1","00000000000000","","","","","","0","E","","","04","","03","22","03","","99","","","","","","","","EAS.20962-01","20210812","1","","","","","","0","0","1","0","0","0","1","0","0","0","0","0","0","0",0,0,0,"0",0,0,0,0,0,0,0,0,0,0,0,0,0,0,"0",0,1,0,0,0,0,0,0,0,0,0,0,0,0,0,0,"1",0,0,0,"0",0,0,0,0,"0",0,0,0,0,0,0,0,0,0,0,0,0,0,0,0,"0","0","1","0","0","0","0","0","0","0","0","0","0","0","0","0","0","0","0","0","0","0","0","0","1","1","0","0","1","1","0","0","0","0","0","0","0","0","0","0","0","0","0","0","0","0","0","0","0","0","0","1","0","0","1","1","0","0","0","0","0","0","0","0","0","0","0","0","0","0","0","0","0","0","0","0","0","0","0","0","0","0","0","0","0","0","0","0","0","0","0","0","1","202202","202204","2062"
"2850850","530010","72410201","07338610000300","3","1","00000000000000","","","","","","0","E","","","04","","03","22","03","","99","","","","","","","","ODO,00057-20/2020","20220117","1","","","","","","0","0","1","0","0","0","1","0","0","0","0","0","0","0",0,0,0,"0",0,0,0,0,0,0,0,0,0,0,0,0,0,0,"0",0,0,0,0,0,0,0,0,1,0,0,0,0,0,0,0,"1",0,0,0,"0",0,0,0,0,"0",0,0,0,0,0,0,0,0,0,0,0,0,0,0,0,"0","0","0","0","0","0","0","0","0","0","0","0","0","0","0","0","0","0","0","0","0","0","0","0","0","1","1","0","1","1","0","0","0","0","0","0","0","0","0","0","0","0","0","0","0","0","0","0","0","0","0","1","0","0","0","1","0","0","0","0","0","0","0","0","0","0","0","0","0","0","0","0","0","0","0","0","0","0","0","0","0","0","0","0","0","0","0","0","0","0","0","0","1","202203","202204","2062"
"2851377","530010","71608900","00718528015637","3","1","00000000000000","","","","0090","","0","E","","","04","","01","39","06","","99","","","","","","","","LAB529-03","20220208","","","","","","","0","0","1","0","0","0","1","0","0","0","0","0","0","0",0,0,0,"0",0,0,0,0,0,0,0,0,0,0,0,0,0,0,"0",0,0,0,0,0,0,0,0,0,0,0,0,0,0,0,0,"0",0,0,0,"0",0,0,0,0,"0",0,0,0,0,0,0,0,0,0,0,0,0,0,0,0,"0","0","1","0","0","0","0","0","0","0","0","0","0","0","0","0","0","0","0","0","0","0","0","0","1","1","0","0","1","1","0","0","0","0","0","0","0","0","0","0","0","0","0","0","0","0","0","0","0","0","0","0","0","0","0","0","0","0","1","0","0","1","1","0","0","0","0","0","0","0","0","0","0","0","0","0","0","0","0","0","0","0","0","0","0","0","0","0","0","0","0","0","1","202203","202204","2054"
"2852063","530010","71904540","44084429000180","3","1","00000000000000","","","","","","0","E","","","04","","03","22","03","","99","","","","","","","","3036067","20200916","2","","","","","","0","0","1","0","0","0","1","0","0","0","0","0","0","0",0,0,0,"0",0,0,0,0,0,0,0,0,0,0,0,0,0,0,"0",0,0,0,1,0,0,0,0,0,0,0,0,0,0,0,0,"1",0,0,0,"0",0,0,0,0,"0",0,0,0,0,0,0,0,0,0,0,0,0,0,0,0,"0","0","1","0","0","0","0","0","0","0","0","0","0","0","0","0","0","0","0","0","0","0","0","0","1","0","0","0","1","1","0","0","0","0","0","0","0","0","0","0","0","0","0","0","0","0","0","0","0","0","0","1","0","0","0","1","0","0","0","0","0","0","0","0","0","0","0","0","0","0","0","0","0","0","0","0","0","0","0","0","0","0","0","0","0","0","0","0","0","0","0","0","1","202203","202204","2062"
"2852454","530010","71615510","00718528015807","3","1","00000000000000","","","","0090","","0","E","","","04","","01","39","06","","99","","","","","","","","LAB0158-07","20220216","1","","","","","","0","0","1","0","0","0","1","0","0","0","0","0","0","0",0,0,0,"0",0,0,0,0,0,0,0,0,0,0,0,0,0,0,"0",0,0,0,0,0,0,0,0,0,0,0,0,0,0,0,0,"0",0,0,0,"0",0,0,0,0,"0",0,0,0,0,0,0,0,0,0,0,0,0,0,0,0,"0","0","1","0","0","0","0","0","0","0","0","0","0","0","0","0","0","0","0","0","0","0","0","0","1","1","0","0","1","1","0","0","0","0","0","0","0","0","0","0","0","0","0","0","0","0","0","0","0","0","0","0","0","0","0","0","0","0","1","0","0","1","1","0","0","0","0","0","0","0","0","0","0","0","0","0","0","0","0","0","0","0","0","0","0","0","0","0","0","0","0","0","1","202203","202204","2054"
"2852519","530010","72145402","33536736000138","3","1","00000000000000","","","","","","0","E","","","04","","03","22","03","","99","","","","","","","","53201245708","20210729","1","","","","","","0","0","1","0","0","0","1","0","0","0","0","0","0","0",0,0,0,"0",0,0,0,0,0,0,0,0,0,0,0,0,0,0,"0",0,0,0,2,0,0,0,0,0,0,0,0,0,0,0,0,"1",0,0,0,"0",0,0,0,0,"0",0,0,0,0,0,0,0,0,0,0,0,0,0,0,0,"0","0","1","0","0","0","0","0","0","0","0","0","0","0","0","0","0","0","0","0","0","0","0","0","1","1","0","0","1","1","0","0","0","0","0","0","0","0","0","0","0","0","0","0","0","0","0","0","0","0","0","1","0","0","0","1","0","0","0","0","0","0","0","0","0","0","0","0","0","0","0","0","0","0","0","0","0","0","0","0","0","0","0","0","0","0","0","0","0","0","0","0","1","202203","202204","2305"
"2852551","530010","70710146","41236383000189","3","1","00000000000000","","","","","","0","E","","","04","","01","36","03","","99","","","","","","","","EAS.00302-02","20220221","1","","","","","","0","0","1","0","0","0","1","0","0","0","0","0","0","0",0,0,0,"0",0,0,0,0,0,0,0,0,0,0,0,0,0,0,"0",0,2,0,0,0,0,0,0,0,0,0,0,0,0,0,0,"1",0,0,0,"0",0,0,0,0,"0",0,0,0,0,0,0,0,0,0,0,0,0,0,0,0,"0","0","1","0","0","0","0","0","0","0","0","0","0","0","0","0","0","0","0","0","0","0","0","0","1","0","0","0","1","1","0","0","0","0","0","0","0","0","0","0","0","0","0","0","0","0","0","0","0","0","0","1","0","0","0","0","0","0","0","0","0","0","0","0","0","0","0","0","0","0","0","0","0","0","0","0","0","0","0","0","0","0","0","0","0","0","0","0","0","0","0","0","1","202203","202204","2062"
"2853132","530010","72115580","45214124000108","3","1","00000000000000","","","","0180","","0","E","","","04","","03","22","03","","99","","","","","","","","EAS - 00105-07","20220214","1","","","","","","0","0","1","0","0","0","1","0","0","0","0","0","0","0",0,0,0,"0",0,0,0,0,0,0,0,0,0,0,0,0,0,0,"0",1,0,0,0,0,0,0,0,0,0,0,0,0,0,0,0,"1",0,0,0,"0",0,0,0,0,"0",0,0,0,0,0,0,0,0,0,0,0,0,0,0,0,"0","0","1","0","0","0","0","0","0","0","0","0","0","0","0","0","0","0","0","0","0","0","0","0","1","0","0","0","1","1","0","0","0","0","0","0","0","0","0","0","0","0","0","0","0","0","0","0","0","0","0","1","0","0","0","1","0","0","0","0","0","0","0","0","0","0","0","0","0","0","0","0","0","0","0","0","0","0","0","0","0","0","0","0","0","0","0","0","0","0","0","0","1","202203","202204","2062"
"2853272","530010","70670432","43971424000106","3","1","00000000000000","","","","9931","","0","E","","","04","","03","36","03","","99","","","","","","","","","","","","","","","","0","0","1","0","0","0","1","0","0","0","0","0","0","0",0,0,0,"0",0,0,0,0,0,0,0,0,0,0,0,0,0,0,"0",0,0,0,2,0,0,0,0,0,0,0,0,0,0,0,0,"1",0,0,0,"0",0,0,0,0,"0",0,0,0,0,0,0,0,0,0,0,0,0,0,0,0,"0","0","1","0","0","0","0","0","0","0","0","0","0","0","0","0","0","0","0","0","0","0","0","0","1","0","0","0","1","1","0","0","0","0","0","0","0","0","0","0","0","0","0","0","0","0","0","0","0","0","0","1","0","0","0","1","0","0","0","0","0","0","0","0","0","0","0","0","0","0","0","0","0","0","0","0","0","0","0","0","0","0","0","0","0","0","0","0","0","0","0","0","1","202203","202204","2062"
"2854171","530010","71200010","35397059000140","3","1","00000000000000","","","","","","0","E","","","04","","01","22","03","","99","","","","","","","","LICENCIAMENTO RLE","20200826","1","","","","","","0","0","1","0","0","0","1","0","0","0","0","0","0","0",0,0,0,"0",0,0,0,0,0,0,0,0,0,0,0,0,0,0,"0",0,0,0,1,0,0,0,0,0,0,0,0,0,0,0,0,"1",0,0,0,"0",0,0,0,0,"0",0,0,0,0,0,0,0,0,0,0,0,0,0,0,0,"0","0","0","0","0","0","0","0","0","0","0","0","0","0","0","0","0","0","0","0","0","0","0","0","0","0","0","0","1","1","0","0","0","0","0","0","0","0","0","0","0","0","0","0","0","0","0","0","0","0","0","1","0","0","0","0","0","0","0","0","0","0","0","0","0","0","0","0","0","0","0","0","0","0","0","0","0","0","0","0","0","0","0","0","0","0","0","0","0","0","0","0","1","202203","202204","2062"
"2856360","530010","70680542","30846862000109","3","1","00000000000000","","","","","","0","E","","","04","","01","36","03","","99","","","","","","","","NIRE 53202489705","20220222","1","","","","","","0","0","1","0","0","0","1","0","0","0","0","0","0","0",0,0,0,"0",0,0,0,0,0,0,0,0,0,0,0,0,0,0,"0",0,0,0,1,0,0,0,0,0,0,0,0,0,0,0,0,"1",0,0,0,"0",0,0,0,0,"0",0,0,0,0,0,0,0,0,0,0,0,0,0,0,0,"0","0","1","0","0","0","0","0","0","0","0","0","0","0","0","0","0","0","0","0","0","0","0","0","1","0","0","0","1","1","0","0","0","0","0","0","0","0","0","0","0","0","0","0","0","0","0","0","0","0","0","1","0","0","0","0","0","0","0","0","0","0","0","0","0","0","0","0","0","0","0","0","0","0","0","0","0","0","0","0","0","0","0","0","0","0","0","0","0","0","0","0","1","202203","202204","2062"
"2856530","530010","71936250","42367523000110","3","1","00000000000000","","","","9901","","0","E","","","04","","01","22","03","","99","","","","","","","","CERT D LICENCIAMENTO","20220208","1","","","","","","0","0","1","0","0","0","1","0","0","0","0","0","0","0",0,0,0,"0",0,0,0,0,0,0,0,0,0,0,0,0,0,0,"0",0,0,0,0,0,0,0,0,1,0,0,0,0,0,0,0,"1",0,0,0,"0",0,0,0,0,"0",0,0,0,0,0,0,0,0,0,0,0,0,0,0,0,"0","0","1","0","0","0","0","0","0","0","0","0","0","0","0","0","0","0","0","0","0","0","0","0","1","1","1","1","1","1","0","0","0","0","0","0","0","0","0","0","0","0","0","0","0","0","0","0","0","0","0","1","0","0","0","1","0","0","0","0","0","0","0","0","0","0","0","0","0","0","0","0","0","0","0","0","0","0","0","0","0","0","0","0","0","0","0","0","0","0","0","0","1","202203","202204","2062"
"2856611","530010","70390108","00060256320144","1","1","00000000000000","","","","0015","","0","E","","","04","","03","22","03","","99","","","","","","","","EAS 012356 - 01","20220303","1","","","","","","0","0","1","0","0","0","1","0","0","0","0","0","0","0",0,0,0,"0",0,0,0,0,0,0,0,0,0,0,0,0,0,0,"0",0,0,0,0,0,0,0,0,1,0,0,0,0,0,0,0,"1",0,0,0,"0",0,0,0,0,"0",0,0,0,0,0,0,0,0,0,0,0,0,0,0,0,"0","0","1","0","0","0","0","0","0","0","0","0","0","0","0","0","0","0","0","0","0","0","0","0","1","0","0","0","1","1","0","0","0","0","0","0","0","0","0","0","0","0","0","0","0","0","0","0","0","0","0","1","0","0","0","1","0","0","0","0","0","0","0","0","0","0","0","0","0","0","0","0","0","0","0","0","0","0","0","0","0","0","0","0","0","0","0","0","0","0","0","0","1","202203","202204","4000"
"2856662","530010","72115700","45335986000199","3","1","00000000000000","","","","0180","","0","E","","","04","","03","36","03","","99","","","","","","","","RLE","20220217","1","","","","","","0","0","1","0","0","0","1","0","0","0","0","0","0","0",0,0,0,"0",0,0,0,0,0,0,0,0,0,0,0,0,0,0,"0",0,1,0,1,0,0,0,0,0,0,0,0,0,0,0,0,"1",0,0,0,"0",0,0,0,0,"0",0,0,0,0,0,0,0,0,0,0,0,0,0,0,0,"0","0","1","0","0","0","0","0","0","0","0","0","0","0","0","0","0","0","0","0","0","0","0","0","1","0","0","0","1","1","0","0","0","0","0","0","0","0","0","0","0","0","0","0","0","0","0","0","0","0","0","1","0","0","0","1","0","0","0","0","0","0","0","0","0","0","0","0","0","0","0","0","0","0","0","0","0","0","0","0","0","0","0","0","0","0","0","0","0","0","0","0","1","202203","202204","2062"
"2857421","530010","70670206","43071690000182","3","1","00000000000000","","","","","","0","E","","","04","","03","22","03","","99","","","","","","","","53237082260","20211031","2","","","","","","0","0","1","0","0","0","1","0","0","0","0","0","0","0",0,0,0,"0",0,0,0,0,0,0,0,0,0,0,0,0,0,0,"0",2,0,0,0,0,0,0,0,0,0,0,0,0,0,0,0,"1",0,0,0,"0",0,0,0,0,"0",0,0,0,0,0,0,0,0,0,0,0,0,0,0,0,"0","0","1","0","0","0","0","0","0","0","0","0","0","0","0","0","0","0","0","0","0","0","0","0","1","1","0","0","1","1","0","0","0","0","0","0","0","0","0","0","0","0","0","0","0","0","0","0","0","0","0","1","0","0","0","1","0","0","0","0","0","0","0","0","0","0","0","0","0","0","0","0","0","0","0","0","0","0","0","0","0","0","0","0","0","0","0","0","0","0","0","0","1","202203","202204","2305"
"2857448","530010","72015901","41385435000189","3","1","00000000000000","","","","","","0","E","","","04","","03","36","03","","99","","","","","","","","53202433165","20210726","1","","","","","","0","0","1","0","0","0","1","0","0","0","0","0","0","0",0,0,0,"0",0,0,0,0,0,0,0,0,0,0,0,0,0,0,"0",0,0,0,0,0,0,0,0,2,0,0,0,0,0,0,0,"1",0,0,0,"0",0,0,0,0,"0",0,0,0,0,0,0,0,0,0,0,0,0,0,0,0,"0","0","1","0","0","0","0","0","0","0","0","0","0","0","0","0","0","0","0","0","0","0","0","0","1","0","0","0","1","1","0","0","0","0","0","0","0","0","0","0","0","0","0","0","0","0","0","0","0","0","0","1","0","0","0","1","0","0","0","0","0","0","0","0","0","0","0","0","0","0","0","0","0","0","0","0","0","0","0","0","0","0","0","0","0","0","0","0","0","0","0","0","1","202203","202204","2062"
"2857723","530010","71680379","40486252000197","3","1","00000000000000","","","","","","0","E","","","04","","03","22","03","","99","","","","","","","","","","","","","","","","0","0","1","0","0","0","1","0","0","0","0","0","0","0",0,0,0,"0",0,0,0,0,0,0,0,0,0,0,0,0,0,0,"0",0,1,0,0,0,0,0,0,0,0,0,0,0,0,0,0,"1",0,0,0,"0",0,0,0,0,"0",0,0,0,0,0,0,0,0,0,0,0,0,0,0,0,"0","0","0","0","0","0","0","0","0","0","0","0","0","0","0","0","0","0","0","0","0","0","0","0","0","0","0","0","1","1","0","0","0","0","0","0","0","0","0","0","0","0","0","0","0","0","0","0","0","0","0","1","0","0","0","1","0","0","0","0","0","0","0","0","0","0","0","0","0","0","0","0","0","0","0","0","0","0","0","0","0","0","0","0","0","0","0","0","0","0","0","0","1","202203","202204","2062"
"2857944","530010","72243276","11149071000177","3","1","00000000000000","","","","0040","","0","E","","","04","","01","22","03","","99","","","","","","","","","","","","","","","","0","0","1","0","0","0","1","0","0","0","0","0","0","0",0,0,0,"0",0,0,0,0,0,0,0,0,0,0,0,0,0,0,"0",0,0,0,0,0,0,0,0,5,0,0,0,0,0,0,0,"1",0,0,0,"0",0,0,0,0,"0",0,0,0,0,0,0,0,0,0,0,0,0,0,0,0,"0","0","0","0","0","0","0","0","0","0","0","0","0","0","0","0","0","0","0","0","0","0","0","0","0","1","0","0","0","1","0","0","0","0","0","0","0","0","0","0","0","0","0","0","0","0","0","0","0","0","0","1","0","0","0","0","0","0","0","0","0","0","0","0","0","0","0","0","0","0","0","0","0","0","0","0","0","0","0","0","0","0","0","0","0","0","0","0","0","0","0","0","1","202203","202204","2062"
"2857960","530010","71908540","44066007000181","3","1","00000000000000","","","","9901","","0","E","","","04","","01","04","04","","99","","","","","","","","LICENCIAMENTO ESTADUAL","20211112","1","","","","","","0","0","1","0","0","0","1","0","0","0","0","0","0","0",0,0,0,"0",0,0,0,0,0,0,0,0,0,0,0,0,0,0,"0",0,0,0,1,0,0,0,0,0,0,0,0,0,0,0,0,"1",0,0,0,"0",0,0,0,0,"0",0,0,0,0,0,0,0,0,0,0,0,0,0,0,0,"0","0","1","0","0","0","0","0","0","0","0","0","0","0","0","0","0","0","0","0","0","0","0","0","1","0","0","0","1","1","0","0","0","0","0","0","0","0","0","0","0","0","0","0","0","0","0","0","0","0","0","1","0","0","0","1","0","0","0","0","0","0","0","0","0","0","0","0","0","0","0","0","0","0","0","0","0","0","0","0","0","0","0","0","0","0","0","0","0","0","0","0","1","202203","202204","2062"
"2858266","530010","71680120","61585865276904","3","1","00000000000000","","","","","","0","E","","","04","","03","43","04","","99","","","","","","","","FAR.519-03","20210929","2","","","","","","0","0","1","0","0","0","1","0","0","0","0","0","0","0",0,0,0,"0",0,0,0,0,0,0,0,0,0,0,0,0,0,0,"0",0,0,0,0,0,0,0,0,0,0,0,1,0,0,0,0,"1",0,0,0,"0",0,0,0,0,"0",0,0,0,0,0,0,0,0,0,0,0,0,0,0,0,"0","0","0","0","0","0","0","0","0","0","0","0","0","0","0","0","0","0","0","0","0","0","0","0","0","1","0","0","1","1","0","0","0","0","0","0","0","0","0","0","0","0","0","0","0","0","0","0","0","0","0","1","0","0","0","0","0","0","0","0","0","0","0","0","0","0","0","0","0","0","0","0","0","0","0","0","0","0","0","0","0","0","0","0","0","0","0","0","0","0","0","0","1","202203","202204","2046"
"2858673","530010","70710143","32914114000133","3","1","00000000000000","","","","0005","","0","E","","","04","","01","22","03","","99","","","","","","","","","","","","","","","","0","0","1","0","0","0","1","0","0","0","0","0","0","0",0,0,0,"0",0,0,0,0,0,0,0,0,0,0,0,0,0,0,"0",0,0,0,1,0,0,0,0,0,0,0,0,0,0,0,0,"1",0,0,0,"0",0,0,0,0,"0",0,0,0,0,0,0,0,0,0,0,0,0,0,0,0,"0","0","0","0","0","0","0","0","0","0","0","0","0","0","0","0","0","0","0","0","0","0","0","0","0","0","0","0","1","1","0","0","0","0","0","0","0","0","0","0","0","0","0","0","0","0","0","0","0","0","0","1","0","0","0","0","0","0","0","0","0","0","0","0","0","0","0","0","0","0","0","0","0","0","0","0","0","0","0","0","0","0","0","0","0","0","0","0","0","0","0","0","1","202203","202204","2305"
"2858878","530010","70719030","42769328000117","3","1","00000000000000","","","","0005","","0","E","","","04","","01","36","03","","99","","","","","","","","","","","","","","","","0","0","1","0","0","0","1","0","0","0","0","0","0","0",0,0,0,"0",0,0,0,0,0,0,0,0,0,0,0,0,0,0,"0",0,0,0,1,0,0,0,0,0,0,0,0,0,0,0,0,"1",0,0,0,"0",0,0,0,0,"0",0,0,0,0,0,0,0,0,0,0,0,0,0,0,0,"0","0","1","0","0","0","0","0","0","0","0","0","0","0","0","0","0","0","0","0","0","0","0","0","1","0","0","0","1","1","0","0","0","0","0","0","0","0","0","0","0","0","0","0","0","0","0","0","0","0","0","1","0","0","0","0","0","0","0","0","0","0","0","0","0","0","0","0","0","0","0","0","0","0","0","0","0","0","0","0","0","0","0","0","0","0","0","0","0","0","0","0","1","202203","202204","2062"
"2860023","530010","71200010","34561813000172","3","1","00000000000000","","","","","","0","E","","","04","","03","22","03","","99","","","","","","","","53020334565","20210916","2","","","","","","0","0","1","0","0","0","1","0","0","0","0","0","0","0",0,0,0,"0",0,0,0,0,0,0,0,0,0,0,0,0,0,0,"0",0,0,0,0,0,0,0,0,2,0,0,0,0,0,0,0,"1",0,0,0,"0",0,0,0,0,"0",0,0,0,0,0,0,0,0,0,0,0,0,0,0,0,"0","0","1","0","0","0","0","0","0","0","0","0","0","0","0","0","0","0","0","0","0","0","0","0","1","1","0","0","1","1","0","0","0","0","0","0","0","0","0","0","0","0","0","0","0","0","0","0","0","0","0","1","0","0","0","1","0","0","0","0","0","0","0","0","0","0","0","0","0","0","0","0","0","0","0","0","0","0","0","0","0","0","0","0","0","0","0","0","0","0","0","0","1","202203","202204","2062"
"2860791","530010","70632300","28732903000500","3","1","00000000000000","","","","","","0","E","","","04","","03","36","03","","99","","","","","","","","533002330021","20210903","2","","","","","","0","0","1","0","0","0","1","0","0","0","0","0","0","0",0,0,0,"0",0,0,0,0,0,0,0,0,0,0,0,0,0,0,"0",3,0,0,0,0,0,0,0,0,0,0,0,0,0,0,0,"1",0,0,0,"0",0,0,0,0,"0",0,0,0,0,0,0,0,0,0,0,0,0,0,0,0,"0","0","1","0","0","0","0","0","0","0","0","0","0","0","0","0","0","0","0","1","0","0","0","0","1","1","0","0","1","1","0","0","0","0","0","0","0","0","0","0","0","0","0","0","0","0","0","0","0","0","0","1","0","0","0","1","0","0","0","0","0","0","0","0","0","0","0","0","0","0","0","0","0","0","0","0","0","0","0","0","0","0","0","0","0","0","0","0","0","0","0","0","1","202203","202204","2062"
"2862212","530010","71916500","30725835000170","3","1","00000000000000","","","","9901","","0","E","","","04","","03","22","04","","99","","","","","","","","53202177444","20210501","1","","","","","","0","0","1","0","0","0","1","0","0","0","0","0","0","0",0,0,0,"0",0,0,0,0,0,0,0,0,0,0,0,0,0,0,"0",0,0,0,1,0,0,0,0,0,0,0,0,0,0,0,0,"1",0,0,0,"0",0,0,0,0,"0",0,0,0,0,0,0,0,0,0,0,0,0,0,0,0,"0","0","0","0","0","0","0","0","0","0","0","0","0","0","0","0","0","0","0","0","0","0","0","0","0","0","0","0","1","1","0","0","0","0","0","0","0","0","0","0","0","0","0","0","0","0","0","0","0","0","0","1","0","0","1","1","0","0","0","0","0","0","0","0","0","0","0","0","0","0","0","0","0","0","0","0","0","0","0","0","0","0","0","0","0","0","0","0","0","0","0","0","1","202204","202204","2062"
"2862441","530010","71020001","44679573000169","3","1","00000000000000","","","","0070","","0","E","","","04","","02","22","03","","99","","","","","","","","","","","","","","","","0","0","1","0","0","0","1","0","0","0","0","0","0","0",0,0,0,"0",0,0,0,0,0,0,0,0,0,0,0,0,0,0,"0",0,0,0,0,0,0,0,0,1,0,0,0,0,0,0,0,"1",0,0,0,"0",0,0,0,0,"0",0,0,0,0,0,0,0,0,0,0,0,0,0,0,0,"0","0","1","1","0","0","0","0","0","0","0","0","0","0","0","0","0","0","0","0","0","0","0","0","1","0","0","0","1","1","0","0","0","0","0","0","0","0","0","0","0","0","0","0","0","0","0","0","0","0","0","1","0","0","0","0","0","0","0","0","0","0","0","0","0","0","0","0","0","0","0","0","0","0","0","0","0","0","0","0","0","0","0","0","0","0","0","0","0","0","0","0","1","202203","202204","2062"
"2866161","530010","71955100","43181280000194","3","1","00000000000000","","","","","","0","E","","","04","","","05","06","","99","053","8624","20215-9","","","","","VIGILANCIA SANITARIA","20220218","1","","","","","","0","0","0","0","0","0","0","0","0","0","0","1","0","1",3,32,10,"1",0,0,0,0,0,0,0,2,0,0,1,0,0,6,"1",3,21,0,0,0,0,0,0,0,0,1,0,0,1,1,0,"1",3,1,0,"1",0,0,0,0,"0",1,1,1,12,1,0,0,0,0,0,4,0,0,0,0,"0","1","1","0","0","0","1","0","0","1","0","0","0","0","0","0","0","1","0","0","0","1","1","0","1","1","1","1","1","1","0","0","0","0","0","0","0","0","0","0","0","0","0","0","1","0","0","0","1","0","0","1","0","0","0","1","0","0","1","0","0","0","1","0","0","1","0","0","0","1","0","0","0","0","0","0","0","0","0","0","0","0","0","0","0","0","0","0","0","0","0","0","1","202204","202204","2062"
"2866293","530010","70390700","41372003000133","3","1","00000000000000","","","","","","0","E","","","04","","03","22","04","","99","","","","","","","","97/97/01445/2021","20220304","1","","","","","","0","0","1","0","0","0","1","0","0","0","0","0","0","0",0,0,0,"0",0,0,0,0,0,0,0,0,0,0,0,0,0,0,"0",0,1,0,0,0,0,0,0,0,0,0,0,0,0,0,0,"1",0,0,0,"0",0,0,0,0,"0",0,0,0,0,0,0,0,0,0,0,0,0,0,0,0,"0","0","1","0","0","0","0","0","0","0","0","0","0","0","0","0","0","0","0","0","0","0","0","0","1","0","0","0","1","1","0","0","0","0","0","0","0","0","0","0","0","0","0","0","0","0","0","0","0","0","0","1","0","0","0","1","0","0","0","0","0","0","0","0","0","0","0","0","0","0","0","0","0","0","0","0","0","0","0","0","0","0","0","0","0","0","0","0","0","0","0","0","1","202203","202204","2062"
"2866307","530010","70200740","33379055000103","3","1","00000000000000","","","","0015","","0","E","","","04","","03","36","03","","99","","","","","","","","EAS.20734-01","20211229","1","","","","","","0","0","1","0","0","0","1","0","0","0","0","0","0","0",0,0,0,"0",0,0,0,0,0,0,0,0,0,0,0,0,0,0,"0",0,1,0,0,0,0,0,0,0,0,0,0,0,0,0,0,"1",0,0,0,"0",0,0,0,0,"0",0,0,0,0,0,0,0,0,0,0,0,0,0,0,0,"0","0","1","0","0","0","0","0","0","0","0","0","0","0","0","0","0","0","0","0","0","0","0","0","1","0","0","0","1","1","0","0","0","0","0","0","0","0","0","0","0","0","0","0","0","0","0","0","0","0","0","1","0","0","0","1","0","0","0","0","0","0","0","0","0","0","0","0","0","0","0","0","0","0","0","0","0","0","0","0","0","0","0","0","0","0","0","0","0","0","0","0","1","202203","202204","2062"
"2866501","530010","71926000","41193159000157","3","1","00000000000000","","","","9901","","0","E","","","03","","01","04","04","","99","","","","","","","","U517LN","20210924","1","","","","","","0","0","1","0","0","0","1","0","0","0","0","0","0","0",0,0,0,"0",0,0,0,0,0,0,0,0,0,0,0,0,0,0,"0",0,0,0,56,0,0,0,0,0,0,0,0,0,0,0,0,"1",0,0,0,"0",0,0,0,0,"0",0,0,0,0,0,0,0,0,0,0,0,0,0,0,0,"0","0","1","0","0","0","0","0","0","0","0","0","0","0","0","0","0","0","0","0","0","0","0","0","1","0","0","0","1","1","0","0","0","0","0","0","0","0","0","0","0","0","0","0","0","0","0","0","0","0","0","0","0","0","0","1","0","0","0","0","0","0","0","0","0","0","0","0","0","0","0","0","0","0","0","0","0","0","0","0","0","0","0","0","0","0","0","0","0","0","0","0","1","202203","202204","2062"
"2866536","530010","72015525","45400659000173","3","1","00000000000000","","","","","","0","E","","","04","","03","36","04","","99","","","","","","","","08.086.401/001-86","20210924","2","","","","","","0","0","1","0","0","0","1","0","0","0","0","0","0","0",0,0,0,"0",0,0,0,0,0,0,0,0,0,0,0,0,0,0,"0",0,0,0,2,0,0,0,0,0,0,0,0,0,0,0,0,"1",0,0,0,"0",0,0,0,0,"0",0,0,0,0,0,0,0,0,0,0,0,0,0,0,0,"0","0","1","0","0","0","0","0","0","0","0","0","0","0","0","0","0","0","0","1","0","0","0","0","1","1","0","0","1","1","0","0","0","0","0","0","0","0","0","0","0","0","0","0","0","0","0","0","0","0","0","1","0","0","0","1","0","0","0","0","0","0","0","0","0","0","0","0","0","0","0","0","0","0","0","0","0","0","0","0","0","0","0","0","0","0","0","0","0","0","0","0","1","202203","202204","2062"
"2866552","530010","70750610","32135863000162","3","1","00000000000000","","","","0005","","0","E","","","04","","03","22","04","","99","","","","","","","","53202206134","20210321","1","","","","","","0","0","1","0","0","0","1","0","0","0","0","0","0","0",0,0,0,"0",0,0,0,0,0,0,0,0,0,0,0,0,0,0,"0",0,0,0,1,0,0,0,0,0,0,0,0,0,0,0,0,"1",0,0,0,"0",0,0,0,0,"0",0,0,0,0,0,0,0,0,0,0,0,0,0,0,0,"0","0","0","0","0","0","0","0","0","0","0","0","0","0","0","0","0","0","0","0","0","0","0","0","0","0","0","0","1","1","0","0","0","0","0","0","0","0","0","0","0","0","0","0","0","0","0","0","0","0","0","1","0","0","1","1","0","0","0","0","0","0","0","0","0","0","0","0","0","0","0","0","0","0","0","0","0","0","0","0","0","0","0","0","0","0","0","0","0","0","0","0","1","202204","202204","2062"
"2866560","530010","70770911","00002980680109","1","1","00000000000000","","","","","","0","E","","","04","","03","22","04","","99","","","","","","","","00119-02/2021","20220113","1","","","","","","0","0","1","0","0","0","1","0","0","0","0","0","0","0",0,0,0,"0",0,0,0,0,0,0,0,0,0,0,0,0,0,0,"0",0,0,0,0,0,0,0,0,1,0,0,0,0,0,0,0,"1",0,0,0,"0",0,0,0,0,"0",0,0,0,0,0,0,0,0,0,0,0,0,0,0,0,"0","0","0","0","0","0","0","0","0","0","0","0","0","0","0","0","0","0","0","0","0","0","0","0","0","1","0","0","1","1","0","0","0","0","0","0","0","0","0","0","0","0","0","0","0","0","0","0","0","0","0","0","0","0","0","1","0","0","0","0","0","0","0","0","0","0","0","0","0","0","0","0","0","0","0","0","0","0","0","0","0","0","0","0","0","0","0","0","0","0","0","0","1","202203","202204","4000"
"2866579","530010","70390145","25421425000103","3","1","00000000000000","","","","","","0","E","","","04","","01","22","03","","99","","","","","","","","DISPENSADO","","1","","","","","","0","0","1","0","0","0","1","0","0","0","0","0","0","0",0,0,0,"0",0,0,0,0,0,0,0,0,0,0,0,0,0,0,"0",0,0,0,5,0,0,0,0,0,0,0,0,0,0,0,0,"1",0,0,0,"0",0,0,0,0,"0",0,0,0,0,0,0,0,0,0,0,0,0,0,0,0,"0","0","0","0","0","0","0","0","0","0","0","0","0","0","0","0","0","0","0","0","0","0","0","0","0","0","0","0","1","1","0","0","0","0","0","0","0","0","0","0","0","0","0","0","0","0","0","0","0","0","0","1","0","0","0","1","0","0","0","0","0","0","0","0","0","0","0","0","0","0","0","0","0","0","0","0","0","0","0","0","0","0","0","0","0","0","0","0","0","0","0","0","1","202203","202204","2062"
"2866587","530010","70741620","40279395000128","3","1","00000000000000","","","","0005","","0","E","","","04","","01","22","03","","99","","","","","","","","CERTIFIC DE LICENCIAMENTO","20220316","1","","","","","","0","0","1","0","0","0","1","0","0","0","0","0","0","0",0,0,0,"0",0,0,0,0,0,0,0,0,0,0,0,0,0,0,"0",0,0,0,0,0,0,0,0,1,0,0,0,0,0,0,0,"1",0,0,0,"0",0,0,0,0,"0",0,0,0,0,0,0,0,0,0,0,0,0,0,0,0,"0","0","1","0","0","0","0","0","0","0","0","0","0","0","0","0","0","0","0","0","0","0","0","0","1","1","1","0","1","1","0","0","0","0","0","0","0","0","0","0","0","0","0","0","0","0","0","0","0","0","0","1","0","0","0","1","0","0","0","0","0","0","0","0","0","0","0","0","0","0","0","0","0","0","0","0","0","0","0","0","0","0","0","0","0","0","0","0","0","0","0","0","1","202203","202204","2062"
"2866676","530010","72025348","00000186638183","1","1","00000000000000","","","","","","0","E","","","04","","01","22","03","","99","","","","","","","","13200002323/2020-85","20201216","1","","","","","","0","0","1","0","0","0","1","0","0","0","0","0","0","0",0,0,0,"0",0,0,0,0,0,0,0,0,0,0,0,0,0,0,"0",0,0,0,0,0,0,0,0,2,0,0,0,0,0,0,0,"1",0,0,0,"0",0,0,0,0,"0",0,0,0,0,0,0,0,0,0,0,0,0,0,0,0,"0","0","0","0","0","0","0","0","0","0","0","0","0","0","0","0","0","0","0","0","0","0","0","0","0","1","1","0","1","1","0","0","0","0","0","0","0","0","0","0","0","0","0","0","0","0","0","0","0","0","0","1","0","0","0","0","0","0","0","0","0","0","0","0","0","0","0","0","0","0","0","0","0","0","0","0","0","0","0","0","0","0","0","0","0","0","0","0","0","0","0","0","1","202203","202204","4000"
"2866749","530010","71953000","23397163000155","3","1","00000000000000","","","","","","0","E","","","04","","01","22","03","","99","","","","","","","","LICENCIAMENTO RLE","20220119","1","","","","","","0","0","1","0","0","0","1","0","0","0","0","0","0","0",0,0,0,"0",0,0,0,0,0,0,0,0,0,0,0,0,0,0,"0",0,0,0,1,0,0,0,0,0,0,0,0,0,0,0,0,"1",0,0,0,"0",0,0,0,0,"0",0,0,0,0,0,0,0,0,0,0,0,0,0,0,0,"0","0","0","0","0","0","0","0","0","0","0","0","0","0","0","0","0","0","0","0","0","0","0","0","0","0","0","0","1","1","0","0","0","0","0","0","0","0","0","0","0","0","0","0","0","0","0","0","0","0","0","1","0","0","0","0","0","0","0","0","0","0","0","0","0","0","0","0","0","0","0","0","0","0","0","0","0","0","0","0","0","0","0","0","0","0","0","0","0","0","0","0","1","202203","202204","2062"
"2866773","530010","70673631","42144151000163","3","1","00000000000000","","","","9931","","0","E","","","04","","01","22","03","","99","","","","","","","","CERTIFIC DE LICENCIAMENTO","20220216","1","","","","","","0","0","1","0","0","0","1","0","0","0","0","0","0","0",0,0,0,"0",0,0,0,0,0,0,0,0,0,0,0,0,0,0,"0",0,0,0,1,0,0,0,0,0,0,0,0,0,0,0,0,"1",0,0,0,"0",0,0,0,0,"0",0,0,0,0,0,0,0,0,0,0,0,0,0,0,0,"0","0","1","0","0","0","0","0","0","0","0","0","0","0","0","0","0","0","0","0","0","0","0","0","1","0","0","0","1","1","0","0","0","0","0","0","0","0","0","0","0","0","0","0","0","0","0","0","0","0","0","1","0","0","0","1","0","0","0","0","0","0","0","0","0","0","0","0","0","0","0","0","0","0","0","0","0","0","0","0","0","0","0","0","0","0","0","0","0","0","0","0","1","202203","202204","2305"
"2866889","530010","70770560","45487291000122","3","1","00000000000000","","","","","","0","E","","","04","","03","36","04","","99","","","","","","","","53202611853","20220302","1","","","","","","0","0","1","0","0","0","1","0","0","0","0","0","0","0",0,0,0,"0",0,0,0,0,0,0,0,0,0,0,0,0,0,0,"0",0,0,0,1,0,0,0,0,0,0,0,0,0,0,0,0,"1",0,0,0,"0",0,0,0,0,"0",0,0,0,0,0,0,0,0,0,0,0,0,0,0,0,"0","0","0","1","0","0","0","0","0","0","0","0","0","0","0","0","0","0","0","0","0","0","0","0","1","0","0","0","1","1","0","0","0","0","0","0","0","0","0","0","0","0","0","0","0","0","0","0","0","0","0","1","0","0","0","1","0","0","0","0","0","0","0","0","0","0","0","0","0","0","0","0","0","0","0","0","0","0","0","0","0","0","0","0","0","0","0","0","0","0","0","0","1","202203","202204","2062"
"2866919","530010","70333900","43624482000163","3","1","00000000000000","","","","0015","","0","E","","","04","","01","22","03","","99","","","","","","","","CERTIFICADO DE LICENCIAME","20210923","1","","","","","","0","0","1","0","0","0","1","0","0","0","0","0","0","0",0,0,0,"0",0,0,0,0,0,0,0,0,0,0,0,0,0,0,"0",0,0,0,0,0,0,0,0,1,0,0,0,0,0,0,0,"1",0,0,0,"0",0,0,0,0,"0",0,0,0,0,0,0,0,0,0,0,0,0,0,0,0,"0","0","0","0","0","0","0","0","0","0","0","0","0","0","0","0","0","0","0","0","0","0","0","0","0","1","0","0","0","1","0","0","0","0","0","0","0","0","0","0","0","0","0","0","0","0","0","0","0","0","0","1","0","0","0","1","0","0","0","0","0","0","0","0","0","0","0","0","0","0","0","0","0","0","0","0","0","0","0","0","0","0","0","0","0","0","0","0","0","0","0","0","1","202203","202204","2062"
"2866935","530010","71916500","40044288000110","3","1","00000000000000","","","","9901","","0","E","","","04","","01","22","04","","99","","","","","","","","","","","","","","","","0","0","1","0","0","0","1","0","0","0","0","0","0","0",0,0,0,"0",0,0,0,0,0,0,0,0,0,0,0,0,0,0,"0",0,0,0,1,0,0,0,0,0,0,0,0,0,0,0,0,"1",0,0,0,"0",0,0,0,0,"0",0,0,0,0,0,0,0,0,0,0,0,0,0,0,0,"0","0","0","1","0","0","0","0","0","0","0","0","0","0","0","0","0","0","0","0","0","0","0","0","1","0","0","0","1","1","0","0","0","0","0","0","0","0","0","0","0","0","0","0","0","0","0","0","0","0","0","1","0","0","0","1","0","0","0","0","0","0","0","0","0","0","0","0","0","0","0","0","0","0","0","0","0","0","0","0","0","0","0","0","0","0","0","0","0","0","0","0","1","202203","202204","2062"
"2866978","530010","72306702","29935821000100","3","1","00000000000000","","","","0140","","0","E","","","04","","03","36","03","","99","","","","","","","","53202160185","20200610","2","","","","","","0","0","1","0","0","0","1","0","0","0","0","0","0","0",0,0,0,"0",0,0,0,0,0,0,0,0,0,0,0,0,0,0,"0",0,1,0,0,0,0,0,0,1,0,0,0,0,0,0,0,"1",0,0,0,"0",0,0,0,0,"0",0,0,0,0,0,0,0,0,0,0,0,0,0,0,0,"0","0","1","0","0","0","0","0","1","0","0","0","0","0","0","0","1","0","1","0","0","0","0","0","1","1","0","0","1","1","0","0","0","0","0","0","0","0","0","0","0","0","0","0","0","0","0","0","0","0","0","1","0","0","0","1","0","0","0","0","0","0","0","0","0","0","0","0","0","0","0","0","0","0","0","0","0","0","0","0","0","0","0","0","0","0","0","0","0","0","0","0","1","202203","202204","2062"
"2866986","530010","70340906","37904494000149","3","1","00000000000000","","","","0015","","0","E","","","04","","03","36","03","","99","","","","","","","","LICENCIAMENTO","20220124","1","","","","","","0","0","1","0","0","0","1","0","0","0","0","0","0","0",0,0,0,"0",0,0,0,0,0,0,0,0,0,0,0,0,0,0,"0",0,1,0,0,0,0,0,0,3,0,0,0,0,0,0,0,"1",0,0,0,"0",0,0,0,0,"0",0,0,0,0,0,0,0,0,0,0,0,0,0,0,0,"0","0","1","0","0","0","0","0","0","0","0","0","0","0","0","0","0","0","0","0","0","0","0","0","1","0","0","0","1","1","0","0","0","0","0","0","0","0","0","0","0","0","0","0","0","0","0","0","0","0","0","1","0","0","0","0","0","0","0","0","0","0","0","0","0","0","0","0","0","0","0","0","0","0","0","0","0","0","0","0","0","0","0","0","0","0","0","0","0","0","0","0","1","202203","202204","2062"
"2866994","530010","70701060","43093438000174","3","1","00000000000000","","","","","","0","E","","","04","","01","22","03","","99","","","","","","","","53600498933","20210813","1","","","","","","0","0","1","0","0","0","1","0","0","0","0","0","0","0",0,0,0,"0",0,0,0,0,0,0,0,0,0,0,0,0,0,0,"0",0,0,0,2,0,0,0,0,0,0,0,0,0,0,0,0,"1",0,0,0,"0",0,0,0,0,"0",0,0,0,0,0,0,0,0,0,0,0,0,0,0,0,"0","0","0","0","0","0","0","0","0","0","0","0","0","0","0","0","0","0","0","0","0","0","0","0","0","0","0","0","1","1","0","0","0","0","0","0","0","0","0","0","0","0","0","0","0","0","0","0","0","0","0","1","0","0","0","0","0","0","0","0","0","0","0","0","0","0","0","0","0","0","0","0","0","0","0","0","0","0","0","0","0","0","0","0","0","0","0","0","0","0","0","0","1","202203","202204","2305"
"2867028","530010","70390700","44959350000155","3","1","00000000000000","","","","0015","","0","E","","","04","","03","36","03","","99","","","","","","","","EAS - 001544 - 01","20220314","1","","","","","","0","0","1","0","0","0","1","0","0","0","0","0","0","0",0,0,0,"0",0,0,0,0,0,0,0,0,0,0,0,0,0,0,"0",0,0,0,1,0,0,0,0,0,0,0,0,0,0,0,0,"1",0,0,0,"0",0,0,0,0,"0",0,0,0,0,0,0,0,0,0,0,0,0,0,0,0,"0","0","1","0","0","0","0","0","0","0","0","0","0","0","0","0","0","0","0","0","0","0","0","0","1","0","0","0","1","1","0","0","0","0","0","0","0","0","0","0","0","0","0","0","0","0","0","0","0","0","0","1","0","0","0","1","0","0","0","0","0","0","0","0","0","0","0","0","0","0","0","0","0","0","0","0","0","0","0","0","0","0","0","0","0","0","0","0","0","0","0","0","1","202203","202204","2062"
"2867613","530010","71200010","25104398000137","3","1","00000000000000","","","","","","0","E","","","04","","01","22","03","","99","","","","","","","","LICENCIAMENTO RLE","20200914","1","","","","","","0","0","1","0","0","0","1","0","0","0","0","0","0","0",0,0,0,"0",0,0,0,0,0,0,0,0,0,0,0,0,0,0,"0",0,1,0,0,0,0,0,0,0,0,0,0,0,0,0,0,"1",0,0,0,"0",0,0,0,0,"0",0,0,0,0,0,0,0,0,0,0,0,0,0,0,0,"0","0","0","0","0","0","0","0","0","0","0","0","0","0","0","0","0","0","0","0","0","0","0","0","0","0","0","0","1","1","0","0","0","0","0","0","0","0","0","0","0","0","0","0","0","0","0","0","0","0","0","1","0","0","0","0","0","0","0","0","0","0","0","0","0","0","0","0","0","0","0","0","0","0","0","0","0","0","0","0","0","0","0","0","0","0","0","0","0","0","0","0","1","202203","202204","2062"
"2867648","530010","71200010","37880783000155","3","1","00000000000000","","","","","","0","E","","","04","","01","22","03","","99","","","","","","","","LICENCIAMENTO RLE","20200909","1","","","","","","0","0","1","0","0","0","1","0","0","0","0","0","0","0",0,0,0,"0",0,0,0,0,0,0,0,0,0,0,0,0,0,0,"0",0,0,0,1,0,0,0,0,0,0,0,0,0,0,0,0,"1",0,0,0,"0",0,0,0,0,"0",0,0,0,0,0,0,0,0,0,0,0,0,0,0,0,"0","0","0","0","0","0","0","0","0","0","0","0","0","0","0","0","0","0","0","0","0","0","0","0","0","0","0","0","1","1","0","0","0","0","0","0","0","0","0","0","0","0","0","0","0","0","0","0","0","0","0","1","0","0","0","0","0","0","0","0","0","0","0","0","0","0","0","0","0","0","0","0","0","0","0","0","0","0","0","0","0","0","0","0","0","0","0","0","0","0","0","0","1","202203","202204","2062"
"2867664","530010","70390150","33431904000120","3","1","00000000000000","","","","","","0","E","","","04","","01","22","03","","99","","","","","","","","LICENCIAMENTO RLE","20200718","1","","","","","","0","0","1","0","0","0","1","0","0","0","0","0","0","0",0,0,0,"0",0,0,0,0,0,0,0,0,0,0,0,0,0,0,"0",0,0,0,1,0,0,0,0,0,0,0,0,0,0,0,0,"1",0,0,0,"0",0,0,0,0,"0",0,0,0,0,0,0,0,0,0,0,0,0,0,0,0,"0","0","0","0","0","0","0","0","0","0","0","0","0","0","0","0","0","0","0","0","0","0","0","0","0","0","0","0","1","1","0","0","0","0","0","0","0","0","0","0","0","0","0","0","0","0","0","0","0","0","0","1","0","0","0","0","0","0","0","0","0","0","0","0","0","0","0","0","0","0","0","0","0","0","0","0","0","0","0","0","0","0","0","0","0","0","0","0","0","0","0","0","1","202203","202204","2062"
"2868245","530010","72010010","26138333000175","3","1","00000000000000","","","","","","0","E","","","04","","01","22","04","","99","","","","","","","","","20220220","1","","","","","","0","0","1","0","0","0","1","0","0","0","0","0","0","0",0,0,0,"0",0,0,0,0,0,0,0,0,0,0,0,0,0,0,"0",0,0,0,44,0,0,0,0,0,0,0,0,0,0,0,0,"1",0,0,0,"0",0,0,0,0,"0",0,0,0,0,0,0,0,0,0,0,0,0,0,0,0,"0","0","0","0","0","0","0","0","0","0","0","0","0","0","0","0","0","0","0","0","0","0","0","0","0","0","0","0","1","1","0","0","0","0","0","0","0","0","0","0","0","0","0","0","0","0","0","0","0","0","0","1","0","0","0","0","0","0","0","0","0","0","0","0","0","0","0","0","0","0","0","0","0","0","0","0","0","0","0","0","0","0","0","0","0","0","0","0","0","0","0","0","1","202203","202204","2062"
"2869276","530010","72410101","43650624000167","3","1","00000000000000","","","","0060","","0","E","","","04","","03","36","03","","99","","","","","","","","RLE","20220128","1","","","","","","0","0","1","0","0","0","1","0","0","0","0","0","0","0",0,0,0,"0",0,0,0,0,0,0,0,0,0,0,0,0,0,0,"0",0,0,0,1,0,0,0,0,0,0,0,0,0,0,0,0,"1",0,0,0,"0",0,0,0,0,"0",0,0,0,0,0,0,0,0,0,0,0,0,0,0,0,"0","0","1","0","0","0","0","0","0","0","0","0","0","0","0","0","0","0","0","0","0","0","0","0","1","0","0","0","1","1","0","0","0","0","0","0","0","0","0","0","0","0","0","0","0","0","0","0","0","0","0","0","0","0","0","1","0","0","0","0","0","0","0","0","0","0","0","0","0","0","0","0","0","0","0","0","0","0","0","0","0","0","0","0","0","0","0","0","0","0","0","0","1","202203","202204","2062"
"2869608","530010","72583500","29700957000122","3","1","00000000000000","","","","0150","","0","E","","","04","","03","22","03","","99","","","","","","","","ODO0061-19","20210110","1","","","","","","0","0","1","0","0","0","1","0","0","0","0","0","0","0",0,0,0,"0",0,0,0,0,0,0,0,0,1,0,0,0,0,0,"1",0,0,0,0,0,0,0,0,1,0,0,0,0,0,0,0,"1",0,0,0,"0",0,0,0,0,"0",0,1,0,0,1,0,0,0,0,0,0,0,0,0,0,"0","0","1","0","0","0","0","0","1","0","0","0","0","0","0","0","0","0","1","0","0","0","0","0","1","1","0","1","1","1","0","0","0","0","0","0","0","0","0","0","0","0","0","0","0","0","0","0","0","0","0","1","0","0","1","1","0","0","0","0","0","0","0","0","0","1","0","0","1","1","0","0","0","0","0","0","0","0","0","0","0","0","0","0","0","0","0","0","0","0","0","0","1","202203","202204","2305"
"2869969","530010","70770575","22493194000147","3","1","00000000000000","","","","","","0","E","","","04","","02","36","04","","99","","","","","","","","RLE","20220310","1","","","","","","0","0","1","0","0","0","1","0","0","0","0","0","0","0",0,0,0,"0",0,0,0,0,0,0,0,0,0,0,0,0,0,0,"0",0,0,0,1,0,0,0,0,0,0,0,0,0,0,0,0,"1",0,0,0,"0",0,0,0,0,"0",0,0,0,0,0,0,0,0,0,0,0,0,0,0,0,"0","0","1","0","0","0","0","0","0","0","0","0","0","0","0","0","0","0","0","0","0","0","0","0","1","0","0","0","1","1","0","0","0","0","0","0","0","0","0","0","0","0","0","0","0","0","0","0","0","0","0","1","0","0","0","1","0","0","0","0","0","0","0","0","0","0","0","0","0","0","0","0","0","0","0","0","0","0","0","0","0","0","0","0","0","0","0","0","0","0","0","0","1","202203","202204","2062"
"2870630","530010","72115700","45051996000100","3","1","00000000000000","","","","0180","","0","E","","","04","","03","36","04","","99","","","","","","","","53202590911","20220211","1","","","","","","0","0","1","0","0","0","1","0","0","0","0","0","0","0",0,0,0,"0",0,0,0,0,0,0,0,0,0,0,0,0,0,0,"0",0,0,0,1,0,0,0,0,0,0,0,0,0,0,0,0,"1",0,0,0,"0",0,0,0,0,"0",0,0,0,0,0,0,0,0,0,0,0,0,0,0,0,"0","0","1","0","0","0","0","0","0","0","0","0","0","0","0","0","0","0","0","0","0","0","0","0","1","0","0","0","1","1","0","0","0","0","0","0","0","0","0","0","0","0","0","0","0","0","0","0","0","0","0","1","0","0","1","1","0","0","0","0","0","0","0","0","0","0","0","0","0","0","0","0","0","0","0","0","0","0","0","0","0","0","0","0","0","0","0","0","0","0","0","0","1","202203","202204","2062"
"2870681","530010","71907540","43256268000100","3","1","00000000000000","","","","","","0","E","","","04","","03","36","03","","99","","","","","","","","EAS 001532-0","20220201","","","","","","","0","0","1","0","0","0","1","0","0","0","0","0","0","0",0,0,0,"0",0,0,0,0,0,0,0,0,0,0,0,0,0,0,"0",0,0,0,0,0,0,0,0,3,0,0,0,0,0,0,0,"1",0,0,0,"0",0,0,0,0,"0",0,0,0,0,0,0,0,0,0,0,0,0,0,0,0,"0","0","1","0","0","0","0","0","0","0","0","0","0","0","0","0","0","0","0","0","0","0","0","0","1","1","0","0","1","1","0","0","0","0","0","0","0","0","0","0","0","0","0","0","0","0","0","0","0","0","0","1","0","0","1","1","0","0","0","0","0","0","0","0","0","0","0","0","0","0","0","0","0","0","0","0","0","0","0","0","0","0","0","0","0","0","0","0","0","0","0","0","1","202203","202204","2062"
"2871157","530010","70712904","44539894000168","3","1","00000000000000","","","","","","0","E","","","04","","03","22","03","","99","","","","","","","","LICENCIAMENTO SANITARIO","20211209","1","","","","","","0","0","1","0","0","0","1","0","0","0","0","0","0","0",0,0,0,"0",0,0,0,0,0,0,0,0,0,0,0,0,0,0,"0",0,0,0,1,0,0,0,0,0,0,0,0,0,0,0,0,"1",0,0,0,"0",0,0,0,0,"0",0,0,0,0,0,0,0,0,0,0,0,0,0,0,0,"0","0","1","0","0","0","0","0","0","0","0","0","0","0","0","0","0","0","0","0","0","0","0","0","1","0","0","0","1","1","0","0","0","0","0","0","0","0","0","0","0","0","0","0","0","0","0","0","0","0","0","1","0","0","1","1","0","0","0","0","0","0","0","0","0","0","0","0","0","0","0","0","0","0","0","0","0","0","0","0","0","0","0","0","0","0","0","0","0","0","0","0","1","202203","202204","2062"
"2873168","530010","70632320","43386563000172","3","1","00000000000000","","","","","","0","E","","","04","","03","22","03","","99","","","","","","","","53202510194","20220104","2","","","","","","0","0","1","0","0","0","1","0","0","0","0","0","0","0",0,0,0,"0",0,0,0,0,0,0,0,0,0,0,0,0,0,0,"0",0,0,0,1,0,0,0,0,0,0,0,0,0,0,0,0,"1",0,0,0,"0",0,0,0,0,"0",0,0,0,0,0,0,0,0,0,0,0,0,0,0,0,"0","0","0","0","0","0","0","0","0","0","0","0","0","0","0","0","0","0","1","0","0","0","0","0","1","1","0","0","1","1","0","0","0","0","0","0","0","0","0","0","0","0","0","0","0","0","0","0","0","0","0","1","0","0","0","1","0","0","0","0","0","0","0","0","0","0","0","0","0","0","0","0","0","0","0","0","0","0","0","0","0","0","0","0","0","0","0","0","0","0","0","0","1","202203","202204","2062"
"2873192","530010","72015525","45193007000105","3","1","00000000000000","","","","0180","","0","E","","","04","","01","22","03","","99","","","","","","","","LICENCIAMENTO DIGITAL","20220208","1","","","","","","0","0","1","0","0","0","1","0","0","0","0","0","0","0",0,0,0,"0",0,0,0,0,0,0,0,0,0,0,0,0,0,0,"0",0,0,0,1,0,0,0,0,0,0,0,0,0,0,0,0,"1",0,0,0,"0",0,0,0,0,"0",0,0,0,0,0,0,0,0,0,0,0,0,0,0,0,"0","0","1","0","0","0","0","0","0","0","0","0","0","0","0","0","0","0","0","0","0","0","0","0","1","0","0","0","1","1","0","0","0","0","0","0","0","0","0","0","0","0","0","0","0","0","0","0","0","0","0","1","0","0","0","1","0","0","0","0","0","0","0","0","0","0","0","0","0","0","0","0","0","0","0","0","0","0","0","0","0","0","0","0","0","0","0","0","0","0","0","0","1","202203","202204","2062"
"2875616","530010","71950770","20320346000265","3","1","00000000000000","","","","","","0","E","","","04","","01","36","03","","99","","","","","","","","ODO.00179-14","20220321","1","","","","","","0","0","1","0","0","0","1","0","0","0","0","0","0","0",0,0,0,"0",0,0,0,0,0,0,0,0,0,0,0,0,0,0,"0",0,0,0,0,0,0,0,0,2,0,0,0,0,0,0,0,"1",0,0,0,"0",0,0,0,0,"0",0,0,0,0,0,0,0,0,0,0,0,0,0,0,0,"0","0","1","0","0","0","0","0","1","0","0","0","0","0","0","0","0","0","0","0","0","0","0","0","1","1","0","0","1","1","0","0","0","0","0","0","0","0","0","0","0","0","0","0","0","0","0","0","0","0","0","1","0","0","0","1","0","0","0","0","0","0","0","0","0","0","0","0","0","0","0","0","0","0","0","0","0","0","0","0","0","0","0","0","0","0","0","0","0","0","0","0","1","202204","202204","2240"
"2875624","530010","71573017","03628122001944","3","1","00000000000000","","","","0110","","0","E","","","04","","03","36","03","","99","","","","","","","","ODO - 0009 - 07","20211123","1","","","","","","0","0","1","0","0","0","1","0","0","0","0","0","0","0",0,0,0,"0",0,0,0,0,0,0,0,0,0,0,0,0,0,0,"0",0,1,0,0,0,0,0,0,0,0,0,0,0,0,0,0,"1",0,0,0,"0",0,0,0,0,"0",0,0,0,0,0,0,0,0,0,0,0,0,0,0,0,"0","0","1","0","0","0","0","0","0","0","0","0","0","0","0","0","0","0","0","0","0","0","0","0","1","0","0","0","1","1","0","0","0","0","0","0","0","0","0","0","0","0","0","0","0","0","0","0","0","0","0","1","0","0","0","1","0","0","0","0","0","0","0","0","0","0","0","0","0","0","0","0","0","0","0","0","0","0","0","0","0","0","0","0","0","0","0","0","0","0","0","0","1","202203","202204","2062"
"2875632","530010","70200740","32609005000102","3","1","00000000000000","","","","0015","","0","E","","","04","","03","36","03","","99","","","","","","","","EAS 20754-01","20220324","1","","","","","","0","0","1","0","0","0","1","0","0","0","0","0","0","0",0,0,0,"0",0,0,0,0,0,0,0,0,0,0,0,0,0,0,"0",2,0,0,0,0,0,0,0,0,0,0,0,0,0,0,0,"1",0,0,0,"0",0,0,0,0,"0",0,0,0,0,0,0,0,0,0,0,0,0,0,0,0,"0","0","1","0","0","0","0","0","0","0","0","0","0","0","0","0","0","0","0","0","0","0","0","0","1","1","0","0","1","1","0","0","0","0","0","0","0","0","0","0","0","0","0","0","0","0","0","0","0","0","0","1","0","0","0","1","0","0","0","0","0","0","0","0","0","0","0","0","0","0","0","0","0","0","0","0","0","0","0","0","0","0","0","0","0","0","0","0","0","0","0","0","1","202203","202204","2135"
"2875640","530010","70712903","45404764000180","3","1","00000000000000","","","","0005","","0","E","","","04","","01","36","03","","99","","","","","","","","DISPENSA","20220302","1","","","","","","0","0","1","0","0","0","1","0","0","0","0","0","0","0",0,0,0,"0",0,0,0,0,0,0,0,0,0,0,0,0,0,0,"0",0,0,0,1,0,0,0,0,0,0,0,0,0,0,0,0,"1",0,0,0,"0",0,0,0,0,"0",0,0,0,0,0,0,0,0,0,0,0,0,0,0,0,"0","0","1","0","0","0","0","0","0","0","0","0","0","0","0","0","0","0","0","0","0","0","0","0","1","0","0","0","1","1","0","0","0","0","0","0","0","0","0","0","0","0","0","0","0","0","0","0","0","0","0","1","0","0","0","0","0","0","0","0","0","0","0","0","0","0","0","0","0","0","0","0","0","0","0","0","0","0","0","0","0","0","0","0","0","0","0","0","0","0","0","0","1","202203","202204","2062"
"2875659","530010","72546220","43582150000163","3","1","00000000000000","","","","","","0","E","","","04","","03","22","03","","99","","","","","","","","53101475792","20210920","1","","","","","","0","0","1","0","0","0","1","0","0","0","0","0","0","0",0,0,0,"0",0,0,0,0,0,0,0,0,0,0,0,0,0,0,"0",0,0,0,1,0,0,0,0,0,0,0,0,0,0,0,0,"1",0,0,0,"0",0,0,0,0,"0",0,0,0,0,0,0,0,0,0,0,0,0,0,0,0,"0","0","0","0","0","0","0","0","0","0","0","0","0","0","0","0","0","0","0","0","0","0","0","0","0","0","0","0","1","1","0","0","0","0","0","0","0","0","0","0","0","0","0","0","0","0","0","0","0","0","0","1","0","0","0","0","0","0","0","0","0","0","0","0","0","0","0","0","0","0","0","0","0","0","0","0","0","0","0","0","0","0","0","0","0","0","0","0","0","0","0","0","1","202203","202204","2135"
"2878364","530010","70077900","45312680000117","3","1","00000000000000","","","","0010","","0","E","","","04","","03","22","03","","99","","","","","","","","ODO-00497-02","20220319","1","","","","","","0","0","1","0","0","0","1","0","0","0","0","0","0","0",0,0,0,"0",0,0,0,0,0,0,0,0,0,0,0,0,0,0,"0",0,0,0,0,0,0,0,0,2,0,0,0,0,0,0,0,"1",0,0,0,"0",0,0,0,0,"0",0,0,0,0,0,0,0,0,0,0,0,0,0,0,0,"0","0","1","0","0","0","0","0","1","0","0","0","0","0","0","0","0","0","0","0","0","0","0","0","1","1","0","0","1","1","0","0","0","0","0","0","0","0","0","0","0","0","0","0","0","0","0","0","0","0","0","1","0","0","0","1","0","0","0","0","0","0","0","0","0","0","0","0","0","0","0","0","0","0","0","0","0","0","0","0","0","0","0","0","0","0","0","0","0","0","0","0","1","202203","202204","2062"
"2878399","530010","71570201","39763179000417","3","1","00000000000000","","","","0110","","0","E","","","04","","03","39","03","","99","","","","","","","","LAB.00006-05","20201218","1","","","","","","0","0","1","0","0","0","1","0","0","0","0","0","0","0",0,0,0,"0",0,0,0,0,0,0,0,0,0,0,0,0,0,0,"0",0,0,0,0,0,0,0,0,0,0,0,1,0,0,0,0,"1",0,0,0,"0",0,0,0,0,"0",0,0,0,0,0,0,0,0,0,0,0,0,0,0,0,"0","0","0","0","0","0","0","0","0","0","0","0","0","0","0","0","0","0","0","0","0","0","0","0","0","1","0","0","1","1","0","0","0","0","0","0","0","0","0","0","0","0","0","0","0","0","0","0","0","0","0","1","0","0","1","1","0","0","0","0","0","0","0","0","0","0","0","0","0","0","0","0","0","0","0","0","0","0","0","0","0","0","0","0","0","0","0","0","0","0","0","0","1","202203","202204","2062"
"2880067","530010","70390150","30036167000173","3","1","00000000000000","","","","","","0","E","","","04","","01","36","03","","99","","","","","","","","0566-01/2022","20220114","1","","","","","","0","0","1","0","0","0","1","0","0","0","0","0","0","0",0,0,0,"0",0,0,0,0,0,0,0,0,0,0,0,0,0,0,"0",0,3,0,0,0,0,0,0,0,0,0,0,0,0,0,0,"1",0,0,0,"0",0,0,0,0,"0",0,0,0,0,0,0,0,0,0,0,0,0,0,0,0,"0","0","1","0","0","0","0","0","0","0","0","0","0","0","0","0","0","0","0","0","0","0","0","0","1","1","0","0","1","1","0","0","0","0","0","0","0","0","0","0","0","0","0","0","0","0","0","0","0","0","0","1","0","0","0","1","0","0","0","0","0","0","0","0","0","0","0","0","0","0","0","0","0","0","0","0","0","0","0","0","0","0","0","0","0","0","0","0","0","0","0","0","1","202204","202204","2062"
"2880105","530010","70300000","39401738000104","3","1","00000000000000","","","","","","0","E","","","04","","03","36","03","","99","","","","","","","","ODO-4513","20210723","1","","","","","","0","0","1","0","0","0","1","0","0","0","0","0","0","0",0,0,0,"0",0,0,0,0,0,0,0,0,0,0,0,0,0,0,"0",0,0,0,0,0,0,0,0,2,0,0,0,0,0,0,0,"1",0,0,0,"0",0,0,0,0,"0",0,0,0,0,0,0,0,0,0,0,0,0,0,0,0,"0","0","1","0","0","0","0","0","1","0","0","0","0","0","0","0","0","0","0","0","0","0","0","0","1","1","0","0","1","1","0","0","0","0","0","0","0","0","0","0","0","0","0","0","0","0","0","0","0","0","0","1","0","0","0","1","0","0","0","0","0","0","0","0","0","0","0","0","0","0","0","0","0","0","0","0","0","0","0","0","0","0","0","0","0","0","0","0","0","0","0","0","1","202204","202204","2305"
"2880210","530010","72120010","43551963000196","3","1","00000000000000","","","","0180","","0","E","","","04","","03","36","03","","99","","","","","","","","ODO 00985-0","20220303","","","","","","","0","0","1","0","0","0","1","0","0","0","0","0","0","0",0,0,0,"0",0,0,0,0,0,0,0,0,0,0,0,0,0,0,"0",0,0,0,0,0,0,0,0,3,0,0,0,0,0,0,0,"1",0,0,0,"0",0,0,0,0,"0",0,0,0,0,0,0,0,0,0,0,0,0,0,0,0,"0","0","1","0","0","0","0","0","0","0","0","0","0","0","0","0","0","0","0","0","0","0","0","0","1","1","0","0","1","1","0","0","0","0","0","0","0","0","0","0","0","0","0","0","0","0","0","0","0","0","0","1","0","0","1","1","0","0","0","0","0","0","0","0","0","0","0","0","0","0","0","0","0","0","0","0","0","0","0","0","0","0","0","0","0","0","0","0","0","0","0","0","1","202204","202204","2062"
"2880539","530010","72010120","45156760000120","3","1","00000000000000","","","","","","0","E","","","04","","03","22","03","","99","","","","","","","","","","1","","","","","","0","0","1","0","0","0","1","0","0","0","0","0","0","0",0,0,0,"0",0,0,0,0,0,0,0,0,0,0,0,0,0,0,"0",0,0,0,0,0,0,0,0,1,0,0,0,0,0,0,0,"1",0,0,0,"0",0,0,0,0,"0",0,0,0,0,0,0,0,0,0,0,0,0,0,0,0,"0","0","0","0","0","0","0","0","0","0","0","0","0","0","0","0","0","0","0","0","0","0","0","0","0","1","0","0","0","1","0","0","0","0","0","0","0","0","0","0","0","0","0","0","0","0","0","0","0","0","0","1","0","0","0","0","0","0","0","0","0","0","0","0","0","0","0","0","0","0","0","0","0","0","0","0","0","0","0","0","0","0","0","0","0","0","0","0","0","0","0","0","1","202204","202204","2062"
"2881101","530010","72215178","42732911000153","3","1","00000000000000","","","","0040","","0","E","","","04","","03","36","03","","99","","","","","","","","EAS 00856-16/2022","20220217","1","","","","","","0","0","1","0","0","0","1","0","0","0","0","0","0","0",0,0,0,"0",0,0,0,0,0,0,0,0,0,0,0,0,0,0,"0",0,2,0,0,0,0,0,0,0,0,0,0,0,0,0,0,"1",0,0,0,"0",0,0,0,0,"0",0,0,0,0,0,0,0,0,0,0,0,0,0,0,0,"0","0","1","0","0","0","0","0","0","0","0","0","0","0","0","0","0","0","0","0","0","0","0","0","1","1","0","0","1","1","0","0","0","0","0","0","0","0","0","0","0","0","0","0","0","0","0","0","0","0","0","1","0","0","0","1","0","0","0","0","0","0","0","0","0","0","0","0","0","0","0","0","0","0","0","0","0","0","0","0","0","0","0","0","0","0","0","0","0","0","0","0","1","202204","202204","2062"
"2882345","530010","71927540","44220540000156","3","1","00000000000000","","","","","","0","E","","","04","","03","36","03","","99","","","","","","","","53202549228","20220310","1","","","","","","0","0","1","0","0","0","1","0","0","0","0","0","0","0",0,0,0,"0",0,0,0,0,0,0,0,0,0,0,0,0,0,0,"0",0,0,0,2,0,0,0,0,0,0,0,0,0,0,0,0,"1",0,0,0,"0",0,0,0,0,"0",0,0,0,0,0,0,0,0,0,0,0,0,0,0,0,"0","0","1","0","0","0","0","0","0","0","0","0","0","0","0","0","0","0","0","0","0","0","0","0","1","0","0","0","1","1","0","0","0","0","0","0","0","0","0","0","0","0","0","0","0","0","0","0","0","0","0","1","0","0","0","0","0","0","0","0","0","0","0","0","0","0","0","0","0","0","0","0","0","0","0","0","0","0","0","0","0","0","0","0","0","0","0","0","0","0","0","0","1","202204","202204","2062"
"2882590","530010","70770532","38831077000186","3","1","00000000000000","","","","0010","","0","E","","","04","","01","36","03","","99","","","","","","","","53202361130","20201019","1","","","","","","0","0","1","0","0","0","1","0","0","0","0","0","0","0",0,0,0,"0",0,0,0,0,0,0,0,0,0,0,0,0,0,0,"0",0,1,0,0,0,0,0,0,0,0,0,0,0,0,0,0,"1",0,0,0,"0",0,0,0,0,"0",0,0,0,0,0,0,0,0,0,0,0,0,0,0,0,"0","0","1","0","0","0","0","0","0","0","0","0","0","0","0","0","0","0","0","0","0","0","0","0","1","0","0","0","1","1","0","0","0","0","0","0","0","0","0","0","0","0","0","0","0","0","0","0","0","0","0","1","0","0","0","1","0","0","0","0","0","0","0","0","0","0","0","0","0","0","0","0","0","0","0","0","0","0","0","0","0","0","0","0","0","0","0","0","0","0","0","0","1","202204","202204","2062"
"2882612","530010","71200010","37011000000105","3","1","00000000000000","","","","0010","","0","E","","","04","","01","22","07","","99","","","","","","","","RLE DISPENSA","20200427","2","","","","","","0","0","1","0","0","0","1","0","0","0","0","0","0","0",0,0,0,"0",0,0,0,0,0,0,0,0,0,0,0,0,0,0,"0",1,0,0,0,0,0,0,0,0,0,0,0,0,0,0,0,"1",0,0,0,"0",0,0,0,0,"0",0,0,0,0,0,0,0,0,0,0,0,0,0,0,0,"0","0","1","0","0","0","0","0","0","0","0","0","0","0","0","0","0","0","0","0","0","0","0","0","1","0","0","0","1","1","0","0","0","0","0","0","0","0","0","0","0","0","0","0","0","0","0","0","0","0","0","1","0","0","1","1","0","0","0","0","0","0","0","0","0","0","0","0","0","0","0","0","0","0","0","0","0","0","0","0","0","0","0","0","0","0","0","0","0","0","0","0","1","202204","202204","2135"
"2882817","530010","71900100","26502725000171","3","1","00000000000000","","","","","","0","E","","","04","","03","22","04","","99","","","","","","","","","","1","","","","","","0","0","1","0","0","0","1","0","0","0","0","0","0","0",0,0,0,"0",0,0,0,0,0,0,0,0,0,0,0,0,0,0,"0",1,0,0,0,0,0,0,0,0,0,0,0,0,0,0,0,"1",0,0,0,"0",0,0,0,0,"0",0,0,0,0,0,0,0,0,0,0,0,0,0,0,0,"0","0","0","1","0","0","0","0","0","0","0","0","0","0","0","0","0","0","0","0","0","0","0","0","1","0","0","0","1","1","0","0","0","0","0","0","0","0","0","0","0","0","0","0","0","0","0","0","0","0","0","1","0","0","1","1","0","0","0","0","0","0","0","0","0","0","0","0","0","0","0","0","0","0","0","0","0","0","0","0","0","0","0","0","0","0","0","0","0","0","0","0","1","202204","202204","2062"
"2884267","530010","72405125","36527333000110","3","1","00000000000000","","","","0060","","0","E","","","04","","01","22","03","","99","","","","","","","","RLE","20200303","1","","","","","","0","0","1","0","0","0","1","0","0","0","0","0","0","0",0,0,0,"0",0,0,0,0,0,0,0,0,0,0,0,0,0,0,"0",0,0,0,1,0,0,0,0,0,0,0,0,0,0,0,0,"1",0,0,0,"0",0,0,0,0,"0",0,0,0,0,0,0,0,0,0,0,0,0,0,0,0,"0","0","1","0","0","0","0","0","0","0","0","0","0","0","0","0","0","0","0","0","0","0","0","0","1","0","0","0","1","1","0","0","0","0","0","0","0","0","0","0","0","0","0","0","0","0","0","0","0","0","0","1","0","0","0","0","0","0","0","0","0","0","0","0","0","0","0","0","0","0","0","0","0","0","0","0","0","0","0","0","0","0","0","0","0","0","0","0","0","0","0","0","1","202204","202204","2062"
"2884801","530010","72115610","00520237001175","3","1","00000000000000","","","","","","0","E","","","04","","03","36","03","","99","","","","","","","","53237082260","20211031","2","","","","","","0","0","1","0","0","0","1","0","0","0","0","0","0","0",0,0,0,"0",0,0,0,0,0,0,0,0,0,0,0,0,0,0,"0",0,3,0,0,0,0,0,0,0,0,0,0,0,0,0,0,"1",0,0,0,"0",0,0,0,0,"0",0,0,0,0,0,0,0,0,0,0,0,0,0,0,0,"0","0","0","0","0","0","0","0","0","0","0","0","0","0","0","0","0","0","0","0","0","0","0","0","0","1","0","0","1","1","0","0","0","0","0","0","0","0","0","0","0","0","0","0","0","0","0","0","0","0","0","1","0","0","0","1","0","0","0","0","0","0","0","0","0","0","0","0","0","0","0","0","0","0","0","0","0","0","0","0","0","0","0","0","0","0","0","0","0","0","0","0","1","202204","202204","2062"
"2885468","530010","70714020","40811720000151","3","1","00000000000000","","","","0005","","0","E","","","04","","03","36","03","","99","","","","","","","","EAS 00791-02","20210415","1","","","","","","0","0","1","0","0","0","1","0","0","0","0","0","0","0",0,0,0,"0",0,0,0,0,0,0,0,0,0,0,0,0,0,0,"0",0,1,0,0,0,0,0,0,0,0,0,0,0,0,0,0,"1",0,0,0,"0",0,0,0,0,"0",0,0,0,0,0,0,0,0,0,0,0,0,0,0,0,"0","0","1","0","0","0","0","0","0","0","0","0","0","0","0","0","0","0","0","0","0","0","0","0","1","0","0","0","1","1","0","0","0","0","0","0","0","0","0","0","0","0","0","0","0","0","0","0","0","0","0","1","0","0","0","0","0","0","0","0","0","0","0","0","0","0","0","0","0","0","0","0","0","0","0","0","0","0","0","0","0","0","0","0","0","0","0","0","0","0","0","0","1","202204","202204","2062"
"2888068","530010","70200760","40226974000102","3","1","00000000000000","","","","","","0","E","","","04","","01","22","03","","99","","","","","","","","53202396405","20220317","1","","","","","","0","0","1","0","0","0","1","0","0","0","0","0","0","0",0,0,0,"0",0,0,0,0,0,0,0,0,0,0,0,0,0,0,"0",0,0,0,0,0,0,0,0,2,0,0,0,0,0,0,0,"1",0,0,0,"0",0,0,0,0,"0",0,0,0,0,0,0,0,0,0,0,0,0,0,0,0,"0","0","1","0","0","0","0","0","0","0","0","0","0","0","0","0","0","0","0","0","0","0","0","0","1","0","0","0","1","1","0","0","0","0","0","0","0","0","0","0","0","0","0","0","0","0","0","0","0","0","0","1","0","0","0","1","0","0","0","0","0","0","0","0","0","0","0","0","0","0","0","0","0","0","0","0","0","0","0","0","0","0","0","0","0","0","0","0","0","0","0","0","1","202204","202204","2062"
"2888343","530010","70200760","45617683000169","3","1","00000000000000","","RA I","","0015","","0","E","","","04","","01","22","03","","99","","","","","","","","","","","","","","","","0","0","1","0","0","0","1","0","0","0","0","0","0","0",0,0,0,"0",0,0,0,0,0,0,0,0,0,0,0,0,0,0,"0",1,0,0,0,0,0,0,0,0,0,0,0,0,0,0,0,"1",0,0,0,"0",0,0,0,0,"0",0,0,0,0,0,0,0,0,0,0,0,0,0,0,0,"0","0","0","0","0","0","0","0","1","0","0","0","0","0","0","0","0","0","0","0","0","0","0","0","1","1","0","0","1","1","0","0","0","0","0","0","0","0","0","0","0","0","0","0","0","0","0","0","0","0","0","1","0","0","0","0","0","0","1","0","0","0","0","0","0","0","0","0","0","0","0","0","0","0","0","0","0","0","0","0","0","0","0","0","0","0","0","0","0","0","0","0","1","202204","202204","2062"
"2889110","530010","70297400","44770854000122","3","1","00000000000000","","","","0010","","0","E","","","04","","03","36","03","","99","","","","","","","","","","","","","","","","0","0","1","0","0","0","1","0","0","0","0","0","0","0",0,0,0,"0",0,0,0,0,0,0,0,0,0,0,0,0,0,0,"0",0,0,0,0,0,0,0,0,1,0,0,0,0,0,0,0,"1",0,0,0,"0",0,0,0,0,"0",0,0,0,0,0,0,0,0,0,0,0,0,0,0,0,"0","0","1","0","0","0","0","0","0","0","0","0","0","0","0","0","0","0","1","0","0","0","0","0","1","1","0","0","1","1","0","0","0","0","0","0","0","0","0","0","0","0","0","0","0","0","0","0","0","0","0","1","0","0","0","1","0","0","0","0","0","0","0","0","0","0","0","0","0","0","0","0","0","0","0","0","0","0","0","0","0","0","0","0","0","0","0","0","0","0","0","0","1","202204","202204","2062"
"2889633","530010","71926000","28193998000450","3","1","00000000000000","","","","9901","","0","E","","","04","","03","22","03","","99","","","","","","","","RLE","20220203","1","","","","","","0","0","1","0","0","0","1","0","0","0","0","0","0","0",0,0,0,"0",0,0,0,0,0,0,0,0,0,0,0,0,0,0,"0",0,1,0,0,0,0,0,0,0,0,0,0,0,0,0,0,"1",0,0,0,"0",0,0,0,0,"0",0,0,0,0,0,0,0,0,0,0,0,0,0,0,0,"0","0","1","0","0","0","0","0","0","0","0","0","0","0","0","0","0","0","0","0","0","0","0","0","1","1","0","0","1","1","0","0","0","0","0","0","0","0","0","0","0","0","0","0","0","0","0","0","0","0","0","1","0","0","0","1","0","0","0","0","0","0","0","0","0","0","0","0","0","0","0","0","0","0","0","0","0","0","0","0","0","0","0","0","0","0","0","0","0","0","0","0","1","202204","202204","2062"
"2889781","530010","71615730","26701188000199","3","1","00000000000000","","","","","","0","E","","","04","","03","36","03","","99","","","","","","","","RLE","20210517","1","","","","","","0","0","1","0","0","0","1","0","0","0","0","0","0","0",0,0,0,"0",0,0,0,0,0,0,0,0,0,0,0,0,0,0,"0",0,2,0,0,0,0,0,0,0,0,0,0,0,0,0,0,"1",0,0,0,"0",0,0,0,0,"0",0,0,0,0,0,0,0,0,0,0,0,0,0,0,0,"0","0","1","0","0","0","0","0","0","0","0","0","0","0","0","0","0","0","0","0","0","0","0","0","1","1","0","0","1","1","0","0","0","0","0","0","0","0","0","0","0","0","0","0","0","0","0","0","0","0","0","1","0","0","0","1","0","0","0","0","0","0","0","0","0","0","0","0","0","0","0","0","0","0","0","0","0","0","0","0","0","0","0","0","0","0","0","0","0","0","0","0","1","202204","202204","2062"
"2889889","530010","73031510","45460981000198","3","1","00000000000000","","","","0170","","0","E","","","04","","03","73","01","","99","","","","","","","","LICENCA SANITARIA","20220323","1","","","","","","0","0","1","0","0","0","1","0","0","0","0","0","0","0",0,0,0,"0",0,0,0,0,0,0,0,0,0,0,0,0,0,0,"0",0,5,0,0,0,0,0,0,0,0,0,0,0,0,0,0,"1",0,0,0,"0",0,0,0,0,"0",0,0,0,0,0,0,0,0,0,0,0,0,0,0,0,"0","0","1","0","0","0","0","0","0","0","0","0","0","0","0","0","0","0","0","0","0","0","0","0","1","1","0","0","1","1","0","0","0","0","0","0","0","0","0","0","0","0","0","0","0","0","0","0","0","0","0","1","0","0","0","1","0","0","0","0","0","0","0","0","0","0","0","0","0","0","0","0","0","0","0","0","0","0","0","0","0","0","0","0","0","0","0","0","0","0","0","0","1","202204","202204","2062"
"2890747","530010","70710904","44873584000185","3","1","00000000000000","","","","0005","","0","E","","","04","","03","36","03","","99","","","","","","","","AES 00357-02","20220407","1","","","","","","0","0","1","0","0","0","1","0","0","0","0","0","0","0",0,0,0,"0",0,0,0,0,0,0,0,0,0,0,0,0,0,0,"0",0,1,0,0,0,0,0,0,0,0,0,0,0,0,0,0,"1",0,0,0,"0",0,0,0,0,"0",0,0,0,0,0,0,0,0,0,0,0,0,0,0,0,"0","0","1","0","0","0","0","0","0","0","0","0","0","0","0","0","0","0","0","0","0","0","0","0","1","0","0","0","1","1","0","0","0","0","0","0","0","0","0","0","0","0","0","0","0","0","0","0","0","0","0","1","0","0","0","1","0","0","0","0","0","0","0","0","0","0","0","0","0","0","0","0","0","0","0","0","0","0","0","0","0","0","0","0","0","0","0","0","0","0","0","0","1","202204","202204","2062"
"2890828","530010","70390095","41451896000102","3","1","00000000000000","","","","0015","","0","E","","","04","","03","36","03","","99","","","","","","","","ODO 00153 - 1","20210407","1","","","","","","0","0","1","0","0","0","1","0","0","0","0","0","0","0",0,0,0,"0",0,0,0,0,0,0,0,0,0,0,0,0,0,0,"0",0,0,0,0,0,0,0,0,2,0,0,0,0,0,0,0,"1",0,0,0,"0",0,0,0,0,"0",0,0,0,0,0,0,0,0,0,0,0,0,0,0,0,"0","0","1","0","0","0","0","0","0","0","0","0","0","0","0","0","0","0","0","0","0","0","0","0","1","1","0","0","1","1","0","0","0","0","0","0","0","0","0","0","0","0","0","0","0","0","0","0","0","0","0","1","0","0","0","1","0","0","0","0","0","0","0","0","0","0","0","0","0","0","0","0","0","0","0","0","0","0","0","0","0","0","0","0","0","0","0","0","0","0","0","0","1","202204","202204","2062"
"2891646","530010","70390700","45687034000134","3","1","00000000000000","","","ASA SU","0015","","0","E","","","04","","02","36","03","","99","","","","","","","","DISPENSADO","20220330","1","","","","","","0","0","1","0","0","0","1","0","0","0","0","0","0","0",0,0,0,"0",0,0,0,0,0,0,0,0,0,0,0,0,0,0,"0",0,0,0,2,0,0,0,0,0,0,0,0,0,0,0,0,"1",0,0,0,"0",0,0,0,0,"0",0,0,0,0,0,0,0,0,0,0,0,0,0,0,0,"0","0","1","0","0","0","0","0","0","0","0","0","0","0","0","0","0","1","0","1","0","0","0","0","1","0","0","0","1","1","0","0","0","0","0","0","0","0","0","0","0","0","0","0","0","0","0","0","0","0","0","1","0","0","1","0","0","0","0","0","0","0","0","0","0","0","0","0","0","0","0","0","0","0","0","0","0","0","0","0","0","0","0","0","0","0","0","0","0","0","0","0","1","202204","202204","2062"
"2892286","530010","71906750","23107289000148","3","1","00000000000000","","","","","","0","E","","","04","","01","36","03","","99","","","","","","","","53202610725","20220318","1","","","","","","0","0","1","0","0","0","1","0","0","0","0","0","0","0",0,0,0,"0",0,0,0,0,0,0,0,0,0,0,0,0,0,0,"0",0,0,0,1,0,0,0,0,0,0,0,0,0,0,0,0,"1",0,0,0,"0",0,0,0,0,"0",0,0,0,0,0,0,0,0,0,0,0,0,0,0,0,"0","0","1","0","0","0","0","0","0","0","0","0","0","0","0","0","0","1","0","1","0","0","0","0","1","0","0","0","1","1","0","0","0","0","0","0","0","0","0","0","0","0","0","0","0","0","0","0","0","0","0","1","0","0","0","1","0","0","0","0","0","0","0","0","0","0","0","0","0","0","0","0","0","0","0","0","0","0","0","0","0","0","0","0","0","0","0","0","0","0","0","0","1","202204","202204","2062"
"2892626","530010","72025015","44753394000124","3","1","00000000000000","","","","","","0","E","","","04","","03","22","03","","99","","","","","","","","530020221310","20211216","1","","","","","","0","0","1","0","0","0","1","0","0","0","0","0","0","0",0,0,0,"0",0,0,0,0,0,0,0,0,0,0,0,0,0,0,"0",0,0,0,2,0,0,0,0,0,0,0,0,0,0,0,0,"1",0,0,0,"0",0,0,0,0,"0",0,0,0,0,0,0,0,0,0,0,0,0,0,0,0,"0","0","1","0","0","0","0","0","0","0","0","0","0","0","0","0","0","0","0","0","0","0","0","0","1","1","0","0","1","1","0","0","0","0","0","0","0","0","0","0","0","0","0","0","0","0","0","0","0","0","0","1","0","0","0","1","0","0","0","0","0","0","0","0","0","0","0","0","0","0","0","0","0","0","0","0","0","0","0","0","0","0","0","0","0","0","0","0","0","0","0","0","1","202204","202204","2062"
"2893371","530010","71503505","44087585000102","3","1","00000000000000","","","","0080","","0","E","","","04","","03","36","03","","99","","","","","","","","RLE","20211201","1","","","","","","0","0","1","0","0","0","1","0","0","0","0","0","0","0",0,0,0,"0",0,0,0,0,0,0,0,0,0,0,0,0,0,0,"0",0,2,0,0,0,0,0,0,0,0,0,0,0,0,0,0,"1",0,0,0,"0",0,0,0,0,"0",0,0,0,0,0,0,0,0,0,0,0,0,0,0,0,"0","0","1","0","0","0","0","0","0","0","0","0","0","0","0","0","0","0","0","0","0","0","0","0","1","1","0","0","1","1","0","0","0","0","0","0","0","0","0","0","0","0","0","0","0","0","0","0","0","0","0","1","0","0","0","1","0","0","0","0","0","0","0","0","0","0","0","0","0","0","0","0","0","0","0","0","0","0","0","0","0","0","0","0","0","0","0","0","0","0","0","0","1","202204","202204","2062"
"2893436","530010","71950770","06310771000161","3","1","00000000000000","","","","9901","","0","E","","","04","","03","22","04","","99","","","","","","","","53201245926 DISPENSA","20210225","1","","","","","","0","0","1","0","0","0","1","0","0","0","0","0","0","0",0,0,0,"0",0,0,0,0,0,0,0,0,0,0,0,0,0,0,"0",0,1,0,0,0,0,0,0,0,0,0,0,0,0,0,0,"1",0,0,0,"0",0,0,0,0,"0",0,0,0,0,0,0,0,0,0,0,0,0,0,0,0,"0","0","1","0","0","0","0","0","0","0","0","0","0","0","0","0","0","0","0","0","0","0","0","0","1","0","0","0","1","1","0","0","0","0","0","0","0","0","0","0","0","0","0","0","0","0","0","0","0","0","0","1","0","0","0","0","0","0","0","0","0","0","0","0","0","0","0","0","0","0","0","0","0","0","0","0","0","0","0","0","0","0","0","0","0","0","0","0","0","0","0","0","1","202204","202204","2062"
"2893525","530010","70719903","41008594000164","3","1","00000000000000","","","","0005","","0","E","","","04","","03","22","03","","99","","","","","","","","53202419804","20210226","1","","","","","","0","0","1","0","0","0","1","0","0","0","0","0","0","0",0,0,0,"0",0,0,0,0,0,0,0,0,0,0,0,0,0,0,"0",0,0,0,0,0,0,0,0,1,0,0,0,0,0,0,0,"1",0,0,0,"0",0,0,0,0,"0",0,0,0,0,0,0,0,0,0,0,0,0,0,0,0,"0","0","1","0","0","0","0","0","0","0","0","0","0","0","0","0","0","0","0","0","0","0","0","0","1","1","0","0","1","1","0","0","0","0","0","0","0","0","0","0","0","0","0","0","0","0","0","0","0","0","0","1","0","0","0","0","0","0","0","0","0","0","0","0","0","0","0","0","0","0","0","0","0","0","0","0","0","0","0","0","0","0","0","0","0","0","0","0","0","0","0","0","1","202204","202204","2062"
"2893754","530010","70077900","38479430000100","3","1","00000000000000","","","","","","0","E","","","04","","01","22","03","","99","","","","","","","","ODO.00347-02","20210910","1","","","","","","0","0","1","0","0","0","1","0","0","0","0","0","0","0",0,0,0,"0",0,0,0,0,0,0,0,0,0,0,0,0,0,0,"0",0,0,0,0,0,0,0,0,1,0,0,0,0,0,0,0,"1",0,0,0,"0",0,0,0,0,"0",0,0,0,0,0,0,0,0,0,0,0,0,0,0,0,"0","0","1","0","0","0","0","0","1","0","0","0","0","0","0","0","0","0","0","0","0","0","0","0","1","1","0","0","1","1","0","0","0","0","0","0","0","0","0","0","0","0","0","0","0","0","0","0","0","0","0","1","0","0","0","0","0","0","0","0","0","0","0","0","0","0","0","0","0","0","0","0","0","0","0","0","0","0","0","0","0","0","0","0","0","0","0","0","0","0","0","0","1","202204","202204","2062"
"2895668","530010","70711000","40726878000123","3","1","00000000000000","","","","","","0","E","","","04","","03","36","03","","99","","","","","","","","202200250014","20220219","1","","","","","","0","0","1","0","0","0","1","0","0","0","0","0","0","0",0,0,0,"0",0,0,0,0,0,0,0,0,0,0,0,0,0,0,"0",0,1,0,0,0,0,0,0,0,0,0,0,0,0,0,0,"1",0,0,0,"0",0,0,0,0,"0",0,0,0,0,0,0,0,0,0,0,0,0,0,0,0,"0","0","1","0","0","0","0","0","0","0","0","0","0","0","0","0","0","0","0","0","0","0","0","0","1","0","0","0","1","1","0","0","0","0","0","0","0","0","0","0","0","0","0","0","0","0","0","0","0","0","0","1","0","0","0","0","0","0","0","0","0","0","0","0","0","0","0","0","0","0","0","0","0","0","0","0","0","0","0","0","0","0","0","0","0","0","0","0","0","0","0","0","1","202204","202204","2062"
"2895730","530010","70712040","45618732000188","3","1","00000000000000","","","","","","0","E","","","04","","","22","04","","99","","","","","","","","RLE DIGITAL DF","20220101","1","","","","","","0","0","1","0","0","0","1","0","0","0","0","0","0","0",0,0,0,"0",0,0,0,0,0,0,0,0,0,0,0,0,0,0,"0",0,0,0,1,0,0,0,0,0,0,0,0,0,0,0,0,"1",0,0,0,"0",0,0,0,0,"0",0,0,0,0,0,0,0,0,0,0,0,0,0,0,0,"0","0","0","0","0","0","0","0","0","0","0","0","0","0","0","0","0","0","0","0","0","0","0","0","0","0","0","0","1","1","0","0","0","0","0","0","0","0","0","0","0","0","0","0","0","0","0","0","0","0","0","1","0","0","0","0","0","0","0","0","0","0","0","0","0","0","0","0","0","0","0","0","0","0","0","0","0","0","0","0","0","0","0","0","0","0","0","0","0","0","0","0","1","202204","202204","2062"
"2895773","530010","72215178","00454686001758","3","1","00000000000000","","","","0040","","0","E","","","04","","01","39","03","","99","","","","","","","","","","","","","","","","0","0","1","0","0","0","1","0","0","0","0","0","0","0",0,0,0,"0",0,0,0,0,0,0,0,0,0,0,0,0,0,0,"0",0,0,0,0,0,0,0,0,0,0,0,0,0,0,0,0,"0",0,0,0,"0",0,0,0,0,"0",0,0,0,0,0,0,0,0,0,0,0,0,0,0,0,"0","0","0","0","0","0","0","0","0","0","0","0","0","0","0","0","0","0","0","0","0","0","0","0","0","1","1","0","1","1","0","0","0","0","0","0","0","0","0","0","0","0","0","0","0","0","0","0","0","0","0","1","0","0","0","1","0","0","1","0","0","0","1","0","0","0","0","0","0","0","0","0","0","0","0","0","0","0","0","0","0","0","0","0","0","0","0","0","0","0","0","0","1","202204","202204","2062"
"2895870","530010","72250514","43092982000100","3","1","00000000000000","","","","0040","","0","E","","","04","","03","36","03","","99","","","","","","","","ODO.00850-16/2022","20220330","1","","","","","","0","0","1","0","0","0","1","0","0","0","0","0","0","0",0,0,0,"0",0,0,0,0,0,0,0,0,0,0,0,0,0,0,"0",0,0,0,0,0,0,0,0,1,0,0,0,0,0,0,0,"1",0,0,0,"0",0,0,0,0,"0",0,0,0,0,0,0,0,0,0,0,0,0,0,0,0,"0","0","1","0","0","0","0","0","1","0","0","0","0","0","0","0","0","0","0","0","0","0","0","0","1","1","1","1","1","1","0","0","0","0","0","0","0","0","0","0","0","0","0","0","0","0","0","0","0","0","0","1","0","0","0","1","0","0","0","0","0","0","0","0","0","0","0","0","0","0","0","0","0","0","0","0","0","0","0","0","0","0","0","0","0","0","0","0","0","0","0","0","1","202204","202204","2062"
"2896583","530010","72010010","43921353000137","3","1","00000000000000","","","","0180","","0","E","","","04","","01","36","03","","99","","","","","","","","RLE","20211019","1","","","","","","0","0","1","0","0","0","1","0","0","0","0","0","0","0",0,0,0,"0",0,0,0,0,0,0,0,0,0,0,0,0,0,0,"0",0,1,0,0,0,0,0,0,0,0,0,0,0,0,0,0,"1",0,0,0,"0",0,0,0,0,"0",0,0,0,0,0,0,0,0,0,0,0,0,0,0,0,"0","0","1","0","0","0","0","0","0","0","0","0","0","0","0","0","0","0","0","0","0","0","0","0","1","0","0","0","1","1","0","0","0","0","0","0","0","0","0","0","0","0","0","0","0","0","0","0","0","0","0","1","0","0","0","0","0","0","0","0","0","0","0","0","0","0","0","0","0","0","0","0","0","0","0","0","0","0","0","0","0","0","0","0","0","0","0","0","0","0","0","0","1","202204","202204","2062"
"2897016","530010","71953000","40944311000123","3","1","00000000000000","","","","","","0","E","","","04","","01","39","03","","99","","","","","","","","","","","","","","","","0","0","1","0","0","0","1","0","0","0","0","0","0","0",0,0,0,"0",0,0,0,0,0,0,0,0,0,0,0,0,0,0,"0",0,0,0,3,0,0,0,0,0,0,0,0,0,0,0,0,"1",0,0,0,"0",0,0,0,0,"0",0,0,0,0,0,0,0,0,0,0,0,0,0,0,0,"0","0","0","0","0","0","0","0","0","0","0","0","0","0","0","0","0","0","0","0","0","0","0","0","0","1","0","0","1","1","0","0","0","0","0","0","0","0","0","0","0","0","0","0","0","0","0","0","0","0","0","0","0","0","0","0","0","0","1","0","0","0","0","0","0","0","0","0","0","0","0","0","0","0","0","0","0","0","0","0","0","0","0","0","0","0","0","0","0","0","0","0","1","202204","202204","2062"
"2897121","530010","70390100","42428918000186","3","1","00000000000000","","","","0015","","0","E","","","04","","03","22","03","","99","","","","","","","","RLE DIGITAL","20211110","1","","","","","","0","0","1","0","0","0","1","0","0","0","0","0","0","0",0,0,0,"0",0,0,0,0,0,0,0,0,0,0,0,0,0,0,"0",0,0,0,0,0,0,0,0,2,0,0,0,0,0,0,0,"1",0,0,0,"0",0,0,0,0,"0",0,0,0,0,0,0,0,0,0,0,0,0,0,0,0,"0","0","1","0","0","0","0","0","0","0","0","0","0","0","0","0","0","0","0","0","0","0","0","0","1","1","0","0","1","1","0","0","0","0","0","0","0","0","0","0","0","0","0","0","0","0","0","0","0","0","0","1","0","0","0","1","0","0","0","0","0","0","0","0","0","0","0","0","0","0","0","0","0","0","0","0","0","0","0","0","0","0","0","0","0","0","0","0","0","0","0","0","1","202204","202204","2062"
"2897784","530010","70688120","45059652000130","3","1","00000000000000","","","","0005","","0","E","","","04","","03","36","03","","99","","","","","","","","RLE","20220411","1","","","","","","0","0","1","0","0","0","1","0","0","0","0","0","0","0",0,0,0,"0",0,0,0,0,0,0,0,0,0,0,0,0,0,0,"0",0,1,0,0,0,0,0,0,0,0,0,0,0,0,0,0,"1",0,0,0,"0",0,0,0,0,"0",0,0,0,0,0,0,0,0,0,0,0,0,0,0,0,"0","0","1","0","0","0","0","0","0","0","0","0","0","0","0","0","0","0","0","0","0","0","0","0","1","0","0","0","1","1","0","0","0","0","0","0","0","0","0","0","0","0","0","0","0","0","0","0","0","0","0","1","0","0","0","1","0","0","0","0","0","0","0","0","0","0","0","0","0","0","0","0","0","0","0","0","0","0","0","0","0","0","0","0","0","0","0","0","0","0","0","0","1","202204","202204","2062"
"2898217","530010","70660014","32666223000189","3","1","00000000000000","","","","","","0","E","","","04","","","22","03","","99","","","","","","","","","","","","","","","","0","0","1","0","0","0","1","0","0","0","0","0","0","0",0,0,0,"0",0,0,0,0,0,0,0,0,0,0,0,0,0,0,"0",0,1,0,0,0,0,0,0,0,0,0,0,0,0,0,0,"1",0,0,0,"0",0,0,0,0,"0",0,0,0,0,0,0,0,0,0,0,0,0,0,0,0,"0","0","0","0","0","0","0","0","0","0","0","0","0","0","0","0","0","0","0","0","0","0","0","0","0","0","0","0","1","1","0","0","0","0","0","0","0","0","0","0","0","0","0","0","0","0","0","0","0","0","0","1","0","0","0","0","0","0","0","0","0","0","0","0","0","0","0","0","0","0","0","0","0","0","0","0","0","0","0","0","0","0","0","0","0","0","0","0","0","0","0","0","1","202204","202204","2062"
"2903830","530010","72547207","38298382000154","3","1","00000000000000","","","","","","0","E","","","04","","03","36","03","","99","","","","","","","","53202623860","20220324","1","","","","","","0","0","1","0","0","0","1","0","0","0","0","0","0","0",0,0,0,"0",0,0,0,0,0,0,0,0,0,0,0,0,0,0,"0",0,0,0,3,0,0,0,0,0,0,0,0,0,0,0,0,"1",0,0,0,"0",0,0,0,0,"0",0,0,0,0,0,0,0,0,0,0,0,0,0,0,0,"0","0","1","0","0","0","0","0","0","0","0","0","0","0","0","0","0","0","0","0","0","0","0","0","1","0","0","0","1","1","0","0","0","0","0","0","0","0","0","0","0","0","0","0","0","0","0","0","0","0","0","1","0","0","0","0","0","0","0","0","0","0","0","0","0","0","0","0","0","0","0","0","0","0","0","0","0","0","0","0","0","0","0","0","0","0","0","0","0","0","0","0","1","202204","202204","2062"
"2903865","530010","72115700","24932013000248","3","1","00000000000000","","","","0180","","0","E","","","04","","01","36","03","","99","","","","","","","","53900417891","20210928","1","","","","","","0","0","1","0","0","0","1","0","0","0","0","0","0","0",0,0,0,"0",0,0,0,0,0,0,0,0,0,0,0,0,0,0,"0",4,0,0,0,0,0,0,0,0,0,0,0,0,0,0,0,"1",0,0,0,"0",0,0,0,0,"0",0,0,0,0,0,0,0,0,0,0,0,0,0,0,0,"0","0","1","0","0","0","0","0","0","0","0","0","0","0","0","0","0","0","0","0","0","0","0","0","1","0","0","0","1","1","0","0","0","0","0","0","0","0","0","0","0","0","0","0","0","0","0","0","0","0","0","1","0","0","0","1","0","0","0","0","0","0","0","0","0","0","0","0","0","0","0","0","0","0","0","0","0","0","0","0","0","0","0","0","0","0","0","0","0","0","0","0","1","202204","202204","2062"
"2903946","530010","71950770","45443228000194","3","1","00000000000000","","","","9901","","0","E","","","04","","","22","03","","99","","","","","","","","CERT.LICENCIAMENTO","20220314","1","","","","","","0","0","1","0","0","0","1","0","0","0","0","0","0","0",0,0,0,"0",0,0,0,0,0,0,0,0,0,0,0,0,0,0,"0",0,0,0,1,0,0,0,0,0,0,0,0,0,0,0,0,"1",0,0,0,"0",0,0,0,0,"0",0,0,0,0,0,0,0,0,0,0,0,0,0,0,0,"0","0","1","0","0","0","0","0","0","0","0","0","0","0","0","0","0","0","0","0","0","0","0","0","1","0","0","0","1","1","0","0","0","0","0","0","0","0","0","0","0","0","0","0","0","0","0","0","0","0","0","1","0","0","0","1","0","0","0","0","0","0","0","0","0","0","0","0","0","0","0","0","0","0","0","0","0","0","0","0","0","0","0","0","0","0","0","0","0","0","0","0","1","202204","202204","2062"
"2905078","530010","72115700","25101082000272","3","1","00000000000000","","","","","","0","E","","","04","","01","39","03","","99","","","","","","","","RLE","20201124","1","","","","","","0","0","1","0","0","0","1","0","0","0","0","0","0","0",0,0,0,"0",0,0,0,0,0,0,0,0,0,0,0,0,0,0,"0",0,0,0,8,0,0,0,0,0,0,0,0,0,0,0,0,"1",0,0,0,"0",0,0,0,0,"0",0,0,0,0,0,0,0,0,0,0,0,0,0,0,0,"0","0","0","0","0","0","0","0","0","0","0","0","0","0","0","0","0","0","0","0","0","0","0","0","0","1","0","0","1","1","0","0","0","0","0","0","0","0","0","0","0","0","0","0","0","0","0","0","0","0","0","0","0","0","0","0","0","0","1","0","0","0","0","0","0","0","0","0","0","0","0","0","0","0","0","0","0","0","0","0","0","0","0","0","0","0","0","0","0","0","0","0","1","202205","202204","2062"
"2908298","530010","70712903","45351027000167","3","1","00000000000000","","","","0005","","0","E","","","04","","03","22","03","","99","","","","","","","","EAS 00417-02/2022","20220419","1","","","","","","0","0","1","0","0","0","1","0","0","0","0","0","0","0",0,0,0,"0",0,0,0,0,0,0,0,0,0,0,0,0,0,0,"0",0,2,0,0,0,0,0,0,0,0,0,0,0,0,0,0,"1",0,0,0,"0",0,0,0,0,"0",0,0,0,0,0,0,0,0,0,0,0,0,0,0,0,"0","0","1","0","0","0","0","0","0","0","0","0","0","0","0","0","0","0","0","0","0","0","0","0","1","0","0","0","1","1","0","0","0","0","0","0","0","0","0","0","0","0","0","0","0","0","0","0","0","0","0","0","0","0","1","1","0","0","0","0","0","0","0","0","0","0","0","0","0","0","0","0","0","0","0","0","0","0","0","0","0","0","0","0","0","0","0","0","0","0","0","0","1","202205","202204","2062"
"2910950","530010","70740610","43941005000121","3","1","00000000000000","","","","0005","","0","E","","","04","","03","36","03","","99","","","","","","","","EAS.036542-1","20220324","1","","","","","","0","0","1","0","0","0","1","0","0","0","0","0","0","0",0,0,0,"0",0,0,0,0,0,0,0,0,0,0,0,0,0,0,"0",0,2,0,0,0,0,0,0,0,0,0,0,0,0,0,0,"1",0,0,0,"0",0,0,0,0,"0",0,0,0,0,0,0,0,0,0,0,0,0,0,0,0,"0","0","1","0","0","0","0","0","1","0","0","0","0","0","0","0","0","1","0","1","0","0","0","0","1","1","0","0","1","1","0","0","0","0","0","0","0","0","0","0","0","0","0","0","0","0","0","0","0","0","0","1","0","0","0","1","0","0","0","0","0","0","0","0","0","0","0","0","0","0","0","0","0","0","0","0","0","0","0","0","0","0","0","0","0","0","0","0","0","0","0","0","1","202205","202204","2135"
"3000974","530010","70390145","03592110000188","3","1","00000000000000","","","","0015","","0","E","","","04","","03","07","06","","99","001","10049","90514","","","","","5009","20200601","1","","","","","","0","0","1","0","0","0","1","0","0","1","0","0","0","1",0,0,0,"0",0,0,0,0,0,0,0,0,0,0,0,0,0,6,"1",0,0,0,0,0,0,0,1,0,0,2,0,0,0,0,1,"1",1,0,0,"1",0,0,0,0,"0",0,0,0,0,0,0,0,0,3,0,0,0,0,0,0,"0","1","1","0","0","0","0","0","0","1","0","1","0","0","0","0","0","1","0","1","0","1","0","0","1","1","1","0","1","1","1","0","0","1","0","1","1","0","1","0","0","0","1","0","1","0","0","0","1","0","0","1","0","0","0","1","0","0","1","0","0","0","1","0","0","1","0","0","0","1","0","0","0","0","0","0","0","0","0","0","0","0","0","0","0","0","0","0","0","0","0","0","1","202009","202204","2062"
"3005402","530010","70390903","06047087004126","3","1","00000000000000","","","","0010","","0","E","","","04","","03","05","06","","99","","","","","","","","5022-01","20210701","1","","","","","","0","0","1","0","1","0","1","0","0","1","0","1","0","1",10,37,110,"1",0,0,0,1,1,0,0,1,0,0,1,1,1,10,"1",0,0,18,0,0,0,0,0,0,1,1,0,0,0,1,0,"1",8,1,0,"1",1,0,0,3,"1",2,0,0,9,0,0,0,0,0,0,9,2,30,6,20,"1","1","1","0","0","0","1","0","1","0","1","0","1","0","0","0","0","1","1","1","0","1","1","0","1","1","1","0","1","1","1","1","1","1","0","1","1","0","1","0","1","0","1","0","1","0","0","0","1","0","0","1","0","0","0","1","0","0","1","0","0","0","1","0","0","1","0","0","0","1","0","0","0","0","0","0","0","0","0","0","0","0","0","0","0","0","0","0","0","0","0","0","1","202204","202204","2046"
"3013162","530010","72460000","38000485000196","3","1","00000000000000","","","","0060","","1","E","","","04","","03","05","06","","99","001","10030","298263","","","","","EAS.00134-20/2021","20210928","1","","","","","","0","0","0","0","1","0","1","0","0","0","0","1","0","1",56,80,55,"1",1,0,0,0,1,1,0,2,0,0,1,1,1,12,"1",0,15,0,0,0,0,0,0,0,0,0,0,0,0,0,0,"1",9,1,0,"1",0,0,0,0,"0",6,1,0,21,0,0,0,0,0,0,11,0,0,0,0,"0","1","1","0","0","0","1","0","0","1","0","1","0","0","0","0","0","1","1","0","1","0","1","0","1","1","1","0","1","1","0","0","0","1","0","1","1","0","1","0","0","0","1","1","1","0","0","1","1","0","1","1","0","0","1","1","0","0","1","0","0","1","1","0","0","1","0","0","1","1","0","0","0","0","0","0","0","0","0","0","0","0","0","0","0","0","0","0","0","0","0","0","1","202202","202204","2054"
"3018520","530010","72220280","72576143000157","3","1","00000000000000","","","","0040","","1","E","","","04","","03","05","06","","99","001","29114","108081","","","","","00065-16","20200506","1","","","","","","0","0","1","0","1","0","1","0","0","1","0","1","0","1",52,53,44,"1",1,1,0,0,1,1,1,0,0,1,1,1,1,8,"1",2,40,7,2,1,1,1,1,0,1,9,0,0,0,1,0,"1",0,1,0,"1",0,1,0,5,"1",4,6,5,0,0,6,5,5,1,0,6,0,10,0,17,"1","1","1","0","1","0","1","0","1","0","1","0","1","0","1","0","1","0","1","0","1","0","1","0","1","1","1","0","1","1","0","0","0","1","0","1","0","0","1","0","1","1","1","1","1","0","0","1","1","0","0","1","0","0","1","1","0","0","1","0","0","1","1","0","0","1","0","0","1","1","0","0","0","0","0","0","0","0","0","0","0","0","0","0","0","0","0","0","0","0","0","0","1","202111","202204","2054"
"3019608","530010","70770560","06047087004550","3","1","00000000000000","","","","0010","","0","E","","","04","","01","05","06","","99","001","3603X","12382X","","","","","168-02","20211126","1","","","","","","0","0","1","0","1","0","1","0","0","1","0","1","0","1",0,63,97,"1",1,0,0,0,6,0,0,16,0,0,1,1,1,11,"1",5,18,0,0,0,0,0,0,0,0,0,0,0,0,0,0,"1",9,2,0,"1",0,1,0,1,"1",6,0,0,16,0,0,0,0,0,0,15,0,0,0,0,"0","1","1","0","0","0","1","0","1","0","1","0","1","0","0","0","0","1","1","0","1","0","1","0","1","1","1","0","1","1","0","0","0","0","0","0","0","0","0","0","0","0","0","0","1","0","0","0","1","0","0","1","0","0","0","1","0","0","1","0","0","0","1","0","0","1","0","0","0","1","0","0","0","0","0","0","0","0","0","0","0","0","0","0","0","0","0","0","0","0","0","0","1","202204","202204","2046"
"3019616","530010","70310500","00511816000180","3","1","00000000000000","","","","0010","","1","E","","","04","","03","05","06","","99","001","33820","4004647","","","","","EAS 00102-02","20210225","1","","","","","","0","0","1","0","1","0","1","0","0","1","0","1","0","1",75,42,72,"1",0,0,0,0,0,0,0,2,0,0,1,0,1,9,"1",1,4,0,1,0,0,0,0,0,0,0,0,0,0,0,0,"1",5,1,0,"1",0,0,0,0,"0",0,0,0,31,0,0,0,0,0,0,11,0,0,0,0,"0","1","1","0","0","0","1","0","1","0","0","1","0","0","0","0","0","1","0","0","1","0","1","0","1","1","1","0","1","1","0","0","0","0","0","0","0","0","0","0","0","0","0","1","1","0","0","0","1","0","1","1","0","0","0","1","0","0","1","0","0","0","1","0","0","1","0","0","0","1","0","0","0","0","0","0","0","0","0","0","0","0","0","0","0","0","0","0","0","0","0","0","1","202106","202204","2054"
"3021971","530010","70310500","04947292000125","3","1","00000000000000","","","","","","0","E","","","04","","03","22","03","","99","","","","","","","","","","","","","","","","0","0","1","0","0","0","1","0","0","0","0","0","0","0",0,0,0,"0",0,0,0,0,0,0,0,0,0,0,0,0,0,0,"0",1,0,0,0,0,0,0,0,0,0,0,0,0,0,0,0,"1",0,0,0,"0",0,0,0,0,"0",0,0,0,0,0,0,0,0,0,0,0,0,0,0,0,"0","0","0","0","0","0","0","0","0","0","0","0","0","0","0","0","0","0","0","0","0","0","0","0","0","0","0","0","1","1","0","0","0","0","0","0","0","0","0","0","0","0","0","0","0","0","0","0","0","0","0","1","0","0","0","1","0","0","0","0","0","0","0","0","0","0","0","0","0","0","0","0","0","0","0","0","0","0","0","0","0","0","0","0","0","0","0","0","0","0","0","0","1","202009","202204","2062"
"3022056","530010","70715000","03461479000151","3","1","00000000000000","","","","","","0","E","","","04","","01","36","03","","99","","","","","","","","EAS.00155-02","20220208","1","","","","","","0","0","1","0","0","0","1","0","0","0","0","0","0","0",0,0,0,"0",0,0,0,0,0,0,0,0,0,0,0,0,0,0,"0",0,2,0,0,0,0,0,0,0,0,0,0,0,0,0,0,"1",0,0,0,"0",0,0,0,0,"0",0,0,0,0,0,0,0,0,0,0,0,0,0,0,0,"0","0","1","0","0","0","0","0","0","1","0","0","0","0","0","0","0","0","0","0","0","0","0","0","1","0","0","0","1","1","0","0","0","0","0","0","0","0","0","0","0","0","0","0","0","0","0","0","0","0","0","1","0","0","1","0","0","0","0","0","0","0","0","0","0","0","0","0","0","0","0","0","0","0","0","0","0","0","0","0","0","0","0","0","0","0","0","0","0","0","0","0","1","202203","202204","2240"
"3022560","530010","72015520","03219684000105","3","1","00000000000000","","","","","","0","E","","","04","","03","22","03","","99","","","","","","","","ODO 00007-14","20190607","","","","","","","0","0","1","0","0","0","1","0","0","0","0","0","0","0",0,0,0,"0",0,0,0,0,0,0,0,0,0,0,0,0,0,0,"0",0,0,0,0,0,0,0,0,3,0,0,0,0,0,0,0,"1",0,0,0,"0",0,0,0,0,"0",0,0,0,0,0,0,0,0,0,0,0,0,0,0,0,"0","0","1","0","0","0","0","0","1","0","0","0","0","0","0","0","0","0","0","1","0","0","0","0","1","1","1","0","1","1","0","0","0","0","0","0","0","0","0","0","0","0","0","0","0","0","0","0","0","0","0","1","0","0","1","1","0","0","0","0","0","0","0","0","0","0","0","0","0","0","0","0","0","0","0","0","0","0","0","0","0","0","0","0","0","0","0","0","0","0","0","0","1","202002","202204","2062"
"3022633","530010","70390904","01162610000154","3","1","00000000000000","","","","","61","0","E","","","04","","02","36","03","","99","","","","","","","","01247","20120718","1","","","","","","0","0","1","0","0","0","1","0","0","0","0","0","0","0",0,0,0,"0",0,0,0,0,0,0,0,0,0,0,0,0,0,0,"0",0,5,0,0,0,0,0,0,0,0,0,0,0,0,0,0,"1",0,0,0,"0",0,0,0,0,"0",0,0,0,0,0,0,0,0,0,0,0,0,0,0,0,"0","0","1","0","0","0","0","0","0","0","0","0","0","0","0","0","0","0","0","0","0","0","0","0","1","0","0","0","1","1","0","0","0","0","0","0","0","0","0","0","0","0","0","0","0","0","0","0","0","0","0","1","0","0","0","1","0","0","0","0","0","0","0","0","0","0","0","0","0","0","0","0","0","0","0","0","0","0","0","0","0","0","0","0","0","0","0","0","0","0","0","0","1","202203","202204","2232"
"3022870","530010","72215178","04619042000166","3","1","00000000000000","","","","0040","","1","E","","","04","","03","04","04","","99","001","29114","256005","","","","","EAS.00102-16","20210426","2","","","","","","0","0","1","0","0","0","1","0","0","0","0","0","0","0",0,0,0,"0",0,0,0,0,0,0,0,0,0,0,0,0,0,0,"0",0,1,0,5,0,0,0,0,0,0,1,0,0,0,0,0,"1",0,0,0,"0",0,0,0,0,"0",0,0,0,0,0,0,0,0,0,0,0,0,0,0,0,"0","0","1","0","0","0","0","0","0","0","0","0","0","0","0","0","0","0","0","0","0","0","0","0","1","1","1","0","1","1","0","0","0","0","0","0","0","0","0","0","0","0","0","0","0","0","0","0","0","0","1","1","0","0","1","1","0","0","0","0","0","0","0","0","0","0","0","0","0","0","0","0","0","0","0","0","0","0","0","0","0","0","0","0","0","0","0","0","0","0","0","0","1","202204","202204","2062"
"3023311","530010","70310500","01815906000127","3","1","00000000000000","","","","","","0","E","","","04","","03","04","03","","99","","","","","","","","EAS00153-02","20210906","1","","","","","","0","0","1","0","0","0","1","0","0","0","0","0","0","0",0,0,0,"0",0,0,0,0,0,0,0,0,0,0,0,0,0,0,"0",3,2,0,0,0,0,0,0,0,0,0,0,0,0,0,0,"1",0,0,0,"0",0,0,0,0,"0",0,0,0,0,0,0,0,0,0,0,0,0,0,0,0,"0","0","1","0","0","0","0","0","0","0","0","0","0","0","0","0","0","0","0","0","0","0","0","0","1","0","1","0","1","1","0","0","0","0","0","0","0","0","0","0","0","0","0","0","0","0","0","0","0","0","0","1","0","0","0","1","0","0","0","0","0","0","0","0","0","0","0","0","0","0","0","0","0","0","0","0","0","0","0","0","0","0","0","0","0","0","0","0","0","0","0","0","1","202112","202204","2062"
"3023362","530010","70390108","04802199000122","3","1","00000000000000","","","","","","0","E","","","04","","03","36","03","","99","","","","","","","","EAS 05301-01","20220119","1","","","","","","0","0","1","0","0","0","1","0","0","0","0","0","0","0",0,0,0,"0",0,0,0,0,0,0,0,0,0,0,0,0,0,0,"0",0,1,0,0,0,0,0,0,0,0,0,0,0,0,0,0,"1",0,0,0,"0",0,0,0,0,"0",0,0,0,0,0,0,0,0,0,0,0,0,0,0,0,"0","0","1","0","0","0","0","0","0","0","0","0","0","0","0","0","0","0","0","0","0","0","0","0","1","0","0","0","1","1","0","0","0","0","0","0","0","0","0","0","0","0","0","0","0","0","0","0","0","0","0","1","0","0","0","0","0","0","0","0","0","0","0","0","0","0","0","0","0","0","0","0","0","0","0","0","0","0","0","0","0","0","0","0","0","0","0","0","0","0","0","0","1","202202","202204","2232"
"3023397","530010","70710100","00417014000105","3","1","00000000000000","","","","0010","","0","E","","","04","","03","36","04","","99","","","","","","","","EAS0190-02","20220127","1","","","","","","0","0","1","0","0","0","1","0","0","0","0","0","0","0",0,0,0,"0",0,0,0,0,0,0,0,0,0,0,0,0,0,0,"0",0,3,0,0,0,0,0,0,0,0,0,0,0,0,0,0,"1",0,0,0,"0",0,0,0,0,"0",0,0,0,0,0,0,0,0,0,0,0,0,0,0,0,"0","0","1","0","0","0","0","0","0","0","0","0","0","0","0","0","0","0","0","0","0","0","0","0","1","0","0","0","1","1","0","0","0","0","0","0","0","0","0","0","0","0","0","0","0","0","0","0","0","0","0","1","0","0","1","1","0","0","0","0","0","0","0","0","0","0","0","0","0","0","0","0","0","0","0","0","0","0","0","0","0","0","0","0","0","0","0","0","0","0","0","0","1","202204","202204","2062"
"3023451","530010","70746550","33494808000121","3","1","00000000000000","","","","","","0","E","","","04","","01","36","03","","99","","","","","","","","","","","","","","","","0","0","1","0","0","0","1","0","0","0","0","0","0","0",0,0,0,"0",0,0,0,0,0,0,0,0,0,0,0,0,0,0,"0",0,1,0,0,0,0,0,0,0,0,0,0,0,0,0,0,"1",0,0,0,"0",0,0,0,0,"0",0,0,0,0,0,0,0,0,0,0,0,0,0,0,0,"0","0","1","0","0","0","0","0","0","0","0","0","0","0","0","0","0","0","0","0","0","0","0","0","1","0","0","0","1","1","0","0","0","0","0","0","0","0","0","0","0","0","0","0","0","0","0","0","0","0","0","1","0","0","0","0","0","0","0","0","0","0","0","0","0","0","0","0","0","0","0","0","0","0","0","0","0","0","0","0","0","0","0","0","0","0","0","0","0","0","0","0","1","202107","202204","2062"
"3023532","530010","70390108","00396504000172","3","1","00000000000000","","","","","","0","E","","","04","","03","36","03","","99","","","","","","","","LICENCA SANITARIA","20211017","1","","","","","","0","0","1","0","0","0","1","0","0","0","0","0","0","0",0,0,0,"0",0,0,0,0,0,0,0,0,0,0,0,0,0,0,"0",0,1,0,0,0,0,0,0,0,0,0,0,0,0,0,0,"1",0,0,0,"0",0,0,0,0,"0",0,0,0,0,0,0,0,0,0,0,0,0,0,0,0,"0","0","1","0","0","0","0","0","0","0","0","0","0","0","0","0","0","0","0","0","0","0","0","0","1","0","0","0","1","1","0","0","0","0","0","0","0","0","0","0","0","0","0","0","0","0","0","0","0","0","0","1","0","0","0","0","0","0","0","0","0","0","0","0","0","0","0","0","0","0","0","0","0","0","0","0","0","0","0","0","0","0","0","0","0","0","0","0","0","0","0","0","1","202111","202204","2062"
"3023591","530010","70390970","01599380000195","3","1","00000000000000","","","","0015","","0","E","","","04","","03","36","03","","99","","","","","","","","EAS 05307-01","20210115","1","","","","","","0","0","1","0","0","0","1","0","0","0","0","0","0","0",0,0,0,"0",0,0,0,0,0,0,0,0,0,0,0,0,0,0,"0",0,1,0,0,0,0,0,0,0,0,0,0,0,0,0,0,"1",0,0,0,"0",0,0,0,0,"0",0,0,0,0,0,0,0,0,0,0,0,0,0,0,0,"0","0","1","0","0","0","0","0","0","0","0","0","0","0","0","0","0","0","0","0","0","0","0","0","1","1","0","0","1","1","0","0","0","0","0","0","0","0","0","0","0","0","0","0","0","0","0","0","0","0","0","1","0","0","0","0","0","0","0","0","0","0","0","0","0","0","0","0","0","0","0","0","0","0","0","0","0","0","0","0","0","0","0","0","0","0","0","0","0","0","0","0","1","202112","202204","2240"
"3023605","530010","70390150","72599327000132","3","1","00000000000000","","","","0010","","0","E","","","04","","03","36","03","","99","","","","","","","","LICENCA DE SAUDE","20210905","1","","","","","","0","0","1","0","0","0","1","0","0","0","0","0","0","0",0,0,0,"0",0,0,0,0,0,0,0,0,0,0,0,0,0,0,"0",0,3,0,0,0,0,0,0,0,0,0,0,0,0,0,0,"1",0,0,0,"0",0,0,0,0,"0",0,0,0,0,0,0,0,0,0,0,0,0,0,0,0,"0","0","1","0","0","0","0","0","0","0","0","0","0","0","0","0","0","0","0","0","0","0","0","0","1","0","0","0","1","1","0","0","0","0","0","0","0","0","0","0","0","0","0","0","0","0","0","0","0","0","0","0","0","0","0","1","0","0","0","0","0","0","0","0","0","0","0","0","0","0","0","0","0","0","0","0","0","0","0","0","0","0","0","0","0","0","0","0","0","0","0","0","1","202204","202204","2240"
"3024776","530010","70390700","03953658000106","3","1","00000000000000","","","","","","0","E","","","04","","01","36","03","","99","","","","","","","","00800","20210503","1","","","","","","0","0","1","0","0","0","1","0","0","0","0","0","0","0",0,0,0,"0",0,0,0,0,0,0,0,0,0,0,0,0,0,0,"0",0,2,0,0,0,0,0,0,0,0,0,0,0,0,0,0,"1",0,0,0,"0",0,0,0,0,"0",0,0,0,0,0,0,0,0,0,0,0,0,0,0,0,"0","0","1","0","0","0","0","0","0","0","0","0","0","0","0","0","0","0","0","0","0","0","0","0","1","0","0","0","1","1","0","0","0","0","0","0","0","0","0","0","0","0","0","0","0","0","0","0","0","0","0","1","0","0","0","1","0","0","0","0","0","0","0","0","0","0","0","0","0","0","0","0","0","0","0","0","0","0","0","0","0","0","0","0","0","0","0","0","0","0","0","0","1","202108","202204","2062"
"3024806","530010","70390700","01046491000174","3","1","00000000000000","","","","","","0","E","","","04","","03","36","05","","99","","","","","","","","EAS 03957-01","20210322","1","","","","","","0","0","1","0","0","0","1","0","0","0","0","0","0","0",0,0,0,"0",0,0,0,0,0,0,0,0,0,0,0,0,0,0,"0",1,0,0,1,0,0,0,0,0,0,0,0,0,0,0,0,"1",0,0,0,"0",0,0,0,0,"0",0,0,0,0,0,0,0,0,0,0,0,0,0,0,0,"0","0","1","0","0","0","0","0","0","0","0","0","0","0","0","0","0","0","0","0","0","0","0","0","1","1","0","0","1","1","0","0","0","0","0","0","0","0","0","0","0","0","0","0","0","0","0","0","0","0","0","1","0","0","0","1","0","0","0","0","0","0","0","0","0","0","0","0","0","0","0","0","0","0","0","0","0","0","0","0","0","0","0","0","0","0","0","0","0","0","0","0","1","202103","202204","2062"
"3024822","530010","70390700","00363702000130","3","1","00000000000000","","","","0010","","0","E","","","04","","03","62","04","","99","001","34789","405847X","","","","","EAS 05076-01","20220125","1","","","","","","0","0","1","0","0","0","1","0","0","0","0","0","0","0",0,0,0,"0",0,0,0,0,0,0,0,0,0,0,0,0,0,1,"1",0,1,0,0,1,1,0,0,0,1,0,0,0,0,1,2,"1",1,1,0,"1",0,0,0,0,"0",0,0,0,0,0,0,0,0,0,0,1,0,0,0,0,"0","1","1","0","0","0","1","0","1","0","0","0","0","0","0","0","0","1","0","1","0","1","0","0","1","1","0","0","1","1","0","0","0","0","0","0","0","0","0","0","0","0","0","0","0","0","0","0","0","0","0","1","0","0","0","1","0","0","0","0","0","0","0","0","0","0","0","0","0","0","0","0","0","0","0","0","0","0","0","0","0","0","0","0","0","0","0","0","0","0","0","0","1","202203","202204","2062"
"3024938","530010","70711903","02005849000183","3","1","00000000000000","","","","","","0","E","","","04","","01","36","03","","99","","","","","","","","ODO.0310-02","20201009","1","","","","","","0","0","1","0","0","0","1","0","0","0","0","0","0","0",0,0,0,"0",0,0,0,0,0,0,0,0,0,0,0,0,0,0,"0",0,0,0,0,0,0,0,0,2,0,0,0,0,0,0,0,"1",0,0,0,"0",0,0,0,0,"0",0,0,0,0,0,0,0,0,0,0,0,0,0,0,0,"0","0","1","0","0","0","0","0","1","0","0","0","0","0","0","0","0","0","0","1","0","0","0","0","1","1","0","0","1","1","0","0","0","0","0","0","0","0","0","0","0","0","0","0","0","0","0","0","0","0","0","1","0","0","0","1","0","0","0","0","0","0","0","0","0","0","0","0","0","0","0","0","0","0","0","0","0","0","0","0","0","0","0","0","0","0","0","0","0","0","0","0","1","202010","202204","2062"
"3024997","530010","70316902","04891661000105","3","1","00000000000000","","","","","","0","E","","","04","","03","22","03","","99","","","","","","","","ODO1612.01","20180509","1","","","","","","0","0","1","0","0","0","1","0","0","0","0","0","0","0",0,0,0,"0",0,0,0,0,0,0,0,0,0,0,0,0,0,0,"0",0,0,0,0,0,0,0,0,1,0,0,0,0,0,0,0,"1",0,0,0,"0",0,0,0,0,"0",0,0,0,0,0,0,0,0,0,0,0,0,0,0,0,"0","0","1","0","0","0","0","0","0","0","0","0","0","0","0","0","0","0","0","0","0","0","0","0","1","0","0","0","1","1","0","0","0","0","0","0","0","0","0","0","0","0","0","0","0","0","0","0","0","0","0","1","0","0","0","1","0","0","0","0","0","0","0","0","0","0","0","0","0","0","0","0","0","0","0","0","0","0","0","0","0","0","0","0","0","0","0","0","0","0","0","0","1","201808","202204","2062"
"3025020","530010","72215178","01273401000188","3","1","00000000000000","","","","0010","","0","E","","","04","","01","05","06","","99","001","29114","419915","","","","","EAS-00170-16/2021","20211011","1","","","","","","0","0","1","0","0","0","1","0","0","1","0","0","0","1",56,56,0,"1",2,0,0,0,1,1,1,0,0,0,0,0,1,10,"1",0,5,0,0,0,0,0,0,0,1,0,0,0,0,1,4,"1",4,0,0,"1",0,0,0,4,"1",2,4,3,0,0,0,0,0,0,0,0,0,0,0,0,"0","1","1","0","0","0","0","0","0","1","0","1","0","0","0","0","1","0","0","1","1","0","1","0","1","1","1","0","1","1","0","1","0","1","0","1","1","0","0","0","1","1","1","0","1","0","0","0","1","0","0","1","0","0","0","1","0","0","1","0","0","0","1","0","0","1","0","0","0","1","0","0","0","0","0","0","0","0","0","0","0","0","0","0","0","0","0","0","0","0","0","0","1","202203","202204","2062"
"3025632","530010","71020721","61486650038903","3","1","00000000000000","","","","","","0","E","","","04","","03","39","03","","99","","","","","","","","","","","","","","","","0","0","1","0","0","0","1","0","0","0","0","0","0","0",0,0,0,"0",0,0,0,0,0,0,0,0,0,0,0,0,0,0,"0",0,0,0,0,0,0,0,1,0,0,0,0,0,0,0,0,"1",0,0,0,"0",0,0,0,0,"0",0,0,0,0,0,0,0,0,1,0,0,0,0,0,0,"0","0","0","0","0","0","0","0","0","0","0","0","0","0","0","0","0","0","1","0","0","0","0","0","1","1","0","0","1","1","0","0","0","0","0","0","0","0","0","0","0","0","0","0","0","0","0","0","0","0","0","0","0","0","0","0","0","0","1","0","0","0","1","0","0","0","0","0","0","0","0","0","0","0","0","0","0","0","0","0","0","0","0","0","0","0","0","0","0","0","0","0","1","202010","202204","2046"
"3026043","530010","70660042","03595196000100","3","1","00000000000000","","","","","","0","E","","","04","","03","22","03","","99","","","","","","","","EAS-0008010-10","20181025","1","","","","","","0","0","1","0","0","0","1","0","0","0","0","0","0","0",0,0,0,"0",0,0,0,0,0,0,0,0,0,0,0,0,0,0,"0",0,8,0,0,0,0,0,0,0,0,0,0,0,0,0,0,"1",0,0,0,"0",0,0,0,0,"0",0,0,0,0,0,0,0,0,0,0,0,0,0,0,0,"0","0","0","0","0","0","0","0","0","0","0","0","0","0","0","0","0","0","0","0","0","0","0","0","0","0","0","0","1","1","0","0","0","0","0","0","0","0","0","0","0","0","0","0","0","0","0","0","0","0","0","1","0","0","0","0","0","0","0","0","0","0","0","0","0","0","0","0","0","0","0","0","0","0","0","0","0","0","0","0","0","0","0","0","0","0","0","0","0","0","0","0","1","201910","202204","2062"
"3026620","530010","71060280","02104433000112","3","1","00000000000000","","","","0070","","0","E","","","04","","03","22","03","","99","","","","","","","","","","","","","","","","0","0","1","0","0","0","1","0","0","0","0","0","0","0",0,0,0,"0",0,0,0,0,0,0,0,0,0,0,0,0,0,0,"0",0,0,0,0,0,0,0,0,1,0,0,0,0,0,0,0,"1",0,0,0,"0",0,0,0,0,"0",0,0,0,0,0,0,0,0,0,0,0,0,0,0,0,"0","0","1","0","0","0","0","0","1","0","0","0","0","0","0","0","0","0","0","0","0","0","0","0","1","1","0","0","1","1","0","0","0","0","0","0","0","0","0","0","0","0","0","0","0","0","0","0","0","0","0","1","0","0","0","1","0","0","0","0","0","0","0","0","0","0","0","0","0","0","0","0","0","0","0","0","0","0","0","0","0","0","0","0","0","0","0","0","0","0","0","0","1","202006","202204","2062"
"3027635","530010","72425100","00000000000000","3","3","00394700000108","","","","0060","","1","E","","","04","","02","02","03","","99","","","","","","","","","","","","","","","","1","0","1","0","0","0","1","0","0","0","0","0","0","0",0,0,0,"0",0,0,0,0,0,0,0,0,0,0,0,0,0,0,"0",1,1,0,0,0,0,0,0,1,0,0,1,0,0,1,0,"1",0,0,0,"0",0,0,0,0,"0",0,0,0,0,0,0,0,0,0,0,0,0,0,0,0,"0","0","1","0","0","0","1","0","1","0","0","1","0","0","0","0","0","0","0","0","0","0","0","0","1","1","0","0","1","1","0","0","0","0","0","0","0","0","0","1","1","0","1","0","0","0","0","0","0","0","1","0","0","0","0","0","0","0","0","0","0","0","0","0","0","0","0","0","0","0","0","0","0","0","0","0","0","0","1","0","0","0","0","0","0","1","0","0","0","0","0","0","1","202202","202204","1023"
"3027643","530010","71691047","00000000000000","3","3","00394700000108","","07","","0160","","1","E","","","04","","02","02","03","","99","","","","","","","","","","","","","","","","1","0","1","0","0","0","1","0","0","0","0","0","0","0",0,0,0,"0",0,0,0,0,0,0,0,0,0,0,0,0,0,0,"0",2,0,0,5,0,0,0,0,3,0,0,1,0,0,1,0,"1",0,0,0,"0",0,0,0,0,"0",0,0,0,0,0,0,0,0,0,0,0,0,0,0,0,"0","0","1","0","0","0","1","0","1","0","0","1","0","0","0","0","0","0","0","0","0","0","0","0","1","1","0","0","1","1","0","0","0","0","0","0","0","0","0","1","1","0","1","0","0","0","0","0","0","0","1","0","0","0","0","0","0","0","0","0","0","0","0","0","0","0","0","0","0","0","0","0","0","0","0","0","0","0","0","0","0","0","0","0","0","0","0","0","0","0","0","0","1","202203","202204","1023"
"3027651","530010","71200040","00000000000000","3","3","00394700000108","","","","0070","","1","E","","","04","","03","02","03","","99","","","","","","","","","","","","","","","","1","0","1","0","0","0","1","0","0","0","0","0","0","0",0,0,0,"0",0,0,0,0,0,0,0,0,0,0,0,0,0,0,"0",1,0,1,2,0,0,0,0,1,0,1,1,0,0,1,0,"1",0,0,0,"0",0,0,0,0,"0",0,0,0,0,0,0,0,0,0,0,0,0,0,0,0,"0","0","1","0","1","0","1","0","1","0","0","1","0","0","0","0","0","0","0","0","0","0","0","0","1","1","0","0","1","1","0","0","0","0","0","0","0","0","0","0","0","0","0","0","0","0","0","0","0","0","1","0","0","0","0","0","0","0","0","0","0","0","0","0","0","0","0","0","0","0","0","1","0","0","0","0","0","0","0","0","0","0","0","0","0","0","0","0","0","0","0","0","1","202103","202204","1023"
"3027694","530010","70632300","00718528000109","3","1","00000000000000","","","","0010","","0","E","","","04","","03","39","03","","99","","","","","","","","LAB 000402","20211202","1","","","","","","0","0","1","0","0","0","1","0","0","0","0","0","0","0",0,0,0,"0",0,0,0,0,0,0,0,0,0,0,0,0,0,0,"0",1,1,0,1,0,0,0,0,0,0,0,0,0,0,0,0,"1",0,0,0,"0",0,0,0,0,"0",0,0,0,0,0,0,0,0,0,0,0,0,0,0,0,"0","0","1","0","0","0","0","0","0","0","0","0","0","0","0","0","0","0","0","0","0","0","0","0","1","1","0","0","1","1","0","0","0","0","0","0","0","0","0","0","0","0","0","0","0","0","0","0","0","0","0","0","0","0","0","0","0","0","1","0","0","1","1","0","0","0","0","0","0","0","0","0","0","0","0","0","0","0","0","0","0","0","0","0","0","0","0","0","0","0","0","0","1","202201","202204","2054"
"3027708","530010","70710100","00718528000524","3","1","00000000000000","","","","0010","","0","E","","","04","","03","39","03","","99","","","","","","","","LAB-0005-02","20210323","1","","","","","","0","0","1","0","0","0","1","0","0","0","0","0","0","0",0,0,0,"0",0,0,0,0,0,0,0,0,0,0,0,0,0,0,"0",0,0,0,0,0,0,0,0,0,0,0,0,0,0,0,0,"0",0,0,0,"0",0,0,0,0,"0",0,0,0,0,0,0,0,0,0,0,0,0,0,0,0,"0","0","1","0","0","0","0","0","0","0","0","0","0","0","0","0","0","0","0","0","0","0","0","0","1","1","0","0","1","1","0","0","0","0","0","0","0","0","0","0","0","0","0","0","0","0","0","0","0","0","0","0","0","0","0","0","0","0","1","0","0","1","1","0","0","0","0","0","0","0","0","0","0","0","0","0","0","0","0","0","0","0","0","0","0","0","0","0","0","0","0","0","1","202201","202204","2054"
"3027724","530010","71625645","00718528000877","3","1","00000000000000","","","","0090","","0","E","","","04","","03","39","03","","99","","","","","","","","LAB 00211-03","20210516","1","","","","","","0","0","1","0","0","0","1","0","0","0","0","0","0","0",0,0,0,"0",0,0,0,0,0,0,0,0,0,0,0,0,0,0,"0",0,0,0,0,0,0,0,0,0,0,0,0,0,0,0,0,"0",0,0,0,"0",0,0,0,0,"0",0,0,0,0,0,0,0,0,0,0,0,0,0,0,0,"0","0","1","0","0","0","0","0","0","0","0","0","0","0","0","0","0","0","0","0","0","0","0","0","1","1","0","0","1","1","0","0","0","0","0","0","0","0","0","0","0","0","0","0","0","0","0","0","0","0","0","0","0","0","0","0","0","0","1","0","0","1","1","0","0","0","0","0","0","0","0","0","0","0","0","0","0","0","0","0","0","0","0","0","0","0","0","0","0","0","0","0","1","202105","202204","2054"
"3027732","530010","71020721","00718528000443","3","1","00000000000000","","","","0070","","0","E","","","04","","03","39","03","","99","","","","","","","","LAB - 00007-10","20210429","1","","","","","","0","0","1","0","0","0","1","0","0","0","0","0","0","0",0,0,0,"0",0,0,0,0,0,0,0,0,0,0,0,0,0,0,"0",0,0,0,0,0,0,0,0,0,0,0,0,0,0,0,0,"0",0,0,0,"0",0,0,0,0,"0",0,0,0,0,0,0,0,0,0,0,0,0,0,0,0,"0","0","1","0","0","0","0","0","0","0","0","0","0","0","0","0","0","0","0","0","0","0","0","0","1","1","0","0","1","1","0","0","0","0","0","0","0","0","0","0","0","0","0","0","0","0","0","0","0","0","0","0","0","0","0","0","0","0","1","0","0","1","1","0","0","0","0","0","0","0","0","0","0","0","0","0","0","0","0","0","0","0","0","0","0","0","0","0","0","0","0","0","1","202108","202204","2054"
"3027740","530010","70770520","00718528000796","3","1","00000000000000","","","","0005","","0","E","","","04","","01","39","03","","99","","","","","","","","LAB.0009-02","20200323","1","","","","","","0","0","1","0","0","0","1","0","0","0","0","0","0","0",0,0,0,"0",0,0,0,0,0,0,0,0,0,0,0,0,0,0,"0",0,0,0,0,0,0,0,0,0,0,0,1,0,0,0,0,"1",0,0,0,"0",0,0,0,0,"0",0,0,0,0,0,0,0,0,0,0,0,0,0,0,0,"0","0","1","0","0","0","0","0","0","0","0","0","0","0","0","0","0","0","0","0","0","0","0","0","1","1","0","0","1","1","0","0","0","0","0","0","0","0","0","0","0","0","0","0","0","0","0","0","0","0","0","0","0","0","0","0","0","0","1","0","0","1","1","0","0","0","0","0","0","0","0","0","0","0","0","0","0","0","0","0","0","0","0","0","0","0","0","0","0","0","0","0","1","202109","202204","2054"
"3027759","530010","71505202","00718528001920","3","1","00000000000000","","","","0080","","0","E","","","04","","03","39","03","","99","","","","","","","","LAB 00003 -18","20210429","1","","","","","","0","0","1","0","0","0","1","0","0","0","0","0","0","0",0,0,0,"0",0,0,0,0,0,0,0,0,0,0,0,0,0,0,"0",0,0,0,0,0,0,0,0,0,0,0,0,0,0,0,0,"0",0,0,0,"0",0,0,0,0,"0",0,0,0,0,0,0,0,0,0,0,0,0,0,0,0,"0","0","1","0","0","0","0","0","0","0","0","0","0","0","0","0","0","0","0","0","0","0","0","0","1","1","0","0","1","1","0","0","0","0","0","0","0","0","0","0","0","0","0","0","0","0","0","0","0","0","0","0","0","0","0","0","0","0","1","0","0","1","1","0","0","0","0","0","0","0","0","0","0","0","0","0","0","0","0","0","0","0","0","0","0","0","0","0","0","0","0","0","1","202201","202204","2054"
"3027767","530010","72410107","00718528001334","3","1","00000000000000","","","","0060","","0","E","","","04","","03","39","03","","99","","","","","","","","LAB 00006-20","20210428","1","","","","","","0","0","1","0","0","0","1","0","0","0","0","0","0","0",0,0,0,"0",0,0,0,0,0,0,0,0,0,0,0,0,0,0,"0",0,0,0,0,0,0,0,0,0,0,0,0,0,0,0,0,"0",0,0,0,"0",0,0,0,0,"0",0,0,0,0,0,0,0,0,0,0,0,0,0,0,0,"0","0","1","0","0","0","0","0","0","0","0","0","0","0","0","0","0","0","0","0","0","0","0","0","1","1","0","0","1","1","0","0","0","0","0","0","0","0","0","0","0","0","0","0","0","0","0","0","0","0","0","0","0","0","0","0","0","0","1","0","0","1","1","0","0","0","0","0","0","0","0","0","0","0","0","0","0","0","0","0","0","0","0","0","0","0","0","0","0","0","0","0","1","202201","202204","2054"
"3027783","530010","70640515","00718528002225","3","1","00000000000000","","","","0050","","0","E","","","04","","03","39","03","","99","","","","","","","","LAB- 0010-11","20210423","1","","","","","","0","0","1","0","0","0","1","0","0","0","0","0","0","0",0,0,0,"0",0,0,0,0,0,0,0,0,0,0,0,0,0,0,"0",0,0,0,0,0,0,0,0,0,0,0,0,0,0,0,0,"0",0,0,0,"0",0,0,0,0,"0",0,0,0,0,0,0,0,0,0,0,0,0,0,0,0,"0","0","1","0","0","0","0","0","0","0","0","0","0","0","0","0","0","0","0","0","0","0","0","0","1","1","0","0","1","1","0","0","0","0","0","0","0","0","0","0","0","0","0","0","0","0","0","0","0","0","0","0","0","0","0","0","0","0","1","0","0","1","1","0","0","0","0","0","0","0","0","0","0","0","0","0","0","0","0","0","0","0","0","0","0","0","0","0","0","0","0","0","1","202104","202204","2054"
"3027791","530010","72320524","00718528001415","3","1","00000000000000","","","","0140","","0","E","","","04","","03","39","03","","99","","","","","","","","LAB 0003/18-2021","20210518","1","","","","","","0","0","1","0","0","0","1","0","0","0","0","0","0","0",0,0,0,"0",0,0,0,0,0,0,0,0,0,0,0,0,0,0,"0",0,0,0,0,0,0,0,0,0,0,0,0,0,0,0,0,"0",0,0,0,"0",0,0,0,0,"0",0,0,0,0,0,0,0,0,0,0,0,0,0,0,0,"0","0","1","0","0","0","0","0","0","0","0","0","0","0","0","0","0","0","0","0","0","0","0","0","1","1","0","0","1","1","0","0","0","0","0","0","0","0","0","0","0","0","0","0","0","0","0","0","0","0","0","0","0","0","0","0","0","0","1","0","0","1","1","0","0","0","0","0","0","0","0","0","0","0","0","0","0","0","0","0","0","0","0","0","0","0","0","0","0","0","0","0","1","202110","202204","2054"
"3027821","530010","73017017","00718528000958","3","1","00000000000000","","","","0170","","0","E","","","04","","03","39","03","","99","","","","","","","","LAB 000609","20210629","1","","","","","","0","0","1","0","0","0","1","0","0","0","0","0","0","0",0,0,0,"0",0,0,0,0,0,0,0,0,0,0,0,0,0,0,"0",0,0,0,0,0,0,0,0,0,0,0,1,0,0,0,0,"1",0,0,0,"0",0,0,0,0,"0",0,0,0,0,0,0,0,0,0,0,0,0,0,0,0,"0","0","1","0","0","0","0","0","0","0","0","0","0","0","0","0","0","0","0","0","0","0","0","0","1","1","0","0","1","1","0","0","0","0","0","0","0","0","0","0","0","0","0","0","0","0","0","0","0","0","0","0","0","0","0","0","0","0","1","0","0","1","1","0","0","0","0","0","0","0","0","0","0","0","0","0","0","0","0","0","0","0","0","0","0","0","0","0","0","0","0","0","1","202108","202204","2054"
"3027856","530010","73025060","00718528001172","3","1","00000000000000","","","","0170","","0","E","","","04","","03","39","03","","99","","","","","","","","LAB 0009-09","20210302","1","","","","","","0","0","1","0","0","0","1","0","0","0","0","0","0","0",0,0,0,"0",0,0,0,0,0,0,0,0,0,0,0,0,0,0,"0",0,0,0,0,0,0,0,0,0,0,0,0,0,0,0,0,"0",0,0,0,"0",0,0,0,0,"0",0,0,0,0,0,0,0,0,0,0,0,0,0,0,0,"0","0","1","0","0","0","0","0","0","0","0","0","0","0","0","0","0","0","0","0","0","0","0","0","1","1","0","0","1","1","0","0","0","0","0","0","0","0","0","0","0","0","0","0","0","0","0","0","0","0","0","0","0","0","0","0","0","0","1","0","0","1","1","0","0","0","0","0","0","0","0","0","0","0","0","0","0","0","0","0","0","0","0","0","0","0","0","0","0","0","0","0","1","202201","202204","2054"
"3027864","530010","73350308","00718528002144","3","1","00000000000000","","","","0120","","0","E","","","04","","03","39","03","","99","","","","","","","","LAB 00156-08","20200810","1","","","","","","0","0","1","0","0","0","1","0","0","0","0","0","0","0",0,0,0,"0",0,0,0,0,0,0,0,0,0,0,0,0,0,0,"0",0,0,0,0,0,0,0,0,0,0,0,0,0,0,0,0,"0",0,0,0,"0",0,0,0,0,"0",0,0,0,0,0,0,0,0,0,0,0,0,0,0,0,"0","0","1","0","0","0","0","0","0","0","0","0","0","0","0","0","0","0","0","0","0","0","0","0","1","1","0","0","1","1","0","0","0","0","0","0","0","0","0","0","0","0","0","0","0","0","0","0","0","0","0","0","0","0","0","0","0","0","1","0","0","1","1","0","0","0","0","0","0","0","0","0","0","0","0","0","0","0","0","0","0","0","0","0","0","0","0","0","0","0","0","0","1","202108","202204","2054"
"3027899","530010","70390108","00718528002063","3","1","00000000000000","","","","0010","","0","E","","","04","","03","39","03","","99","","","","","","","","LAB 5633-01","20210401","1","","","","","","0","0","1","0","0","0","1","0","0","0","0","0","0","0",0,0,0,"0",0,0,0,0,0,0,0,0,0,0,0,0,0,0,"0",0,0,0,0,0,0,0,0,0,0,0,0,0,0,0,0,"0",0,0,0,"0",0,0,0,0,"0",0,0,0,0,0,0,0,0,0,0,0,0,0,0,0,"0","0","1","0","0","0","0","0","0","0","0","0","0","0","0","0","0","0","0","0","0","0","0","0","1","1","0","0","1","1","0","0","0","0","0","0","0","0","0","0","0","0","0","0","0","0","0","0","0","0","0","0","0","0","0","0","0","0","1","0","0","1","1","0","0","0","0","0","0","0","0","0","0","0","0","0","0","0","0","0","0","0","0","0","0","0","0","0","0","0","0","0","1","202108","202204","2054"
"3027910","530010","70670532","00718528000362","3","1","00000000000000","","","","0050","","0","E","","","04","","03","39","03","","99","","","","","","","","LAB 00008-07","20210309","1","","","","","","0","0","1","0","0","0","1","0","0","0","0","0","0","0",0,0,0,"0",0,0,0,0,0,0,0,0,0,0,0,0,0,0,"0",0,0,0,0,0,0,0,0,0,0,0,0,0,0,0,0,"0",0,0,0,"0",0,0,0,0,"0",0,0,0,0,0,0,0,0,0,0,0,0,0,0,0,"0","0","1","0","0","0","0","0","0","0","0","0","0","0","0","0","0","0","0","0","0","0","0","0","1","1","0","0","1","1","0","0","0","0","0","0","0","0","0","0","0","0","0","0","0","0","0","0","0","0","0","0","0","0","0","0","0","0","1","0","0","0","0","0","0","0","0","0","0","0","0","0","0","0","0","0","0","0","0","0","0","0","0","0","0","0","0","0","0","0","0","0","1","202108","202204","2054"
"3027929","530010","70390908","00718528001768","3","1","00000000000000","","","","0010","","0","E","","","04","","03","39","03","","99","","","","","","","","LAB 05604-01","20210416","1","","","","","","0","0","1","0","0","0","1","0","0","0","0","0","0","0",0,0,0,"0",0,0,0,0,0,0,0,0,0,0,0,0,0,0,"0",0,0,0,0,0,0,0,0,0,0,0,0,0,0,0,0,"0",0,0,0,"0",0,0,0,0,"0",0,0,0,0,0,0,0,0,0,0,0,0,0,0,0,"0","0","1","0","0","0","0","0","0","0","0","0","0","0","0","0","0","0","0","0","0","0","0","0","1","1","0","0","1","1","0","0","0","0","0","0","0","0","0","0","0","0","0","0","0","0","0","0","0","0","0","0","0","0","0","0","0","0","1","0","0","1","1","0","0","0","0","0","0","0","0","0","0","0","0","0","0","0","0","0","0","0","0","0","0","0","0","0","0","0","0","0","1","202105","202204","2054"
"3027945","530010","70390145","00718528000605","3","1","00000000000000","","","","0010","","0","E","","","04","","03","39","03","","99","","","","","","","","LAB 05603","20210531","1","","","","","","0","0","1","0","0","0","1","0","0","0","0","0","0","0",0,0,0,"0",0,0,0,0,0,0,0,0,0,0,0,0,0,0,"0",0,0,0,0,0,0,0,0,0,0,0,0,0,0,0,0,"0",0,0,0,"0",0,0,0,0,"0",0,0,0,0,0,0,0,0,0,0,0,0,0,0,0,"0","0","1","0","0","0","0","0","0","0","0","0","0","0","0","0","0","0","0","0","0","0","0","0","1","1","0","0","1","1","0","0","0","0","0","0","0","0","0","0","0","0","0","0","0","0","0","0","0","0","0","0","0","0","0","0","0","0","1","0","0","1","1","0","0","0","0","0","0","0","0","0","0","0","0","0","0","0","0","0","0","0","0","0","0","0","0","0","0","0","0","0","1","202107","202204","2054"
"3027953","530010","70390108","00718528000281","3","1","00000000000000","","","","0010","","0","E","","","04","","03","39","06","","99","","","","","","","","LAB 0560801","20210504","1","","","","","","0","0","1","0","0","0","1","0","0","0","0","0","0","0",0,0,0,"0",0,0,0,0,0,0,0,0,0,0,0,0,0,0,"0",0,0,0,0,0,0,0,0,0,0,0,0,0,0,0,0,"0",0,0,0,"0",0,0,0,0,"0",0,0,0,0,0,0,0,0,0,0,0,0,0,0,0,"0","0","1","0","0","0","0","0","0","0","0","0","0","0","0","0","0","0","0","0","0","0","0","0","1","1","0","0","1","1","0","0","0","0","0","0","0","0","0","0","0","0","0","0","0","0","0","0","0","0","0","0","0","0","0","0","0","0","1","0","0","1","1","0","0","0","0","0","0","0","0","0","0","0","0","0","0","0","0","0","0","0","0","0","0","0","0","0","0","0","0","0","1","202110","202204","2054"
"3027961","530010","72215171","00718528001253","3","1","00000000000000","","","","0040","","0","E","","","04","","03","39","03","","99","","","","","","","","LAB 00247-16","20210423","1","","","","","","0","0","1","0","0","0","1","0","0","0","0","0","0","0",0,0,0,"0",0,0,0,0,0,0,0,0,0,0,0,0,0,0,"0",0,0,0,0,0,0,0,0,0,0,0,0,0,0,0,0,"0",0,0,0,"0",0,0,0,0,"0",0,0,0,0,0,0,0,0,0,0,0,0,0,0,0,"0","0","1","0","0","0","0","0","0","0","0","0","0","0","0","0","0","0","0","0","0","0","0","0","1","1","0","0","1","1","0","0","0","0","0","0","0","0","0","0","0","0","0","0","0","0","0","0","0","0","0","0","0","0","0","0","0","0","1","0","0","1","1","0","0","0","0","0","0","0","0","0","0","0","0","0","0","0","0","0","0","0","0","0","0","0","0","0","0","0","0","0","1","202108","202204","2054"
"3027988","530010","72110300","00718528001504","3","1","00000000000000","","","","0180","","0","E","","","04","","03","39","03","","99","","","","","","","","LAB 0000215","20210810","1","","","","","","0","0","1","0","0","0","1","0","0","0","0","0","0","0",0,0,0,"0",0,0,0,0,0,0,0,0,0,0,0,0,0,0,"0",0,0,0,0,0,0,0,0,0,0,0,0,0,0,0,0,"0",0,0,0,"0",0,0,0,0,"0",0,0,0,0,0,0,0,0,0,0,0,0,0,0,0,"0","0","1","0","0","0","0","0","0","0","0","0","0","0","0","0","0","0","0","0","0","0","0","0","1","1","0","0","1","1","0","0","0","0","0","0","0","0","0","0","0","0","0","0","0","0","0","0","0","0","0","0","0","0","0","0","0","0","1","0","0","1","1","0","0","0","0","0","0","0","0","0","0","0","0","0","0","0","0","0","0","0","0","0","0","0","0","0","0","0","0","0","1","202108","202204","2054"
"3028003","530010","71691047","00000000000000","3","3","00394700000108","","07","","0160","","1","E","","","04","","03","02","03","","99","","","","","","","","","","","","","","","","1","0","1","0","0","0","1","0","0","0","0","0","0","0",0,0,0,"0",0,0,0,0,0,0,0,0,0,0,0,0,0,0,"0",1,0,0,2,0,0,0,0,1,0,1,1,0,0,1,0,"1",0,0,0,"0",0,0,0,0,"0",0,0,0,0,0,0,0,0,0,0,0,0,0,0,0,"0","0","1","0","0","0","1","0","1","0","0","1","0","0","0","0","0","0","0","0","0","0","0","0","1","1","0","0","1","1","0","0","0","0","0","0","0","0","0","1","1","0","1","0","0","0","0","0","0","0","1","0","0","0","0","0","0","0","0","0","0","0","0","0","0","0","0","0","0","0","0","0","0","0","0","0","0","0","0","0","0","0","0","0","0","0","0","0","0","0","0","0","1","202203","202204","1023"
"3028011","530010","71691047","00000000000000","3","3","00394700000108","","07","","0160","","1","E","","","04","","02","02","03","","99","","","","","","","","","","","","","","","","1","0","1","0","0","0","1","0","0","0","0","0","0","0",0,0,0,"0",0,0,0,0,0,0,0,0,0,0,0,0,0,0,"0",1,0,0,2,0,0,0,0,1,0,0,1,0,0,1,0,"1",0,0,0,"0",0,0,0,0,"0",0,0,0,0,0,0,0,0,0,0,0,0,0,0,0,"0","0","1","0","0","0","1","0","1","0","0","1","0","0","0","0","0","0","0","0","0","0","0","0","1","1","0","0","1","1","0","0","0","0","0","0","0","0","0","1","1","0","1","0","0","0","0","0","0","0","1","0","0","0","0","0","0","0","0","0","0","0","0","0","0","0","0","0","0","0","0","0","0","0","0","0","0","0","0","0","0","0","0","0","0","0","0","0","0","0","0","0","1","202203","202204","1023"
"3028259","530010","70390150","00626754000151","3","1","00000000000000","","","","0010","","0","E","","","04","","01","39","03","","99","","","","","","","","LAB 05620-01","20191202","1","","","","","","0","0","1","0","0","0","1","0","0","0","0","0","0","0",0,0,0,"0",0,0,0,0,0,0,0,0,0,0,0,0,0,0,"0",0,0,0,0,0,0,0,0,0,0,0,0,0,0,0,0,"0",0,0,0,"0",0,0,0,0,"0",0,0,0,0,0,0,0,0,0,0,0,0,0,0,0,"0","0","0","0","0","0","0","0","0","0","0","0","0","0","0","0","0","0","0","0","0","0","0","0","0","1","0","0","1","1","0","0","0","0","0","0","0","0","0","0","0","0","0","0","0","0","0","0","0","0","0","0","0","0","0","0","0","0","1","0","0","0","0","0","0","0","0","0","0","0","0","0","0","0","0","0","0","0","0","0","0","0","0","0","0","0","0","0","0","0","0","0","1","202001","202204","2062"
"3028321","530010","70770560","01859881000163","3","1","00000000000000","","","","","","0","E","","","04","","01","36","03","","99","","","","","","","","EAS.00157-02","20200121","1","","","","","","0","0","1","0","0","0","1","0","0","0","0","0","0","0",0,0,0,"0",0,0,0,0,0,0,0,0,0,0,0,0,0,0,"0",0,6,0,0,0,0,0,0,0,0,0,0,0,0,0,0,"1",0,0,0,"0",0,0,0,0,"0",0,0,0,0,0,0,0,0,0,0,0,0,0,0,0,"0","0","1","0","0","0","0","0","0","0","0","0","0","0","0","0","0","0","0","0","0","0","0","0","1","0","0","0","1","1","0","0","0","0","0","0","0","0","0","0","0","0","0","0","0","0","0","0","0","0","0","1","0","0","0","1","0","0","0","0","0","0","0","0","0","0","0","0","0","0","0","0","0","0","0","0","0","0","0","0","0","0","0","0","0","0","0","0","0","0","0","0","1","202201","202204","2062"
"3028526","530010","71605200","03809815000104","3","1","00000000000000","","","","0090","","0","E","","","04","","01","04","03","","99","","","","","","","","EAS.00159/03","20211017","1","","","","","","0","0","1","0","1","0","1","0","0","0","0","0","0","0",0,0,0,"0",0,0,0,0,0,0,0,0,0,0,0,0,0,0,"0",1,5,0,4,0,0,0,0,0,0,0,0,0,0,0,0,"1",0,0,0,"0",0,0,0,0,"0",0,0,0,0,0,0,0,0,0,0,0,0,0,0,0,"0","0","1","0","0","0","0","0","1","0","0","0","0","0","0","0","1","0","0","0","0","0","0","0","1","1","0","0","1","1","0","0","0","0","0","0","0","0","0","0","0","0","0","0","0","0","0","0","0","0","0","1","0","0","0","1","0","0","0","0","0","0","0","0","0","0","0","0","0","0","0","0","0","0","0","0","0","0","0","0","0","0","0","0","0","0","0","0","0","0","0","0","1","202112","202204","2062"
"3029557","530010","71635600","37100955000120","3","1","00000000000000","","","","0010","","0","E","","","04","","01","36","03","","99","","","","","","","","EAS.000088-03","20200205","1","","","","","","0","0","1","0","0","0","1","0","0","0","0","0","0","0",0,0,0,"0",0,0,0,0,0,0,0,0,0,0,0,0,0,0,"0",1,0,0,0,0,0,0,0,0,0,0,0,0,0,0,0,"1",0,0,0,"0",0,0,0,0,"0",0,0,0,0,0,0,0,0,0,0,0,0,0,0,0,"0","0","1","0","0","0","0","0","0","0","0","0","0","0","0","0","0","0","0","0","0","0","0","0","1","0","0","0","1","1","0","0","0","0","0","0","0","0","0","0","0","0","0","0","0","0","0","0","0","0","0","1","0","0","0","1","0","0","0","0","0","0","0","0","0","0","0","0","0","0","0","0","0","0","0","0","0","0","0","0","0","0","0","0","0","0","0","0","0","0","0","0","1","202201","202204","2240"
"3029611","530010","70390700","72625494000100","3","1","00000000000000","","","","","","0","E","","","04","","01","36","03","","99","","","","","","","","EAS.02120-01","20210121","","","","","","","0","0","1","0","0","0","1","0","0","0","0","0","0","0",0,0,0,"0",0,0,0,0,0,0,0,0,0,0,0,0,0,0,"0",0,0,0,2,0,0,0,0,0,0,0,0,0,0,0,0,"1",0,0,0,"0",0,0,0,0,"0",0,0,0,0,0,0,0,0,0,0,0,0,0,0,0,"0","0","1","0","0","0","0","0","0","0","0","0","0","0","0","0","0","0","0","0","0","0","0","0","1","0","0","0","1","1","0","0","0","0","0","0","0","0","0","0","0","0","0","0","0","0","0","0","0","0","0","1","0","0","0","1","0","0","0","0","0","0","0","0","0","0","0","0","0","0","0","0","0","0","0","0","0","0","0","0","0","0","0","0","0","0","0","0","0","0","0","0","1","202107","202204","2062"
"3029670","530010","70390095","01499422000116","3","1","00000000000000","","","","","","0","E","","","04","","01","04","03","","99","","","","","","","","EAS.02453-01","20210304","1","","","","","","0","0","1","0","0","0","1","0","0","0","0","0","0","0",0,0,0,"0",0,0,0,0,0,0,0,0,0,0,0,0,0,0,"0",0,6,0,0,0,0,0,0,0,0,0,0,0,0,0,0,"1",0,0,0,"0",0,0,0,0,"0",0,0,0,0,0,0,0,0,0,0,0,0,0,0,0,"0","0","1","0","0","0","0","0","0","0","0","0","0","0","0","0","0","0","0","0","0","0","0","0","1","0","0","0","1","1","0","0","0","0","0","0","0","0","0","0","0","0","0","0","0","0","0","0","0","0","0","1","0","0","0","1","0","0","0","0","0","0","0","0","0","0","0","0","0","0","0","0","0","0","0","0","0","0","0","0","0","0","0","0","0","0","0","0","0","0","0","0","1","202201","202204","2062"
"3029816","530010","70390700","32926552000111","3","1","00000000000000","","","","","","0","E","","","04","","01","36","03","","99","","","","","","","","EAS 0218101","20201019","1","","","","","","0","0","1","0","0","0","1","0","0","0","0","0","0","0",0,0,0,"0",0,0,0,0,0,0,0,0,0,0,0,0,0,0,"0",0,1,0,0,0,0,0,0,0,0,0,0,0,0,0,0,"1",0,0,0,"0",0,0,0,0,"0",0,0,0,0,0,0,0,0,0,0,0,0,0,0,0,"0","0","1","0","0","0","0","0","0","0","0","0","0","0","0","0","0","0","0","0","0","0","0","0","1","0","0","0","1","1","0","0","0","0","0","0","0","0","0","0","0","0","0","0","0","0","0","0","0","0","0","1","0","0","0","1","0","0","0","0","0","0","0","0","0","0","0","0","0","0","0","0","0","0","0","0","0","0","0","0","0","0","0","0","0","0","0","0","0","0","0","0","1","202010","202204","2062"
"3029867","530010","70390700","02796227000110","3","1","00000000000000","","","","","","0","E","","","04","","01","36","03","","99","","","","","","","","EAS.05317-01","20200629","1","","","","","","0","0","1","0","0","0","1","0","0","0","0","0","0","0",0,0,0,"0",0,0,0,0,0,0,0,0,0,0,0,0,0,0,"0",0,1,0,0,0,0,0,0,0,0,0,0,0,0,0,0,"1",0,0,0,"0",0,0,0,0,"0",0,0,0,0,0,0,0,0,0,0,0,0,0,0,0,"0","0","1","0","0","0","0","0","0","0","0","0","0","0","0","0","0","0","0","0","0","0","0","0","1","0","0","0","1","1","0","0","0","0","0","0","0","0","0","0","0","0","0","0","0","0","0","0","0","0","0","1","0","0","0","1","0","0","0","0","0","0","0","0","0","0","0","0","0","0","0","0","0","0","0","0","0","0","0","0","0","0","0","0","0","0","0","0","0","0","0","0","1","202106","202204","2062"
"3029875","530010","70390155","02222674000166","3","1","00000000000000","","","","0015","","0","E","","","04","","03","36","03","","99","","","","","","","","RAD - 05428-04","20190830","1","","","","","","0","0","1","0","0","0","1","0","0","0","0","0","0","0",0,0,0,"0",0,0,0,0,0,0,0,0,0,0,0,0,0,0,"0",0,1,0,0,0,0,0,0,0,0,0,0,0,0,0,0,"1",0,0,0,"0",0,0,0,0,"0",0,0,0,0,0,0,0,0,0,0,0,0,0,0,0,"0","0","1","0","0","0","0","0","0","0","0","0","0","0","0","0","0","0","0","0","0","0","0","0","1","0","0","0","1","1","0","0","0","0","0","0","0","0","0","0","0","0","0","0","0","0","0","0","0","0","0","1","0","0","0","1","0","0","0","0","0","0","0","0","0","0","0","0","0","0","0","0","0","0","0","0","0","0","0","0","0","0","0","0","0","0","0","0","0","0","0","0","1","201909","202204","2062"
"3029905","530010","70390700","02693592000108","3","1","00000000000000","","","","","","0","E","","","04","","01","36","03","","99","","","","","","","","RAD 05407-01","20201205","1","","","","","","0","0","1","0","0","0","1","0","0","0","0","0","0","0",0,0,0,"0",0,0,0,0,0,0,0,0,0,0,0,0,0,0,"0",0,3,0,0,0,0,0,0,0,0,0,0,0,0,0,0,"1",0,0,0,"0",0,0,0,0,"0",0,0,0,0,0,0,0,0,0,0,0,0,0,0,0,"0","0","1","0","0","0","0","0","0","0","0","0","0","0","0","0","0","0","0","0","0","0","0","0","1","0","0","0","1","1","0","0","0","0","0","0","0","0","0","0","0","0","0","0","0","0","0","0","0","0","0","1","0","0","0","1","0","0","0","0","0","0","0","0","0","0","0","0","0","0","0","0","0","0","0","0","0","0","0","0","0","0","0","0","0","0","0","0","0","0","0","0","1","202109","202204","2062"
"3030024","530010","70390700","03420556000125","3","1","00000000000000","","","","","","0","E","","","04","","01","36","03","","99","","","","","","","","EAS.03847-01","20210816","1","","","","","","0","0","1","0","0","0","1","0","0","0","0","0","0","0",0,0,0,"0",0,0,0,0,0,0,0,0,0,0,0,0,0,0,"0",0,2,0,0,0,0,0,0,0,0,0,0,0,0,0,0,"1",0,0,0,"0",0,0,0,0,"0",0,0,0,0,0,0,0,0,0,0,0,0,0,0,0,"0","0","1","0","0","0","0","0","0","0","0","0","0","0","0","0","0","0","0","0","0","0","0","0","1","0","0","0","1","1","0","0","0","0","0","0","0","0","0","0","0","0","0","0","0","0","0","0","0","0","0","1","0","0","0","1","0","0","0","0","0","0","0","0","0","0","0","0","0","0","0","0","0","0","0","0","0","0","0","0","0","0","0","0","0","0","0","0","0","0","0","0","1","202201","202204","2062"
"3030032","530010","70381520","02317499000190","3","1","00000000000000","","","","","","0","E","","","04","","01","39","03","","99","","","","","","","","LAB.05613-01","20190430","1","","","","","","0","0","1","0","0","0","1","0","0","0","0","0","0","0",0,0,0,"0",0,0,0,0,0,0,0,0,0,0,0,0,0,0,"0",0,3,0,0,0,0,0,0,0,0,0,0,0,0,0,0,"1",0,0,0,"0",0,0,0,0,"0",0,0,0,0,0,0,0,0,0,0,0,0,0,0,0,"0","0","1","0","0","0","0","0","0","0","0","0","0","0","0","0","0","0","0","0","0","0","0","0","1","0","0","0","1","1","0","0","0","0","0","0","0","0","0","0","0","0","0","0","0","0","0","0","0","0","0","1","0","0","0","1","0","0","0","0","0","0","0","0","0","0","0","0","0","0","0","0","0","0","0","0","0","0","0","0","0","0","0","0","0","0","0","0","0","0","0","0","1","202002","202204","2062"
"3030040","530010","70390155","02313654000109","3","1","00000000000000","","","","","","0","E","","","04","","01","39","03","","99","","","","","","","","LAB.05612-01","20190708","1","","","","","","0","0","1","0","0","0","1","0","0","0","0","0","0","0",0,0,0,"0",0,0,0,0,0,0,0,0,0,0,0,0,0,0,"0",0,2,0,0,0,0,0,0,0,0,0,0,0,0,0,0,"1",0,0,0,"0",0,0,0,0,"0",0,0,0,0,0,0,0,0,0,0,0,0,0,0,0,"0","0","1","0","0","0","0","0","0","0","0","0","0","0","0","0","0","0","0","0","0","0","0","0","1","0","0","0","1","1","0","0","0","0","0","0","0","0","0","0","0","0","0","0","0","0","0","0","0","0","0","1","0","0","0","1","0","0","0","0","0","0","0","0","0","0","0","0","0","0","0","0","0","0","0","0","0","0","0","0","0","0","0","0","0","0","0","0","0","0","0","0","1","202002","202204","2062"
"3030067","530010","70390904","03735641000182","3","1","00000000000000","","","","","","0","E","","","04","","03","22","03","","99","","","","","","","","2019005193","20190712","1","","","","","","0","0","1","0","0","0","1","0","0","0","0","0","0","0",0,0,0,"0",0,0,0,0,0,0,0,0,0,0,0,0,0,1,"1",0,2,0,0,0,0,0,0,0,0,0,0,0,0,0,0,"1",0,0,0,"0",0,0,0,0,"0",0,0,0,0,0,0,0,0,0,0,0,0,0,0,0,"0","0","1","0","0","0","0","0","1","0","0","0","0","0","0","0","0","0","0","0","0","0","0","0","1","1","0","0","1","1","0","0","0","0","0","0","0","0","0","0","0","0","0","0","0","0","0","0","0","0","0","1","0","0","0","0","0","0","0","0","0","0","0","0","0","0","0","0","0","0","0","0","0","0","0","0","0","0","0","0","0","0","0","0","0","0","0","0","0","0","0","0","1","202002","202204","2305"
"3030121","530010","72115700","02560878000107","3","1","00000000000000","","","","0180","","0","E","","","04","","03","05","06","","99","070","214","602911-7","","","","","EAS.00090-15","20210515","1","","","","","","0","0","1","0","1","0","1","0","0","1","0","1","0","1",17,64,50,"1",0,0,0,0,1,1,1,0,0,1,1,1,2,12,"1",13,81,0,7,0,0,0,0,0,0,0,0,0,0,0,0,"1",10,2,0,"1",1,0,0,2,"1",4,6,6,0,0,0,0,0,0,0,8,0,0,0,17,"1","1","1","0","1","0","1","0","1","0","1","0","1","0","1","0","1","0","1","1","0","1","1","0","1","1","1","0","1","1","1","1","1","1","1","1","1","1","1","0","0","0","1","0","1","0","0","0","1","0","0","1","0","0","0","1","0","0","1","0","0","0","1","0","0","1","0","0","0","1","0","0","0","0","0","0","0","0","0","0","0","0","0","0","0","0","0","0","0","0","0","0","1","202103","202204","2054"
"3030482","530010","70710100","00691675000124","3","1","00000000000000","","","","","","0","E","","","04","","01","36","03","","99","","","","","","","","EAS.00052-02","20200725","1","","","","","","0","0","1","0","0","0","1","0","0","0","0","0","0","0",0,0,0,"0",0,0,0,0,0,0,0,0,0,0,0,0,0,0,"0",0,4,0,0,0,0,0,0,0,1,0,0,0,0,0,0,"1",0,0,0,"0",0,0,0,0,"0",0,0,0,0,0,0,0,0,0,0,0,0,0,0,0,"0","0","1","0","0","0","0","0","1","0","0","0","0","0","0","0","0","0","0","0","0","0","0","0","1","1","0","0","1","1","0","0","0","0","0","0","0","0","0","0","0","0","0","0","0","0","0","0","0","0","0","1","0","0","0","0","0","0","0","0","0","0","0","0","0","0","0","0","0","0","0","0","0","0","0","0","0","0","0","0","0","0","0","0","0","0","0","0","0","0","0","0","1","202105","202204","2062"
"3031373","530010","73005100","01635051000152","3","1","00000000000000","","","","","","0","E","","","04","","01","22","03","","99","","","","","","","","082/2010","","","","","","","","0","0","1","0","0","0","1","0","0","0","0","0","0","0",0,0,0,"0",0,0,0,0,0,0,0,0,0,0,0,0,0,0,"0",0,1,0,0,0,0,0,0,0,0,0,0,0,0,0,0,"1",0,0,0,"0",0,0,0,0,"0",0,0,0,0,0,0,0,0,0,0,0,0,0,0,0,"0","0","0","0","0","0","0","0","0","0","0","0","0","0","0","0","0","0","0","0","0","0","0","0","0","0","0","0","1","1","0","0","0","0","0","0","0","0","0","0","0","0","0","0","0","0","0","0","0","0","0","0","0","0","0","0","1","0","0","0","0","0","0","0","0","0","0","0","0","0","0","0","0","0","0","0","0","0","0","0","0","0","0","0","0","0","0","0","0","0","0","0","1","202008","202204","3999"
"3031497","530010","73035070","03872996000113","3","1","00000000000000","","","","0170","","0","E","","","04","","01","36","03","","99","","","","","","","","RLE","20201112","1","","","","","","0","0","1","0","0","0","1","0","0","0","0","0","0","0",0,0,0,"0",0,0,0,0,0,0,0,0,0,0,0,0,0,0,"0",0,0,0,7,0,0,0,0,0,0,0,0,0,0,0,0,"1",0,0,0,"0",0,0,0,0,"0",0,0,0,0,0,0,0,0,0,0,0,0,0,0,0,"0","0","1","0","0","0","0","0","0","0","0","0","0","0","0","0","0","0","0","0","0","0","0","0","1","1","0","0","1","1","0","0","0","0","0","0","0","0","0","0","0","0","0","0","0","0","0","0","0","0","0","1","0","0","0","0","0","0","0","0","0","0","0","0","0","0","0","0","0","0","0","0","0","0","0","0","0","0","0","0","0","0","0","0","0","0","0","0","0","0","0","0","1","202107","202204","2062"
"3031543","530010","73005080","01467047000122","3","1","00000000000000","","","","0170","","0","E","","","04","","03","04","03","","99","","","","","","","","EAS.00022-09","20191206","1","","","","","","0","0","1","0","0","0","1","0","0","0","0","0","0","0",0,0,0,"0",0,0,0,0,0,0,0,0,0,0,0,0,0,0,"0",1,1,0,0,0,0,0,0,0,0,0,0,0,0,0,0,"1",0,0,0,"0",0,0,0,0,"0",0,0,0,0,0,0,0,0,0,0,0,0,0,0,0,"0","0","0","1","0","0","0","0","0","1","0","0","0","0","0","0","0","1","0","1","0","0","0","0","1","1","0","0","1","1","0","0","0","0","0","0","0","0","0","0","0","0","0","0","0","0","0","0","0","0","0","1","0","0","1","1","0","0","0","0","0","0","0","0","0","0","0","0","0","0","0","0","0","0","0","0","0","0","0","0","0","0","0","0","0","0","0","0","0","0","0","0","1","202001","202204","2062"
"3031632","530010","73025040","03049815000153","3","1","00000000000000","","","","0010","","0","E","","","04","","01","36","05","","99","","","","","","","","EAS0001409","20200408","1","","","","","","0","0","1","0","0","0","1","0","0","0","0","0","0","0",0,0,0,"0",0,0,0,0,0,0,0,0,0,0,0,0,0,0,"0",0,1,0,0,0,0,0,0,0,0,0,0,0,0,0,0,"1",0,0,0,"0",0,0,0,0,"0",0,0,0,0,0,0,0,0,0,0,0,0,0,0,0,"0","0","0","0","0","0","0","0","1","0","0","0","0","0","0","0","0","0","0","0","0","0","0","0","1","1","0","0","1","1","0","0","0","0","0","0","0","0","0","0","0","0","0","0","0","0","0","0","0","0","0","1","0","0","0","0","0","0","0","0","0","0","0","0","0","0","0","0","0","0","0","0","0","0","0","0","0","0","0","0","0","0","0","0","0","0","0","0","0","0","0","0","1","202004","202204","2062"
"3031721","530010","70002900","00515726000167","3","1","00000000000000","","","","","","0","E","","","04","","03","04","03","","99","","","","","","","","EAS-00028-09","20191106","2","","","","","","0","0","1","0","0","0","1","0","0","0","0","0","0","0",0,0,0,"0",0,0,0,0,0,0,0,0,0,0,0,0,0,0,"0",2,22,0,2,0,0,0,0,0,0,0,0,0,0,0,0,"1",0,0,0,"0",0,0,0,0,"0",0,0,0,0,0,0,0,0,0,0,0,0,0,0,0,"0","0","1","0","0","0","0","0","0","0","0","0","0","0","0","0","0","0","0","1","0","0","0","0","1","1","0","0","1","1","0","0","0","0","0","0","0","0","0","0","0","0","0","0","0","0","0","0","0","0","0","1","0","0","0","1","0","0","0","0","0","0","0","0","0","0","0","0","0","0","0","0","0","0","0","0","0","0","0","0","0","0","0","0","0","0","0","0","0","0","0","0","1","202003","202204","2062"
"3031993","530010","73035070","04876396000196","3","1","00000000000000","","","","0170","","0","E","","","04","","01","04","03","","99","","","","","","","","EAS-0003-09","20200303","2","","","","","","0","0","1","0","0","0","1","0","0","0","0","0","0","0",0,0,0,"0",0,0,0,0,0,0,0,0,0,0,0,0,0,0,"0",0,0,0,5,0,0,0,0,0,0,0,0,0,0,0,0,"1",0,0,0,"0",0,0,0,0,"0",0,0,0,0,0,0,0,0,0,0,0,0,0,0,0,"0","0","1","0","0","0","0","0","0","0","0","0","0","0","0","0","0","0","0","0","0","0","0","0","1","0","0","0","1","1","0","0","0","0","0","0","0","0","0","0","0","0","0","0","0","0","0","0","0","0","0","1","0","0","0","1","0","0","0","0","0","0","0","0","0","0","0","0","0","0","0","0","0","0","0","0","0","0","0","0","0","0","0","0","0","0","0","0","0","0","0","0","1","202105","202204","2062"
"3032914","530010","73005080","04401387000149","3","1","00000000000000","","","","","","0","E","","","04","","01","22","03","","99","","","","","","","","LICENCA SANITARIA","20210112","1","","","","","","0","0","1","0","0","0","1","0","0","0","0","0","0","0",0,0,0,"0",0,0,0,0,0,0,0,0,0,0,0,0,0,0,"0",0,0,0,0,0,0,0,0,1,0,0,0,0,0,0,0,"1",0,0,0,"0",0,0,0,0,"0",0,0,0,0,0,0,0,0,0,0,0,0,0,0,0,"0","0","1","0","0","0","0","0","0","0","0","0","0","0","0","0","0","0","0","0","0","0","0","0","1","1","0","0","1","1","0","0","0","0","0","0","0","0","0","0","0","0","0","0","0","0","0","0","0","0","0","1","0","0","0","0","0","0","0","0","0","0","0","0","0","0","0","0","0","0","0","0","0","0","0","0","0","0","0","0","0","0","0","0","0","0","0","0","0","0","0","0","1","202107","202204","2062"
"3033864","530010","70770904","02494190000176","3","1","00000000000000","","","","","","0","E","","","04","","03","36","03","","99","","","","","","","","EAS-0420","20210522","1","","","","","","0","0","0","0","1","0","1","0","0","0","0","0","0","0",0,0,0,"0",0,0,0,0,0,0,0,0,0,0,0,0,0,0,"0",0,1,0,0,0,0,0,0,0,0,0,0,0,0,0,0,"1",0,0,0,"0",0,0,0,0,"0",0,0,0,0,0,0,0,0,0,0,0,0,0,0,0,"0","0","1","0","0","0","0","0","0","0","0","0","0","0","0","0","0","0","0","0","0","0","0","0","1","0","0","0","1","1","0","0","0","0","0","0","0","0","0","0","0","0","0","0","0","0","0","0","0","0","0","1","0","0","0","1","0","0","0","0","0","0","0","0","0","0","0","0","0","0","0","0","0","0","0","0","0","0","0","0","0","0","0","0","0","0","0","0","0","0","0","0","1","202111","202204","2062"
"3033880","530010","71600700","24893646000103","3","1","00000000000000","","","","0015","","0","E","","","04","","03","36","03","","99","","","","","","","","RLE DFP1900023159","20211208","1","","","","","","0","0","1","0","0","0","1","0","0","0","0","0","0","0",0,0,0,"0",0,0,0,0,0,0,0,0,0,0,0,0,0,0,"0",0,6,0,0,0,0,0,0,0,0,0,0,0,0,0,0,"1",0,0,0,"0",0,0,0,0,"0",0,0,0,0,0,0,0,0,0,0,0,0,0,0,0,"0","0","1","0","0","0","0","0","0","0","0","0","0","0","0","0","0","0","0","0","0","0","0","0","1","1","0","0","1","1","0","0","0","0","0","0","0","0","0","0","0","0","0","0","0","0","0","0","0","0","0","1","0","0","0","1","0","0","0","0","0","0","0","0","0","0","0","0","0","0","0","0","0","0","0","0","0","0","0","0","0","0","0","0","0","0","0","0","0","0","0","0","1","202204","202204","2062"
"3034453","530010","70712904","03237701000137","3","1","00000000000000","","","","","","0","E","","","04","","01","22","03","","99","","","","","","","","RLE DIGITAL","20210121","1","","","","","","0","0","1","0","0","0","1","0","0","0","0","0","0","0",0,0,0,"0",0,0,0,0,0,0,0,0,0,0,0,0,0,0,"0",0,0,0,1,0,0,0,0,0,0,0,0,0,0,0,0,"1",0,0,0,"0",0,0,0,0,"0",0,0,0,0,0,0,0,0,0,0,0,0,0,0,0,"0","0","0","0","0","0","0","0","0","0","0","0","0","0","0","0","0","0","0","0","0","0","0","0","0","0","0","0","1","1","0","0","0","0","0","0","0","0","0","0","0","0","0","0","0","0","0","0","0","0","0","1","0","0","0","1","0","0","0","0","0","0","0","0","0","0","0","0","0","0","0","0","0","0","0","0","0","0","0","0","0","0","0","0","0","0","0","0","0","0","0","0","1","202106","202204","2062"
"3034674","530010","70680150","05460208000107","3","1","00000000000000","","","","","","0","E","","","04","","03","39","03","","99","","","","","","","","LAB.00007-07","20210807","1","","","","","","0","0","1","0","0","0","1","0","0","0","0","0","0","0",0,0,0,"0",0,0,0,0,0,0,0,0,0,0,0,0,0,0,"0",0,1,0,0,0,0,0,0,0,0,0,0,0,0,0,0,"1",0,0,0,"0",0,0,0,0,"0",0,0,0,0,0,0,0,0,0,0,0,0,0,0,0,"0","0","0","0","0","0","0","0","0","0","0","0","0","0","0","0","0","0","0","0","0","0","0","0","0","0","1","0","0","1","0","0","0","0","0","0","0","0","0","0","0","0","0","0","0","0","0","0","0","0","0","0","0","0","0","0","0","0","1","0","0","0","1","0","0","0","0","0","0","0","0","0","0","0","0","0","0","0","0","0","0","0","0","0","0","0","0","0","0","0","0","0","1","202202","202204","2062"
"3034844","530010","70390904","37113917000102","3","1","00000000000000","","","","","","0","E","","","04","","01","36","03","","99","","","","","","","","EAS. 02246-01","20210714","1","","","","","","0","0","1","0","0","0","1","0","0","0","0","0","0","0",0,0,0,"0",0,0,0,0,0,0,0,0,0,0,0,0,0,0,"0",0,1,0,0,0,0,0,0,0,0,0,0,0,0,0,0,"1",0,0,0,"0",0,0,0,0,"0",0,0,0,0,0,0,0,0,0,0,0,0,0,0,0,"0","0","1","0","0","0","0","0","0","0","0","0","0","0","0","0","0","0","0","0","0","0","0","0","1","1","0","0","0","1","0","0","0","0","0","0","0","0","0","0","0","0","0","0","0","0","0","0","0","0","0","1","0","0","0","1","0","0","0","0","0","0","0","0","0","0","0","0","0","0","0","0","0","0","0","0","0","0","0","0","0","0","0","0","0","0","0","0","0","0","0","0","1","202202","202204","2062"
"3035379","530010","70390700","37137064000149","3","1","00000000000000","","","","","","0","E","","","04","","01","07","03","","99","","","","","","","","","","","","","","","","0","0","0","0","0","0","0","0","0","0","0","1","0","1",0,2,0,"1",0,0,0,0,0,0,0,0,0,0,0,0,0,0,"0",0,2,0,0,0,0,0,0,0,0,0,0,0,0,0,0,"1",0,0,3,"1",0,0,2,0,"1",0,0,0,0,0,0,0,0,0,0,0,0,0,0,0,"0","1","1","0","0","0","1","0","1","0","0","0","0","0","0","0","1","0","0","0","0","0","0","0","1","1","1","0","1","1","0","0","0","0","0","0","0","0","0","0","0","0","0","0","1","0","0","0","0","0","0","1","0","0","0","0","0","0","0","0","0","0","0","0","0","0","0","0","0","0","0","0","0","0","0","0","0","0","0","0","0","0","0","0","0","0","0","0","0","0","0","0","1","202005","202204","2062"
"3035581","530010","70390108","02687267000124","3","1","00000000000000","","","","","","0","E","","","04","","03","36","04","","99","","","","","","","","EAS 05054-01","20191203","1","","","","","","0","0","0","0","1","0","1","0","0","0","0","0","0","0",0,0,0,"0",0,0,0,0,0,0,0,0,0,0,0,0,0,0,"0",0,5,0,0,0,0,0,0,0,0,0,0,0,0,1,1,"1",0,0,0,"0",0,0,0,0,"0",0,0,0,0,0,0,0,0,0,0,0,0,0,0,0,"0","0","1","0","0","0","0","0","0","1","0","0","0","0","0","0","0","0","0","0","0","1","0","0","1","1","1","0","1","1","0","0","0","0","0","0","0","0","0","0","0","0","0","0","0","0","0","0","0","0","0","1","0","0","0","1","0","0","0","0","0","0","0","0","0","0","0","0","0","0","0","0","0","0","0","0","0","0","0","0","0","0","0","0","0","0","0","0","0","0","0","0","1","202002","202204","2062"
"3035654","530010","70390700","01859913000120","3","1","00000000000000","","","","","","0","E","","","04","","01","36","03","","99","","","","","","","","EAS.05344-01","20210309","1","","","","","","0","0","1","0","0","0","1","0","0","0","0","0","0","0",0,0,0,"0",0,0,0,0,0,0,0,0,0,0,0,0,0,0,"0",0,5,0,0,0,0,0,0,0,0,0,0,0,0,0,0,"1",0,0,0,"0",0,0,0,0,"0",0,0,0,0,0,0,0,0,0,0,0,0,0,0,0,"0","0","1","0","0","0","0","0","0","0","0","0","0","0","0","0","0","0","0","0","0","0","0","0","1","0","0","0","1","1","0","0","0","0","0","0","0","0","0","0","0","0","0","0","0","0","0","0","0","0","0","1","0","0","0","1","0","0","0","0","0","0","0","0","0","0","0","0","0","0","0","0","0","0","0","0","0","0","0","0","0","0","0","0","0","0","0","0","0","0","0","0","1","202106","202204","2062"
"3035662","530010","70390155","97342000000101","3","1","00000000000000","","","","","","0","E","","","04","","01","36","03","","99","","","","","","","","EAS.05326-01","20210212","1","","","","","","0","0","1","0","0","0","1","0","0","0","0","0","0","0",0,0,0,"0",0,0,0,0,0,0,0,0,0,0,0,0,0,0,"0",0,6,0,0,0,0,0,0,0,0,0,0,0,0,0,0,"1",0,0,0,"0",0,0,0,0,"0",0,0,0,0,0,0,0,0,0,0,0,0,0,0,0,"0","0","1","0","0","0","0","0","0","0","0","0","0","0","0","0","0","0","0","0","0","0","0","0","1","0","0","0","1","1","0","0","0","0","0","0","0","0","0","0","0","0","0","0","0","0","0","0","0","0","0","1","0","0","0","1","0","0","0","0","0","0","0","0","0","0","0","0","0","0","0","0","0","0","0","0","0","0","0","0","0","0","0","0","0","0","0","0","0","0","0","0","1","202201","202204","2062"
"3035719","530010","70390700","00097528000120","3","1","00000000000000","","","","","","0","E","","","04","","01","36","03","","99","","","","","","","","RLE","20211215","1","","","","","","0","0","1","0","0","0","1","0","0","0","0","0","0","0",0,0,0,"0",0,0,0,0,0,0,0,0,0,0,0,0,0,0,"0",0,1,0,0,0,0,0,0,0,0,0,0,0,0,0,0,"1",0,0,0,"0",0,0,0,0,"0",0,0,0,0,0,0,0,0,0,0,0,0,0,0,0,"0","0","1","0","0","0","0","0","0","0","0","0","0","0","0","0","0","0","0","0","0","0","0","0","1","0","0","0","1","1","0","0","0","0","0","0","0","0","0","0","0","0","0","0","0","0","0","0","0","0","0","1","0","0","0","0","0","0","0","0","0","0","0","0","0","0","0","0","0","0","0","0","0","0","0","0","0","0","0","0","0","0","0","0","0","0","0","0","0","0","0","0","1","202202","202204","2062"
"3035743","530010","70390700","37990140000164","3","1","00000000000000","","","","","","0","E","","","04","","01","36","03","","99","","","","","","","","EAS.02280-01","20201223","1","","","","","","0","0","1","0","0","0","1","0","0","0","0","0","0","0",0,0,0,"0",0,0,0,0,0,0,0,0,0,0,0,0,0,0,"0",0,1,0,0,0,0,0,0,0,0,0,0,0,0,0,0,"1",0,0,0,"0",0,0,0,0,"0",0,0,0,0,0,0,0,0,0,0,0,0,0,0,0,"0","0","1","0","0","0","0","0","0","0","0","0","0","0","0","0","0","0","0","0","0","0","0","0","1","0","0","0","1","1","0","0","0","0","0","0","0","0","0","0","0","0","0","0","0","0","0","0","0","0","0","1","0","0","0","1","0","0","0","0","0","0","0","0","0","0","0","0","0","0","0","0","0","0","0","0","0","0","0","0","0","0","0","0","0","0","0","0","0","0","0","0","1","202202","202204","2062"
"3035751","530010","71635600","03495454000179","3","1","00000000000000","","","","","","0","E","","","04","","01","36","03","","99","","","","","","","","EAS. 00116-03","20201211","1","","","","","","0","0","1","0","0","0","1","0","0","0","0","0","0","0",0,0,0,"0",0,0,0,0,0,0,0,0,0,0,0,0,0,0,"0",0,2,0,0,0,0,0,0,0,0,0,0,0,0,0,0,"1",0,0,0,"0",0,0,0,0,"0",0,0,0,0,0,0,0,0,0,0,0,0,0,0,0,"0","0","1","0","0","0","0","0","0","0","0","0","0","0","0","0","0","0","0","0","0","0","0","0","1","0","0","0","1","1","0","0","0","0","0","0","0","0","0","0","0","0","0","0","0","0","0","0","0","0","0","1","0","0","0","1","0","0","0","0","0","0","0","0","0","0","0","0","0","0","0","0","0","0","0","0","0","0","0","0","0","0","0","0","0","0","0","0","0","0","0","0","1","202109","202204","2062"
"3036960","530010","70390700","26964205000180","3","1","00000000000000","","","","0010","","0","E","","","04","","03","04","03","","99","","","","","","","","RAD 05304-01","20210513","1","","","","","","0","0","1","0","0","0","1","0","0","0","0","0","0","0",0,0,0,"0",0,0,0,0,0,0,0,0,0,0,0,0,0,0,"0",7,0,0,0,0,0,0,0,0,0,0,0,0,0,0,0,"1",0,0,0,"0",0,0,0,0,"0",0,0,0,0,0,0,0,0,0,0,0,0,0,0,0,"0","0","1","0","0","0","0","0","1","0","0","0","0","0","0","0","0","0","0","0","0","0","0","0","1","0","1","0","1","1","0","0","0","0","0","0","0","0","0","0","0","0","0","0","0","0","0","0","0","0","0","1","0","0","1","1","0","0","0","0","0","0","0","0","0","0","0","0","0","0","0","0","0","0","0","0","0","0","0","0","0","0","0","0","0","0","0","0","0","0","0","0","1","202204","202204","2062"
"3037037","530010","70390700","26428185000123","3","1","00000000000000","","","","","","0","E","","","04","","03","36","03","","99","","","","","","","","RLE","20210430","2","","","","","","0","0","1","0","0","0","1","0","0","0","0","0","0","0",0,0,0,"0",0,0,0,0,0,0,0,0,0,0,0,0,0,0,"0",0,1,0,0,0,0,0,0,0,0,0,0,0,1,1,0,"1",0,0,0,"0",0,0,0,0,"0",0,0,0,0,0,0,0,0,0,0,0,0,0,0,0,"0","0","1","0","0","0","0","0","1","0","0","0","0","0","0","0","0","0","0","0","0","0","0","0","1","0","0","0","1","1","0","0","0","0","0","0","0","0","0","0","0","0","0","0","0","0","0","0","0","0","0","1","0","0","1","1","0","0","0","0","0","0","0","0","0","0","0","0","0","0","0","0","0","0","0","0","0","0","0","0","0","0","0","0","0","0","0","0","0","0","0","0","1","202111","202204","2062"
"3037053","530010","70390145","02321817000197","3","1","00000000000000","","","","","","0","E","","","04","","03","04","03","","99","","","","","","","","EAS 02376-01","20200129","1","","","","","","0","0","1","0","0","0","1","0","0","0","0","0","0","0",0,0,0,"0",0,0,0,0,0,0,0,0,0,0,0,0,0,0,"0",1,1,0,0,0,0,0,0,0,0,0,0,0,0,0,0,"1",0,0,0,"0",0,0,0,0,"0",0,0,0,0,0,0,0,0,0,0,0,0,0,0,0,"0","0","1","0","0","0","0","0","0","0","0","0","0","0","0","0","0","0","0","0","0","0","0","0","1","0","0","0","1","1","0","0","0","0","0","0","0","0","0","0","0","0","0","0","0","0","0","0","0","0","0","1","0","0","0","1","0","0","0","0","0","0","0","0","0","0","0","0","0","0","0","0","0","0","0","0","0","0","0","0","0","0","0","0","0","0","0","0","0","0","0","0","1","202010","202204","2240"
"3037290","530010","72115515","00102285000171","3","1","00000000000000","","","","0180","","1","E","","","04","","03","36","04","","99","001","18872","4163206","","","","","0000315","20210312","1","","","","","","0","0","1","0","0","0","1","0","0","0","0","0","0","0",0,0,0,"0",0,0,0,0,0,0,0,0,0,0,0,0,0,0,"0",0,8,0,0,0,0,0,0,0,0,0,0,0,0,0,0,"1",0,0,0,"0",0,0,0,0,"0",0,0,0,0,0,0,0,0,0,0,0,0,0,0,0,"0","0","1","0","0","0","0","0","0","0","0","0","0","0","0","0","0","0","0","0","0","0","0","0","1","0","0","0","1","1","0","0","0","0","0","0","0","0","0","0","0","0","0","0","0","0","0","0","0","0","1","1","0","0","0","1","0","0","0","0","0","0","0","0","0","0","0","0","0","0","0","0","0","0","0","0","0","0","0","0","0","0","0","0","0","0","0","0","0","0","0","0","1","202201","202204","2305"
"3037339","530010","72130570","03252668000114","3","1","00000000000000","","","","0180","","0","E","","","04","","01","04","03","","99","","","","","","","","EAS.00096-15","20190801","1","","","","","","0","0","1","0","0","0","1","0","0","0","0","0","0","0",0,0,0,"0",0,0,0,0,0,0,0,0,0,0,0,0,0,0,"0",4,3,0,0,0,0,0,1,3,0,0,0,0,0,0,0,"1",0,0,0,"0",0,0,0,0,"0",0,0,0,0,0,0,0,0,0,0,0,0,0,0,0,"0","0","1","0","0","1","0","1","1","0","0","0","0","0","0","0","0","1","0","1","0","1","0","0","1","1","0","0","1","1","0","0","0","0","0","0","0","0","0","0","0","0","0","0","0","0","0","0","0","0","0","1","0","0","0","0","0","0","1","0","0","0","0","0","0","0","0","0","0","0","0","0","0","0","0","0","0","0","0","0","0","0","0","0","0","0","0","0","0","0","0","0","1","202007","202204","2062"
"3037347","530010","72010010","04468770000114","3","1","00000000000000","","","","0180","","0","E","","","04","","01","36","03","","99","","","","","","","","LICENCA SANITARIA","20180504","1","","","","","","0","0","1","0","0","0","1","0","0","0","0","0","0","0",0,0,0,"0",0,0,0,0,0,0,0,0,0,0,0,0,0,0,"0",0,0,0,0,0,0,0,0,1,0,0,0,0,0,0,0,"1",0,0,0,"0",0,0,0,0,"0",0,0,0,0,0,0,0,0,0,0,0,0,0,0,0,"0","0","1","0","0","0","0","0","1","0","0","0","0","0","0","0","0","0","0","0","0","0","0","0","1","0","1","0","1","1","0","0","0","0","0","0","0","0","0","0","0","0","0","0","0","0","0","0","0","0","0","1","0","0","0","0","0","0","0","0","0","0","0","0","0","0","0","0","0","0","0","0","0","0","0","0","0","0","0","0","0","0","0","0","0","0","0","0","0","0","0","0","1","201902","202204","2062"
"3039021","530010","70673416","05637408000192","3","1","00000000000000","","","","","","0","E","","","04","","03","04","04","","99","","","","","","","","EAS0008407/2021","20210730","1","","","","","","0","0","1","0","0","0","1","0","0","0","0","0","0","0",0,0,0,"0",0,0,0,0,0,0,0,0,0,0,0,0,0,0,"0",0,1,0,0,0,0,0,0,0,0,0,0,0,1,0,0,"1",0,0,0,"0",0,0,0,0,"0",0,0,0,0,0,0,0,0,0,0,0,0,0,0,0,"0","0","0","1","0","0","0","0","0","0","0","0","0","0","0","0","0","0","0","0","0","0","0","0","1","0","0","0","1","1","0","0","0","0","0","0","0","0","0","0","0","0","0","0","0","0","0","0","0","0","0","1","0","0","1","1","0","0","1","0","0","1","1","0","0","0","0","0","0","0","0","0","0","0","0","0","0","0","0","0","0","0","0","0","0","0","0","0","0","0","0","0","1","202108","202204","2305"
"3039838","530010","70390700","03499951000145","3","1","00000000000000","","","","0015","","0","E","","","04","","","36","03","","99","","","","","","","","EAS0221301","20180409","1","","","","","","0","0","1","0","0","0","1","0","0","0","0","0","0","0",0,0,0,"0",0,0,0,0,0,0,0,0,0,0,0,0,0,0,"0",0,4,0,0,0,0,0,0,0,0,0,0,0,0,0,0,"1",0,0,0,"0",0,0,0,0,"0",0,0,0,0,0,0,0,0,0,0,0,0,0,0,0,"0","0","1","1","0","0","0","0","0","0","0","0","0","0","0","0","0","0","0","1","0","0","0","0","1","0","0","0","1","1","0","0","0","0","0","0","0","0","0","0","0","0","0","0","0","0","0","0","0","0","0","1","0","0","0","1","0","0","1","0","0","0","0","0","0","0","0","0","0","0","0","0","0","0","0","0","0","0","0","0","0","0","0","0","0","0","0","0","0","0","0","0","1","202011","202204","2240"
"3039854","530010","72710040","03188910000138","3","1","00000000000000","","","","","","0","E","","","04","","","39","03","","99","","","","","","","","","","","","","","","","0","0","1","0","0","0","1","0","0","0","0","0","0","0",0,0,0,"0",0,0,0,0,0,0,0,0,0,0,0,0,0,0,"0",0,0,0,0,0,0,0,0,0,0,0,0,0,0,0,0,"0",0,0,0,"0",0,0,0,0,"0",0,0,0,0,0,0,0,0,0,0,0,0,0,0,0,"0","0","0","0","0","0","0","0","0","0","0","0","0","0","0","0","0","0","0","0","0","0","0","0","0","1","0","0","1","1","0","0","0","0","0","0","0","0","0","0","0","0","0","0","0","0","0","0","0","0","0","1","0","0","1","1","0","0","0","0","0","0","0","0","0","0","0","0","0","0","0","0","0","0","0","0","0","0","0","0","0","0","0","0","0","0","0","0","0","0","0","0","1","202107","202204","2062"
"3040852","530010","72010010","02958872000192","3","1","00000000000000","","","","","","0","E","","","04","","03","22","03","","99","","","","","","","","ODO 0040-15","20211005","2","","","","","","0","0","1","0","0","0","1","0","0","0","0","0","0","0",0,0,0,"0",0,0,0,0,0,0,0,0,0,0,0,0,0,0,"0",0,0,0,0,0,0,0,0,5,0,0,0,0,0,0,0,"1",0,0,0,"0",0,0,0,0,"0",0,0,0,0,0,0,0,0,0,0,0,0,0,0,0,"0","0","1","0","0","0","0","0","0","0","0","0","0","0","0","0","0","0","0","0","0","0","0","0","1","1","0","0","1","1","0","0","0","0","0","0","0","0","0","0","0","0","0","0","0","0","0","0","0","0","0","1","0","0","0","1","0","0","0","0","0","0","0","0","0","0","0","0","0","0","0","0","0","0","0","0","0","0","0","0","0","0","0","0","0","0","0","0","0","0","0","0","1","202203","202204","2062"
"3040933","530010","72215012","29207257000109","3","1","00000000000000","","","","","","0","E","","","04","","03","36","03","","99","","","","","","","","LICECA SANITARIA","20180219","2","","","","","","0","0","1","0","0","0","1","0","0","0","0","0","0","0",0,0,0,"0",0,0,0,0,0,0,0,0,0,0,0,0,0,0,"0",0,0,0,0,0,0,0,0,2,0,0,0,0,0,0,0,"1",0,0,0,"0",0,0,0,0,"0",0,0,0,0,0,0,0,0,0,0,0,0,0,0,0,"0","0","1","0","0","0","0","0","1","0","0","0","0","0","0","0","0","0","0","1","0","0","0","0","1","1","1","0","1","1","0","0","0","0","0","0","1","0","0","0","0","0","1","0","0","0","0","0","0","0","0","1","0","0","0","0","0","0","0","0","0","0","0","0","0","0","0","0","0","0","0","0","0","0","0","0","0","0","0","0","0","0","0","0","0","0","0","0","0","0","0","0","1","201812","202204","2305"
"3040976","530010","72215017","05387079000179","3","1","00000000000000","","","","0040","","0","E","","","04","","01","22","03","","99","","","","","","","","RLE DIGITAL","20211026","1","","","","","","0","0","1","0","0","0","1","0","0","0","0","0","0","0",0,0,0,"0",0,0,0,0,0,0,0,0,0,0,0,0,0,0,"0",1,0,0,0,0,0,0,0,0,0,0,0,0,0,0,0,"1",0,0,0,"0",0,0,0,0,"0",0,0,0,0,0,0,0,0,0,0,0,0,0,0,0,"0","0","1","0","0","0","0","0","0","0","0","0","0","0","0","0","0","0","0","0","0","0","0","0","1","1","0","0","1","1","0","0","0","0","0","0","0","0","0","0","0","0","0","0","0","0","0","0","0","0","0","1","0","0","0","1","0","0","0","0","0","0","0","0","0","0","0","0","0","0","0","0","0","0","0","0","0","0","0","0","0","0","0","0","0","0","0","0","0","0","0","0","1","202111","202204","2062"
"3041611","530010","70710904","04069367000112","3","1","00000000000000","","","","","","0","E","","","04","","03","36","03","","99","","","","","","","","RAD 0019-02","20191203","1","","","","","","0","0","1","0","0","0","1","0","0","0","0","0","0","0",0,0,0,"0",0,0,0,0,0,0,0,0,0,0,0,0,0,0,"0",0,2,0,0,0,0,0,0,1,0,0,0,0,0,0,0,"1",0,0,0,"0",0,0,0,0,"0",0,0,0,0,0,0,0,0,0,0,0,0,0,0,0,"0","0","1","0","0","0","0","0","0","0","0","0","0","0","0","0","0","0","0","1","0","0","0","0","1","0","0","0","1","1","0","0","0","0","0","0","0","0","0","0","0","0","0","0","0","0","0","0","0","0","0","1","0","0","0","1","0","0","0","0","0","0","0","0","0","0","0","0","0","0","0","0","0","0","0","0","0","0","0","0","0","0","0","0","0","0","0","0","0","0","0","0","1","202010","202204","2062"
"3041697","530010","70390911","00417089000196","3","1","00000000000000","","","","0010","","0","E","","","04","","03","62","04","","99","001","34789","200075X","","","","","EAS0500301","20210305","1","","","","","","0","0","1","0","1","0","1","0","0","0","0","1","0","1",0,0,0,"0",0,0,0,2,0,0,0,0,0,0,0,0,2,2,"1",0,25,0,0,0,0,0,1,0,0,0,0,0,0,0,7,"1",0,0,0,"0",0,0,0,0,"0",0,0,0,0,0,0,0,0,0,0,0,0,0,0,0,"0","0","1","0","0","0","1","0","1","0","0","0","0","0","0","0","1","0","0","1","0","1","0","0","1","1","0","0","1","1","0","0","0","0","0","0","0","0","0","0","0","0","0","0","1","0","0","1","1","0","0","1","0","0","1","1","0","0","1","0","0","1","1","0","0","1","0","0","1","1","0","0","0","0","0","0","0","0","0","0","0","0","0","0","0","0","0","0","0","0","0","0","1","202105","202204","2062"
"3043118","530010","72010020","04069367000201","3","1","00000000000000","","","","","","0","E","","","04","","03","36","03","","99","","","","","","","","RAD 00022-15","20200821","1","","","","","","0","0","1","0","0","0","1","0","0","0","0","0","0","0",0,0,0,"0",0,0,0,0,0,0,0,0,0,0,0,0,0,0,"0",0,2,0,0,0,0,0,0,2,0,0,0,0,0,0,0,"1",0,0,0,"0",0,0,0,0,"0",0,0,0,0,0,0,0,0,0,0,0,0,0,0,0,"0","0","1","0","0","0","0","0","0","0","0","0","0","0","0","0","0","0","0","1","0","0","0","0","1","0","0","0","1","1","0","0","0","0","0","0","0","0","0","0","0","0","0","0","0","0","0","0","0","0","0","1","0","0","0","1","0","0","0","0","0","0","0","0","0","0","0","0","0","0","0","0","0","0","0","0","0","0","0","0","0","0","0","0","0","0","0","0","0","0","0","0","1","202010","202204","2062"
"3043223","530010","71503501","38076576000105","3","1","00000000000000","","","","0080","","0","E","","","04","","03","22","03","","99","","","","","","","","RLE - VISADF","20200525","","","","","","","0","0","1","0","0","0","1","0","0","0","0","0","0","0",0,0,0,"0",0,0,0,0,0,0,0,0,0,0,0,0,0,0,"0",1,0,0,0,0,0,0,0,0,0,0,0,0,0,0,0,"1",0,0,0,"0",0,0,0,0,"0",0,0,0,0,0,0,0,0,0,0,0,0,0,0,0,"0","0","1","0","0","0","0","0","0","0","0","0","0","0","0","0","0","0","0","0","0","0","0","0","1","1","0","0","1","1","0","0","0","0","0","0","0","0","0","0","0","0","0","0","0","0","0","0","0","0","0","1","0","0","0","1","0","0","0","0","0","0","0","0","0","0","0","0","0","0","0","0","0","0","0","0","0","0","0","0","0","0","0","0","0","0","0","0","0","0","0","0","1","202112","202204","2062"
"3044203","530010","70390700","01418632000132","3","1","00000000000000","","","","0015","","0","E","","","04","","03","22","03","","99","","","","","","","","RLE","20190514","1","","","","","","0","0","1","0","0","0","1","0","0","0","0","0","0","0",0,0,0,"0",0,0,0,0,0,0,0,0,0,0,0,0,0,0,"0",0,0,0,0,0,0,0,0,1,0,0,0,0,0,0,0,"1",0,0,0,"0",0,0,0,0,"0",0,0,0,0,0,0,0,0,0,0,0,0,0,0,0,"0","0","1","0","0","0","0","0","1","0","0","0","0","0","0","0","0","0","0","0","0","0","0","0","1","1","0","0","0","1","0","0","0","0","0","0","0","0","0","0","0","0","0","0","0","0","0","0","0","0","0","1","0","0","0","1","0","0","0","0","0","0","0","0","0","0","0","0","0","0","0","0","0","0","0","0","0","0","0","0","0","0","0","0","0","0","0","0","0","0","0","0","1","201910","202204","2240"
"3044262","530010","70390150","01682668000129","3","1","00000000000000","","","","0010","","0","E","","","04","","03","04","03","","99","001","34789","10871","","","","","EAS 05203-01","20200313","1","","","","","","0","0","1","0","0","0","1","0","0","0","0","0","0","0",0,0,0,"0",0,0,0,0,0,0,0,0,0,0,0,0,0,0,"0",1,9,0,3,0,0,0,0,0,0,0,0,0,0,0,0,"1",0,0,0,"0",0,0,0,0,"0",0,0,0,0,0,0,0,0,0,0,0,0,0,0,0,"0","0","1","0","0","0","0","0","0","0","0","0","0","0","0","0","0","0","0","0","0","0","0","0","1","1","0","0","1","1","0","0","0","0","0","0","0","0","0","0","0","0","0","0","0","0","0","0","0","0","0","1","0","0","1","1","0","0","0","0","0","0","0","0","0","0","0","0","0","0","0","0","0","0","0","0","0","0","0","0","0","0","0","0","0","0","0","0","0","0","0","0","1","202010","202204","2054"
"3044432","530010","70620000","00000000000000","3","3","00394700000108","","","","0010","","1","E","","","04","","02","81","05","","99","","","","","","","","","","","","","","","","0","0","0","0","0","0","0","0","0","0","0","0","0","0",0,0,0,"0",0,0,0,0,0,0,0,0,0,0,0,0,0,0,"0",0,0,0,0,0,0,0,0,0,0,0,0,0,0,0,0,"0",0,0,0,"0",0,0,0,0,"0",0,0,0,0,0,0,0,0,0,0,0,0,0,0,0,"0","0","0","0","0","0","0","0","0","0","0","0","0","0","0","0","0","0","0","0","0","0","0","0","0","0","0","0","0","0","0","0","0","0","0","0","0","0","0","0","0","0","0","0","0","0","0","0","0","0","0","0","0","0","0","0","0","0","0","0","0","0","0","0","0","0","0","0","0","0","0","0","0","0","0","0","0","0","0","0","0","0","0","0","0","1","0","0","0","0","0","0","1","202201","202204","1023"
"3046664","530010","72250500","00692525000135","3","1","00000000000000","","","","0040","","0","E","","","04","","01","04","03","","99","","","","","","","","EAS.00399.16","20180801","1","","","","","","0","0","1","0","0","0","1","0","0","0","0","0","0","0",0,0,0,"0",0,0,0,0,0,0,0,0,0,0,0,0,0,0,"0",4,0,0,1,0,0,0,0,0,0,0,0,0,0,0,0,"1",0,0,0,"0",0,0,0,0,"0",0,0,0,0,0,0,0,0,0,0,0,0,0,0,0,"0","0","1","0","0","0","0","0","0","0","0","0","0","0","0","0","0","0","0","0","0","0","0","0","1","1","0","0","1","1","0","0","0","0","0","0","0","0","0","0","0","0","0","0","0","0","0","0","0","0","0","1","0","0","0","1","0","0","1","0","0","0","1","0","0","0","0","0","0","0","0","0","0","0","0","0","0","0","0","0","0","0","0","0","0","0","0","0","0","0","0","0","1","201905","202204","2062"
"3047563","530010","71503505","05360520000129","3","1","00000000000000","","","","0080","","0","E","","","04","","03","36","03","","99","","","","","","","","EAS-05-04","20180614","1","","","","","","0","0","1","0","0","0","1","0","0","0","0","0","0","0",0,0,0,"0",0,0,0,0,0,0,0,0,0,0,0,0,0,0,"0",0,0,0,4,0,0,0,0,0,0,0,0,0,0,0,0,"1",0,0,0,"0",0,0,0,0,"0",0,0,0,0,0,0,0,0,0,0,0,0,0,0,0,"0","0","1","0","0","0","0","0","0","0","0","0","0","0","0","0","0","0","0","1","0","0","0","0","1","0","0","0","1","1","0","0","0","0","0","0","0","0","0","0","0","0","0","0","0","0","0","0","0","0","0","1","0","0","0","0","0","0","0","0","0","0","0","0","0","0","0","0","0","0","0","0","0","0","0","0","0","0","0","0","0","0","0","0","0","0","0","0","0","0","0","0","1","201906","202204","2062"
"3048136","530010","72115700","04488952000157","3","1","00000000000000","","","","0180","","0","E","","","04","","03","36","03","","99","","","","","","","","EAS.00117-15/2021","20210608","1","","","","","","0","0","1","0","0","0","1","0","0","0","0","0","0","0",0,0,0,"0",0,0,0,0,0,0,0,0,0,0,0,0,0,0,"0",1,0,0,0,0,0,0,0,0,0,0,0,0,0,0,0,"1",0,0,0,"0",0,0,0,0,"0",0,0,0,0,0,0,0,0,0,0,0,0,0,0,0,"0","0","1","0","0","0","0","0","0","0","0","0","0","0","0","0","0","0","0","1","0","0","0","0","1","1","0","0","1","1","0","0","0","0","0","0","0","0","0","0","0","0","0","0","0","0","0","0","0","0","0","1","0","0","0","0","0","0","0","0","0","0","0","0","0","0","0","0","0","0","0","0","0","0","0","0","0","0","0","0","0","0","0","0","0","0","0","0","0","0","0","0","1","202201","202204","2062"
"3048152","530010","72010010","03886344000138","3","1","00000000000000","","","","","","0","E","","","04","","03","04","03","","99","","","","","","","","EAS.00069-15","20180323","1","","","","","","0","0","1","0","0","0","1","0","0","0","0","0","0","0",0,0,0,"0",0,0,0,0,0,0,0,0,0,0,0,0,0,0,"0",1,0,0,1,0,0,0,0,0,0,0,0,0,0,0,0,"1",0,0,0,"0",0,0,0,0,"0",0,0,0,0,0,0,0,0,0,0,0,0,0,0,0,"0","0","1","0","0","0","0","0","0","0","0","0","0","0","0","0","0","0","0","0","0","0","0","0","1","0","0","0","1","1","0","0","0","0","0","0","0","0","0","0","0","0","0","0","0","0","0","0","0","0","0","1","0","0","0","0","0","0","0","0","0","0","0","0","0","0","0","0","0","0","0","0","0","0","0","0","0","0","0","0","0","0","0","0","0","0","0","0","0","0","0","0","1","202010","202204","2062"
"3048551","530010","71635550","60884855002289","3","1","00000000000000","","","","0090","","0","E","","","04","","03","05","06","","99","","","","","","","","EAS 00359-03","20210423","1","","","","","","0","0","1","0","1","0","1","0","0","1","0","1","0","1",58,44,260,"1",5,0,0,2,0,0,0,6,0,1,1,1,1,9,"1",14,40,0,0,0,0,0,2,0,1,0,0,0,0,1,1,"1",14,1,1,"1",0,0,0,0,"0",0,0,0,8,0,0,0,0,4,0,10,0,0,0,0,"0","1","0","0","0","0","1","0","1","0","1","1","0","0","0","0","0","0","1","1","0","0","1","0","1","1","1","0","1","1","1","1","0","0","0","0","1","0","1","0","0","0","1","0","1","0","0","0","1","0","0","1","0","0","0","1","0","0","1","0","0","0","1","0","0","1","0","0","0","1","0","0","0","0","0","0","0","0","0","0","0","0","0","0","0","0","0","0","0","0","0","0","1","202111","202204","2054"
"3048934","530010","70077900","01297750000130","3","1","00000000000000","","","","","","0","E","","","04","","03","36","03","","99","","","","","","","","ODO 00154-02","20180607","1","","","","","","0","0","1","0","0","0","1","0","0","0","0","0","0","0",0,0,0,"0",0,0,0,0,0,0,0,0,0,0,0,0,0,0,"0",0,0,0,0,0,0,0,0,2,0,0,0,0,0,0,0,"1",0,0,0,"0",0,0,0,0,"0",0,0,0,0,0,0,0,0,0,0,0,0,0,0,0,"0","0","1","0","0","0","0","0","1","0","0","0","0","0","0","0","0","0","0","0","0","0","0","0","1","1","0","1","1","1","0","0","0","0","0","0","0","0","0","0","0","0","0","0","0","0","0","0","0","0","0","1","0","0","1","1","0","0","0","0","0","0","0","0","0","0","0","0","0","0","0","0","0","0","0","0","0","0","0","0","0","0","0","0","0","0","0","0","0","0","0","0","1","201904","202204","2232"
"3050904","530010","70390906","03989821000271","3","1","00000000000000","","","","0010","","0","E","","","04","","03","04","03","","99","","","","","","","","EAS 05212-01","20211005","1","","","","","","0","0","1","0","0","0","1","0","0","0","0","0","0","0",0,0,0,"0",0,0,0,0,0,0,0,0,0,0,0,0,0,0,"0",0,10,0,1,0,0,0,0,0,0,0,0,0,0,0,0,"1",0,0,0,"0",0,0,0,0,"0",0,0,0,0,0,0,0,0,0,0,0,0,0,0,0,"0","0","1","0","0","0","0","0","0","0","0","0","0","0","0","0","0","0","0","0","0","0","0","0","1","0","0","0","1","1","0","0","0","0","0","0","0","0","0","0","0","0","0","0","0","0","0","0","0","0","0","1","0","0","0","1","0","0","0","0","0","0","0","0","0","0","0","0","0","0","0","0","0","0","0","0","0","0","0","0","0","0","0","0","0","0","0","0","0","0","0","0","1","202204","202204","2054"
"3051420","530010","72115580","01719756000158","3","1","00000000000000","","","","","","0","E","","","04","","03","22","03","","99","","","","","","","","EAS 000.58-15/2020","20210106","1","","","","","","0","0","1","0","0","0","1","0","0","0","0","0","0","0",0,0,0,"0",0,0,0,0,0,0,0,0,0,0,0,0,0,0,"0",0,1,0,0,0,0,0,0,0,0,0,0,0,0,0,0,"1",0,0,0,"0",0,0,0,0,"0",0,0,0,0,0,0,0,0,0,0,0,0,0,0,0,"0","0","0","0","0","0","0","0","0","0","0","0","0","0","0","0","0","0","0","0","0","0","0","0","0","0","0","0","1","1","0","0","0","0","0","0","0","0","0","0","0","0","0","0","0","0","0","0","0","0","0","1","0","0","0","0","0","0","0","0","0","0","0","0","0","0","0","0","0","0","0","0","0","0","0","0","0","0","0","0","0","0","0","0","0","0","0","0","0","0","0","0","1","202203","202204","2240"
"3054888","530010","70770100","05469139000100","3","1","00000000000000","","","","0005","","0","E","","","04","","03","22","03","","99","","","","","","","","","20190401","1","","","","","","0","0","1","0","0","0","1","0","0","0","0","0","0","0",0,0,0,"0",0,0,0,0,0,0,0,0,0,0,0,0,0,0,"0",0,0,0,0,0,0,0,0,1,0,0,0,0,0,0,0,"1",0,0,0,"0",0,0,0,0,"0",0,0,0,0,0,0,0,0,0,0,0,0,0,0,0,"0","0","0","0","0","0","0","0","1","0","0","0","0","0","0","0","0","0","0","0","0","0","0","0","1","1","0","0","1","1","0","0","0","0","0","0","0","0","0","0","0","0","0","0","0","0","0","0","0","0","0","1","0","0","0","0","0","0","0","0","0","0","0","0","0","0","0","0","0","0","0","0","0","0","0","0","0","0","0","0","0","0","0","0","0","0","0","0","0","0","0","0","1","201906","202204","2240"
"3055450","530010","70200730","06160688000153","3","1","00000000000000","","1965","","0010","","1","E","","","04","","03","07","06","","99","001","29459","20044","","","","","5075","20200426","1","","","","","","0","0","0","0","0","0","0","0","0","1","0","0","0","1",5,0,0,"1",0,0,0,0,0,0,0,5,0,0,0,1,1,29,"1",1,0,0,0,0,0,0,5,0,1,1,0,0,0,1,0,"1",4,0,0,"1",0,0,0,0,"0",0,0,0,5,0,0,0,0,5,0,0,0,0,0,0,"0","1","1","0","0","0","1","0","1","1","0","1","0","0","0","0","1","0","1","1","0","1","0","0","1","1","0","0","1","1","1","0","1","1","0","1","1","0","1","1","0","0","1","1","1","0","0","1","1","0","1","1","0","0","1","1","0","0","0","0","0","0","0","0","0","0","0","0","0","0","0","0","0","0","0","0","0","0","0","0","0","0","0","0","0","0","0","0","0","0","0","0","1","202106","202204","2062"
"3056090","530010","70390700","01364656000156","3","1","00000000000000","","","","","","0","E","","","04","","01","22","03","","99","","","","","","","","ODO.01350-01","20210413","1","","","","","","0","0","1","0","0","0","1","0","0","0","0","0","0","0",0,0,0,"0",0,0,0,0,0,0,0,0,0,0,0,0,0,0,"0",0,1,0,0,0,0,0,0,0,0,0,0,0,0,0,0,"1",0,0,0,"0",0,0,0,0,"0",0,0,0,0,0,0,0,0,0,0,0,0,0,0,0,"0","0","1","0","0","0","0","0","0","0","0","0","0","0","0","0","0","0","0","0","0","0","0","0","1","1","0","0","0","1","0","0","0","0","0","0","0","0","0","0","0","0","0","0","0","0","0","0","0","0","0","1","0","0","0","1","0","0","0","0","0","0","0","0","0","0","0","0","0","0","0","0","0","0","0","0","0","0","0","0","0","0","0","0","0","0","0","0","0","0","0","0","1","202201","202204","2062"
"3056198","530010","70390700","00380931000162","3","1","00000000000000","","","","","","0","E","","","04","","03","36","03","","99","","","","","","","","05634-01","20181127","1","","","","","","0","0","1","0","0","0","1","0","0","0","0","0","0","0",0,0,0,"0",0,0,0,0,0,0,0,0,0,0,0,0,0,0,"0",0,1,0,0,0,0,0,0,0,0,0,0,0,0,0,0,"1",0,0,0,"0",0,0,0,0,"0",0,0,0,0,0,0,0,0,0,0,0,0,0,0,0,"0","0","0","0","0","0","0","0","0","0","0","0","0","0","0","0","0","0","0","0","0","0","0","0","0","1","1","1","1","1","0","0","0","0","0","0","0","0","0","0","0","0","0","0","0","0","0","0","0","0","0","1","0","0","0","1","0","0","0","0","0","0","0","0","0","0","0","0","0","0","0","0","0","0","0","0","0","0","0","0","0","0","0","0","0","0","0","0","0","0","0","0","1","201907","202204","2062"
"3056201","530010","70711050","00010364684453","1","1","00000000000000","","","","0005","","0","E","","","04","","03","22","03","","99","","","","","","","","EAS.00078-02","20190225","1","","","","","","0","0","1","0","0","0","1","0","0","0","0","0","0","0",0,0,0,"0",0,0,0,0,0,0,0,0,0,0,0,0,0,0,"0",0,1,0,0,0,0,0,0,0,0,0,0,0,0,0,0,"1",0,0,0,"0",0,0,0,0,"0",0,0,0,0,0,0,0,0,0,0,0,0,0,0,0,"0","0","1","0","0","0","0","0","0","0","0","0","0","0","0","0","0","0","0","0","0","0","0","0","1","0","0","0","1","1","0","0","0","0","0","0","0","0","0","0","0","0","0","0","0","0","0","0","0","0","0","1","0","0","0","0","0","0","0","0","0","0","0","0","0","0","0","0","0","0","0","0","0","0","0","0","0","0","0","0","0","0","0","0","0","0","0","0","0","0","0","0","1","201908","202204","4000"
"3056279","530010","70390155","38021176000100","3","1","00000000000000","","","","","","0","E","","","04","","01","36","03","","99","","","","","","","","LICENCA SANITARIA","20210901","1","","","","","","0","0","1","0","0","0","1","0","0","0","0","0","0","0",0,0,0,"0",0,0,0,0,0,0,0,0,0,0,0,0,0,0,"0",0,1,0,0,0,0,0,0,0,0,0,0,0,0,0,0,"1",0,0,0,"0",0,0,0,0,"0",0,0,0,0,0,0,0,0,0,0,0,0,0,0,0,"0","0","1","0","0","0","0","0","0","0","0","0","0","0","0","0","1","0","0","0","0","0","0","0","1","1","0","0","1","1","0","0","0","0","0","0","0","0","0","0","0","0","0","0","0","0","0","0","0","0","0","1","0","0","0","0","0","0","0","0","0","0","0","0","0","0","0","0","0","0","0","0","0","0","0","0","0","0","0","0","0","0","0","0","0","0","0","0","0","0","0","0","1","202111","202204","2062"
"3056341","530010","70340907","01341293000133","3","1","00000000000000","","","","0010","","0","E","","","04","","03","36","03","","99","","","","","","","","ODO.01443-01","20201103","1","","","","","","0","0","1","0","0","0","1","0","0","0","0","0","0","0",0,0,0,"0",0,0,0,0,0,0,0,0,0,0,0,0,0,0,"0",0,0,0,0,0,0,0,0,3,0,0,0,0,0,0,0,"1",0,0,0,"0",0,0,0,0,"0",0,0,0,0,0,0,0,0,0,0,0,0,0,0,0,"0","0","1","0","0","0","0","0","1","0","0","0","0","0","0","0","0","0","0","0","0","0","0","0","1","1","0","0","1","1","0","0","0","0","0","0","0","0","0","0","0","0","0","0","0","0","0","0","0","0","0","1","0","0","0","1","0","0","0","0","0","0","0","0","0","0","0","0","0","0","0","0","0","0","0","0","0","0","0","0","0","0","0","0","0","0","0","0","0","0","0","0","1","202108","202204","2062"
"3056414","530010","70390108","03500455000164","3","1","00000000000000","","","","","","1","E","","","04","","03","36","04","","99","001","34789","1224425","","","","","LICENCA SANITARIA","20200909","1","","","","","","0","0","1","0","0","0","1","0","0","0","0","0","0","0",0,0,0,"0",0,0,0,0,0,0,0,0,0,0,0,0,0,0,"0",0,11,0,0,0,0,0,0,0,0,0,0,0,0,0,0,"1",0,0,0,"0",0,0,0,0,"0",0,0,0,0,0,0,0,0,0,0,0,0,0,0,0,"0","0","1","0","0","0","0","0","0","0","0","0","0","0","0","0","0","0","0","0","0","0","0","0","1","1","1","0","1","1","0","0","0","0","0","0","1","0","0","0","0","0","1","0","0","0","0","0","0","0","1","1","0","0","0","0","0","0","0","0","0","0","1","0","0","0","0","0","0","0","0","0","0","0","0","0","0","0","0","0","0","0","0","0","0","0","0","0","0","0","0","0","1","202108","202204","2240"
"3057623","530010","72115700","04024440000130","3","1","00000000000000","","","","","","0","E","","","04","","01","36","04","","99","","","","","","","","EAS 0012515","20181022","1","","","","","","0","0","1","0","0","0","1","0","0","0","0","0","0","0",0,0,0,"0",0,0,0,0,0,0,0,0,0,0,0,0,0,0,"0",0,1,0,0,0,0,0,9,0,0,0,0,0,0,0,0,"1",0,0,0,"0",0,0,0,0,"0",0,0,0,0,0,0,0,0,0,0,0,0,0,0,0,"0","0","1","0","0","0","0","0","0","1","0","0","0","0","0","0","0","1","0","1","0","0","0","0","1","1","0","0","1","1","0","0","0","0","0","0","0","0","0","0","0","0","0","0","0","0","0","0","0","0","0","0","0","0","0","1","0","0","0","0","0","0","0","0","0","0","0","0","0","0","0","0","0","0","0","0","0","0","0","0","0","0","0","0","0","0","0","0","0","0","0","0","1","201909","202204","2062"
"3057682","530010","72110300","03187445000110","3","1","00000000000000","","","","","","0","E","","","04","","01","36","03","","99","","","","","","","","ODO.00136-15","20180912","1","","","","","","0","0","1","0","0","0","1","0","0","0","0","0","0","0",0,0,0,"0",0,0,0,0,0,0,0,0,0,0,0,0,0,0,"0",0,0,0,0,0,0,0,0,2,0,0,0,0,0,0,0,"1",0,0,0,"0",0,0,0,0,"0",0,0,0,0,0,0,0,0,0,0,0,0,0,0,0,"0","0","0","0","0","0","0","0","0","0","0","0","0","0","0","0","0","0","0","0","0","0","0","0","0","0","0","1","1","1","0","0","0","0","0","0","0","0","0","0","0","0","0","0","0","0","0","0","0","0","0","1","0","0","0","0","0","0","0","0","0","0","0","0","0","0","0","0","0","0","0","0","0","0","0","0","0","0","0","0","0","0","0","0","0","0","0","0","0","0","0","0","1","201912","202204","2062"
"3057690","530010","71635550","02783500000172","3","1","00000000000000","","","","0090","","0","E","","","04","","01","36","03","","99","","","","","","","","LICENCA SANITARIA","20220324","1","","","","","","0","0","1","0","0","0","1","0","0","0","0","0","0","0",0,0,0,"0",0,0,0,0,0,0,0,0,0,0,0,0,0,0,"0",0,1,0,0,0,0,0,0,0,0,0,0,0,0,0,0,"1",0,0,0,"0",0,0,0,0,"0",0,0,0,0,0,0,0,0,0,0,0,0,0,0,0,"0","0","0","1","0","0","0","0","0","0","0","0","0","0","0","0","0","0","0","0","0","0","0","0","1","0","0","1","1","1","0","0","0","0","0","0","0","0","0","0","0","0","0","0","0","0","0","0","0","0","0","0","0","0","0","1","0","0","0","0","0","0","0","0","0","0","0","0","0","0","0","0","0","0","0","0","0","0","0","0","0","0","0","0","0","0","0","0","0","0","0","0","1","202204","202204","2062"
"3057704","530010","71605430","01361520000192","3","1","00000000000000","","","","","","0","E","","","04","","01","36","03","","99","001","34789","1013262","","","","","EAS0011703","20181030","1","","","","","","0","0","1","0","0","0","1","0","0","0","0","0","0","0",0,0,0,"0",0,0,0,0,0,0,0,0,0,0,0,0,0,0,"0",0,1,0,0,0,0,0,0,0,0,0,0,0,0,0,0,"1",0,0,0,"0",0,0,0,0,"0",0,0,0,0,0,0,0,0,0,0,0,0,0,0,0,"0","0","1","0","0","0","0","0","0","0","0","0","0","0","0","0","0","0","0","0","0","0","0","0","1","0","0","0","1","1","0","0","0","0","0","0","0","0","0","0","0","0","0","0","0","0","0","0","0","0","0","1","0","0","0","0","0","0","1","0","0","0","0","0","0","0","0","0","0","0","0","0","0","0","0","0","0","0","0","0","0","0","0","0","0","0","0","0","0","0","0","0","1","202010","202204","2240"
"3057712","530010","72322580","03242228000186","3","1","00000000000000","","","","","","0","E","","","04","","01","36","03","","99","","","","","","","","53200973031","20210416","1","","","","","","0","0","1","0","0","0","1","0","0","0","0","0","0","0",0,0,0,"0",0,0,0,0,0,0,0,0,0,0,0,0,0,0,"0",0,4,0,0,0,0,0,0,0,0,0,0,0,0,0,0,"1",0,0,0,"0",0,0,0,0,"0",0,0,0,0,0,0,0,0,0,0,0,0,0,0,0,"0","0","0","1","0","0","0","0","0","0","0","0","0","0","0","0","0","0","0","0","0","0","0","0","1","0","0","0","1","1","0","0","0","0","0","0","0","0","0","0","0","0","0","0","0","0","0","0","0","0","0","1","0","0","0","1","0","0","0","0","0","0","0","0","0","0","0","0","0","0","0","0","0","0","0","0","0","0","0","0","0","0","0","0","0","0","0","0","0","0","0","0","1","202104","202204","2062"
"3059634","530010","70322915","03636651000160","3","1","00000000000000","","","","","","0","E","","","04","","03","36","03","","99","","","","","","","","ODO-725","20190716","1","","","","","","0","0","0","0","1","0","1","0","0","0","0","0","0","0",0,0,0,"0",0,0,0,0,0,0,0,0,0,0,0,0,0,0,"0",0,1,0,0,0,0,0,0,0,0,0,0,0,0,0,0,"1",0,0,0,"0",0,0,0,0,"0",0,0,0,0,0,0,0,0,0,0,0,0,0,0,0,"0","0","1","0","0","0","0","0","0","0","0","0","0","0","0","0","0","0","0","0","0","0","0","0","1","1","0","0","0","1","0","0","0","0","0","0","0","0","0","0","0","0","0","0","0","0","0","0","0","0","0","1","0","0","0","1","0","0","0","0","0","0","0","0","0","0","0","0","0","0","0","0","0","0","0","0","0","0","0","0","0","0","0","0","0","0","0","0","0","0","0","0","1","201910","202204","2240"
"3059677","530010","70390145","26495275000137","3","1","00000000000000","","","","","","0","E","","","04","","01","36","03","","99","","","","","","","","01056","20190829","1","","","","","","0","0","1","0","0","0","1","0","0","0","0","0","0","0",0,0,0,"0",0,0,0,0,0,0,0,0,0,0,0,0,0,0,"0",0,1,0,0,0,0,0,0,0,0,0,0,0,0,0,0,"1",0,0,0,"0",0,0,0,0,"0",0,0,0,0,0,0,0,0,0,0,0,0,0,0,0,"0","0","1","0","0","0","0","0","0","0","0","0","0","0","0","0","0","0","0","0","0","0","0","0","1","1","0","0","1","1","0","0","0","0","0","0","0","0","0","0","0","0","0","0","0","0","0","0","0","0","0","1","0","0","0","1","0","0","0","0","0","0","0","0","0","0","0","0","0","0","0","0","0","0","0","0","0","0","0","0","0","0","0","0","0","0","0","0","0","0","0","0","1","202001","202204","2062"
"3059685","530010","70390150","26495275000218","3","1","00000000000000","","","","","","0","E","","","04","","01","36","03","","99","","","","","","","","00017","20191215","1","","","","","","0","0","1","0","0","0","1","0","0","0","0","0","0","0",0,0,0,"0",0,0,0,0,0,0,0,0,0,0,0,0,0,0,"0",0,1,0,0,0,0,0,0,0,0,0,0,0,0,0,0,"1",0,0,0,"0",0,0,0,0,"0",0,0,0,0,0,0,0,0,0,0,0,0,0,0,0,"0","0","1","0","0","0","0","0","0","0","0","0","0","0","0","0","0","0","0","0","0","0","0","0","1","1","0","0","1","1","0","0","0","0","0","0","0","0","0","0","0","0","0","0","0","0","0","0","0","0","0","1","0","0","0","1","0","0","0","0","0","0","0","0","0","0","0","0","0","0","0","0","0","0","0","0","0","0","0","0","0","0","0","0","0","0","0","0","0","0","0","0","1","202001","202204","2062"
"3060438","530010","70390700","01602408000287","3","1","00000000000000","","","","0010","","0","E","","","04","","03","22","03","","99","001","34789","2001950","","","","","0215401","20200604","1","","","","","","0","0","1","0","0","0","1","0","0","0","0","0","0","0",0,0,0,"0",0,0,0,0,0,0,0,0,0,0,0,0,0,0,"0",0,1,0,0,0,0,0,0,0,0,0,0,0,0,0,0,"1",0,0,0,"0",0,0,0,0,"0",0,0,0,0,0,0,0,0,0,0,0,0,0,0,0,"0","0","1","0","0","0","0","0","0","0","0","0","0","0","0","0","0","0","0","0","0","0","0","0","1","0","0","0","1","1","0","0","0","0","0","0","0","0","0","0","0","0","0","0","0","0","0","0","0","0","0","1","0","0","0","0","0","0","0","0","0","0","0","0","0","0","0","0","0","0","0","0","0","0","0","0","0","0","0","0","0","0","0","0","0","0","0","0","0","0","0","0","1","202006","202204","2062"
"3061655","530010","70390700","01549461000180","3","1","00000000000000","","","","0015","","0","E","","","04","","03","04","04","","99","","","","","","","","EAS 02039-01","20200124","1","","","","","","0","0","1","0","0","0","1","0","0","0","0","0","0","0",0,0,0,"0",0,0,0,0,0,0,0,0,0,0,0,0,0,0,"0",0,1,0,0,0,0,0,0,0,0,0,0,0,0,0,0,"1",0,0,0,"0",0,0,0,0,"0",0,0,0,0,0,0,0,0,0,0,0,0,0,0,0,"0","0","1","0","0","0","0","0","0","0","0","0","0","0","0","0","0","0","0","0","0","0","0","0","1","0","0","1","1","1","0","0","0","0","0","0","0","0","0","0","0","0","0","0","0","0","0","0","0","0","0","1","0","0","0","1","0","0","0","0","0","0","0","0","0","0","0","0","0","0","0","0","0","0","0","0","0","0","0","0","0","0","0","0","0","0","0","0","0","0","0","0","1","202001","202204","2062"
"3061701","530010","70390150","02661743000138","3","1","00000000000000","","","","0015","","0","E","","","04","","03","36","03","","99","001","34789","1054023","","","","","EAS.05066-01","20190410","1","","","","","","0","0","1","0","0","0","1","0","0","0","0","0","0","0",0,0,0,"0",0,0,0,0,0,0,0,0,0,0,0,0,0,0,"0",0,5,0,0,0,0,0,0,0,0,0,0,0,0,0,2,"1",0,0,0,"0",0,0,0,0,"0",0,0,0,0,0,0,0,0,0,0,0,0,0,0,0,"0","0","1","0","0","0","0","0","0","1","0","0","0","0","0","0","0","1","0","1","0","1","0","0","1","1","0","0","1","1","0","0","0","1","0","0","0","0","0","0","0","0","1","0","0","0","0","0","0","0","0","1","0","0","0","1","0","0","0","0","0","0","0","0","0","0","0","0","0","0","0","0","0","0","0","0","0","0","0","0","0","0","0","0","0","0","0","0","0","0","0","0","1","201907","202204","2062"
"3061787","530010","70750738","06095394000195","3","1","00000000000000","","","","","","0","E","","","04","","","36","03","","99","","","","","","","","20171501896621","20171227","1","","","","","","0","0","1","0","0","0","1","0","0","0","0","0","0","0",0,0,0,"0",0,0,0,0,0,0,0,0,0,0,0,0,0,0,"0",0,0,0,2,0,0,0,0,0,0,0,0,0,0,0,0,"1",0,0,0,"0",0,0,0,0,"0",0,0,0,0,0,0,0,0,0,0,0,0,0,0,0,"0","0","1","0","0","0","0","0","0","0","0","0","0","0","0","0","0","0","0","0","0","0","0","0","1","0","0","0","1","1","0","0","0","0","0","0","0","0","0","0","0","0","0","0","0","0","0","0","0","0","0","1","0","0","0","0","0","0","0","0","0","0","0","0","0","0","0","0","0","0","0","0","0","0","0","0","0","0","0","0","0","0","0","0","0","0","0","0","0","0","0","0","1","202105","202204","2062"
"3062147","530010","70310500","37101540000171","3","1","00000000000000","","","","0005","","0","E","","","04","","02","36","03","","99","","","","","","","","EAS 00243-02/2021","20210308","1","","","","","","0","0","1","0","0","0","1","0","0","0","0","0","0","0",0,0,0,"0",0,0,0,0,0,0,0,0,0,0,0,0,0,0,"0",0,4,0,0,0,0,0,0,0,0,0,0,0,0,0,0,"1",0,0,0,"0",0,0,0,0,"0",0,0,0,0,0,0,0,0,0,0,0,0,0,0,0,"0","0","1","0","0","0","0","0","0","0","0","0","0","0","0","0","0","0","0","0","0","0","0","0","1","1","1","0","1","1","0","0","0","0","0","0","0","0","0","0","0","0","0","0","0","0","0","0","0","0","0","1","0","0","0","1","0","0","0","0","0","0","0","0","0","0","0","0","0","0","0","0","0","0","0","0","0","0","0","0","0","0","0","0","0","0","0","0","0","0","0","0","1","202106","202204","2062"
"3062236","530010","70040911","03470824000113","3","1","00000000000000","","","","0005","","0","E","","","04","","03","22","03","","99","","","","","","","","EAS.00114-02","20190711","","","","","","","0","0","1","0","0","0","1","0","0","0","0","0","0","0",0,0,0,"0",0,0,0,0,0,0,0,0,0,0,0,0,0,0,"0",1,0,0,0,0,0,0,0,0,0,0,0,0,0,0,0,"1",0,0,0,"0",0,0,0,0,"0",0,0,0,0,0,0,0,0,0,0,0,0,0,0,0,"0","0","1","0","0","0","0","0","0","0","0","0","0","0","0","0","0","0","0","0","0","0","0","0","1","0","0","0","1","1","0","0","0","0","0","0","0","0","0","0","0","0","0","0","0","0","0","0","0","0","0","1","0","0","1","1","0","0","0","0","0","0","0","0","0","0","0","0","0","0","0","0","0","0","0","0","0","0","0","0","0","0","0","0","0","0","0","0","0","0","0","0","1","201909","202204","2062"
"3062244","530010","70712904","03594413000130","3","1","00000000000000","","","","","","0","E","","","04","","03","22","03","","99","","","","","","","","ODO-697","20210814","1","","","","","","0","0","0","0","1","0","1","0","0","0","0","0","0","0",0,0,0,"0",0,0,0,0,0,0,0,0,0,0,0,0,0,0,"0",0,0,0,0,0,0,0,0,1,0,0,0,0,0,0,0,"1",0,0,0,"0",0,0,0,0,"0",0,0,0,0,0,0,0,0,0,0,0,0,0,0,0,"0","0","1","0","0","0","0","0","0","0","0","0","0","0","0","0","0","0","0","0","0","0","0","0","1","1","0","0","1","1","0","0","0","0","0","0","0","0","0","0","0","0","0","0","0","0","0","0","0","0","0","1","0","0","0","1","0","0","0","0","0","0","0","0","0","0","0","0","0","0","0","0","0","0","0","0","0","0","0","0","0","0","0","0","0","0","0","0","0","0","0","0","1","202111","202204","2240"
"3062309","530010","70711905","05475735000195","3","1","00000000000000","","","","","","0","E","","","04","","03","36","03","","99","","","","","","","","20211582041","20210620","1","","","","","","0","0","1","0","0","0","1","0","0","0","0","0","0","0",0,0,0,"0",0,0,0,0,0,0,0,0,0,0,0,0,0,0,"0",0,0,0,1,0,0,0,0,0,0,0,0,0,0,0,0,"1",0,0,0,"0",0,0,0,0,"0",0,0,0,0,0,0,0,0,0,0,0,0,0,0,0,"0","0","1","0","0","0","0","0","0","0","0","0","0","0","0","0","0","0","0","0","0","0","0","0","1","0","0","0","1","1","0","0","0","0","0","0","0","0","0","0","0","0","0","0","0","0","0","0","0","0","0","1","0","0","0","0","0","0","0","0","0","0","0","0","0","0","0","0","0","0","0","0","0","0","0","0","0","0","0","0","0","0","0","0","0","0","0","0","0","0","0","0","1","202203","202204","2062"
"3062325","530010","71635610","26990432000180","3","1","00000000000000","","","","0090","","0","E","","","04","","03","22","03","","99","","","","","","","","EAS00062-03","20190329","1","","","","","","0","0","1","0","0","0","1","0","0","0","0","0","0","0",0,0,0,"0",0,0,0,0,0,0,0,0,0,0,0,0,0,0,"0",0,1,0,0,0,0,0,0,0,0,0,0,0,0,0,0,"1",0,0,0,"0",0,0,0,0,"0",0,0,0,0,0,0,0,0,0,0,0,0,0,0,0,"0","0","0","0","0","0","0","0","0","0","0","0","0","0","0","0","0","0","0","0","0","0","0","0","0","0","0","0","1","1","0","0","0","0","0","0","0","0","0","0","0","0","0","0","0","0","0","0","0","0","0","1","0","0","0","1","0","0","0","0","0","0","0","0","0","0","0","0","0","0","0","0","0","0","0","0","0","0","0","0","0","0","0","0","0","0","0","0","0","0","0","0","1","201907","202204","2062"
"3065057","530010","70770573","02090972000140","3","1","00000000000000","","","","0010","","0","E","","","04","","03","36","03","","99","","","","","","","","RAD.00023-02","20210308","1","","","","","","0","0","1","0","0","0","1","0","0","0","0","0","0","0",0,0,0,"0",0,0,0,0,0,0,0,0,0,0,0,0,0,0,"0",0,2,0,0,0,0,0,0,0,0,0,0,0,0,0,0,"1",0,0,0,"0",0,0,0,0,"0",0,0,0,0,0,0,0,0,0,0,0,0,0,0,0,"0","0","0","0","0","0","0","0","1","0","0","0","0","0","0","0","0","1","0","1","0","0","0","0","1","1","1","0","1","1","0","0","0","0","0","0","0","0","0","0","0","0","0","0","0","0","0","0","0","0","0","1","0","0","0","1","0","0","0","0","0","0","0","0","0","0","0","0","0","0","0","0","0","0","0","0","0","0","0","0","0","0","0","0","0","0","0","0","0","0","0","0","1","202201","202204","2062"
"3065839","530010","70770902","02669411000108","3","1","00000000000000","","","","0005","","0","E","","","04","","03","36","03","","99","","","","","","","","EAS 00091-02","20190910","1","","","","","","0","0","1","0","0","0","1","0","0","0","0","0","0","0",0,0,0,"0",0,0,0,0,0,0,0,0,0,0,0,0,0,0,"0",0,1,0,0,0,0,0,1,0,0,0,0,0,0,0,0,"1",0,0,0,"0",0,0,0,0,"0",0,0,0,0,0,0,0,0,0,0,0,0,0,0,0,"0","0","1","0","0","0","0","0","1","0","0","0","0","0","0","0","0","0","0","1","0","0","0","0","1","0","1","0","1","1","0","0","0","0","0","0","0","0","0","0","0","0","0","0","0","0","0","0","0","0","0","1","0","0","0","1","0","0","1","0","0","0","1","0","0","0","0","0","0","0","0","0","0","0","0","0","0","0","0","0","0","0","0","0","0","0","0","0","0","0","0","0","1","201911","202204","2062"
"3066169","530010","70077900","02474025000152","3","1","00000000000000","","","","0010","","0","E","","","04","","03","36","03","","99","","","","","","","","ODO.019302","20211027","1","","","","","","0","0","1","0","0","0","1","0","0","0","0","0","0","0",0,0,0,"0",0,0,0,0,0,0,0,0,0,0,0,0,0,0,"0",0,0,0,0,0,0,0,0,2,0,0,0,0,0,0,0,"1",0,0,0,"0",0,0,0,0,"0",0,0,0,0,0,0,0,0,0,0,0,0,0,0,0,"0","0","1","0","0","0","0","0","1","0","0","0","0","0","0","0","0","0","0","0","0","0","0","0","1","1","0","0","1","1","0","0","0","0","0","0","0","0","0","0","0","0","0","0","0","0","0","0","0","0","0","1","0","0","0","1","0","0","0","0","0","0","0","0","0","0","0","0","0","0","0","0","0","0","0","0","0","0","0","0","0","0","0","0","0","0","0","0","0","0","0","0","1","202202","202204","2062"
"3066487","530010","70340907","33431651000195","3","1","00000000000000","","","","0015","","0","E","","","04","","01","36","03","","99","","","","","","","","RLE DIGITAL","20210429","1","","","","","","0","0","1","0","0","0","1","0","0","0","0","0","0","0",0,0,0,"0",0,0,0,0,0,0,0,0,0,0,0,0,0,0,"0",0,2,0,0,0,0,0,0,0,0,0,0,0,0,0,0,"1",0,0,0,"0",0,0,0,0,"0",0,0,0,0,0,0,0,0,0,0,0,0,0,0,0,"0","0","1","0","0","0","0","0","0","0","0","0","0","0","0","0","0","0","0","0","0","0","0","0","1","1","1","0","1","1","0","0","0","0","0","0","0","0","0","0","0","0","0","0","0","0","0","0","0","0","0","1","0","0","0","1","0","0","0","0","0","0","0","0","0","0","0","0","0","0","0","0","0","0","0","0","0","0","0","0","0","0","0","0","0","0","0","0","0","0","0","0","1","202106","202204","2062"
"3066509","530010","70390155","03736050000120","3","1","00000000000000","","","","","","0","E","","","04","","01","22","03","","99","","","","","","","","","","","","","","","","0","0","1","0","0","0","1","0","0","0","0","0","0","0",0,0,0,"0",0,0,0,0,0,0,0,0,0,0,0,0,0,0,"0",0,1,0,0,0,0,0,0,0,0,0,0,0,0,0,0,"1",0,0,0,"0",0,0,0,0,"0",0,0,0,0,0,0,0,0,0,0,0,0,0,0,0,"0","0","1","0","0","0","0","0","0","0","0","0","0","0","0","0","0","0","0","0","0","0","0","0","1","0","0","0","1","1","0","0","0","0","0","0","0","0","0","0","0","0","0","0","0","0","0","0","0","0","0","1","0","0","0","1","0","0","0","0","0","0","0","0","0","0","0","0","0","0","0","0","0","0","0","0","0","0","0","0","0","0","0","0","0","0","0","0","0","0","0","0","1","202002","202204","2062"
"3067246","530010","72115938","33472416000161","3","1","00000000000000","","","","","","0","E","","","04","","03","22","03","","99","","","","","","","","","20210129","1","","","","","","0","0","1","0","0","0","1","0","0","0","0","0","0","0",0,0,0,"0",0,0,0,0,0,0,0,0,0,0,0,0,0,0,"0",0,0,0,0,0,0,0,0,2,0,0,0,0,0,0,0,"1",0,0,0,"0",0,0,0,0,"0",0,0,0,0,0,0,0,0,0,0,0,0,0,0,0,"0","0","1","0","0","0","0","0","1","0","0","0","0","0","0","0","0","0","0","0","0","0","0","0","1","1","0","0","1","1","0","0","0","0","0","0","0","0","0","0","0","0","0","0","0","0","0","0","0","0","0","1","0","0","1","0","0","0","0","0","0","0","0","0","0","0","0","0","0","0","0","0","0","0","0","0","0","0","0","0","0","0","0","0","0","0","0","0","0","0","0","0","1","202102","202204","2062"
"3067378","530010","71600620","01823718000140","3","1","00000000000000","","","","0090","","0","E","","","04","","03","36","03","","99","","","","","","","","EAS 00082 - 03","20191105","1","","","","","","0","0","1","0","0","0","1","0","0","0","0","0","0","0",0,0,0,"0",0,0,0,0,0,0,0,0,0,0,0,0,0,0,"0",0,1,0,0,0,0,0,0,0,0,0,0,0,0,0,0,"1",0,0,0,"0",0,0,0,0,"0",0,0,0,0,0,0,0,0,0,0,0,0,0,0,0,"0","0","1","0","0","0","0","0","0","0","0","0","0","0","0","0","0","0","0","0","0","0","0","0","1","0","0","0","1","1","0","0","0","0","0","0","0","0","0","0","0","0","0","0","0","0","0","0","0","0","0","1","0","0","0","1","0","0","0","0","0","0","0","0","0","0","0","0","0","0","0","0","0","0","0","0","0","0","0","0","0","0","0","0","0","0","0","0","0","0","0","0","1","201911","202204","2062"
"3067831","530010","70200700","24890030000189","3","1","00000000000000","","","","0015","","0","E","","","04","","03","39","03","","99","","","","","","","","EAS 02033-01","20190515","","","","","","","0","0","1","0","0","0","1","0","0","0","0","0","0","0",0,0,0,"0",0,0,0,0,0,0,0,0,0,0,0,0,0,0,"0",0,0,0,0,0,0,0,0,0,0,0,0,0,0,0,0,"0",0,0,0,"0",0,0,0,0,"0",0,0,0,0,0,0,0,0,0,0,0,0,0,0,0,"0","0","1","0","0","0","0","0","0","0","0","0","0","0","0","0","0","0","0","0","0","0","0","0","1","0","0","0","1","1","0","0","0","0","0","0","0","0","0","0","0","0","0","0","0","0","0","0","0","0","0","1","0","0","0","0","0","0","0","0","0","0","0","0","0","0","0","0","0","0","0","0","0","0","0","0","0","0","0","0","0","0","0","0","0","0","0","0","0","0","0","0","1","201907","202204","2062"
"3068056","530010","70360756","05875122000145","3","1","00000000000000","","","","","","0","E","","","04","","01","22","03","","99","","","","","","","","53201212076","20210824","1","","","","","","0","0","1","0","0","0","1","0","0","0","0","0","0","0",0,0,0,"0",0,0,0,0,0,0,0,0,0,0,0,0,0,0,"0",1,0,0,0,0,0,0,0,0,0,0,0,0,0,0,0,"1",0,0,0,"0",0,0,0,0,"0",0,0,0,0,0,0,0,0,0,0,0,0,0,0,0,"0","0","1","0","0","0","0","0","0","0","0","0","0","0","0","0","0","0","0","1","0","0","0","0","1","0","0","0","1","1","0","0","0","0","0","0","0","0","0","0","0","0","0","0","0","0","0","0","0","0","0","1","0","0","0","0","0","0","0","0","0","0","0","0","0","0","0","0","0","0","0","0","0","0","0","0","0","0","0","0","0","0","0","0","0","0","0","0","0","0","0","0","1","202201","202204","2062"
"3068145","530010","70390700","01361789000179","3","1","00000000000000","","","","","","0","E","","","04","","01","36","03","","99","","","","","","","","RLE","20190329","1","","","","","","0","0","1","0","0","0","1","0","0","0","0","0","0","0",0,0,0,"0",0,0,0,0,0,0,0,0,0,0,0,0,0,0,"0",2,0,0,0,0,0,0,0,0,0,0,0,0,0,0,0,"1",0,0,0,"0",0,0,0,0,"0",0,0,0,0,0,0,0,0,0,0,0,0,0,0,0,"0","0","1","0","0","0","0","0","0","0","0","0","0","0","0","0","0","0","0","0","0","0","0","0","1","0","0","0","1","1","0","0","0","0","0","0","0","0","0","0","0","0","0","0","0","0","0","0","0","0","0","1","0","0","0","1","0","0","0","0","0","0","0","0","0","0","0","0","0","0","0","0","0","0","0","0","0","0","0","0","0","0","0","0","0","0","0","0","0","0","0","0","1","202202","202204","2062"
"3068153","530010","70390901","61486650017906","3","1","00000000000000","","","","","","0","E","","","04","","03","39","03","","99","","","","","","","","","","","","","","","","0","0","1","0","0","0","1","0","0","0","0","0","0","0",0,0,0,"0",0,0,0,0,0,0,0,0,0,0,0,0,0,0,"0",1,1,0,1,0,0,0,1,0,1,0,0,0,0,0,0,"1",0,0,0,"0",0,0,0,0,"0",0,0,0,0,0,0,0,0,1,0,0,0,0,0,0,"0","0","0","0","0","0","0","0","0","0","0","0","0","0","0","0","0","0","1","0","0","0","0","0","1","1","0","0","1","1","0","0","0","0","0","0","0","0","0","0","0","0","0","0","0","0","0","0","0","0","0","0","0","0","0","0","0","0","1","0","0","0","1","0","0","0","0","0","0","0","0","0","0","0","0","0","0","0","0","0","0","0","0","0","0","0","0","0","0","0","0","0","1","202109","202204","2046"
"3068218","530010","70390150","01602606000160","3","1","00000000000000","","","","0015","","0","E","","","04","","03","36","04","","99","001","45942","4058321","","","","","000920/2016","20160721","1","","","","","","0","0","1","0","0","0","1","0","0","0","0","0","0","0",0,0,0,"0",0,0,0,0,0,0,0,0,0,0,0,0,0,0,"0",0,5,0,0,0,0,0,0,0,1,0,0,0,0,0,0,"1",0,0,0,"0",0,0,0,0,"0",0,0,0,0,0,0,0,0,0,0,0,0,0,0,0,"0","0","1","0","0","0","0","0","0","1","0","0","0","0","0","0","0","0","0","1","0","0","0","0","1","1","0","0","1","1","0","0","0","0","0","0","1","0","0","0","0","0","1","0","0","0","0","0","0","0","0","1","0","0","0","1","0","0","0","0","0","0","0","0","0","0","0","0","0","0","0","0","0","0","0","0","0","0","0","0","0","0","0","0","0","0","0","0","0","0","0","0","1","202012","202204","2062"
"3068226","530010","70392900","01068425000103","3","1","00000000000000","","","","","","0","E","","","04","","01","36","03","","99","","","","","","","","1410006081","20210401","1","","","","","","0","0","1","0","0","0","1","0","0","0","0","0","0","0",0,0,0,"0",0,0,0,0,0,0,0,0,0,0,0,0,0,0,"0",0,2,0,0,0,0,0,0,0,0,0,0,0,0,0,0,"1",0,0,0,"0",0,0,0,0,"0",0,0,0,0,0,0,0,0,0,0,0,0,0,0,0,"0","0","1","0","0","0","0","0","0","0","0","0","0","0","0","0","0","0","0","0","0","0","0","0","1","0","0","0","1","1","0","0","0","0","0","0","0","0","0","0","0","0","0","0","0","0","0","0","0","0","0","1","0","0","0","1","0","0","0","0","0","0","0","0","0","0","0","0","0","0","0","0","0","0","0","0","0","0","0","0","0","0","0","0","0","0","0","0","0","0","0","0","1","202107","202204","2062"
"3069044","530010","70390907","04381006000107","3","1","00000000000000","","","","0015","","0","E","","","04","","01","22","04","","99","","","","","","","","LICENCA SANITARIA","20200124","1","","","","","","0","0","1","0","0","0","1","0","0","0","0","0","0","0",0,0,0,"0",0,0,0,0,0,0,0,0,0,0,0,0,0,0,"0",1,0,0,0,0,0,0,0,0,0,0,0,0,0,0,0,"1",0,0,0,"0",0,0,0,0,"0",0,0,0,0,0,0,0,0,0,0,0,0,0,0,0,"0","0","1","0","0","0","0","0","0","0","0","0","0","0","0","0","0","0","0","0","0","0","0","0","1","1","0","0","1","1","0","0","0","0","0","0","0","0","0","0","0","0","0","0","0","0","0","0","0","0","0","1","0","0","0","1","0","0","0","0","0","0","0","0","0","0","0","0","0","0","0","0","0","0","0","0","0","0","0","0","0","0","0","0","0","0","0","0","0","0","0","0","1","202106","202204","2062"
"3070506","530010","73036605","61486650037850","3","1","00000000000000","","","","","","0","E","","","04","","03","39","03","","99","","","","","","","","","","","","","","","","0","0","1","0","0","0","1","0","0","0","0","0","0","0",0,0,0,"0",0,0,0,0,0,0,0,0,0,0,0,0,0,0,"0",0,0,0,0,0,0,0,1,0,0,0,0,0,0,0,0,"1",0,0,0,"0",0,0,0,0,"0",0,0,0,0,0,0,0,0,1,0,0,0,0,0,0,"0","0","0","0","0","0","0","0","0","0","0","0","0","0","0","0","0","0","1","0","0","0","0","0","1","1","0","0","1","1","0","0","0","0","0","0","0","0","0","0","0","0","0","0","0","0","0","0","0","0","0","0","0","0","0","0","0","0","1","0","0","0","1","0","0","0","0","0","0","0","0","0","0","0","0","0","0","0","0","0","0","0","0","0","0","0","0","0","0","0","0","0","1","202010","202204","2046"
"3071316","530010","71635610","00867494000297","3","1","00000000000000","","","","","","0","E","","","04","","01","36","03","","99","","","","","","","","EAS. 00089-03","20210311","1","","","","","","0","0","1","0","0","0","1","0","0","0","0","0","0","0",0,0,0,"0",0,0,0,0,0,0,0,0,0,0,0,0,0,0,"0",0,2,0,0,0,0,0,0,0,0,0,2,0,0,0,0,"1",0,0,0,"0",0,0,0,0,"0",0,0,0,0,0,0,0,0,0,0,0,0,0,0,0,"0","0","1","0","0","0","0","0","0","0","0","0","0","0","0","0","0","0","0","0","0","0","0","0","1","0","0","0","1","1","0","0","0","0","0","0","0","0","0","0","0","0","0","0","0","0","0","0","0","0","0","1","0","0","0","1","0","0","0","0","0","0","0","0","0","0","0","0","0","0","0","0","0","0","0","0","0","0","0","0","0","0","0","0","0","0","0","0","0","0","0","0","1","202202","202204","2062"
"3071359","530010","71635176","61486650038580","3","1","00000000000000","","","","","","0","E","","","04","","03","39","03","","99","","","","","","","","","","","","","","","","0","0","1","0","0","0","1","0","0","0","0","0","0","0",0,0,0,"0",0,0,0,0,0,0,0,0,0,0,0,0,0,0,"0",0,0,0,0,0,0,0,1,0,0,0,0,0,0,0,0,"1",0,0,0,"0",0,0,0,0,"0",0,0,0,0,0,0,0,0,1,0,0,0,0,0,0,"0","0","0","0","0","0","0","0","0","0","0","0","0","0","0","0","0","0","1","0","0","0","0","0","1","1","0","0","1","1","0","0","0","0","0","0","0","0","0","0","0","0","0","0","0","0","0","0","0","0","0","0","0","0","0","0","0","0","1","0","0","0","1","0","0","0","0","0","0","0","0","0","0","0","0","0","0","0","0","0","0","0","0","0","0","0","0","0","0","0","0","0","1","202010","202204","2046"
"3071367","530010","71605200","02030725000158","3","1","00000000000000","","","","","","0","E","","","04","","03","22","03","","99","","","","","","","","00238/2013","20131011","1","","","","","","0","0","1","0","0","0","1","0","0","0","0","0","0","0",0,0,0,"0",0,0,0,0,0,0,0,0,0,0,0,0,0,0,"0",0,0,0,0,0,0,0,0,1,0,0,0,0,0,0,0,"1",0,0,0,"0",0,0,0,0,"0",0,0,0,0,0,0,0,0,0,0,0,0,0,0,0,"0","0","0","0","0","0","0","0","0","0","0","0","0","0","0","0","0","0","0","0","0","0","0","0","0","0","0","0","1","1","0","0","0","0","0","0","0","0","0","0","0","0","0","0","0","0","0","0","0","0","0","1","0","0","0","0","0","0","0","0","0","0","0","0","0","0","0","0","0","0","0","0","0","0","0","0","0","0","0","0","0","0","0","0","0","0","0","0","0","0","0","0","1","202005","202204","2240"
"3071731","530010","72405600","61486650037931","3","1","00000000000000","","","","","","0","E","","","04","","03","39","03","","99","","","","","","","","","","","","","","","","0","0","1","0","0","0","1","0","0","0","0","0","0","0",0,0,0,"0",0,0,0,0,0,0,0,0,0,0,0,0,0,0,"0",0,0,0,0,0,0,0,1,0,0,0,0,0,0,0,0,"1",0,0,0,"0",0,0,0,0,"0",0,0,0,0,0,0,0,0,1,0,0,0,0,0,0,"0","0","0","0","0","0","0","0","0","0","0","0","0","0","0","0","0","0","1","0","0","0","0","0","1","1","0","0","1","1","0","0","0","0","0","0","0","0","0","0","0","0","0","0","0","0","0","0","0","0","0","0","0","0","0","0","0","0","1","0","0","0","1","0","0","0","0","0","0","0","0","0","0","0","0","0","0","0","0","0","0","0","0","0","0","0","0","0","0","0","0","0","1","202010","202204","2046"
"3073548","530010","71503509","02231523000174","3","1","00000000000000","","","","","","0","E","","","04","","03","04","03","","99","","","","","","","","","","","","","","","","0","0","1","0","0","0","1","0","0","0","0","0","0","0",0,0,0,"0",0,0,0,0,0,0,0,0,0,0,0,0,0,0,"0",2,1,0,5,0,0,0,0,1,0,0,0,0,0,0,0,"1",0,0,0,"0",0,0,0,0,"0",0,0,0,0,0,0,0,0,0,0,0,0,0,0,0,"0","0","1","0","0","0","0","0","0","0","0","0","0","0","0","0","0","0","0","0","0","0","0","0","1","1","0","0","1","1","0","0","0","0","0","0","0","0","0","0","0","0","0","0","0","0","0","0","0","0","0","1","0","0","0","0","1","0","0","0","0","0","1","0","0","0","0","0","0","0","0","0","0","0","0","0","0","0","0","0","0","0","0","0","0","0","0","0","0","0","0","0","1","202012","202204","2062"
"3073777","530010","72010010","61486650037770","3","1","00000000000000","","","","","","0","E","","","04","","02","39","03","","99","","","","","","","","","","","","","","","","0","0","1","0","0","0","1","0","0","0","0","0","0","0",0,0,0,"0",0,0,0,0,0,0,0,0,0,0,0,0,0,0,"0",0,0,0,0,0,0,0,1,0,0,0,0,0,0,0,0,"1",0,0,0,"0",0,0,0,0,"0",0,0,0,0,0,0,0,0,1,0,0,0,0,0,0,"0","0","0","0","0","0","0","0","0","0","0","0","0","0","0","0","0","0","1","0","0","0","0","0","1","1","0","0","1","1","0","0","0","0","0","0","0","0","0","0","0","0","0","0","0","0","0","0","0","0","0","0","0","0","0","0","0","0","1","0","0","0","1","0","0","0","0","0","0","0","0","0","0","0","0","0","0","0","0","0","0","0","0","0","0","0","0","0","0","0","0","0","1","202010","202204","2046"
"3073785","530010","71691083","61486650038660","3","1","00000000000000","","","","","","0","E","","","04","","03","39","03","","99","","","","","","","","","","","","","","","","0","0","1","0","0","0","1","0","0","0","0","0","0","0",0,0,0,"0",0,0,0,0,0,0,0,0,0,0,0,0,0,0,"0",0,0,0,0,0,0,0,1,0,0,0,0,0,0,0,0,"1",0,0,0,"0",0,0,0,0,"0",0,0,0,0,0,0,0,0,1,0,0,0,0,0,0,"0","0","0","0","0","0","0","0","0","0","0","0","0","0","0","0","0","0","1","0","0","0","0","0","1","1","0","0","1","1","0","0","0","0","0","0","0","0","0","0","0","0","0","0","0","0","0","0","0","0","0","0","0","0","0","0","0","0","1","0","0","0","1","0","0","0","0","0","0","0","0","0","0","0","0","0","0","0","0","0","0","0","0","0","0","0","0","0","0","0","0","0","1","202010","202204","2046"
"3073807","530010","72010000","03047564000178","3","1","00000000000000","","","","0180","","0","E","","","04","","03","36","03","","99","","","","","","","","ODO.00049-15","20210624","1","","","","","","0","0","1","0","0","0","1","0","0","0","0","0","0","0",0,0,0,"0",0,0,0,0,0,0,0,0,0,0,0,0,0,0,"0",0,0,0,0,0,0,0,0,3,0,0,0,0,0,0,0,"1",0,0,0,"0",0,0,0,0,"0",0,0,0,0,0,0,0,0,0,0,0,0,0,0,0,"0","0","1","0","0","0","0","0","1","0","0","0","0","0","0","0","0","0","0","0","0","0","0","0","1","1","0","0","1","1","0","0","0","0","0","0","0","0","0","0","0","0","0","0","0","0","0","0","0","0","0","1","0","0","1","1","0","0","0","0","0","0","0","0","0","0","0","0","0","0","0","0","0","0","0","0","0","0","0","0","0","0","0","0","0","0","0","0","0","0","0","0","1","202201","202204","2062"
"3073866","530010","72115650","01720242000112","3","1","00000000000000","","","","0180","","0","E","","","04","","03","36","03","","99","","","","","","","","EAS.00121-15/2021","20210712","1","","","","","","0","0","1","0","0","0","1","0","0","0","0","0","0","0",0,0,0,"0",0,0,0,0,0,0,0,0,0,0,0,0,0,0,"0",0,7,0,0,0,0,0,0,0,0,0,0,0,0,0,0,"1",0,0,0,"0",0,0,0,0,"0",0,0,0,0,0,0,0,0,0,0,0,0,0,0,0,"0","0","1","0","0","0","0","0","0","0","0","0","0","0","0","0","0","0","0","1","0","0","0","0","1","1","0","0","1","1","0","0","0","0","0","0","0","0","0","0","0","0","0","0","0","0","0","0","0","0","0","1","0","0","0","1","0","0","0","0","0","0","0","0","0","0","0","0","0","0","0","0","0","0","0","0","0","0","0","0","0","0","0","0","0","0","0","0","0","0","0","0","1","202203","202204","2062"
"3073920","530010","72115510","00800115000160","3","1","00000000000000","","","","","","0","E","","","04","","03","04","04","","99","","","","","","","","00065-15/2021","20210716","1","","","","","","0","0","1","0","0","0","1","0","0","0","0","0","0","0",0,0,0,"0",0,0,0,0,0,0,0,0,0,0,0,0,0,0,"0",0,0,0,1,0,0,0,0,2,0,0,0,0,0,0,0,"1",0,0,0,"0",0,0,0,0,"0",0,0,0,0,0,0,0,0,0,0,0,0,0,0,0,"0","0","1","0","0","0","0","0","0","0","0","0","0","0","0","0","0","0","0","0","0","0","0","0","1","1","0","0","1","1","0","0","0","0","0","0","0","0","0","0","0","0","0","0","0","0","0","0","0","0","0","1","0","0","0","0","0","0","0","0","0","0","0","0","0","0","0","0","0","0","0","0","0","0","0","0","0","0","0","0","0","0","0","0","0","0","0","0","0","0","0","0","1","202107","202204","2062"
"3075699","530010","72115700","00873730000105","3","1","00000000000000","","","","0180","","0","E","","","04","","03","36","03","","99","","","","","","","","EAS-00104-15","20200220","1","","","","","","0","0","1","0","0","0","1","0","0","0","0","0","0","0",0,0,0,"0",0,0,0,0,0,0,0,0,0,0,0,0,0,0,"0",0,3,0,0,0,0,0,0,0,0,0,0,0,0,0,0,"1",0,0,0,"0",0,0,0,0,"0",0,0,0,0,0,0,0,0,0,0,0,0,0,0,0,"0","0","1","0","0","0","0","0","0","0","0","0","0","0","0","0","0","0","0","0","0","0","0","0","1","0","0","0","1","1","0","0","0","0","0","0","0","0","0","0","0","0","0","0","0","0","0","0","0","0","0","1","0","0","0","1","0","0","0","0","0","0","0","0","0","0","0","0","0","0","0","0","0","0","0","0","0","0","0","0","0","0","0","0","0","0","0","0","0","0","0","0","1","202007","202204","2062"
"3075710","530010","72120190","02577930000138","3","1","00000000000000","","","","0180","","0","E","","","04","","03","22","03","","99","","","","","","","","EAS 00038-15","20210714","1","","","","","","0","0","1","0","0","0","1","0","0","0","0","0","0","0",0,0,0,"0",0,0,0,0,0,0,0,0,0,0,0,0,0,0,"0",0,1,0,0,0,0,0,0,0,0,0,0,0,0,0,0,"1",0,0,0,"0",0,0,0,0,"0",0,0,0,0,0,0,0,0,0,0,0,0,0,0,0,"0","0","1","0","0","0","0","0","0","0","0","0","0","0","0","0","0","0","0","0","0","0","0","0","1","0","0","0","1","1","0","0","0","0","0","0","0","0","0","0","0","0","0","0","0","0","0","0","0","0","0","1","0","0","0","1","0","0","0","0","0","0","0","0","0","0","0","0","0","0","0","0","0","0","0","0","0","0","0","0","0","0","0","0","0","0","0","0","0","0","0","0","1","202107","202204","2062"
"3075990","530010","70770560","38076139000191","3","1","00000000000000","","","","0005","","0","E","","","04","","03","04","03","","99","","","","","","","","EAS 0183-02","20200228","1","","","","","","0","0","1","0","0","0","1","0","0","0","0","0","0","0",0,0,0,"0",0,0,0,0,0,0,0,0,0,0,0,0,0,0,"0",0,1,0,1,0,0,0,0,0,0,0,0,0,0,0,0,"1",0,0,0,"0",0,0,0,0,"0",0,0,0,0,0,0,0,0,0,0,0,0,0,0,0,"0","0","1","0","0","0","0","0","0","0","0","0","0","0","0","0","0","0","0","0","0","0","0","0","1","1","0","0","1","1","0","0","0","0","0","0","0","0","0","0","0","0","0","0","0","0","0","0","0","0","0","1","0","0","0","1","0","0","0","0","0","0","0","0","0","0","0","0","0","0","0","0","0","0","0","0","0","0","0","0","0","0","0","0","0","0","0","0","0","0","0","0","1","202003","202204","2062"
"3077098","530010","70790090","62382395000604","3","1","00000000000000","","","","","","1","E","","","04","","03","04","03","","99","070","0209","0175553","","","","","0493/02","20200407","1","","","","","","0","0","1","0","1","0","1","0","0","0","0","0","0","0",0,0,0,"0",0,0,0,0,0,0,0,0,0,0,0,0,0,0,"0",0,1,0,1,0,0,0,0,1,0,1,0,0,0,0,0,"1",0,0,0,"0",0,0,0,0,"0",0,0,0,0,0,0,0,0,0,0,0,0,0,0,0,"0","0","1","0","1","0","0","0","1","0","0","0","0","0","0","0","1","0","1","0","0","0","0","0","1","0","0","0","1","1","0","0","0","0","0","0","0","0","0","0","0","0","0","0","0","0","0","0","0","0","1","1","0","0","0","1","0","0","0","0","0","0","0","0","0","0","0","0","0","0","0","0","0","0","0","0","0","0","0","0","0","0","0","0","0","0","0","0","0","0","0","0","1","202201","202204","3999"
"3077144","530010","70770100","01419817000161","3","1","00000000000000","","","","0005","","0","E","","","04","","01","36","04","","99","","","","","","","","EAS 00427-02","20181119","1","","","","","","0","0","1","0","0","0","1","0","0","0","0","0","0","0",0,0,0,"0",0,0,0,0,0,0,0,0,0,0,0,0,0,0,"0",0,0,0,3,0,0,0,0,0,0,0,0,0,0,0,0,"1",0,0,0,"0",0,0,0,0,"0",0,0,0,0,0,0,0,0,0,0,0,0,0,0,0,"0","0","1","0","0","0","0","0","0","0","0","0","0","0","0","0","0","0","0","0","0","0","0","0","1","0","0","0","1","1","0","0","0","0","0","0","0","0","0","0","0","0","0","0","0","0","0","0","0","0","0","1","0","0","0","1","0","0","0","0","0","0","0","0","0","0","0","0","0","0","0","0","0","0","0","0","0","0","0","0","0","0","0","0","0","0","0","0","0","0","0","0","1","201906","202204","2062"
"3077209","530010","70077900","01225511000174","3","1","00000000000000","","","","0005","","0","E","","","04","","03","36","03","","99","","","","","","","","ODO.00085-02","20190425","1","","","","","","0","0","1","0","0","0","1","0","0","0","0","0","0","0",0,0,0,"0",0,0,0,0,0,0,0,0,0,0,0,0,0,0,"0",0,0,0,0,0,0,0,0,3,0,0,0,0,0,0,0,"1",0,0,0,"0",0,0,0,0,"0",0,0,0,0,0,0,0,0,0,0,0,0,0,0,0,"0","0","1","0","0","0","0","0","1","0","0","0","0","0","0","0","0","0","0","0","0","0","0","0","1","1","0","0","1","1","0","0","0","0","0","0","0","0","0","0","0","0","0","0","0","0","0","0","0","0","0","1","0","0","1","1","0","0","0","0","0","0","0","0","0","0","0","0","0","0","0","0","0","0","0","0","0","0","0","0","0","0","0","0","0","0","0","0","0","0","0","0","1","201908","202204","2240"
"3077276","530010","70770560","03609918000120","3","1","00000000000000","","","","0010","","0","E","","","04","","03","36","03","","99","","","","","","","","EAS 00170-02","20200309","1","","","","","","0","0","1","0","0","0","1","0","0","0","0","0","0","0",0,0,0,"0",0,0,0,0,0,0,0,0,0,0,0,0,0,0,"0",0,2,0,0,0,0,0,0,0,0,0,0,0,0,0,0,"1",0,0,0,"0",0,0,0,0,"0",0,0,0,0,0,0,0,0,0,0,0,0,0,0,0,"0","0","1","0","0","0","0","0","1","0","0","0","0","0","0","0","0","1","0","1","0","0","0","0","1","1","1","0","1","1","0","0","0","0","0","0","0","0","0","0","0","0","0","0","0","0","0","0","0","0","0","1","0","0","0","1","0","0","0","0","0","0","0","0","0","0","0","0","0","0","0","0","0","0","0","0","0","0","0","0","0","0","0","0","0","0","0","0","0","0","0","0","1","202106","202204","2305"
"3078604","530010","70310500","02021637000190","3","1","00000000000000","","","","","","0","E","","","04","","03","36","03","","99","","","","","","","","EAS-853","20190522","1","","","","","","0","0","1","0","0","0","1","0","0","0","0","0","0","0",0,0,0,"0",0,0,0,0,0,0,0,0,0,0,0,0,0,0,"0",0,1,0,0,0,0,0,0,0,0,0,0,0,0,0,0,"1",0,0,0,"0",0,0,0,0,"0",0,0,0,0,0,0,0,0,0,0,0,0,0,0,0,"0","0","1","0","0","0","0","0","0","0","0","0","0","0","0","0","0","0","0","0","0","0","0","0","1","0","0","0","1","1","0","0","0","0","0","0","0","0","0","0","0","0","0","0","0","0","0","0","0","0","0","1","0","0","0","1","0","0","0","0","0","0","0","0","0","0","0","0","0","0","0","0","0","0","0","0","0","0","0","0","0","0","0","0","0","0","0","0","0","0","0","0","1","201910","202204","2240"
"3078795","530010","70077900","01959085000100","3","1","00000000000000","","","","0005","","0","E","","","04","","03","36","03","","99","","","","","","","","ODO-00188-02","20181126","1","","","","","","0","0","1","0","0","0","1","0","0","0","0","0","0","0",0,0,0,"0",0,0,0,0,0,0,0,0,0,0,0,0,0,0,"0",0,0,0,0,0,0,0,0,1,0,0,0,0,0,0,0,"1",0,0,0,"0",0,0,0,0,"0",0,0,0,0,0,0,0,0,0,0,0,0,0,0,0,"0","0","1","0","0","0","0","0","1","0","0","0","0","0","0","0","0","0","0","0","0","0","0","0","1","1","0","1","1","1","0","0","0","0","0","0","0","0","0","0","0","0","0","0","0","0","0","0","0","0","0","1","0","0","1","1","0","0","0","0","0","0","0","0","0","0","0","0","0","0","0","0","0","0","0","0","0","0","0","0","0","0","0","0","0","0","0","0","0","0","0","0","1","201906","202204","2062"
"3078825","530010","70310500","04442157000128","3","1","00000000000000","","","","","","0","E","","","04","","01","22","03","","99","","","","","","","","EAS 1503-2","20200525","1","","","","","","0","0","1","0","0","0","1","0","0","0","0","0","0","0",0,0,0,"0",0,0,0,0,0,0,0,0,0,0,0,0,0,0,"0",0,1,0,0,0,0,0,0,0,0,0,0,0,0,0,0,"1",0,0,0,"0",0,0,0,0,"0",0,0,0,0,0,0,0,0,0,0,0,0,0,0,0,"0","0","1","0","0","0","0","0","0","0","0","0","0","0","0","0","0","0","0","0","0","0","0","0","1","0","0","0","1","1","0","0","0","0","0","0","0","0","0","0","0","0","0","0","0","0","0","0","0","0","0","0","0","0","0","1","0","0","0","0","0","0","0","0","0","0","0","0","0","0","0","0","0","0","0","0","0","0","0","0","0","0","0","0","0","0","0","0","0","0","0","0","1","202010","202204","2062"
"3078957","530010","70742530","33438441000129","3","1","00000000000000","","","","0010","","0","E","","","04","","03","22","03","","99","","","","","","","","1356/ODO","20190910","1","","","","","","0","0","1","0","0","0","1","0","0","0","0","0","0","0",0,0,0,"0",0,0,0,0,0,0,0,0,0,0,0,0,0,0,"0",0,0,0,0,0,0,0,0,1,0,0,0,0,0,0,0,"1",0,0,0,"0",0,0,0,0,"0",0,0,0,0,0,0,0,0,0,0,0,0,0,0,0,"0","0","1","0","0","0","0","0","0","0","0","0","0","0","0","0","0","0","0","0","0","0","0","0","1","1","0","0","1","1","0","0","0","0","0","0","0","0","0","0","0","0","0","0","0","0","0","0","0","0","0","1","0","0","0","1","0","0","0","0","0","0","0","0","0","0","0","0","0","0","0","0","0","0","0","0","0","0","0","0","0","0","0","0","0","0","0","0","0","0","0","0","1","201910","202204","2240"
"3078973","530010","70310500","01444625000105","3","1","00000000000000","","","","0005","","0","E","","","04","","03","36","03","","99","","","","","","","","ODO-00320-02","20190711","1","","","","","","0","0","1","0","0","0","1","0","0","0","0","0","0","0",0,0,0,"0",0,0,0,0,0,0,0,0,0,0,0,0,0,0,"0",0,0,0,0,0,0,0,0,1,0,0,0,0,0,0,0,"1",0,0,0,"0",0,0,0,0,"0",0,0,0,0,0,0,0,0,0,0,0,0,0,0,0,"0","0","1","0","0","0","0","0","1","0","0","0","0","0","0","0","0","0","0","0","0","0","0","0","1","1","0","0","1","1","0","0","0","0","0","0","0","0","0","0","0","0","0","0","0","0","0","0","0","0","0","1","0","0","0","0","0","0","0","0","0","0","0","0","0","0","0","0","0","0","0","0","0","0","0","0","0","0","0","0","0","0","0","0","0","0","0","0","0","0","0","0","1","201907","202204","2062"
"3079090","530010","70390145","03306823000138","3","1","00000000000000","","","","","","0","E","","","04","","03","36","03","","99","","","","","","","","EAS - 30010 - 01","20200305","1","","","","","","0","0","1","0","0","0","1","0","0","0","0","0","0","0",0,0,0,"0",0,0,0,0,0,0,0,0,0,0,0,0,0,0,"0",3,0,0,0,0,0,0,0,0,0,0,0,0,0,0,0,"1",0,0,0,"0",0,0,0,0,"0",0,0,0,0,0,0,0,0,0,0,0,0,0,0,0,"0","0","1","0","0","0","0","0","0","0","0","0","0","0","0","0","0","0","0","0","0","0","0","0","1","1","0","0","1","1","0","0","0","0","0","0","0","0","0","0","0","0","0","0","0","0","0","0","0","0","0","1","0","0","0","1","0","0","0","0","0","0","0","0","0","0","0","0","0","0","0","0","0","0","0","0","0","0","0","0","0","0","0","0","0","0","0","0","0","0","0","0","1","202003","202204","2062"
"3079104","530010","70711902","04610336000127","3","1","00000000000000","","","","0005","","0","E","","","04","","03","36","03","","99","","","","","","","","ODO.0198-02","20190617","1","","","","","","0","0","1","0","0","0","1","0","0","0","0","0","0","0",0,0,0,"0",0,0,0,0,0,0,0,0,0,0,0,0,0,0,"0",0,0,0,0,0,0,0,0,2,0,0,0,0,0,0,0,"1",0,0,0,"0",0,0,0,0,"0",0,0,0,0,0,0,0,0,0,0,0,0,0,0,0,"0","0","1","0","0","0","0","0","1","0","0","0","0","0","0","0","0","0","0","0","0","0","0","0","1","1","0","1","1","1","0","0","0","0","0","0","0","0","0","0","0","0","0","0","0","0","0","0","0","0","0","1","0","0","1","1","0","0","0","0","0","0","0","0","0","0","0","0","0","0","0","0","0","0","0","0","0","0","0","0","0","0","0","0","0","0","0","0","0","0","0","0","1","201908","202204","2232"
"3079155","530010","70770561","00475561000147","3","1","00000000000000","","","","","","0","E","","","04","","03","04","04","","99","","","","","","","","EAS-3654","20210723","1","","","","","","0","0","1","0","0","0","1","0","0","0","0","0","0","0",0,0,0,"0",0,0,0,0,0,0,0,0,0,0,0,0,0,0,"0",0,0,0,1,0,0,0,0,2,0,0,0,0,0,0,0,"1",0,0,0,"0",0,0,0,0,"0",0,0,0,0,0,0,0,0,0,0,0,0,0,0,0,"0","0","1","0","0","0","0","0","0","0","0","0","0","0","0","0","0","0","0","0","0","0","0","0","1","0","0","0","1","1","0","0","0","0","0","0","0","0","0","0","0","0","0","0","0","0","0","0","0","0","0","1","0","0","0","1","0","0","0","0","0","0","0","0","0","0","0","0","0","0","0","0","0","0","0","0","0","0","0","0","0","0","0","0","0","0","0","0","0","0","0","0","1","202111","202204","2240"
"3079252","530010","70710904","61486650017663","3","1","00000000000000","","","","","","0","E","","","04","","03","39","03","","99","","","","","","","","","","","","","","","","0","0","1","0","0","0","1","0","0","0","0","0","0","0",0,0,0,"0",0,0,0,0,0,0,0,0,0,0,0,0,0,0,"0",0,0,0,0,0,0,0,0,0,1,0,0,0,0,0,0,"1",0,0,0,"0",0,0,0,0,"0",0,0,0,0,0,0,0,0,0,0,0,0,0,0,0,"0","0","0","0","0","0","0","0","0","0","0","0","0","0","0","0","0","0","1","0","0","0","0","0","1","1","0","0","1","1","0","0","0","0","0","0","0","0","0","0","0","0","0","0","0","0","0","0","0","0","0","0","0","0","0","0","0","0","1","0","0","0","1","0","0","0","0","0","0","0","0","0","0","0","0","0","0","0","0","0","0","0","0","0","0","0","0","0","0","0","0","0","1","202010","202204","2046"
"3079260","530010","70710143","61486650038075","3","1","00000000000000","","","","","","0","E","","","04","","03","39","03","","99","","","","","","","","","","","","","","","","0","0","1","0","0","0","1","0","0","0","0","0","0","0",0,0,0,"0",0,0,0,0,0,0,0,0,0,0,0,0,0,0,"0",0,0,0,0,0,0,0,1,0,0,0,0,0,0,0,0,"1",0,0,0,"0",0,0,0,0,"0",0,0,0,0,0,0,0,0,1,0,0,0,0,0,0,"0","0","0","0","0","0","0","0","0","0","0","0","0","0","0","0","0","0","1","0","0","0","0","0","1","1","0","0","1","1","0","0","0","0","0","0","0","0","0","0","0","0","0","0","0","0","0","0","0","0","0","0","0","0","0","0","0","0","1","0","0","0","1","0","0","0","0","0","0","0","0","0","0","0","0","0","0","0","0","0","0","0","0","0","0","0","0","0","0","0","0","0","1","202010","202204","2046"
"3079392","530010","70742530","32913261000199","3","1","00000000000000","","","","","","0","E","","","04","","03","22","03","","99","","","","","","","","ODO-825","20210702","1","","","","","","0","0","0","0","1","0","1","0","0","0","0","0","0","0",0,0,0,"0",0,0,0,0,0,0,0,0,0,0,0,0,0,0,"0",0,0,0,0,0,0,0,0,1,0,0,0,0,0,0,0,"1",0,0,0,"0",0,0,0,0,"0",0,0,0,0,0,0,0,0,0,0,0,0,0,0,0,"0","0","1","0","0","0","0","0","0","0","0","0","0","0","0","0","0","0","0","0","0","0","0","0","1","1","0","0","0","1","0","0","0","0","0","0","0","0","0","0","0","0","0","0","0","0","0","0","0","0","0","1","0","0","0","1","0","0","0","0","0","0","0","0","0","0","0","0","0","0","0","0","0","0","0","0","0","0","0","0","0","0","0","0","0","0","0","0","0","0","0","0","1","202111","202204","2240"
"3079953","530010","70200760","03556670000187","3","1","00000000000000","","","","","","0","E","","","04","","03","36","03","","99","","","","","","","","EAS - 20702-01","20201223","1","","","","","","0","0","1","0","0","0","1","0","0","0","0","0","0","0",0,0,0,"0",0,0,0,0,0,0,0,0,0,0,0,0,0,0,"0",0,2,0,0,0,0,0,0,0,0,0,0,0,0,0,2,"1",0,0,0,"0",0,0,0,0,"0",0,0,0,0,0,0,0,0,0,0,0,0,0,0,0,"0","0","1","0","0","0","0","0","0","0","0","0","0","0","0","0","0","0","0","0","0","0","0","0","1","0","0","0","1","1","0","0","0","0","0","0","0","0","0","0","0","0","0","0","0","0","0","0","0","0","0","1","0","0","1","1","0","0","0","0","0","0","0","0","0","0","0","0","0","0","0","0","0","0","0","0","0","0","0","0","0","0","0","0","0","0","0","0","0","0","0","0","1","202204","202204","2062"
"3081028","530010","72015545","61486650017582","3","1","00000000000000","","","","","","0","E","","","04","","03","39","03","","99","","","","","","","","","","","","","","","","0","0","1","0","0","0","1","0","0","0","0","0","0","0",0,0,0,"0",0,0,0,0,0,0,0,0,0,0,0,0,0,0,"0",0,1,0,0,0,0,0,0,0,0,0,0,0,0,0,0,"1",0,0,0,"0",0,0,0,0,"0",0,0,0,0,0,0,0,0,0,0,0,0,0,0,0,"0","0","0","0","0","0","0","0","0","0","0","0","0","0","0","0","0","0","1","0","0","0","0","0","1","1","0","0","1","1","0","0","0","0","0","0","0","0","0","0","0","0","0","0","0","0","0","0","0","0","0","0","0","0","0","0","0","0","1","0","0","0","1","0","0","0","0","0","0","0","0","0","0","0","0","0","0","0","0","0","0","0","0","0","0","0","0","0","0","0","0","0","1","202011","202204","2046"
"3082342","530010","70770904","02022223000185","3","1","00000000000000","","","","","","0","E","","","04","","02","77","06","","99","","","","","","","","EAS 0129-02","20190919","1","","","","","","0","0","1","0","0","0","1","0","0","0","0","0","0","0",0,0,0,"0",0,0,0,0,0,0,0,0,0,0,0,0,0,0,"1",0,0,0,0,0,0,0,0,0,0,0,0,0,0,0,0,"0",0,0,0,"0",0,0,0,0,"0",1,0,0,0,0,0,0,0,0,0,0,0,0,0,0,"0","0","0","0","0","0","1","0","0","0","0","0","0","0","0","0","0","0","0","0","1","0","0","0","1","1","0","0","1","1","0","0","0","0","0","0","0","0","0","0","0","0","0","0","0","0","0","0","0","0","0","0","0","0","0","1","0","0","0","0","0","0","0","0","0","0","0","0","0","0","0","0","0","0","0","0","0","0","0","0","0","0","0","0","0","0","0","0","0","0","0","0","1","202001","202204","3999"
"3082423","530010","70680350","05301811000146","3","1","00000000000000","","","","0050","","0","E","","","04","","03","04","04","","99","001","12319","1283901","","","","","EAS.00083-07","20210822","1","","","","","","0","0","1","0","0","0","1","0","0","0","0","0","0","0",0,0,0,"0",0,0,0,0,0,0,0,0,0,0,0,0,0,0,"0",2,1,0,0,0,0,0,0,0,0,0,0,0,0,0,0,"1",0,0,0,"0",0,0,0,0,"0",0,0,0,0,0,0,0,0,0,0,0,0,0,0,0,"0","0","1","0","0","0","0","0","0","0","0","0","0","0","0","0","0","0","0","0","0","0","0","0","1","1","0","0","1","1","0","0","0","0","0","0","0","0","0","0","0","0","0","0","0","0","0","0","0","0","0","1","0","0","0","1","0","0","0","0","0","0","0","0","0","0","0","0","0","0","0","0","0","0","0","0","0","0","0","0","0","0","0","0","0","0","0","0","0","0","0","0","1","202109","202204","2062"
"3083489","530010","70390700","05092718000179","3","1","00000000000000","","","","","","0","E","","","04","","03","22","03","","99","","","","","","","","CERTIF. RLE","20210225","1","","","","","","0","0","1","0","0","0","1","0","0","0","0","0","0","0",0,0,0,"0",0,0,0,0,0,0,0,0,0,0,0,0,0,0,"0",0,1,0,0,0,0,0,0,0,0,0,0,0,0,0,0,"1",0,0,0,"0",0,0,0,0,"0",0,0,0,0,0,0,0,0,0,0,0,0,0,0,0,"0","0","0","0","0","0","0","0","0","0","0","0","0","0","0","0","0","0","0","0","0","0","0","0","0","0","0","0","1","1","0","0","0","0","0","0","0","0","0","0","0","0","0","0","0","0","0","0","0","0","0","1","0","0","0","0","0","0","0","0","0","0","0","0","0","0","0","0","0","0","0","0","0","0","0","0","0","0","0","0","0","0","0","0","0","0","0","0","0","0","0","0","1","202112","202204","2062"
"3083543","530010","70390700","26983098000138","3","1","00000000000000","","","","0015","","0","E","","","04","","03","39","03","","99","","","","","","","","EAS05453-01","20180720","1","","","","","","0","0","1","0","0","0","1","0","0","0","0","0","0","0",0,0,0,"0",0,0,0,0,0,0,0,0,0,0,0,0,0,0,"0",0,0,0,0,0,0,0,0,0,0,0,0,0,0,0,0,"0",0,0,0,"0",0,0,0,0,"0",0,0,0,0,0,0,0,0,0,0,0,0,0,0,0,"0","0","0","0","0","0","0","0","0","0","0","0","0","0","0","0","0","0","0","0","0","0","0","0","0","0","1","1","1","1","0","0","0","0","0","0","0","0","0","0","0","0","0","0","0","0","0","0","0","0","0","0","0","0","0","0","0","0","1","0","0","1","1","1","0","0","0","0","0","0","0","0","0","0","0","0","0","0","0","0","0","0","0","0","0","0","0","0","0","0","0","0","1","201907","202204","2062"
"3083608","530010","70395900","26437194000180","3","1","00000000000000","","","","","","0","E","","","04","","01","22","03","","99","","","","","","","","","","","","","","","","0","0","1","0","0","0","1","0","0","0","0","0","0","0",0,0,0,"0",0,0,0,0,0,0,0,0,0,0,0,0,0,0,"0",0,0,0,0,0,0,0,0,1,0,0,0,0,0,0,0,"1",0,0,0,"0",0,0,0,0,"0",0,0,0,0,0,0,0,0,0,0,0,0,0,0,0,"0","0","0","0","0","0","0","0","0","0","0","0","0","0","0","0","0","0","0","0","0","0","0","0","0","1","0","0","1","1","0","0","0","0","0","0","0","0","0","0","0","0","0","0","0","0","0","0","0","0","0","1","0","0","0","0","0","0","0","0","0","0","0","0","0","0","0","0","0","0","0","0","0","0","0","0","0","0","0","0","0","0","0","0","0","0","0","0","0","0","0","0","1","202107","202204","2062"
"3083888","530010","70390905","37137981000123","3","1","00000000000000","","","","0015","","0","E","","","04","","03","36","03","","99","","","","","","","","EAS - 005337-01","20201111","1","","","","","","0","0","1","0","0","0","1","0","0","0","0","0","0","0",0,0,0,"0",0,0,0,0,0,0,0,0,0,0,0,0,0,0,"0",0,1,0,0,0,0,0,0,0,0,0,0,0,0,0,0,"1",0,0,0,"0",0,0,0,0,"0",0,0,0,0,0,0,0,0,0,0,0,0,0,0,0,"0","0","1","0","0","0","0","0","0","0","0","0","0","0","0","0","0","0","0","0","0","0","0","0","1","0","0","0","1","1","0","0","0","0","0","0","0","0","0","0","0","0","0","0","0","0","0","0","0","0","0","1","0","0","0","1","0","0","0","0","0","0","0","0","0","0","0","0","0","0","0","0","0","0","0","0","0","0","0","0","0","0","0","0","0","0","0","0","0","0","0","0","1","202011","202204","2062"
"3084108","530010","70360525","00373316000390","3","1","00000000000000","","","","","","0","E","","","04","","03","36","03","","99","","","","","","","","S0156000-0000015-1532019","20191101","1","","","","","","0","0","1","0","0","0","1","0","0","0","0","0","0","0",0,0,0,"0",0,0,0,0,0,0,0,0,0,0,0,0,0,0,"0",0,2,0,2,0,0,0,0,0,0,0,0,0,0,0,0,"1",0,0,0,"0",0,0,0,0,"0",0,0,0,0,0,0,0,0,0,0,0,0,0,0,0,"0","0","1","0","0","0","0","0","0","0","0","0","0","0","0","0","0","0","0","1","0","0","0","0","1","0","0","0","1","1","0","0","0","0","0","0","0","0","0","0","0","0","0","0","0","0","0","0","0","0","0","1","0","0","0","1","0","0","0","0","0","0","0","0","0","0","0","0","0","0","0","0","0","0","0","0","0","0","0","0","0","0","0","0","0","0","0","0","0","0","0","0","1","202002","202204","2062"
"3084116","530010","70390150","00373316000129","3","1","00000000000000","","","","","","0","E","","","04","","03","36","03","","99","","","","","","","","","","","","","","","","0","0","1","0","0","0","1","0","0","0","0","0","0","0",0,0,0,"0",0,0,0,0,0,0,0,0,0,0,0,0,0,0,"0",0,1,0,2,0,0,0,0,0,0,0,0,0,0,0,0,"1",0,0,0,"0",0,0,0,0,"0",0,0,0,0,0,0,0,0,0,0,0,0,0,0,0,"0","0","1","0","0","0","0","0","0","0","0","0","0","0","0","0","0","0","0","1","0","0","0","0","1","0","0","0","1","1","0","0","0","0","0","0","0","0","0","0","0","0","0","0","0","0","0","0","0","0","0","1","0","0","0","1","0","0","0","0","0","0","0","0","0","0","0","0","0","0","0","0","0","0","0","0","0","0","0","0","0","0","0","0","0","0","0","0","0","0","0","0","1","201909","202204","2062"
"3084302","530010","70390700","37080678000131","3","1","00000000000000","","","","","","0","E","","","04","","01","36","04","","99","","","","","","","","EAS 0531101","20200520","1","","","","","","0","0","1","0","0","0","1","0","0","0","0","0","0","0",0,0,0,"0",0,0,0,0,0,0,0,0,0,0,0,0,0,0,"0",0,1,0,0,0,0,0,0,0,0,0,0,0,0,0,0,"1",0,0,0,"0",0,0,0,0,"0",0,0,0,0,0,0,0,0,0,0,0,0,0,0,0,"0","0","1","0","0","0","0","0","0","0","0","0","0","0","0","0","0","0","0","0","0","0","0","0","1","1","1","0","0","1","0","0","0","0","0","0","0","0","0","0","0","0","0","0","0","0","0","0","0","0","0","1","0","0","0","0","0","0","0","0","0","0","0","0","0","0","0","0","0","0","0","0","0","0","0","0","0","0","0","0","0","0","0","0","0","0","0","0","0","0","0","0","1","202102","202204","2062"
"3084310","530010","70390155","03241690000169","3","1","00000000000000","","","","","","0","E","","","04","","01","36","04","","99","","","","","","","","EAS.05310-01","20200626","1","","","","","","0","0","1","0","0","0","1","0","0","0","0","0","0","0",0,0,0,"0",0,0,0,0,0,0,0,0,0,0,0,0,0,0,"0",0,12,0,0,0,0,0,0,0,0,0,0,0,0,0,0,"1",0,0,0,"0",0,0,0,0,"0",0,0,0,0,0,0,0,0,0,0,0,0,0,0,0,"0","0","0","0","0","0","0","0","1","0","0","0","0","0","0","0","0","1","0","1","0","0","0","0","1","0","1","0","1","1","0","0","0","0","0","0","0","0","0","0","0","0","0","0","0","0","0","0","0","0","0","1","0","0","1","1","0","0","0","0","0","0","0","0","0","0","0","0","0","0","0","0","0","0","0","0","0","0","0","0","0","0","0","0","0","0","0","0","0","0","0","0","1","202101","202204","2062"
"3084884","530010","70670432","05298529000157","3","1","00000000000000","","","","","","0","E","","","04","","01","36","03","","99","","","","","","","","ODO.00035-07","20200707","1","","","","","","0","0","1","0","0","0","1","0","0","0","0","0","0","0",0,0,0,"0",0,0,0,0,0,0,0,0,0,0,0,0,0,0,"0",0,0,0,0,0,0,0,0,2,0,0,0,0,0,0,0,"1",0,0,0,"0",0,0,0,0,"0",0,0,0,0,0,0,0,0,0,0,0,0,0,0,0,"0","0","1","0","0","0","0","0","1","0","0","0","0","0","0","0","0","0","0","1","0","0","0","0","1","1","0","1","1","1","0","0","0","0","0","0","0","0","0","0","0","0","0","0","0","0","0","0","0","0","0","1","0","0","0","0","0","0","0","0","0","0","0","0","0","0","0","0","0","0","0","0","0","0","0","0","0","0","0","0","0","0","0","0","0","0","0","0","0","0","0","0","1","202009","202204","2062"
"3085066","530010","70310500","72590144000156","3","1","00000000000000","","","","","","0","E","","","04","","03","22","03","","99","","","","","","","","EAS-981","20190510","1","","","","","","0","0","1","0","0","0","1","0","0","0","0","0","0","0",0,0,0,"0",0,0,0,0,0,0,0,0,0,0,0,0,0,0,"0",1,0,0,0,0,0,0,0,0,0,0,0,0,0,0,0,"1",0,0,0,"0",0,0,0,0,"0",0,0,0,0,0,0,0,0,0,0,0,0,0,0,0,"0","0","1","0","0","0","0","0","0","0","0","0","0","0","0","0","0","0","0","0","0","0","0","0","1","0","0","0","1","1","0","0","0","0","0","0","0","0","0","0","0","0","0","0","0","0","0","0","0","0","0","1","0","0","0","1","0","0","0","0","0","0","0","0","0","0","0","0","0","0","0","0","0","0","0","0","0","0","0","0","0","0","0","0","0","0","0","0","0","0","0","0","1","201910","202204","2062"
"3086119","530010","70710149","37992500000167","3","1","00000000000000","","","","","","0","E","","","04","","03","22","03","","99","","","","","","","","20211004589","20210417","1","","","","","","0","0","1","0","0","0","1","0","0","0","0","0","0","0",0,0,0,"0",0,0,0,0,0,0,0,0,0,0,0,0,0,0,"0",0,1,0,0,0,0,0,0,0,0,0,0,0,0,0,0,"1",0,0,0,"0",0,0,0,0,"0",0,0,0,0,0,0,0,0,0,0,0,0,0,0,0,"0","0","1","0","0","0","0","0","0","0","0","0","0","0","0","0","0","0","0","0","0","0","0","0","1","0","0","0","1","1","0","0","0","0","0","0","0","0","0","0","0","0","0","0","0","0","0","0","0","0","0","1","0","0","0","0","0","0","0","0","0","0","0","0","0","0","0","0","0","0","0","0","0","0","0","0","0","0","0","0","0","0","0","0","0","0","0","0","0","0","0","0","1","202203","202204","2062"
"3086224","530010","70770560","02873843000128","3","1","00000000000000","","","","0005","","0","E","","","04","","03","04","03","","99","","","","","","","","EAS 0123-02","20220130","1","","","","","","0","0","0","0","1","0","1","0","0","0","0","0","0","0",0,0,0,"0",0,0,0,0,0,0,0,0,0,0,0,0,0,0,"0",1,1,0,0,0,0,0,0,0,0,0,0,0,0,0,0,"1",0,0,0,"0",0,0,0,0,"0",0,0,0,0,0,0,0,0,0,0,0,0,0,0,0,"0","0","1","0","0","0","0","0","0","0","0","0","0","0","0","0","0","0","0","0","0","0","0","0","1","1","0","0","1","1","0","0","0","0","0","0","0","0","0","0","0","0","0","0","0","0","0","0","0","0","0","1","0","0","0","1","0","0","0","0","0","0","0","0","0","0","0","0","0","0","0","0","0","0","0","0","0","0","0","0","0","0","0","0","0","0","0","0","0","0","0","0","1","202202","202204","2062"
"3086305","530010","70077900","01330496000124","3","1","00000000000000","","","","","","0","E","","","04","","03","22","03","","99","","","","","","","","00286-02","20190805","1","","","","","","0","0","1","0","0","0","1","0","0","0","0","0","0","0",0,0,0,"0",0,0,0,0,0,0,0,0,0,0,0,0,0,0,"0",0,0,0,0,0,0,0,0,1,0,0,0,0,0,0,0,"1",0,0,0,"0",0,0,0,0,"0",0,0,0,0,0,0,0,0,0,0,0,0,0,0,0,"0","0","0","0","0","0","0","0","0","0","0","0","0","0","0","0","0","0","0","0","0","0","0","0","0","1","0","0","1","1","0","0","0","0","0","0","0","0","0","0","0","0","0","0","0","0","0","0","0","0","0","0","0","0","0","1","0","0","0","0","0","0","0","0","0","0","0","0","0","0","0","0","0","0","0","0","0","0","0","0","0","0","0","0","0","0","0","0","0","0","0","0","1","201911","202204","2062"
"3086534","530010","70077900","00388496000112","3","1","00000000000000","","","","","","0","E","","","04","","03","36","03","","99","","","","","","","","","","","","","","","","0","0","1","0","0","0","1","0","0","0","0","0","0","0",0,0,0,"0",0,0,0,0,0,0,0,0,0,0,0,0,0,0,"0",0,1,0,0,0,0,0,0,0,0,0,0,0,0,0,0,"1",0,0,0,"0",0,0,0,0,"0",0,0,0,0,0,0,0,0,0,0,0,0,0,0,0,"0","0","1","0","0","0","0","0","0","0","0","0","0","0","0","0","0","0","0","0","0","0","0","0","1","0","0","0","1","1","0","0","0","0","0","0","0","0","0","0","0","0","0","0","0","0","0","0","0","0","0","1","0","0","1","1","0","0","0","0","0","0","0","0","0","0","0","0","0","0","0","0","0","0","0","0","0","0","0","0","0","0","0","0","0","0","0","0","0","0","0","0","1","202003","202204","2240"
"3086569","530010","71605460","03324026000183","3","1","00000000000000","","","","0090","","0","E","","","04","","03","36","03","","99","","","","","","","","ODO 215-03/2020","20210119","1","","","","","","0","0","1","0","0","0","1","0","0","0","0","0","0","0",0,0,0,"0",0,0,0,0,0,0,0,0,0,0,0,0,0,0,"0",0,1,0,0,0,0,0,0,0,0,0,0,0,0,0,0,"1",0,0,0,"0",0,0,0,0,"0",0,0,0,0,0,0,0,0,0,0,0,0,0,0,0,"0","0","1","0","0","0","0","0","0","0","0","0","0","0","0","0","0","0","0","0","0","0","0","0","1","0","0","0","1","1","0","0","0","0","0","0","0","0","0","0","0","0","0","0","0","0","0","0","0","0","0","1","0","0","0","1","0","0","0","0","0","0","0","0","0","0","0","0","0","0","0","0","0","0","0","0","0","0","0","0","0","0","0","0","0","0","0","0","0","0","0","0","1","202111","202204","2062"
"3086704","530010","70077900","72582018000150","3","1","00000000000000","","","","0005","","0","E","","","01","","03","22","05","","99","","","","","","","","00487-02","20200608","1","","","","","","0","0","1","0","0","0","1","0","0","0","0","0","0","0",0,0,0,"0",0,0,0,0,0,0,0,0,0,0,0,0,0,0,"0",0,0,0,0,0,0,0,0,1,0,0,0,0,0,0,0,"1",0,0,0,"0",0,0,0,0,"0",0,0,0,0,0,0,0,0,0,0,0,0,0,0,0,"0","0","0","0","0","0","0","0","1","0","0","0","0","0","0","0","0","0","0","0","0","0","0","0","1","1","0","0","1","1","0","0","0","0","0","0","0","0","0","0","0","0","0","0","0","0","0","0","0","0","0","0","0","0","0","1","0","0","0","0","0","0","0","0","0","0","0","0","0","0","0","0","0","0","0","0","0","0","0","0","0","0","0","0","0","0","0","0","0","0","0","0","1","202108","202204","2062"
"3086852","530010","70390900","00430462000149","3","1","00000000000000","","","","","","0","E","","","04","","03","04","03","","99","","","","","","","","EAS-02308-01","20210512","1","","","","","","0","0","1","0","0","0","1","0","0","0","0","0","0","0",0,0,0,"0",0,0,0,0,0,0,0,0,0,0,0,0,0,0,"0",3,13,0,0,0,0,0,0,0,0,0,0,0,0,0,0,"1",0,0,0,"0",0,0,0,0,"0",0,0,0,0,0,0,0,0,0,0,0,0,0,0,0,"0","0","0","0","0","0","0","0","1","0","0","0","0","0","0","0","0","1","0","1","0","0","0","0","1","0","0","0","1","1","0","0","0","0","0","0","0","0","0","0","0","0","0","0","0","0","0","0","0","0","0","1","0","0","0","1","0","0","0","0","0","0","0","0","0","0","0","0","0","0","0","0","0","0","0","0","0","0","0","0","0","0","0","0","0","0","0","0","0","0","0","0","1","202105","202204","2054"
"3087433","530010","70200730","07091027000186","3","1","00000000000000","","","","","","0","E","","","04","","03","36","03","","99","","","","","","","","EAS02808-01","20201106","1","","","","","","0","0","1","0","0","0","1","0","0","0","0","0","0","0",0,0,0,"0",0,0,0,0,0,0,0,0,0,0,0,0,0,0,"0",0,1,0,0,0,0,0,0,0,0,0,0,0,0,0,0,"1",0,0,0,"0",0,0,0,0,"0",0,0,0,0,0,0,0,0,0,0,0,0,0,0,0,"0","0","1","0","0","0","0","0","0","0","0","0","0","0","0","0","0","0","0","0","0","0","0","0","1","0","0","0","1","1","0","0","0","0","0","0","0","0","0","0","0","0","0","0","0","0","0","0","0","0","0","0","0","0","0","1","0","0","0","0","0","0","0","0","0","0","0","0","0","0","0","0","0","0","0","0","0","0","0","0","0","0","0","0","0","0","0","0","0","0","0","0","1","202012","202204","2062"
"3088316","530010","70390700","00732231000190","3","1","00000000000000","","","","","","0","E","","","04","","01","36","04","","99","","","","","","","","EAS.02132-01","20190723","1","","","","","","0","0","1","0","0","0","1","0","0","0","0","0","0","0",0,0,0,"0",0,0,0,0,0,0,0,0,0,0,0,0,0,0,"0",1,0,0,0,0,0,0,0,0,0,0,0,0,0,0,0,"1",0,0,0,"0",0,0,0,0,"0",0,0,0,0,0,0,0,0,0,0,0,0,0,0,0,"0","0","1","0","0","0","0","0","1","0","0","0","0","0","0","0","0","0","0","1","0","0","0","0","1","1","0","0","1","1","0","0","0","0","0","0","0","0","0","0","0","0","0","0","0","0","0","0","0","0","0","1","0","0","1","1","0","0","0","0","0","0","0","0","0","0","0","0","0","0","0","0","0","0","0","0","0","0","0","0","0","0","0","0","0","0","0","0","0","0","0","0","1","202001","202204","2062"
"3088405","530010","70715000","37053147000150","3","1","00000000000000","","","","0005","0","0","E","","","04","","03","22","03","","99","","","","","","","","RAD 00024-02/2021","20210115","1","","","","","","0","0","1","0","0","0","1","0","0","0","0","0","0","0",0,0,0,"0",0,0,0,0,0,0,0,0,0,0,0,0,0,0,"0",0,0,0,0,0,0,0,0,1,0,0,0,0,0,0,0,"1",0,0,0,"0",0,0,0,0,"0",0,0,0,0,0,0,0,0,0,0,0,0,0,0,0,"0","0","1","0","0","0","0","0","1","0","0","0","0","0","0","0","0","1","0","1","0","0","0","0","1","1","1","0","1","1","0","0","0","0","0","0","0","0","0","0","0","0","0","0","0","0","0","0","0","0","0","1","0","0","0","1","0","0","0","0","0","0","0","0","0","0","0","0","0","0","0","0","0","0","0","0","0","0","0","0","0","0","0","0","0","0","0","0","0","0","0","0","1","202111","202204","2062"
"3088634","530010","70390100","02717445000112","3","1","00000000000000","","","","0010","","0","E","","","04","","01","39","03","","99","","","","","","","","LAB-05618.1","20200323","1","","","","","","0","0","1","0","0","0","1","0","0","0","0","0","0","0",0,0,0,"0",0,0,0,0,0,0,0,0,0,0,0,0,0,0,"0",0,0,0,0,0,0,0,0,0,0,0,0,0,0,0,0,"0",0,0,0,"0",0,0,0,0,"0",0,0,0,0,0,0,0,0,0,0,0,0,0,0,0,"0","0","0","0","0","0","0","0","0","0","0","0","0","0","0","0","0","0","0","0","0","0","0","0","0","1","0","0","0","1","0","0","0","0","0","0","0","0","0","0","0","0","0","0","0","0","0","0","0","0","0","0","0","0","0","0","0","0","1","0","0","0","0","0","0","0","0","0","0","0","0","0","0","0","0","0","0","0","0","0","0","0","0","0","0","0","0","0","0","0","0","0","1","202009","202204","2062"
"3089789","530010","72115700","00768932000189","3","1","00000000000000","","","","0180","","0","E","","","04","","01","36","04","","99","","","","","","","","EAS:00088-15","20190424","1","","","","","","0","0","1","0","0","0","1","0","0","0","0","0","0","0",0,0,0,"0",0,0,0,0,0,0,0,0,0,0,0,0,0,0,"0",0,7,0,0,0,0,0,0,0,0,0,0,0,0,0,0,"1",0,0,0,"0",0,0,0,0,"0",0,0,0,0,0,0,0,0,0,0,0,0,0,0,0,"0","0","1","0","0","0","0","0","0","0","0","0","0","0","0","0","0","0","0","0","0","0","0","0","1","1","1","0","1","1","0","0","0","0","0","0","0","0","0","0","0","0","0","0","0","0","0","0","0","0","0","1","0","0","0","1","0","0","0","0","0","0","0","0","0","0","0","0","0","0","0","0","0","0","0","0","0","0","0","0","0","0","0","0","0","0","0","0","0","0","0","0","1","202003","202204","2062"
"3089835","530010","72115610","37167673000140","3","1","00000000000000","","","","","","0","E","","","04","","02","04","03","","99","","","","","","","","RLE/LICENCA SANITARIA","20201007","1","","","","","","0","0","1","0","0","0","1","0","0","0","0","0","0","0",0,0,0,"0",0,0,0,0,0,0,0,0,0,0,0,0,0,0,"0",1,0,0,2,0,0,0,0,0,0,0,0,0,0,0,0,"1",0,0,0,"0",0,0,0,0,"0",0,0,0,0,0,0,0,0,0,0,0,0,0,0,0,"0","0","1","0","0","0","0","0","0","0","0","0","0","0","0","0","0","0","0","0","0","0","0","0","1","1","0","0","1","1","0","0","0","0","0","0","0","0","0","0","0","0","0","0","0","0","0","0","0","0","0","1","0","0","0","0","0","0","0","0","0","0","0","0","0","0","0","0","0","0","0","0","0","0","0","0","0","0","0","0","0","0","0","0","0","0","0","0","0","0","0","0","1","202111","202204","2062"
"3089975","530010","72405901","00334342000148","3","1","00000000000000","","","","","","0","E","","","04","","03","22","03","","99","","","","","","","","RLE","20200602","1","","","","","","0","0","1","0","0","0","1","0","0","0","0","0","0","0",0,0,0,"0",0,0,0,0,0,0,0,0,0,0,0,0,0,0,"0",0,1,0,0,0,0,0,0,0,0,0,0,0,0,0,0,"1",0,0,0,"0",0,0,0,0,"0",0,0,0,0,0,0,0,0,0,0,0,0,0,0,0,"0","0","1","0","0","0","0","0","0","0","0","0","0","0","0","0","0","0","0","0","0","0","0","0","1","0","0","0","1","1","0","0","0","0","0","0","0","0","0","0","0","0","0","0","0","0","0","0","0","0","0","0","0","0","0","0","0","0","1","0","0","0","0","0","0","0","0","0","0","0","0","0","0","0","0","0","0","0","0","0","0","0","0","0","0","0","0","0","0","0","0","0","1","202009","202204","2062"
"3090930","530010","71571013","05686562000154","3","1","00000000000000","","","","","","0","E","","","04","","03","36","03","","99","","","","","","","","EAF0002-05","20211108","1","","","","","","0","0","1","0","0","0","1","0","0","0","0","0","0","0",0,0,0,"0",0,0,0,0,0,0,0,0,0,0,0,0,0,0,"0",1,0,0,1,0,0,0,0,0,0,0,0,0,0,0,0,"1",0,0,0,"0",0,0,0,0,"0",0,0,0,0,0,0,0,0,0,0,0,0,0,0,0,"0","0","1","0","0","0","0","0","0","0","0","0","0","0","0","0","0","0","0","0","0","0","0","0","1","0","0","0","1","1","0","0","0","0","0","0","0","0","0","0","0","0","0","0","0","0","0","0","0","0","0","1","0","0","0","0","0","0","0","0","0","0","0","0","0","0","0","0","0","0","0","0","0","0","0","0","0","0","0","0","0","0","0","0","0","0","0","0","0","0","0","0","1","202111","202204","2062"
"3093840","530010","71635600","00758351000166","3","1","00000000000000","","","","","","0","E","","","04","","01","22","03","","99","","","","","","","","EAS.00121-03","20190321","1","","","","","","0","0","1","0","0","0","1","0","0","0","0","0","0","0",0,0,0,"0",0,0,0,0,0,0,0,0,0,0,0,0,0,0,"0",1,0,0,0,0,0,0,0,0,0,0,0,0,0,0,0,"1",0,0,0,"0",0,0,0,0,"0",0,0,0,0,0,0,0,0,0,0,0,0,0,0,0,"0","0","1","0","0","0","0","0","0","0","0","0","0","0","0","0","0","0","0","0","0","0","0","0","1","0","0","0","1","1","0","0","0","0","0","0","0","0","0","0","0","0","0","0","0","0","0","0","0","0","0","1","0","0","0","0","0","0","0","0","0","0","0","0","0","0","0","0","0","0","0","0","0","0","0","0","0","0","0","0","0","0","0","0","0","0","0","0","0","0","0","0","1","202101","202204","2062"
"3093883","530010","71635610","02942995000135","3","1","00000000000000","","","","","","0","E","","","04","","03","36","03","","99","","","","","","","","LICENCA DE SAUDE","20191001","1","","","","","","0","0","1","0","0","0","1","0","0","0","0","0","0","0",0,0,0,"0",0,0,0,0,0,0,0,0,0,0,0,0,0,0,"0",0,1,0,0,0,0,0,0,0,0,0,0,0,0,0,0,"1",0,0,0,"0",0,0,0,0,"0",0,0,0,0,0,0,0,0,0,0,0,0,0,0,0,"0","0","1","0","0","0","0","0","1","1","0","0","0","0","0","0","0","0","0","1","0","0","0","0","1","1","0","0","1","1","0","0","0","0","0","0","0","0","0","0","0","0","0","0","0","0","0","0","0","0","0","0","0","0","0","1","0","0","0","0","0","0","0","0","0","0","0","0","0","0","0","0","0","0","0","0","0","0","0","0","0","0","0","0","0","0","0","0","0","0","0","0","1","201912","202204","2062"
"3095525","530010","72110020","00085259000182","3","1","00000000000000","","","","0180","","0","E","","","04","","01","04","03","","99","","","","","","","","EAS 00061-15","20201113","","","","","","","0","0","1","0","0","0","1","0","0","0","0","0","0","0",0,0,0,"0",0,0,0,0,0,0,0,0,0,0,0,0,0,0,"0",0,1,0,0,0,0,0,0,0,0,0,0,0,0,0,0,"1",0,0,0,"0",0,0,0,0,"0",0,0,0,0,0,0,0,0,0,0,0,0,0,0,0,"0","0","1","0","0","0","0","0","0","0","0","0","0","0","0","0","0","0","0","0","0","0","0","0","1","0","1","0","1","1","0","0","0","0","0","0","0","0","0","0","0","0","0","0","0","0","0","0","0","0","0","1","0","0","1","1","0","0","0","0","0","0","0","0","0","0","0","0","0","0","0","0","0","0","0","0","0","0","0","0","0","0","0","0","0","0","0","0","0","0","0","0","1","202104","202204","2240"
"3097994","530010","72115115","05562679000126","3","1","00000000000000","","","","","","0","E","","","04","","01","36","03","","99","","","","","","","","","","","","","","","","0","0","1","0","0","0","1","0","0","0","0","0","0","0",0,0,0,"0",0,0,0,0,0,0,0,0,0,0,0,0,0,0,"0",0,1,0,0,0,0,0,0,0,0,0,0,0,0,0,0,"1",0,0,0,"0",0,0,0,0,"0",0,0,0,0,0,0,0,0,0,0,0,0,0,0,0,"0","0","0","0","0","0","0","0","1","0","0","0","0","0","0","0","0","0","0","0","0","0","0","0","1","0","0","0","1","1","0","0","0","0","0","0","0","0","0","0","0","0","0","0","0","0","0","0","0","0","0","1","0","0","1","1","0","0","0","0","0","0","0","0","0","0","0","0","0","0","0","0","0","0","0","0","0","0","0","0","0","0","0","0","0","0","0","0","0","0","0","0","1","202104","202204","2062"
"3098052","530010","72231812","04260306000138","3","1","00000000000000","","","","0180","","0","E","","","04","","03","22","03","","99","","","","","","","","ODO.00068-15","20190709","1","","","","","","0","0","1","0","0","0","1","0","0","0","0","0","0","0",0,0,0,"0",0,0,0,0,0,0,0,0,0,0,0,0,0,0,"0",0,0,0,0,0,0,0,0,1,0,0,0,0,0,0,0,"1",0,0,0,"0",0,0,0,0,"0",0,0,0,0,0,0,0,0,0,0,0,0,0,0,0,"0","0","1","0","0","0","0","0","1","0","0","0","0","0","0","0","0","0","0","0","0","0","0","0","1","1","0","0","1","1","0","0","0","0","0","0","0","0","0","0","0","0","0","0","0","0","0","0","0","0","0","1","0","0","0","0","0","0","0","0","0","0","0","0","0","0","0","0","0","0","0","0","0","0","0","0","0","0","0","0","0","0","0","0","0","0","0","0","0","0","0","0","1","202002","202204","2240"
"3098060","530010","72110290","04558329000123","3","1","00000000000000","","","","","","0","E","","","04","","03","22","03","","99","","","","","","","","RAD-00008/15","20190128","1","","","","","","0","0","1","0","0","0","1","0","0","0","0","0","0","0",0,0,0,"0",0,0,0,0,0,0,0,0,0,0,0,0,0,0,"0",0,0,0,0,0,0,0,0,1,0,0,0,0,0,0,0,"1",0,0,0,"0",0,0,0,0,"0",0,0,0,0,0,0,0,0,0,0,0,0,0,0,0,"0","0","0","0","0","0","0","0","1","0","0","0","0","0","0","0","0","0","0","0","0","0","0","0","1","0","0","0","1","1","0","0","0","0","0","0","0","0","0","0","0","0","0","0","0","0","0","0","0","0","0","1","0","0","1","1","0","0","0","0","0","0","0","0","0","0","0","0","0","0","0","0","0","0","0","0","0","0","0","0","0","0","0","0","0","0","0","0","0","0","0","0","1","201910","202204","2062"
"3098230","530010","72115700","02572550000100","3","1","00000000000000","","","","0180","","0","E","","","04","","01","39","03","","99","","","","","","","","RAD.00005-15","20210810","1","","","","","","0","0","1","0","0","0","1","0","0","0","0","0","0","0",0,0,0,"0",0,0,0,0,0,0,0,4,0,0,0,0,0,0,"1",0,3,0,0,0,0,0,0,0,0,0,0,0,0,0,0,"1",0,0,0,"0",0,0,0,0,"0",0,0,0,0,0,0,0,0,0,0,0,0,0,0,0,"0","0","1","0","0","0","0","0","1","0","0","0","0","0","0","0","1","0","1","0","0","0","0","0","1","1","1","0","1","1","0","0","0","0","0","0","0","0","0","0","0","0","0","0","0","0","0","0","0","0","0","0","0","0","0","0","0","0","1","0","0","1","1","0","0","0","0","0","0","0","0","0","0","0","0","0","0","0","0","0","0","0","0","0","0","0","0","0","0","0","0","0","1","202108","202204","2062"
"3098397","530010","72110020","00554766000118","3","1","00000000000000","","","","","","0","E","","","04","","03","04","04","","99","","","","","","","","LICENCA SANITARIA","20201103","1","","","","","","0","0","1","0","0","0","1","0","0","0","0","0","0","0",0,0,0,"0",0,0,0,0,0,0,0,0,0,0,0,0,0,0,"0",0,6,0,0,0,0,0,0,0,0,0,0,0,0,0,0,"1",0,0,0,"0",0,0,0,0,"0",0,0,0,0,0,0,0,0,0,0,0,0,0,0,0,"0","0","1","0","0","0","0","0","0","0","0","0","0","0","0","0","0","1","0","0","0","0","0","0","1","0","0","0","1","1","0","0","0","0","0","0","0","0","0","0","0","0","0","0","0","0","0","0","0","0","0","1","0","0","0","0","0","0","0","0","0","0","0","0","0","0","0","0","0","0","0","0","0","0","0","0","0","0","0","0","0","0","0","0","0","0","0","0","0","0","0","0","1","202101","202204","2062"
"3098443","530010","70673632","05350659000191","3","1","00000000000000","","","","0050","","0","E","","","04","","03","22","03","","99","","","","","","","","RLE","20201210","1","","","","","","0","0","1","0","0","0","1","0","0","0","0","0","0","0",0,0,0,"0",0,0,0,0,0,0,0,0,0,0,0,0,0,0,"0",0,0,0,0,0,0,0,0,1,1,0,0,0,0,0,0,"1",0,0,0,"0",0,0,0,0,"0",0,0,0,0,0,0,0,0,0,0,0,0,0,0,0,"0","0","1","0","0","0","0","0","0","0","0","0","0","0","0","0","0","0","0","0","0","0","0","0","1","0","0","0","1","1","0","0","0","0","0","0","0","0","0","0","0","0","0","0","0","0","0","0","0","0","0","1","0","0","0","0","0","0","0","0","0","0","0","0","0","0","0","0","0","0","0","0","0","0","0","0","0","0","0","0","0","0","0","0","0","0","0","0","0","0","0","0","1","202112","202204","2062"
"3098753","530010","71615205","04859269000189","3","1","00000000000000","","","","0090","","0","E","","","04","","03","36","03","","99","","","","","","","","EAS - 00112-03","20190719","1","","","","","","0","0","1","0","0","0","1","0","0","0","0","0","0","0",0,0,0,"0",0,0,0,0,0,0,0,0,0,0,0,0,0,0,"0",0,1,0,0,0,0,0,0,0,0,0,0,0,0,0,0,"1",0,0,0,"0",0,0,0,0,"0",0,0,0,0,0,0,0,0,0,0,0,0,0,0,0,"0","0","1","0","0","0","0","0","0","0","0","0","0","0","0","0","0","0","0","0","0","0","0","0","1","1","0","0","1","1","0","0","0","0","0","0","0","0","0","0","0","0","0","0","0","0","0","0","0","0","0","1","0","0","0","1","0","0","0","0","0","0","0","0","0","0","0","0","0","0","0","0","0","0","0","0","0","0","0","0","0","0","0","0","0","0","0","0","0","0","0","0","1","202006","202204","2062"
"3101193","530010","73021001","05724297000151","3","1","00000000000000","","","","","","0","E","","","04","","03","39","03","","99","","","","","","","","202152810","20210510","1","","","","","","0","0","1","0","0","0","1","0","0","0","0","0","0","0",0,0,0,"0",0,0,0,0,0,0,0,0,0,0,0,0,0,0,"0",0,1,0,0,0,0,0,0,0,0,0,0,0,0,0,0,"1",0,0,0,"0",0,0,0,0,"0",0,0,0,0,0,0,0,0,0,0,0,0,0,0,0,"0","0","1","0","0","0","0","0","0","0","0","0","0","0","0","0","0","0","0","0","0","0","0","0","1","1","0","0","1","1","0","0","0","0","0","0","0","0","0","0","0","0","0","0","0","0","0","0","0","0","0","0","0","0","0","0","0","0","1","0","0","0","0","0","0","0","0","0","0","0","0","0","0","0","0","0","0","0","0","0","0","0","0","0","0","0","0","0","0","0","0","0","1","202203","202204","2062"
"3101487","530010","70200730","04802022000126","3","1","00000000000000","","","","0015","","0","E","","","04","","03","36","03","","99","","","","","","","","EAS 03882-01","20200527","1","","","","","","0","0","1","0","0","0","1","0","0","0","0","0","0","0",0,0,0,"0",0,0,0,0,0,0,0,0,0,0,0,0,0,0,"0",5,0,0,2,0,0,0,0,0,0,0,0,0,0,0,0,"1",0,0,0,"0",0,0,0,0,"0",0,0,0,0,0,0,0,0,0,0,0,0,0,0,0,"0","0","1","0","0","0","0","0","0","0","1","0","0","0","0","0","0","0","0","0","0","0","0","0","1","1","0","0","1","1","0","0","0","0","0","0","0","0","0","0","0","0","0","0","0","0","0","0","0","0","0","1","0","0","0","1","0","0","0","0","0","0","0","0","0","0","0","0","0","0","0","0","0","0","0","0","0","0","0","0","0","0","0","0","0","0","0","0","0","0","0","0","1","202005","202204","2062"
"3101800","530010","70340904","00033184224104","1","1","00000000000000","","","","0010","","0","E","","","04","","03","22","03","","99","","","","","","","","ODO 01131-01","20190618","1","","","","","","0","0","1","0","0","0","1","0","0","0","0","0","0","0",0,0,0,"0",0,0,0,0,0,0,0,0,0,0,0,0,0,0,"0",0,0,0,0,0,0,0,0,1,0,0,0,0,0,0,0,"1",0,0,0,"0",0,0,0,0,"0",0,0,0,0,0,0,0,0,0,0,0,0,0,0,0,"0","0","1","0","0","0","0","0","1","0","0","0","0","0","0","0","0","0","0","0","0","0","0","0","1","1","1","0","1","1","0","0","0","0","0","0","0","0","0","0","0","0","0","0","0","0","0","0","0","0","0","1","0","0","1","1","0","0","0","0","0","0","0","0","0","0","0","0","0","0","0","0","0","0","0","0","0","0","0","0","0","0","0","0","0","0","0","0","0","0","0","0","1","202001","202204","4000"
"3102173","530010","70390150","02850305000118","3","1","00000000000000","","","","","","0","E","","","04","","03","62","04","","99","","","","","","","","LICENCA SANITARIA","20211023","1","","","","","","0","0","1","0","0","0","1","0","0","0","0","0","0","0",0,0,0,"0",0,0,0,0,0,0,0,0,0,0,0,0,0,0,"0",0,6,0,0,0,0,0,0,0,0,0,0,0,0,0,0,"1",0,0,0,"0",0,0,0,0,"0",0,0,0,0,0,0,0,0,0,0,0,0,0,0,0,"0","0","1","0","0","0","0","0","0","0","0","0","0","0","0","0","0","0","0","0","0","0","0","0","1","0","0","0","1","1","0","0","0","0","0","0","0","0","0","0","0","0","0","0","0","0","0","0","0","0","0","0","0","0","0","1","0","0","0","0","0","0","0","0","0","0","0","0","0","0","0","0","0","0","0","0","0","0","0","0","0","0","0","0","0","0","0","0","0","0","0","0","1","202111","202204","2062"
"3102270","530010","70332900","04154064000106","3","1","00000000000000","","","","0015","","0","E","","","04","","01","36","03","","99","","","","","","","","53201058891","20210615","1","","","","","","0","0","1","0","0","0","1","0","0","0","0","0","0","0",0,0,0,"0",0,0,0,0,0,0,0,0,0,0,0,0,0,0,"0",0,0,0,0,0,0,0,0,3,0,0,0,0,0,0,0,"1",0,0,0,"0",0,0,0,0,"0",0,0,0,0,0,0,0,0,0,0,0,0,0,0,0,"0","0","1","0","0","0","0","0","1","0","0","0","0","0","0","0","0","0","0","1","0","0","0","0","1","1","1","0","1","1","0","0","0","0","0","0","0","0","0","0","0","0","0","0","0","0","0","0","0","0","0","1","0","0","1","1","0","0","0","0","0","0","0","0","0","0","0","0","0","0","0","0","0","0","0","0","0","0","0","0","0","0","0","0","0","0","0","0","0","0","0","0","1","202109","202204","2062"
"3102599","530010","72115515","00682559000149","3","1","00000000000000","","","","","","0","E","","","04","","03","36","04","","99","","","","","","","","","20180501","1","","","","","","0","0","1","0","0","0","1","0","0","0","0","0","0","0",0,0,0,"0",0,0,0,0,0,0,0,0,0,0,0,0,0,0,"0",0,1,0,0,0,0,0,0,0,0,0,0,0,0,0,0,"1",0,0,0,"0",0,0,0,0,"0",0,0,0,0,0,0,0,0,0,0,0,0,0,0,0,"0","0","1","0","0","0","0","0","0","1","0","0","0","0","0","0","0","1","0","1","0","0","0","0","1","1","0","0","1","1","0","0","0","0","0","0","0","0","0","0","0","0","0","0","0","0","0","0","0","0","0","1","0","0","0","0","0","0","0","0","0","0","0","0","0","0","0","0","0","0","0","0","0","0","0","0","0","0","0","0","0","0","0","0","0","0","0","0","0","0","0","0","1","202003","202204","2062"
"3102874","530010","70200760","04075812000157","3","1","00000000000000","","SIM","","0015","","0","E","","","04","","03","22","03","","99","","","","","","","","","","","","","","","","0","0","1","0","0","0","1","0","0","0","0","0","0","0",0,0,0,"0",0,0,0,0,0,0,0,0,0,0,0,0,0,0,"0",0,0,0,0,0,0,0,0,1,0,0,0,0,0,0,0,"1",0,0,0,"0",0,0,0,0,"0",0,0,0,0,0,0,0,0,0,0,0,0,0,0,0,"0","0","1","0","0","0","0","0","1","0","0","0","0","0","0","0","0","0","0","0","0","0","0","0","1","1","1","0","1","1","0","0","0","0","0","0","0","0","0","0","0","0","0","0","0","0","0","0","0","0","0","1","0","0","0","0","0","0","0","0","0","0","0","0","0","0","0","0","0","0","0","0","0","0","0","0","0","0","0","0","0","0","0","0","0","0","0","0","0","0","0","0","1","202006","202204","2062"
"3103080","530010","70200760","03753791000119","3","1","00000000000000","","","","0015","","0","E","","","04","","03","22","03","","99","","","","","","","","EAS 0272701","20191013","1","","","","","","0","0","1","0","0","0","1","0","0","0","0","0","0","0",0,0,0,"0",0,0,0,0,0,0,0,0,0,0,0,0,0,0,"0",0,1,0,0,0,0,0,0,0,0,0,0,0,0,0,0,"1",0,0,0,"0",0,0,0,0,"0",0,0,0,0,0,0,0,0,0,0,0,0,0,0,0,"0","0","1","0","0","0","0","0","0","0","0","0","0","0","0","0","0","0","0","0","0","0","0","0","1","0","0","0","1","1","0","0","0","0","0","0","0","0","0","0","0","0","0","0","0","0","0","0","0","0","0","1","0","0","0","1","0","0","0","0","0","0","0","0","0","0","0","0","0","0","0","0","0","0","0","0","0","0","0","0","0","0","0","0","0","0","0","0","0","0","0","0","1","202010","202204","2062"
"3103110","530010","70390700","03587060000140","3","1","00000000000000","","","","0010","","0","E","","","04","","03","36","03","","99","","","","","","","","EAS.05202.01","20210610","1","","","","","","0","0","1","0","0","0","1","0","0","0","0","0","0","0",0,0,0,"0",0,0,0,0,0,0,0,0,0,0,0,0,0,0,"0",1,2,0,0,0,0,0,0,0,0,0,0,0,0,0,0,"1",0,0,0,"0",0,0,0,0,"0",0,0,0,0,0,0,0,0,0,0,0,0,0,0,0,"0","0","1","0","0","0","0","0","1","0","0","0","0","0","0","0","0","0","0","0","0","0","0","0","1","1","0","0","1","1","0","0","0","0","0","0","0","0","0","0","0","0","0","0","0","0","0","0","0","0","0","1","0","0","0","1","0","0","0","0","0","0","0","0","0","0","0","0","0","0","0","0","0","0","0","0","0","0","0","0","0","0","0","0","0","0","0","0","0","0","0","0","1","202204","202204","2062"
"3103161","530010","70390145","04712073000167","3","1","00000000000000","","","","0010","","0","E","","","04","","03","36","03","","99","","","","","","","","EAS.03996-01","20200915","1","","","","","","0","0","1","0","0","0","1","0","0","0","0","0","0","0",0,0,0,"0",0,0,0,0,0,0,0,0,0,0,0,0,0,0,"0",0,2,0,0,0,0,0,0,0,0,0,0,0,0,0,0,"1",0,0,0,"0",0,0,0,0,"0",0,0,0,0,0,0,0,0,0,0,0,0,0,0,0,"0","0","0","0","0","0","0","0","1","0","0","0","0","0","0","0","0","1","0","1","0","0","0","0","1","1","1","0","1","1","0","0","0","0","0","0","0","0","0","0","0","0","0","0","0","0","0","0","0","0","0","1","0","0","0","1","0","0","0","0","0","0","0","0","0","0","0","0","0","0","0","0","0","0","0","0","0","0","0","0","0","0","0","0","0","0","0","0","0","0","0","0","1","202010","202204","2062"
"3103226","530010","70316000","05602790000107","3","1","00000000000000","","","","0015","","0","E","","","04","","03","22","03","","99","","","","","","","","EAS.02482-01","20210611","1","","","","","","0","0","1","0","0","0","1","0","0","0","0","0","0","0",0,0,0,"0",0,0,0,0,0,0,0,0,0,0,0,0,0,0,"0",0,1,0,0,0,0,0,0,0,0,0,0,0,0,0,0,"1",0,0,0,"0",0,0,0,0,"0",0,0,0,0,0,0,0,0,0,0,0,0,0,0,0,"0","0","1","0","0","0","0","0","0","0","0","0","0","0","0","0","0","0","0","0","0","0","0","0","1","0","0","0","1","1","0","0","0","0","0","0","0","0","0","0","0","0","0","0","0","0","0","0","0","0","0","1","0","0","0","0","0","0","0","0","0","0","0","0","0","0","0","0","0","0","0","0","0","0","0","0","0","0","0","0","0","0","0","0","0","0","0","0","0","0","0","0","1","202202","202204","2062"
"3103234","530010","70390700","36750875000158","3","1","00000000000000","","","","0010","","0","E","","","04","","01","39","03","","99","","","","","","","","ODO.05420-01","20210723","1","","","","","","0","0","1","0","0","0","1","0","0","0","0","0","0","0",0,0,0,"0",0,0,0,0,0,0,0,0,0,0,0,0,0,0,"0",0,0,0,0,0,0,0,0,1,0,0,0,0,0,0,0,"1",0,0,0,"0",0,0,0,0,"0",0,0,0,0,0,0,0,0,0,0,0,0,0,0,0,"0","0","0","0","0","0","0","0","0","0","0","0","0","0","0","0","0","0","0","0","0","0","0","0","0","1","0","0","0","1","0","0","0","0","0","0","0","0","0","0","0","0","0","0","0","0","0","0","0","0","0","0","0","0","0","0","0","0","1","0","0","0","0","0","0","0","0","0","0","0","0","0","0","0","0","0","0","0","0","0","0","0","0","0","0","0","0","0","0","0","0","0","1","202203","202204","2062"
"3103447","530010","70200670","05394588000129","3","1","00000000000000","","","","","","0","E","","","04","","03","36","03","","99","","","","","","","","RLE","20210712","1","","","","","","0","0","1","0","0","0","1","0","0","0","0","0","0","0",0,0,0,"0",0,0,0,0,0,0,0,0,0,0,0,0,0,0,"0",0,0,0,1,0,0,0,0,0,0,0,0,0,0,0,0,"1",0,0,0,"0",0,0,0,0,"0",0,0,0,0,0,0,0,0,0,0,0,0,0,0,0,"0","0","0","0","0","0","0","0","0","0","0","0","0","0","0","0","0","0","0","1","0","0","0","0","1","0","0","0","1","1","0","0","0","0","0","0","0","0","0","0","0","0","0","0","0","0","0","0","0","0","0","1","0","0","0","0","0","0","0","0","0","0","0","0","0","0","0","0","0","0","0","0","0","0","0","0","0","0","0","0","0","0","0","0","0","0","0","0","0","0","0","0","1","202204","202204","2062"
"3103714","530010","70390155","04757648000168","3","1","00000000000000","","","","","","0","E","","","04","","03","36","03","","99","","","","","","","","EAS03831-01","20181119","1","","","","","","0","0","1","0","0","0","1","0","0","0","0","0","0","0",0,0,0,"0",0,0,0,0,0,0,0,0,0,0,0,0,0,0,"0",13,0,0,0,0,0,0,0,0,0,0,0,0,0,0,0,"1",0,0,0,"0",0,0,0,0,"0",0,0,0,0,0,0,0,0,0,0,0,0,0,0,0,"0","0","1","0","0","0","0","0","0","0","0","0","0","0","0","0","0","0","0","0","0","0","0","0","1","0","0","0","1","1","0","0","0","0","0","0","0","0","0","0","0","0","0","0","0","0","0","0","0","0","0","1","0","0","0","1","0","0","0","0","0","0","0","0","0","0","0","0","0","0","0","0","0","0","0","0","0","0","0","0","0","0","0","0","0","0","0","0","0","0","0","0","1","201908","202204","2062"
"3103943","530010","70390100","38073094000100","3","1","00000000000000","","","","","","0","E","","","04","","03","36","03","","99","","","","","","","","RLE","20200811","1","","","","","","0","0","1","0","0","0","1","0","0","0","0","0","0","0",0,0,0,"0",0,0,0,0,0,0,0,0,0,0,0,0,0,0,"0",0,1,0,0,0,0,0,0,0,0,0,0,0,0,0,0,"1",0,0,0,"0",0,0,0,0,"0",0,0,0,0,0,0,0,0,0,0,0,0,0,0,0,"0","0","1","0","0","0","0","0","0","0","0","0","0","0","0","0","0","0","0","0","0","0","0","0","1","1","0","0","1","1","0","0","0","0","0","0","0","0","0","0","0","0","0","0","0","0","0","0","0","0","0","1","0","0","0","1","0","0","0","0","0","0","0","0","0","0","0","0","0","0","0","0","0","0","0","0","0","0","0","0","0","0","0","0","0","0","0","0","0","0","0","0","1","202009","202204","2232"
"3104001","530010","70390904","37170578000104","3","1","00000000000000","","","","","","0","E","","","04","","01","22","04","","99","","","","","","","","1172","20200102","1","","","","","","1","0","0","0","0","0","1","0","0","0","0","0","0","0",0,0,0,"0",0,0,0,0,0,0,0,0,0,0,0,0,0,0,"0",0,0,0,0,0,0,0,0,1,0,0,0,0,0,0,0,"1",0,0,0,"0",0,0,0,0,"0",0,0,0,0,0,0,0,0,0,0,0,0,0,0,0,"0","0","1","0","0","0","0","0","0","0","0","0","0","0","0","0","0","0","0","0","0","0","0","0","1","0","0","0","1","1","0","0","0","0","0","0","0","0","0","0","0","0","0","0","0","0","0","0","0","0","0","1","0","0","0","0","0","0","0","0","0","0","0","0","0","0","0","0","0","0","0","0","0","0","0","0","0","0","0","0","0","0","0","0","0","0","0","0","0","0","0","0","1","202008","202204","2062"
"3104095","530010","72215010","03384675000170","3","1","00000000000000","","","","","","0","E","","","04","","03","22","03","","99","","","","","","","","ODO.00055-16","20190918","1","","","","","","0","0","1","0","0","0","1","0","0","0","0","0","0","0",0,0,0,"0",0,0,0,0,0,0,0,0,0,0,0,0,0,0,"0",0,0,0,0,0,0,0,0,4,0,0,0,0,0,0,0,"1",0,0,0,"0",0,0,0,0,"0",0,0,0,0,0,0,0,0,0,0,0,0,0,0,0,"0","0","1","0","0","0","0","0","1","0","0","0","0","0","0","0","0","0","0","0","0","0","0","0","1","1","0","0","1","1","0","0","0","0","0","0","0","0","0","0","0","0","0","0","0","0","0","0","0","0","0","1","0","0","0","1","0","0","0","0","0","0","0","0","0","0","0","0","0","0","0","0","0","0","0","0","0","0","0","0","0","0","0","0","0","0","0","0","0","0","0","0","1","202010","202204","2305"
"3104249","530010","70710143","04464507000157","3","1","00000000000000","","","","","","0","E","","","04","","01","36","03","","99","","","","","","","","EAS - 0210-02","20191223","1","","","","","","0","0","1","0","0","0","1","0","0","0","0","0","0","0",0,0,0,"0",0,0,0,0,0,0,0,0,0,0,0,0,0,0,"0",0,0,0,2,0,0,0,0,0,0,0,0,0,0,0,0,"1",0,0,0,"0",0,0,0,0,"0",0,0,0,0,0,0,0,0,0,0,0,0,0,0,0,"0","0","1","0","0","0","0","0","0","0","0","0","0","0","0","0","0","0","0","0","0","0","0","0","1","0","0","0","1","1","0","0","0","0","0","0","0","0","0","0","0","0","0","0","0","0","0","0","0","0","0","1","0","0","0","0","0","0","0","0","0","0","0","0","0","0","0","0","0","0","0","0","0","0","0","0","0","0","0","0","0","0","0","0","0","0","0","0","0","0","0","0","1","202107","202204","2062"
"3104893","530010","70391900","01237413000157","3","1","00000000000000","","","","0010","","0","E","","","04","","03","36","03","","99","","","","","","","","ODO.01090-01","20210719","1","","","","","","0","0","1","0","0","0","1","0","0","0","0","0","0","0",0,0,0,"0",0,0,0,0,0,0,0,0,0,0,0,0,0,0,"0",0,0,0,0,0,0,0,0,2,0,0,0,0,0,0,0,"1",0,0,0,"0",0,0,0,0,"0",0,0,0,0,0,0,0,0,0,0,0,0,0,0,0,"0","0","1","0","0","0","0","0","1","0","0","0","0","0","0","0","0","0","0","0","0","0","0","0","1","1","0","0","1","1","0","0","0","0","0","0","0","0","0","0","0","0","0","0","0","0","0","0","0","0","0","1","0","0","0","1","0","0","0","0","0","0","0","0","0","0","0","0","0","0","0","0","0","0","0","0","0","0","0","0","0","0","0","0","0","0","0","0","0","0","0","0","1","202201","202204","2305"
"3105180","530010","70316109","00593467000192","3","1","00000000000000","","","","0010","","0","E","","","04","","03","36","03","","99","","","","","","","","ODO.01062-01","20210303","1","","","","","","0","0","1","0","0","0","1","0","0","0","0","0","0","0",0,0,0,"0",0,0,0,0,0,0,0,0,0,0,0,0,0,0,"0",0,0,0,0,0,0,0,0,3,0,0,0,0,0,0,0,"1",0,0,0,"0",0,0,0,0,"0",0,0,0,0,0,0,0,0,0,0,0,0,0,0,0,"0","0","1","0","0","0","0","0","1","0","0","0","0","0","0","0","0","0","0","0","0","0","0","0","1","1","0","0","1","1","0","0","0","0","0","0","0","0","0","0","0","0","0","0","0","0","0","0","0","0","0","1","0","0","0","1","0","0","0","0","0","0","0","0","0","0","0","0","0","0","0","0","0","0","0","0","0","0","0","0","0","0","0","0","0","0","0","0","0","0","0","0","1","202104","202204","2062"
"3105334","530010","70390100","05395305000163","3","1","00000000000000","","","","","","0","E","","","04","","01","22","03","","99","","","","","","","","","","","","","","","","0","0","1","0","0","0","1","0","0","0","0","0","0","0",0,0,0,"0",0,0,0,0,0,0,0,0,0,0,0,0,0,0,"0",0,0,0,0,0,0,0,0,1,0,0,0,0,0,0,0,"1",0,0,0,"0",0,0,0,0,"0",0,0,0,0,0,0,0,0,0,0,0,0,0,0,0,"0","0","1","0","0","0","0","0","0","0","0","0","0","0","0","0","0","0","0","0","0","0","0","0","1","1","0","0","1","1","0","0","0","0","0","0","0","0","0","0","0","0","0","0","0","0","0","0","0","0","0","1","0","0","0","0","0","0","0","0","0","0","0","0","0","0","0","0","0","0","0","0","0","0","0","0","0","0","0","0","0","0","0","0","0","0","0","0","0","0","0","0","1","202107","202204","2062"
"3105946","530010","73330073","05547116000169","3","1","00000000000000","","","","0120","","0","E","","","04","","03","04","03","","99","","","","","","","","EAS - 00001","20200221","1","","","","","","0","0","1","0","0","0","1","0","0","0","0","0","0","0",0,0,0,"0",0,0,0,0,0,0,0,0,0,0,0,0,0,0,"0",0,0,0,2,0,0,0,0,0,0,0,0,0,0,0,0,"1",0,0,0,"0",0,0,0,0,"0",0,0,0,0,0,0,0,0,0,0,0,0,0,0,0,"0","0","1","0","0","0","0","0","0","0","0","0","0","0","0","0","0","0","0","0","0","0","0","0","1","0","0","0","1","1","0","0","0","0","0","0","0","0","0","0","0","0","0","0","0","0","0","0","0","0","0","1","0","0","0","1","0","0","0","0","0","0","0","0","0","0","0","0","0","0","0","0","0","0","0","0","0","0","0","0","0","0","0","0","0","0","0","0","0","0","0","0","1","202003","202204","2062"
"3105989","530010","73330003","00667303000162","3","1","00000000000000","","","","","","0","E","","","04","","01","36","03","","99","","","","","","","","EAS.00103-08","20211104","1","","","","","","0","0","1","0","0","0","1","0","0","0","0","0","0","0",0,0,0,"0",0,0,0,0,0,0,0,0,0,0,0,0,0,0,"0",0,8,0,0,0,0,0,0,0,0,0,0,0,0,0,0,"1",0,0,0,"0",0,0,0,0,"0",0,0,0,0,0,0,0,0,0,0,0,0,0,0,0,"0","0","1","0","0","0","0","0","0","0","0","0","0","0","0","0","0","0","0","0","0","0","0","0","1","0","0","0","1","1","0","0","0","0","0","0","0","0","0","0","0","0","0","0","0","0","0","0","0","0","0","1","0","0","0","1","0","0","0","0","0","0","0","0","0","0","0","0","0","0","0","0","0","0","0","0","0","0","0","0","0","0","0","0","0","0","0","0","0","0","0","0","1","202201","202204","2062"
"3106276","530010","70310500","37152030000123","3","1","00000000000000","","","","0005","","0","E","","","04","","01","36","03","","99","001","45942","2006979","","","","","LICENCA VIGILACIA SANITAR","20190204","1","","","","","","0","0","1","0","0","0","1","0","0","0","0","0","0","0",0,0,0,"0",0,0,0,0,0,0,0,0,0,0,0,0,0,0,"0",1,0,0,0,0,0,0,0,0,0,0,0,0,0,0,1,"1",0,0,0,"0",0,0,0,0,"0",0,0,0,0,0,0,0,0,0,0,0,0,0,0,0,"0","0","0","0","0","0","0","0","1","0","0","0","0","0","0","0","0","1","0","0","0","0","0","0","1","0","1","0","1","1","0","0","0","0","0","0","0","0","0","0","0","0","0","0","0","0","0","0","0","0","0","1","0","0","1","1","0","0","0","0","0","0","0","0","0","0","0","0","0","0","0","0","0","0","0","0","0","0","0","0","0","0","0","0","0","0","0","0","0","0","0","0","1","201907","202204","2062"
"3106403","530010","70710200","26424960000172","3","1","00000000000000","","","","","","0","E","","","04","","03","22","03","","99","","","","","","","","ODO00214-02","20180725","1","","","","","","0","0","1","0","0","0","1","0","0","0","0","0","0","0",0,0,0,"0",0,0,0,0,0,0,0,0,0,0,0,0,0,0,"0",0,0,0,0,0,0,0,0,1,0,0,0,0,0,0,0,"1",0,0,0,"0",0,0,0,0,"0",0,0,0,0,0,0,0,0,0,0,0,0,0,0,0,"0","0","1","0","0","0","0","0","0","0","0","0","0","0","0","0","0","0","0","0","0","0","0","0","1","1","0","0","1","1","0","0","0","0","0","0","0","0","0","0","0","0","0","0","0","0","0","0","0","0","0","1","0","0","0","1","0","0","0","0","0","0","0","0","0","0","0","0","0","0","0","0","0","0","0","0","0","0","0","0","0","0","0","0","0","0","0","0","0","0","0","0","1","201906","202204","2305"
"3106446","530010","70715010","03590343000141","3","1","00000000000000","","","","","","0","E","","","04","","01","22","04","","99","","","","","","","","","","","","","","","","0","0","1","0","0","0","1","0","0","0","0","0","0","0",0,0,0,"0",0,0,0,0,0,0,0,0,0,0,0,0,0,0,"0",0,3,0,0,0,0,0,0,0,0,0,0,0,0,0,0,"1",0,0,0,"0",0,0,0,0,"0",0,0,0,0,0,0,0,0,0,0,0,0,0,0,0,"0","0","0","0","0","0","0","0","0","0","0","0","0","0","0","0","0","0","0","0","0","0","0","0","0","0","0","0","1","1","0","0","0","0","0","0","0","0","0","0","0","0","0","0","0","0","0","0","0","0","0","1","0","0","1","1","0","0","1","0","0","1","1","0","0","0","0","0","0","0","0","0","0","0","0","0","0","0","0","0","0","0","0","0","0","0","0","0","0","0","0","0","1","201910","202204","2240"
"3106926","530010","70390095","37088879000185","3","1","00000000000000","","","","0010","","0","E","","","04","","01","36","05","","99","","","","","","","","53200576619","20210514","1","","","","","","0","0","1","0","0","0","1","0","0","0","0","0","0","0",0,0,0,"0",0,0,0,0,0,0,0,0,0,0,0,0,0,0,"0",0,1,0,0,0,0,0,0,0,0,0,0,0,0,0,0,"1",0,0,0,"0",0,0,0,0,"0",0,0,0,0,0,0,0,0,0,0,0,0,0,0,0,"0","0","1","0","0","0","0","0","0","0","0","0","0","0","0","0","0","0","0","0","0","0","0","0","1","0","0","0","1","1","0","0","0","0","0","0","0","0","0","0","0","0","0","0","0","0","0","0","0","0","0","1","0","0","0","0","0","0","0","0","0","0","0","0","0","0","0","0","0","0","0","0","0","0","0","0","0","0","0","0","0","0","0","0","0","0","0","0","0","0","0","0","1","202105","202204","2062"
"3106934","530010","70711000","04823665000156","3","1","00000000000000","","","","0010","","0","E","","","04","","03","22","03","","99","","","","","","","","EAS.0154-02","20210903","1","","","","","","0","0","1","0","0","0","1","0","0","0","0","0","0","0",0,0,0,"0",0,0,0,0,0,0,0,0,0,0,0,0,0,0,"0",0,2,0,0,0,0,0,0,0,0,0,0,0,0,0,0,"1",0,0,0,"0",0,0,0,0,"0",0,0,0,0,0,0,0,0,0,0,0,0,0,0,0,"0","0","1","0","0","0","0","0","1","0","0","0","0","0","0","0","0","0","0","0","0","0","0","0","1","1","0","0","1","1","0","0","0","0","0","0","0","0","0","0","0","0","0","0","0","0","0","0","0","0","0","1","0","0","1","1","0","0","0","0","0","0","0","0","0","0","0","0","0","0","0","0","0","0","0","0","0","0","0","0","0","0","0","0","0","0","0","0","0","0","0","0","1","202203","202204","2240"
"3107272","530010","72410101","26977645000172","3","1","00000000000000","","","","","","0","E","","","04","","03","04","03","","99","","","","","","","","53202131347","20210502","1","","","","","","0","0","1","0","0","0","1","0","0","0","0","0","0","0",0,0,0,"0",0,0,0,0,0,0,0,0,0,0,0,0,0,0,"0",3,7,0,2,0,0,0,0,0,0,0,0,0,0,0,0,"1",0,0,0,"0",0,0,0,0,"0",0,0,0,0,0,0,0,0,0,0,0,0,0,0,0,"0","0","1","0","0","0","0","0","0","0","0","0","0","0","0","0","0","0","1","0","0","0","0","0","1","1","0","0","1","1","0","0","0","0","0","0","0","0","0","0","0","0","0","0","0","0","0","0","0","0","0","1","0","0","0","1","0","0","0","0","0","0","0","0","0","0","0","0","0","0","0","0","0","0","0","0","0","0","0","0","0","0","0","0","0","0","0","0","0","0","0","0","1","202204","202204","2062"
"3107396","530010","72410201","00850990000157","3","1","00000000000000","","","","0060","","0","E","","","04","","03","04","03","","99","","","","","","","","EAS 0001620","20190108","1","","","","","","0","0","1","0","0","0","1","0","0","0","0","0","0","0",0,0,0,"0",0,0,0,0,0,0,0,0,0,0,0,0,0,0,"0",8,8,4,0,0,0,0,1,0,0,0,0,1,0,1,1,"1",0,0,0,"0",0,0,0,0,"0",0,0,0,0,0,0,0,0,0,0,0,0,0,0,0,"0","0","1","0","0","0","0","0","0","0","0","0","0","0","0","0","0","0","0","0","0","0","0","0","1","1","0","0","1","1","0","0","0","0","0","0","0","0","0","0","0","0","0","0","0","0","0","0","0","0","0","1","0","0","0","1","0","0","1","0","0","0","1","0","0","0","0","0","0","0","0","0","0","0","0","0","0","0","0","0","0","0","0","0","0","0","0","0","0","0","0","0","1","201908","202204","2062"
"3107450","530010","70200670","01054361000183","3","1","00000000000000","","","","","","0","E","","","04","","01","22","03","","99","","","","","","","","EAS-03873-1","20191023","1","","","","","","0","0","1","0","0","0","1","0","0","0","0","0","0","0",0,0,0,"0",0,0,0,0,0,0,0,0,0,0,0,0,0,0,"0",0,0,0,0,0,0,0,0,3,0,0,0,0,0,0,0,"1",0,0,0,"0",0,0,0,0,"0",0,0,0,0,0,0,0,0,0,0,0,0,0,0,0,"0","0","1","0","0","0","0","0","1","0","0","0","0","0","0","0","0","0","0","1","0","0","0","0","1","1","1","0","1","1","0","0","0","0","0","0","0","0","0","0","0","0","0","0","0","0","0","0","0","0","0","1","0","0","0","0","0","0","0","0","0","0","0","0","0","0","0","0","0","0","0","0","0","0","0","0","0","0","0","0","0","0","0","0","0","0","0","0","0","0","0","0","1","202002","202204","2062"
"3107612","530010","70390150","37110186000141","3","1","00000000000000","","","","","","0","E","","","03","","01","36","04","","99","","","","","","","","EAS.02294-01","20210730","1","","","","","","0","0","1","0","0","0","1","0","0","0","0","0","0","0",0,0,0,"0",0,0,0,0,0,0,0,0,0,0,0,0,0,0,"0",1,2,0,0,0,0,0,0,0,0,0,0,0,0,0,0,"1",0,0,0,"0",0,0,0,0,"0",0,0,0,0,0,0,0,0,0,0,0,0,0,0,0,"0","0","1","0","0","0","0","0","0","0","0","0","0","0","0","0","0","0","0","0","0","0","0","0","1","0","0","0","1","1","0","0","0","0","0","0","0","0","0","0","0","0","0","0","0","0","0","0","0","0","0","0","0","0","0","1","0","0","0","0","0","0","0","0","0","0","0","0","0","0","0","0","0","0","0","0","0","0","0","0","0","0","0","0","0","0","0","0","0","0","0","0","1","202111","202204","2062"
"3107736","530010","70340902","06118090000104","3","1","00000000000000","","","","","","0","E","","","04","","03","22","03","","99","","","","","","","","0137401","20190507","1","","","","","","0","0","1","0","0","0","1","0","0","0","0","0","0","0",0,0,0,"0",0,0,0,0,0,0,0,0,0,0,0,0,0,0,"0",0,0,0,0,0,0,0,0,1,0,0,0,0,0,0,0,"1",0,0,0,"0",0,0,0,0,"0",0,0,0,0,0,0,0,0,0,0,0,0,0,0,0,"0","0","0","0","0","0","0","0","1","0","0","0","0","0","0","0","0","0","0","0","0","0","0","0","1","1","0","0","1","1","0","0","0","0","0","0","0","0","0","0","0","0","0","0","0","0","0","0","0","0","0","1","0","0","0","1","0","0","0","0","0","0","0","0","0","0","0","0","0","0","0","0","0","0","0","0","0","0","0","0","0","0","0","0","0","0","0","0","0","0","0","0","1","201909","202204","2062"
"3107922","530010","70340907","01310078000175","3","1","00000000000000","","","","","","0","E","","","04","","03","36","03","","99","001","3598X","783099","","","","","ODO0105501","20210315","2","","","","","","0","0","1","0","0","0","1","0","0","0","0","0","0","0",0,0,0,"0",0,0,0,0,0,0,0,0,2,0,0,0,0,0,"1",0,0,0,0,0,0,0,0,2,0,0,0,0,0,0,0,"1",0,0,0,"0",0,0,0,0,"0",0,0,0,0,0,0,0,0,0,0,0,0,0,0,0,"0","0","0","0","0","0","0","0","0","0","0","0","0","0","0","0","0","0","0","0","0","0","0","0","0","1","0","0","1","1","0","0","0","0","0","0","0","0","0","0","0","0","0","0","0","0","0","0","0","0","0","1","0","0","0","0","0","0","0","0","0","0","0","0","0","0","0","0","0","0","0","0","0","0","0","0","0","0","0","0","0","0","0","0","0","0","0","0","0","0","0","0","1","202103","202204","2240"
"3109682","530010","72020016","04594955000175","3","1","00000000000000","","","","0180","","0","E","","","04","","03","22","03","","99","","","","","","","","ODO.00059-15","20210809","1","","","","","","0","0","1","0","0","0","1","0","0","0","0","0","0","0",0,0,0,"0",0,0,0,0,0,0,0,0,0,0,0,0,0,0,"0",0,0,0,0,0,0,0,0,3,0,0,0,0,0,0,0,"1",0,0,0,"0",0,0,0,0,"0",0,0,0,0,0,0,0,0,0,0,0,0,0,0,0,"0","0","1","0","0","0","0","0","0","0","0","0","0","0","0","0","0","0","0","0","0","0","0","0","1","1","1","0","1","1","0","0","0","0","0","0","0","0","0","0","0","0","0","0","0","0","0","0","0","0","0","1","0","0","0","0","0","0","0","0","0","0","0","0","0","0","0","0","0","0","0","0","0","0","0","0","0","0","0","0","0","0","0","0","0","0","0","0","0","0","0","0","1","202108","202204","2062"
"3109720","530010","72115300","03190464000104","3","1","00000000000000","","","","","","0","E","","","04","","03","36","03","","99","","","","","","","","EAS00005-15","20200612","1","","","","","","0","0","1","0","0","0","1","0","0","0","0","0","0","0",0,0,0,"0",0,0,0,0,0,0,0,0,0,0,0,0,0,0,"0",0,1,0,0,0,0,0,0,0,0,0,0,0,0,0,0,"1",0,0,0,"0",0,0,0,0,"0",0,0,0,0,0,0,0,0,0,0,0,0,0,0,0,"0","0","1","0","0","0","0","0","0","0","0","0","0","0","0","0","0","0","0","0","0","0","0","0","1","0","0","0","1","1","0","0","0","0","0","0","0","0","0","0","0","0","0","0","0","0","0","0","0","0","0","1","0","0","0","1","0","0","0","0","0","0","0","0","0","0","0","0","0","0","0","0","0","0","0","0","0","0","0","0","0","0","0","0","0","0","0","0","0","0","0","0","1","202106","202204","2062"
"3109771","530010","72115015","02574101000100","3","1","00000000000000","","","","0180","","0","E","","","04","","01","36","03","","99","","","","","","","","ODO 00026 15","20210202","1","","","","","","0","0","1","0","0","0","1","0","0","0","0","0","0","0",0,0,0,"0",0,0,0,0,0,0,0,0,0,0,0,0,0,0,"0",0,0,0,0,0,0,0,0,2,0,0,0,0,0,0,0,"1",0,0,0,"0",0,0,0,0,"0",0,0,0,0,0,0,0,0,0,0,0,0,0,0,0,"0","0","1","0","0","0","0","0","1","0","0","0","0","0","0","0","0","0","0","0","0","0","0","0","1","1","0","0","1","1","0","0","0","0","0","0","0","0","0","0","0","0","0","0","0","0","0","0","0","0","0","1","0","0","0","1","0","0","0","0","0","0","0","0","0","0","0","0","0","0","0","0","0","0","0","0","0","0","0","0","0","0","0","0","0","0","0","0","0","0","0","0","1","202102","202204","2062"
"3109941","530010","72115700","02575942000123","3","1","00000000000000","","","","","","0","E","","","04","","03","36","03","","99","001","12351","4520572","","","","","EAS.00083-15/2021","20210408","1","","","","","","0","0","1","0","0","0","1","0","0","0","0","0","0","0",0,0,0,"0",0,0,0,0,0,0,0,0,0,0,0,0,0,0,"0",9,9,0,0,0,0,0,0,0,0,0,0,0,0,0,0,"1",0,0,0,"0",0,0,0,0,"0",0,0,0,0,0,0,0,0,0,0,0,0,0,0,0,"0","0","1","0","0","0","0","0","0","0","0","0","0","0","0","0","0","1","0","1","0","0","0","0","1","1","0","0","1","1","0","0","0","0","0","0","0","0","0","0","0","0","0","0","0","0","0","0","0","0","0","1","0","0","1","1","0","0","1","0","0","1","1","0","0","0","0","0","0","0","0","0","0","0","0","0","0","0","0","0","0","0","0","0","0","0","0","0","0","0","0","0","1","202203","202204","2062"
"3112942","530010","72415101","05244887000187","3","1","00000000000000","","","","","","0","E","","","04","","01","36","03","","99","","","","","","","","EAS. 00031-20","20210422","1","","","","","","0","0","1","0","0","0","1","0","0","0","0","0","0","0",0,0,0,"0",0,0,0,0,0,0,0,0,0,0,0,0,0,0,"0",0,1,0,0,0,0,0,0,0,0,0,0,0,0,0,0,"1",0,0,0,"0",0,0,0,0,"0",0,0,0,0,0,0,0,0,0,0,0,0,0,0,0,"0","0","1","0","0","0","0","0","0","0","0","0","0","0","0","0","0","0","0","0","0","0","0","0","1","0","0","0","1","1","0","0","0","0","0","0","0","0","0","0","0","0","0","0","0","0","0","0","0","0","0","1","0","0","0","1","0","0","0","0","0","0","0","0","0","0","0","0","0","0","0","0","0","0","0","0","0","0","0","0","0","0","0","0","0","0","0","0","0","0","0","0","1","202106","202204","2062"
"3112950","530010","72450050","72624794000175","3","1","00000000000000","","","","0060","","0","E","","","04","","01","36","03","","99","","","","","","","","0001/2018","20180727","1","","","","","","0","0","0","0","1","0","1","0","0","0","0","0","0","0",0,0,0,"0",0,0,0,0,0,0,0,0,0,0,0,0,0,0,"0",0,0,0,0,0,0,0,0,3,0,0,0,0,0,0,0,"1",0,0,0,"0",0,0,0,0,"0",0,0,0,0,0,0,0,0,0,0,0,0,0,0,0,"0","0","1","0","0","0","0","0","0","0","0","0","0","0","0","0","0","0","0","0","0","0","0","0","1","1","0","0","1","1","0","0","0","0","0","0","0","0","0","0","0","0","0","0","0","0","0","0","0","0","0","1","0","0","0","0","0","0","0","0","0","0","0","0","0","0","0","0","0","0","0","0","0","0","0","0","0","0","0","0","0","0","0","0","0","0","0","0","0","0","0","0","1","201909","202204","2135"
"3113825","530010","70077900","01317388000111","3","1","00000000000000","","","","0005","","0","E","","","04","","03","36","03","","99","","","","","","","","ODO-0241-02","20190308","1","","","","","","0","0","1","0","0","0","1","0","0","0","0","0","0","0",0,0,0,"0",0,0,0,0,0,0,0,0,0,0,0,0,0,0,"0",0,0,0,0,0,0,0,0,1,0,0,0,0,0,0,0,"1",0,0,0,"0",0,0,0,0,"0",0,0,0,0,0,0,0,0,0,0,0,0,0,0,0,"0","0","1","0","0","0","0","0","1","0","0","0","0","0","0","0","0","0","0","0","0","0","0","0","1","1","0","1","1","1","0","0","0","0","0","0","0","0","0","0","0","0","0","0","0","0","0","0","0","0","0","1","0","0","1","1","0","0","0","0","0","0","0","0","0","0","0","0","0","0","0","0","0","0","0","0","0","0","0","0","0","0","0","0","0","0","0","0","0","0","0","0","1","201907","202204","2232"
"3113841","530010","70711902","00025850911634","1","1","00000000000000","","","","","","0","E","","","04","","03","22","03","","99","","","","","","","","2019005130","20190803","1","","","","","","0","0","1","0","0","0","1","0","0","0","0","0","0","0",0,0,0,"0",0,0,0,0,0,0,0,0,0,0,0,0,0,0,"0",0,0,0,0,0,0,0,0,1,0,0,0,0,0,0,0,"1",0,0,0,"0",0,0,0,0,"0",0,0,0,0,0,0,0,0,0,0,0,0,0,0,0,"0","0","1","0","0","0","0","0","0","0","0","0","0","0","0","0","0","0","0","0","0","0","0","0","1","1","0","0","1","1","0","0","0","0","0","0","0","0","0","0","0","0","0","0","0","0","0","0","0","0","0","1","0","0","0","0","0","0","0","0","0","0","0","0","0","0","0","0","0","0","0","0","0","0","0","0","0","0","0","0","0","0","0","0","0","0","0","0","0","0","0","0","1","202004","202204","4000"
"3114236","530010","73010120","06154104000137","3","1","00000000000000","","","","0170","","0","E","","","04","","01","73","04","","99","","","","","","","","EAS-01173-09","20220302","1","","","","","","0","0","1","0","0","0","1","0","0","0","0","0","0","0",0,0,0,"0",0,0,0,0,0,0,0,0,0,0,0,0,0,0,"0",0,14,0,0,0,0,0,0,0,0,0,0,0,0,0,0,"1",0,0,0,"0",0,0,0,0,"0",0,0,0,0,0,0,0,0,0,0,0,0,0,0,0,"0","0","1","0","0","0","1","0","1","0","0","0","0","0","0","0","0","1","1","0","0","1","0","0","1","1","0","0","1","1","0","0","0","0","0","0","0","0","0","0","0","0","0","0","0","0","0","0","0","0","0","1","0","0","0","1","0","0","0","0","0","0","0","0","0","0","0","0","0","0","0","0","0","0","0","0","0","0","0","0","0","0","0","0","0","0","0","0","0","0","0","0","1","202204","202204","2062"
"3115119","530010","70310500","03271991000135","3","1","00000000000000","","","","0010","","0","E","","","04","","01","36","03","","99","","","","","","","","ODO 00218-02","20180705","1","","","","","","0","0","1","0","0","0","1","0","0","0","0","0","0","0",0,0,0,"0",0,0,0,0,0,0,0,0,0,0,0,0,0,0,"0",0,0,0,0,0,0,0,0,1,0,0,0,0,0,0,0,"1",0,0,0,"0",0,0,0,0,"0",0,0,0,0,0,0,0,0,0,0,0,0,0,0,0,"0","0","1","0","0","0","0","0","1","0","0","0","0","0","0","0","0","0","0","0","0","0","0","0","1","1","0","0","1","1","0","0","0","0","0","0","0","0","0","0","0","0","0","0","0","0","0","0","0","0","0","1","0","0","0","1","0","0","0","0","0","0","0","0","0","0","0","0","0","0","0","0","0","0","0","0","0","0","0","0","0","0","0","0","0","0","0","0","0","0","0","0","1","201907","202204","2062"
"3115380","530010","70712000","01495685000157","3","1","00000000000000","","","","0005","","0","E","","","04","","03","22","03","","99","","","","","","","","ODO 0251-20","20190705","1","","","","","","0","0","1","0","0","0","1","0","0","0","0","0","0","0",0,0,0,"0",0,0,0,0,0,0,0,0,0,0,0,0,0,0,"0",0,0,0,0,0,0,0,0,1,0,0,0,0,0,0,0,"1",0,0,0,"0",0,0,0,0,"0",0,0,0,0,0,0,0,0,0,0,0,0,0,0,0,"0","0","1","0","0","0","0","0","1","0","0","0","0","0","0","0","0","0","0","0","0","0","0","0","1","1","0","0","1","1","0","0","0","0","0","0","0","0","0","0","0","0","0","0","0","0","0","0","0","0","0","1","0","0","1","1","0","0","0","0","0","0","0","0","0","0","0","0","0","0","0","0","0","0","0","0","0","0","0","0","0","0","0","0","0","0","0","0","0","0","0","0","1","201908","202204","2232"
"3116239","530010","70710904","26456574000162","3","1","00000000000000","","","","0010","","0","E","","","04","","01","22","03","","99","","","","","","","","RLE@DIGITAL","20200519","1","","","","","","0","0","1","0","0","0","1","0","0","0","0","0","0","0",0,0,0,"0",0,0,0,0,0,0,0,0,0,0,0,0,0,0,"0",0,0,0,1,0,0,0,0,0,0,0,0,0,0,0,0,"1",0,0,0,"0",0,0,0,0,"0",0,0,0,0,0,0,0,0,0,0,0,0,0,0,0,"0","0","1","0","0","0","0","0","0","0","0","0","0","0","0","0","0","0","0","0","0","0","0","0","1","1","1","0","0","1","0","0","0","0","0","0","0","0","0","0","0","0","0","0","0","0","0","0","0","0","0","1","0","0","0","0","0","0","0","0","0","0","0","0","0","0","0","0","0","0","0","0","0","0","0","0","0","0","0","0","0","0","0","0","0","0","0","0","0","0","0","0","1","202005","202204","2062"
"3116255","530010","70711905","05383821000178","3","1","00000000000000","","","","","","0","E","","","04","","01","36","03","","99","","","","","","","","ODO.00385-02","20191108","1","","","","","","0","0","1","0","0","0","1","0","0","0","0","0","0","0",0,0,0,"0",0,0,0,0,0,0,0,0,0,0,0,0,0,0,"0",0,0,0,0,0,0,0,0,3,0,0,0,0,0,0,0,"1",0,0,0,"0",0,0,0,0,"0",0,0,0,0,0,0,0,0,0,0,0,0,0,0,0,"0","0","1","0","0","0","0","0","1","0","0","0","0","0","0","0","0","0","0","1","0","0","0","0","1","1","0","0","1","1","0","0","0","0","0","0","0","0","0","0","0","0","0","0","0","0","0","0","0","0","0","1","0","0","0","1","0","0","0","0","0","0","0","0","0","0","0","0","0","0","0","0","0","0","0","0","0","0","0","0","0","0","0","0","0","0","0","0","0","0","0","0","1","202005","202204","2240"
"3116433","530010","70711905","01397722000194","3","1","00000000000000","","","","0010","","0","E","","","04","","01","36","03","","99","","","","","","","","ODO 0182 02","20210622","1","","","","","","0","0","1","0","0","0","1","0","0","0","0","0","0","0",0,0,0,"0",0,0,0,0,0,0,0,0,0,0,0,0,0,0,"0",0,0,0,0,0,0,0,0,3,0,0,0,0,0,0,0,"1",0,0,0,"0",0,0,0,0,"0",0,0,0,0,0,0,0,0,0,0,0,0,0,0,0,"0","0","1","0","0","0","0","0","1","0","0","0","0","0","0","0","0","0","0","1","0","0","0","0","1","0","1","1","1","1","0","0","0","0","0","0","0","0","0","0","0","0","0","0","0","0","0","0","0","0","0","1","0","0","1","1","0","0","0","0","0","0","0","0","0","0","0","0","0","0","0","0","0","0","0","0","0","0","0","0","0","0","0","0","0","0","0","0","0","0","0","0","1","202106","202204","2240"
"3116441","530010","70310500","33471590000190","3","1","00000000000000","","","","","","0","E","","","04","","03","22","03","","99","","","","","","","","ODO-589","20210430","1","","","","","","0","0","0","0","1","0","1","0","0","0","0","0","0","0",0,0,0,"0",0,0,0,0,0,0,0,0,0,0,0,0,0,0,"0",0,0,0,0,0,0,0,0,1,0,0,0,0,0,0,0,"1",0,0,0,"0",0,0,0,0,"0",0,0,0,0,0,0,0,0,0,0,0,0,0,0,0,"0","0","1","0","0","0","0","0","0","0","0","0","0","0","0","0","0","0","0","0","0","0","0","0","1","1","0","0","0","1","0","0","0","0","0","0","0","0","0","0","0","0","0","0","0","0","0","0","0","0","0","1","0","0","0","1","0","0","0","0","0","0","0","0","0","0","0","0","0","0","0","0","0","0","0","0","0","0","0","0","0","0","0","0","0","0","0","0","0","0","0","0","1","202110","202204","2240"
"3116573","530010","70310500","01381059000130","3","1","00000000000000","","","","","","0","E","","","04","","03","22","03","","99","","","","","","","","ODO-754","20190611","1","","","","","","0","0","0","0","1","0","1","0","0","0","0","0","0","0",0,0,0,"0",0,0,0,0,0,0,0,0,0,0,0,0,0,0,"0",0,0,0,0,0,0,0,0,1,0,0,0,0,0,0,0,"1",0,0,0,"0",0,0,0,0,"0",0,0,0,0,0,0,0,0,0,0,0,0,0,0,0,"0","0","1","0","0","0","0","0","0","0","0","0","0","0","0","0","0","0","0","0","0","0","0","0","1","1","0","0","0","1","0","0","0","0","0","0","0","0","0","0","0","0","0","0","0","0","0","0","0","0","0","1","0","0","0","1","0","0","0","0","0","0","0","0","0","0","0","0","0","0","0","0","0","0","0","0","0","0","0","0","0","0","0","0","0","0","0","0","0","0","0","0","1","201910","202204","2240"
"3117359","530010","70390055","37130952000130","3","1","00000000000000","","","","0015","","0","E","","","04","","01","36","04","","99","","","","","","","","","","","","","","","","0","0","1","0","0","0","1","0","0","0","0","0","0","0",0,0,0,"0",0,0,0,0,0,0,0,0,0,0,0,0,0,0,"0",0,0,0,0,0,0,0,0,3,0,0,0,0,0,0,0,"1",0,0,0,"0",0,0,0,0,"0",0,0,0,0,0,0,0,0,0,0,0,0,0,0,0,"0","0","1","0","0","0","0","0","0","0","0","0","0","0","0","0","0","0","0","0","0","0","0","0","1","0","1","0","1","1","0","0","0","0","0","0","0","0","0","0","0","0","0","0","0","0","0","0","0","0","0","1","0","0","0","1","0","0","0","0","0","0","0","0","0","0","0","0","0","0","0","0","0","0","0","0","0","0","0","0","0","0","0","0","0","0","0","0","0","0","0","0","1","202108","202204","2062"
"3117685","530010","70390700","20834642000101","3","1","00000000000000","","","","","","0","E","","","04","","01","22","03","","99","","","","","","","","EAS.20174-01","20210323","1","","","","","","0","0","1","0","0","0","1","0","0","0","0","0","0","0",0,0,0,"0",0,0,0,0,0,0,0,0,0,0,0,0,0,0,"0",0,1,0,0,0,0,0,0,0,0,0,0,0,0,0,0,"1",0,0,0,"0",0,0,0,0,"0",0,0,0,0,0,0,0,0,0,0,0,0,0,0,0,"0","0","1","0","0","0","0","0","0","0","0","0","0","0","0","0","0","0","0","0","0","0","0","0","1","0","0","0","1","1","0","0","0","0","0","0","0","0","0","0","0","0","0","0","0","0","0","0","0","0","0","1","0","0","0","1","0","0","0","0","0","0","0","0","0","0","0","0","0","0","0","0","0","0","0","0","0","0","0","0","0","0","0","0","0","0","0","0","0","0","0","0","1","202202","202204","2305"
"3117693","530010","70390135","03971021000142","3","1","00000000000000","","","","","","0","E","","","04","","01","36","03","","99","","","","","","","","EAS.05335-01","20210222","1","","","","","","0","0","1","0","0","0","1","0","0","0","0","0","0","0",0,0,0,"0",0,0,0,0,0,0,0,0,0,0,0,0,0,0,"0",0,3,0,0,0,0,0,0,0,0,0,0,0,0,0,0,"1",0,0,0,"0",0,0,0,0,"0",0,0,0,0,0,0,0,0,0,0,0,0,0,0,0,"0","0","1","0","0","0","0","0","0","0","0","0","0","0","0","0","0","0","0","0","0","0","0","0","1","0","0","0","1","1","0","0","0","0","0","0","0","0","0","0","0","0","0","0","0","0","0","0","0","0","0","1","0","0","0","1","0","0","0","0","0","0","0","0","0","0","0","0","0","0","0","0","0","0","0","0","0","0","0","0","0","0","0","0","0","0","0","0","0","0","0","0","1","202203","202204","2240"
"3117790","530010","70391900","05797988000185","3","1","00000000000000","","","","0015","","0","E","","","04","","03","36","04","","99","","","","","","","","RLE","20181030","1","","","","","","0","0","1","0","0","0","1","0","0","0","0","0","0","0",0,0,0,"0",0,0,0,0,0,0,0,0,0,0,0,0,0,0,"0",1,0,0,1,0,0,0,0,0,0,0,0,0,0,0,0,"1",0,0,0,"0",0,0,0,0,"0",0,0,0,0,0,0,0,0,0,0,0,0,0,0,0,"0","0","1","0","0","0","0","0","0","0","0","0","0","0","0","0","0","0","0","0","0","0","0","0","1","0","0","0","1","1","0","0","0","0","0","0","0","0","0","0","0","0","0","0","0","0","0","0","0","0","0","1","0","0","0","1","0","0","0","0","0","0","0","0","0","0","0","0","0","0","0","0","0","0","0","0","0","0","0","0","0","0","0","0","0","0","0","0","0","0","0","0","1","202009","202204","2305"
"3117804","530010","70390100","01292026000113","3","1","00000000000000","","","","","","0","E","","","04","","03","22","03","","99","","","","","","","","RLE 53600296541","20210208","1","","","","","","0","0","1","0","0","0","1","0","0","0","0","0","0","0",0,0,0,"0",0,0,0,0,0,0,0,0,0,0,0,0,0,0,"0",0,0,0,1,0,0,0,0,0,0,0,0,0,0,0,0,"1",0,0,0,"0",0,0,0,0,"0",0,0,0,0,0,0,0,0,0,0,0,0,0,0,0,"0","0","1","0","0","0","0","0","0","0","0","0","0","0","0","0","0","0","0","1","0","0","0","0","1","0","0","0","1","1","0","0","0","0","0","0","0","0","0","0","0","0","0","0","0","0","0","0","0","0","0","1","0","0","0","1","0","0","0","0","0","0","0","0","0","0","0","0","0","0","0","0","0","0","0","0","0","0","0","0","0","0","0","0","0","0","0","0","0","0","0","0","1","202202","202204","2305"
"3117901","530010","70381535","05208295000100","3","1","00000000000000","","","","0010","","0","E","","","04","","01","22","03","","99","","","","","","","","ODO.01150.01","20210106","1","","","","","","0","0","1","0","0","0","1","0","0","0","0","0","0","0",0,0,0,"0",0,0,0,0,0,0,0,0,0,0,0,0,0,0,"0",0,0,0,0,0,0,0,0,1,0,0,0,0,0,0,0,"1",0,0,0,"0",0,0,0,0,"0",0,0,0,0,0,0,0,0,0,0,0,0,0,0,0,"0","0","1","0","0","0","0","0","0","0","0","0","0","0","0","0","0","0","0","0","0","0","0","0","1","0","0","0","1","1","0","0","0","0","0","0","0","0","0","0","0","0","0","0","0","0","0","0","0","0","0","1","0","0","0","0","0","0","0","0","0","0","0","0","0","0","0","0","0","0","0","0","0","0","0","0","0","0","0","0","0","0","0","0","0","0","0","0","0","0","0","0","1","202102","202204","2062"
"3119416","530010","72115555","00491282000177","3","1","00000000000000","","","","","","0","E","","","04","","03","04","03","","99","","","","","","","","6018.2019/0028036-6","20190502","1","","","","","","0","0","1","0","0","0","1","0","0","0","0","0","0","0",0,0,0,"0",0,0,0,0,0,0,0,0,0,0,0,0,0,0,"0",3,7,0,2,0,0,0,0,0,0,0,0,0,0,0,0,"1",0,0,0,"0",0,0,0,0,"0",0,0,0,0,0,0,0,0,0,0,0,0,0,0,0,"0","0","1","0","0","0","0","0","0","0","0","0","0","0","0","0","0","0","1","0","0","0","0","0","1","1","0","0","1","1","0","0","0","0","0","0","0","0","0","0","0","0","0","0","0","0","0","0","0","0","0","1","0","0","0","1","0","0","0","0","0","0","0","0","0","0","0","0","0","0","0","0","0","0","0","0","0","0","0","0","0","0","0","0","0","0","0","0","0","0","0","0","1","202102","202204","2062"
"3123901","530010","70077900","03628122000204","3","1","00000000000000","","","","0005","","0","E","","","02","","03","36","03","","99","","","","","","","","RAD 0005-02","20190923","1","","","","","","0","0","1","0","0","0","1","0","0","0","0","0","0","0",0,0,0,"0",0,0,0,0,0,0,0,0,0,0,0,0,0,0,"0",0,6,0,0,0,0,0,0,0,0,0,0,0,0,0,0,"1",0,0,0,"0",0,0,0,0,"0",0,0,0,0,0,0,0,0,0,0,0,0,0,0,0,"0","0","1","0","0","0","0","0","0","0","0","0","0","0","0","0","0","0","0","0","0","0","0","0","1","0","0","0","1","1","0","0","0","0","0","0","0","0","0","0","0","0","0","0","0","0","0","0","0","0","0","1","0","0","0","1","0","0","0","0","0","0","0","0","0","0","0","0","0","0","0","0","0","0","0","0","0","0","0","0","0","0","0","0","0","0","0","0","0","0","0","0","1","201909","202204","2062"
"3144542","530010","72227991","00000000000000","3","3","00394700000108","","05","","0040","","1","E","","","04","","01","02","03","","99","","","","","","","","","","","","","","","","1","0","0","0","0","0","1","0","0","0","0","0","0","0",0,0,0,"0",0,0,0,0,0,0,0,0,0,0,0,0,0,0,"0",1,0,0,0,0,0,0,0,1,0,1,0,1,0,1,0,"1",0,0,0,"0",0,0,0,0,"0",0,0,0,0,0,0,0,0,0,0,0,0,0,0,0,"0","0","1","0","0","0","1","0","0","0","0","0","0","0","0","0","0","0","0","0","0","0","0","0","1","1","0","0","1","1","0","0","0","0","0","0","0","0","0","0","0","0","0","0","0","0","0","0","0","0","1","0","0","0","0","0","0","0","0","0","0","0","0","0","0","0","0","0","0","0","0","0","0","0","0","0","0","0","0","0","0","0","0","0","0","0","0","0","0","0","0","0","1","202204","202204","1023"
"3144550","530010","72500413","00000000000000","3","3","00394700000108","","03","","0150","","1","E","","","04","","03","02","03","","99","","","","","","","","","","","","","","","","1","0","0","0","0","0","1","0","0","0","0","0","0","0",0,0,0,"0",0,0,0,0,0,0,0,0,0,0,0,0,0,0,"0",2,0,0,1,0,0,0,0,1,0,1,0,1,0,1,0,"1",0,0,0,"0",0,0,0,0,"0",0,0,0,0,0,0,0,0,0,0,0,0,0,0,0,"0","0","1","0","0","0","0","0","1","0","0","0","0","0","0","0","0","0","0","0","0","0","0","0","1","1","0","0","1","1","0","0","0","0","0","0","0","0","0","0","0","0","0","0","0","0","0","0","0","0","1","0","0","0","0","0","0","0","0","0","0","0","0","0","0","0","0","0","0","0","0","0","0","0","0","0","0","0","1","0","0","0","0","0","0","1","0","0","0","0","0","0","1","202204","202204","1023"
"3144569","530010","72593302","00000000000000","3","3","00394700000108","","03","","0150","","1","E","","","04","","03","02","03","","99","","","","","","","","","","","","","","","","1","0","0","0","0","0","1","0","0","0","0","0","0","0",0,0,0,"0",0,0,0,0,0,0,0,0,0,0,0,0,0,0,"0",1,0,0,1,0,0,0,0,0,0,0,1,0,0,0,0,"1",0,0,0,"0",0,0,0,0,"0",0,0,0,0,0,0,0,0,0,0,0,0,0,0,0,"0","0","0","0","0","0","1","0","0","0","0","0","0","0","0","0","0","0","0","0","0","0","0","0","1","1","1","0","1","1","0","0","0","0","0","0","0","0","0","0","0","0","0","0","0","0","0","0","0","0","1","0","0","0","0","0","0","0","0","0","0","0","0","0","0","0","0","0","0","0","0","0","0","0","0","0","0","0","1","0","0","0","0","0","0","1","0","0","0","0","0","0","1","202204","202204","1023"
"3144577","530010","72457993","00000000000000","3","3","00394700000108","","03","","0060","","1","E","","","04","","03","02","03","","99","","","","","","","","","","","","","","","","1","0","0","0","0","0","1","0","0","0","0","0","0","0",0,0,0,"0",0,0,0,0,0,0,0,0,0,0,0,0,0,0,"0",2,0,0,1,0,0,0,0,1,0,1,0,0,0,0,0,"1",0,0,0,"0",0,0,0,0,"0",0,0,0,0,0,0,0,0,0,0,0,0,0,0,0,"0","0","1","0","0","0","0","0","1","0","0","0","0","0","0","0","0","0","0","0","0","0","0","0","1","1","0","0","1","1","0","0","0","0","0","0","0","0","0","0","0","0","0","0","0","0","0","0","0","0","1","0","0","0","0","0","0","0","0","0","0","0","0","0","0","0","0","0","0","0","0","0","0","0","0","0","0","0","1","0","0","0","0","0","0","1","0","0","0","0","0","0","1","202110","202204","1023"
"3144593","530010","72542300","00000000000000","3","3","00394700000108","","03","","0150","","1","E","","","04","","03","02","03","","99","","","","","","","","","","","","","","","","1","0","0","0","0","0","1","0","0","0","0","0","0","0",0,0,0,"0",0,0,0,0,0,0,0,0,0,0,0,0,0,0,"0",2,0,0,1,0,0,0,0,1,0,1,1,1,0,1,0,"1",0,0,0,"0",0,0,0,0,"0",0,0,0,0,0,0,0,0,0,0,0,0,0,0,0,"0","0","1","0","0","0","1","0","1","0","0","0","0","0","0","0","0","0","0","0","0","0","0","0","1","1","0","0","1","1","0","0","0","0","0","0","0","0","0","0","0","0","0","0","0","0","0","0","0","0","1","0","0","0","0","0","0","0","0","0","0","0","0","0","0","0","0","0","0","0","0","0","0","0","0","0","0","0","1","0","0","0","0","0","0","1","0","0","0","0","0","0","1","202112","202204","1023"
"3144607","530010","72505400","00000000000000","3","3","00394700000108","","03","","0150","","1","E","","","04","","03","02","03","","99","","","","","","","","","","","","","","","","1","0","0","0","0","0","1","0","0","0","0","0","0","0",0,0,0,"0",0,0,0,0,0,0,0,0,0,0,0,0,0,0,"0",2,0,0,1,0,0,0,0,0,0,1,1,0,0,1,0,"1",0,0,0,"0",0,0,0,0,"0",0,0,0,0,0,0,0,0,0,0,0,0,0,0,0,"0","0","1","0","0","0","1","0","1","0","0","0","0","0","0","0","0","0","0","0","0","0","0","0","1","1","1","0","1","1","0","0","0","0","0","0","0","0","0","0","0","0","0","0","0","0","0","0","0","0","1","0","0","0","0","0","0","0","0","0","0","0","0","0","0","0","0","0","0","0","0","0","0","0","0","0","0","0","1","0","0","0","0","0","0","1","0","0","0","0","0","0","1","202204","202204","1023"
"3144615","530010","72457994","00000000000000","3","3","00394700000108","","03","","0060","","1","E","","","04","","03","02","03","","99","","","","","","","","","","","","","","","","1","0","0","0","0","0","1","0","0","0","0","0","0","0",0,0,0,"0",0,0,0,0,0,0,0,0,0,0,0,0,0,0,"0",0,0,0,1,0,0,0,0,0,0,1,1,0,0,0,0,"1",0,0,0,"0",0,0,0,0,"0",0,0,0,0,0,0,0,0,0,0,0,0,0,0,0,"0","0","1","0","0","0","1","0","1","0","0","0","0","0","0","0","0","0","0","0","0","0","0","0","1","1","0","0","1","1","0","0","0","0","0","0","0","0","0","0","0","0","0","0","0","0","0","0","0","0","1","0","0","0","0","0","0","0","0","0","0","0","0","0","0","0","0","0","0","0","0","0","0","0","0","0","0","0","1","0","0","0","0","0","0","1","0","0","0","0","0","0","1","202112","202204","1023"
"3144623","530010","72622400","00000000000000","3","3","00394700000108","","4","","0130","","1","E","","","04","","03","02","03","","99","","","","","","","","","","","","","","","","1","0","0","0","0","0","1","0","0","0","0","0","0","0",0,0,0,"0",0,0,0,0,0,0,0,0,0,0,0,0,0,0,"0",1,0,0,1,0,0,0,0,0,0,0,0,1,0,1,0,"1",0,0,0,"0",0,0,0,0,"0",0,0,0,0,0,0,0,0,0,0,0,0,0,0,0,"0","0","1","0","0","0","0","0","0","0","0","0","0","0","0","0","0","0","0","0","0","0","0","0","1","1","0","0","1","1","0","0","0","0","0","0","0","0","0","0","0","0","0","0","0","0","0","0","0","0","1","0","0","0","0","0","0","0","0","0","0","0","0","0","0","0","0","0","0","0","0","0","0","0","0","0","0","0","0","0","0","0","0","0","0","0","0","0","0","0","0","0","1","202205","202204","1023"
"3144631","530010","72710990","00000000000000","3","3","00394700000108","","05","","0020","","1","E","","","04","","01","02","03","","99","","","","","","","","","","","","","","","","1","0","0","0","0","0","1","0","0","0","0","0","0","0",0,0,0,"0",0,0,0,0,0,0,0,0,0,0,0,0,0,0,"0",0,0,0,0,0,0,0,0,1,0,1,0,0,0,1,0,"1",0,0,0,"0",0,0,0,0,"0",0,0,0,0,0,0,0,0,0,0,0,0,0,0,0,"0","0","1","0","0","0","1","0","1","0","0","0","0","0","0","0","0","0","0","0","0","0","0","0","1","1","0","0","1","1","0","0","0","0","0","0","0","0","0","0","0","0","0","0","0","0","0","0","0","0","1","0","0","0","0","0","0","0","0","0","0","0","0","0","0","0","0","0","0","0","0","1","0","0","0","0","0","0","1","0","0","0","0","0","0","0","0","0","0","0","0","0","1","202204","202204","1023"
"3144658","530010","72738990","00000000000000","3","3","00394700000108","","05","","0020","","1","E","","","04","","01","02","03","","99","","","","","","","","","","","","","","","","1","0","0","0","0","0","1","0","0","0","0","0","0","0",0,0,0,"0",0,0,0,0,0,0,0,0,0,0,0,0,0,0,"0",1,0,0,1,0,0,0,0,1,0,0,0,1,0,1,0,"1",0,0,0,"0",0,0,0,0,"0",0,0,0,0,0,0,0,0,0,0,0,0,0,0,0,"0","0","1","0","0","0","1","0","1","1","0","0","0","0","0","0","0","0","0","0","0","0","0","0","1","1","1","0","1","1","0","0","0","0","0","0","0","0","0","0","0","0","0","0","0","0","0","0","0","0","1","0","0","0","0","0","0","0","0","0","0","0","0","0","0","0","0","0","0","0","0","1","0","0","0","0","0","0","1","0","0","0","0","0","0","0","0","0","0","0","0","0","1","202204","202204","1023"
"3144666","530010","73307990","00000000000000","3","3","00394700000108","","06","","0120","","1","E","","","04","","01","02","03","","99","","","","","","","","","","","","","","","","1","0","0","0","0","0","1","0","0","0","0","0","0","0",0,0,0,"0",0,0,0,0,0,0,0,0,0,0,0,0,0,0,"0",1,0,0,1,0,0,0,0,1,0,1,1,0,0,0,0,"1",0,0,0,"0",0,0,0,0,"0",0,0,0,0,0,0,0,0,0,0,0,0,0,0,0,"0","0","1","0","0","0","0","0","0","0","0","0","0","0","0","0","0","0","0","0","0","0","0","0","1","1","1","0","1","1","0","0","0","0","0","0","0","0","0","0","0","0","0","0","0","0","0","0","0","0","1","0","0","0","0","0","0","0","0","0","0","0","0","0","0","0","0","0","0","0","0","0","0","0","0","0","0","0","1","0","0","0","0","0","0","0","0","0","0","0","0","0","1","202204","202204","1023"
"3146022","530010","70075900","00596543000113","3","1","00000000000000","","","","","","0","E","","","04","","03","36","03","","99","","","","","","","","EAS.00147-15/2021","20210805","1","","","","","","0","0","1","0","0","0","1","0","0","0","0","0","0","0",0,0,0,"0",0,0,0,0,0,0,0,0,0,0,0,0,0,0,"0",0,2,0,0,0,0,0,0,0,0,0,0,0,0,0,0,"1",0,0,0,"0",0,0,0,0,"0",0,0,0,0,0,0,0,0,0,0,0,0,0,0,0,"0","0","1","0","0","0","0","0","0","0","0","0","0","0","0","0","0","0","0","1","0","0","0","0","1","1","0","0","1","1","0","0","0","0","0","0","0","0","0","0","0","0","0","0","0","0","0","0","0","0","0","1","0","0","0","0","0","0","0","0","0","0","0","0","0","0","0","0","0","0","0","0","0","0","0","0","0","0","0","0","0","0","0","0","0","0","0","0","0","0","0","0","1","202112","202204","2062"
"3146677","530010","70077900","02417992000182","3","1","00000000000000","","","","0010","","0","E","","","04","","03","22","03","","99","","","","","","","","ODO.0317-02","20210416","1","","","","","","0","0","1","0","0","0","1","0","0","0","0","0","0","0",0,0,0,"0",0,0,0,0,0,0,0,0,0,0,0,0,0,0,"0",0,0,0,0,0,0,0,0,1,0,0,0,0,0,0,0,"1",0,0,0,"0",0,0,0,0,"0",0,0,0,0,0,0,0,0,0,0,0,0,0,0,0,"0","0","1","0","0","0","0","0","1","0","0","0","0","0","0","0","0","0","0","0","0","0","0","0","1","1","0","0","1","1","0","0","0","0","0","0","0","0","0","0","0","0","0","0","0","0","0","0","0","0","0","1","0","0","0","1","0","0","0","0","0","0","0","0","0","0","0","0","0","0","0","0","0","0","0","0","0","0","0","0","0","0","0","0","0","0","0","0","0","0","0","0","1","202108","202204","2305"
"3160912","530010","70712000","01640630000193","3","1","00000000000000","","","","0010","","0","E","","","04","","01","36","03","","99","","","","","","","","EAS 0026-02","20180625","1","","","","","","0","0","1","0","0","0","1","0","0","0","0","0","0","0",0,0,0,"0",0,0,0,0,0,0,0,0,0,0,0,0,0,0,"0",0,1,0,0,0,0,0,0,0,0,0,0,0,0,0,0,"1",0,0,0,"0",0,0,0,0,"0",0,0,0,0,0,0,0,0,0,0,0,0,0,0,0,"0","0","0","0","0","0","0","0","0","0","0","0","0","0","0","0","0","0","0","0","0","0","0","0","0","0","0","0","1","1","0","0","0","0","0","0","0","0","0","0","0","0","0","0","0","0","0","0","0","0","0","1","0","0","0","1","0","0","0","0","0","0","0","0","0","0","0","0","0","0","0","0","0","0","0","0","0","0","0","0","0","0","0","0","0","0","0","0","0","0","0","0","1","201907","202204","2062"
"3163709","530010","70316000","05140119000183","3","1","00000000000000","","","","","","0","E","","","04","","03","36","03","","99","","","","","","","","ODO 01243-1","20190312","1","","","","","","0","0","1","0","0","0","1","0","0","0","0","0","0","0",0,0,0,"0",0,0,0,0,0,0,0,0,0,0,0,0,0,0,"0",0,0,0,0,0,0,0,0,2,0,0,0,0,0,0,0,"1",0,0,0,"0",0,0,0,0,"0",0,0,0,0,0,0,0,0,0,0,0,0,0,0,0,"0","0","1","0","0","0","0","0","0","0","0","0","0","0","0","0","0","0","0","1","0","0","0","0","1","1","0","0","1","1","0","0","0","0","0","0","0","0","0","0","0","0","0","0","0","0","0","0","0","0","0","1","0","0","0","1","0","0","0","0","0","0","0","0","0","0","0","0","0","0","0","0","0","0","0","0","0","0","0","0","0","0","0","0","0","0","0","0","0","0","0","0","1","201906","202204","2062"
"3163725","530010","70340000","02751762000155","3","1","00000000000000","","","","","","0","E","","","04","","03","36","04","","99","","","","","","","","ODO.01251-01","20180802","1","","","","","","0","0","1","0","0","0","1","0","0","0","0","0","0","0",0,0,0,"0",0,0,0,0,0,0,0,0,1,0,0,0,0,0,"1",0,0,0,0,0,0,0,0,3,0,0,0,0,0,0,0,"1",0,0,0,"0",0,0,0,0,"0",0,0,0,0,0,0,0,0,0,0,0,0,0,0,0,"0","0","1","0","0","0","0","0","1","0","0","0","0","0","0","0","0","0","0","0","0","0","0","0","1","1","1","1","1","1","0","0","0","0","0","0","0","0","0","0","0","0","0","0","0","0","0","0","0","0","0","1","0","0","1","1","0","0","0","0","0","0","0","0","0","0","0","0","0","0","0","0","0","0","0","0","0","0","0","0","0","0","0","0","0","0","0","0","0","0","0","0","1","201904","202204","2062"
"3170780","530010","70310500","04010852000110","3","1","00000000000000","","","","","","0","E","","","04","","02","36","03","","99","","","","","","","","53202105583","20210507","1","","","","","","0","0","1","0","0","0","1","0","0","0","0","0","0","0",0,0,0,"0",0,0,0,0,0,0,0,0,0,0,0,0,0,0,"0",0,2,0,0,0,0,0,0,0,0,0,0,0,0,0,0,"1",0,0,0,"0",0,0,0,0,"0",0,0,0,0,0,0,0,0,0,0,0,0,0,0,0,"0","0","1","0","0","0","0","0","0","0","0","0","0","0","0","0","0","0","0","1","0","0","0","0","1","1","0","0","1","1","0","0","0","0","0","0","0","0","0","0","0","0","0","0","0","0","0","0","0","0","0","1","0","0","0","1","0","0","0","0","0","0","0","0","0","0","0","0","0","0","0","0","0","0","0","0","0","0","0","0","0","0","0","0","0","0","0","0","0","0","0","0","1","202204","202204","2062"
"3174328","530010","70390100","05896521000192","3","1","00000000000000","","","","0015","","0","E","","","04","","03","22","03","","99","","","","","","","","EAS.02547-01","20210718","1","","","","","","0","0","1","0","0","0","1","0","0","0","0","0","0","0",0,0,0,"0",0,0,0,0,0,0,0,0,0,0,0,0,0,0,"0",0,1,0,0,0,0,0,0,0,0,0,0,0,0,0,0,"1",0,0,0,"0",0,0,0,0,"0",0,0,0,0,0,0,0,0,0,0,0,0,0,0,0,"0","0","1","0","0","0","0","0","1","0","0","0","0","0","0","0","0","1","0","1","0","0","0","0","1","1","1","0","1","1","0","0","0","0","0","0","0","0","0","0","0","0","0","0","0","0","0","0","0","0","0","1","0","0","0","1","0","0","0","0","0","0","0","0","0","0","0","0","0","0","0","0","0","0","0","0","0","0","0","0","0","0","0","0","0","0","0","0","0","0","0","0","1","202201","202204","2062"
"3177270","530010","70077900","00038149222120","1","1","00000000000000","","","","0005","","0","E","","","04","","02","22","03","","99","","","","","","","","ODO-0347-02","20190709","1","","","","","","0","0","1","0","0","0","1","0","0","0","0","0","0","0",0,0,0,"0",0,0,0,0,0,0,0,0,0,0,0,0,0,0,"0",0,0,0,0,0,0,0,0,1,0,0,0,0,0,0,0,"1",0,0,0,"0",0,0,0,0,"0",0,0,0,0,0,0,0,0,0,0,0,0,0,0,0,"0","0","1","0","0","0","0","0","1","0","0","0","0","0","0","0","0","0","0","0","0","0","0","0","1","1","0","1","1","1","0","0","0","0","0","0","0","0","0","0","0","0","0","0","0","0","0","0","0","0","0","1","0","0","0","0","0","0","0","0","0","0","0","0","0","0","0","0","0","0","0","0","0","0","0","0","0","0","0","0","0","0","0","0","0","0","0","0","0","0","0","0","1","201907","202204","4000"
"3177289","530010","70077900","01353062000140","3","1","00000000000000","","","","0005","","0","E","","","04","","03","22","03","","99","","","","","","","","ODO-00236-02","20190404","1","","","","","","0","0","1","0","0","0","1","0","0","0","0","0","0","0",0,0,0,"0",0,0,0,0,0,0,0,0,0,0,0,0,0,0,"0",0,0,0,0,0,0,0,0,1,0,0,0,0,0,0,0,"1",0,0,0,"0",0,0,0,0,"0",0,0,0,0,0,0,0,0,0,0,0,0,0,0,0,"0","0","1","0","0","0","0","0","1","0","0","0","0","0","0","0","0","0","0","0","0","0","0","0","1","1","0","1","1","1","0","0","0","0","0","0","0","0","0","0","0","0","0","0","0","0","0","0","0","0","0","1","0","0","1","1","0","0","0","0","0","0","0","0","0","0","0","0","0","0","0","0","0","0","0","0","0","0","0","0","0","0","0","0","0","0","0","0","0","0","0","0","1","201908","202204","2232"
"3177300","530010","70711905","01165776000124","3","1","00000000000000","","","","0005","","0","E","","","04","","01","36","03","","99","","","","","","","","ODO-0303-02","20190902","1","","","","","","0","0","1","0","0","0","1","0","0","0","0","0","0","0",0,0,0,"0",0,0,0,0,0,0,0,0,0,0,0,0,0,0,"0",0,0,0,0,0,0,0,0,2,0,0,0,0,0,0,0,"1",0,0,0,"0",0,0,0,0,"0",0,0,0,0,0,0,0,0,0,0,0,0,0,0,0,"0","0","1","0","0","0","0","0","1","0","0","0","0","0","0","0","0","0","0","0","0","0","0","0","1","1","0","0","1","1","0","0","0","0","0","0","0","0","0","0","0","0","0","0","0","0","0","0","0","0","0","1","0","0","0","0","0","0","0","0","0","0","0","0","0","0","0","0","0","0","0","0","0","0","0","0","0","0","0","0","0","0","0","0","0","0","0","0","0","0","0","0","1","202007","202204","2240"
"3177327","530010","70077900","00032287704604","1","1","00000000000000","","","","0005","","0","E","","","04","","03","22","03","","99","","","","","","","","ODO-00116-02","20190107","1","","","","","","0","0","1","0","0","0","1","0","0","0","0","0","0","0",0,0,0,"0",0,0,0,0,0,0,0,0,0,0,0,0,0,0,"0",0,0,0,0,0,0,0,0,2,0,0,0,0,0,0,0,"1",0,0,0,"0",0,0,0,0,"0",0,0,0,0,0,0,0,0,0,0,0,0,0,0,0,"0","0","1","0","0","0","0","0","1","0","0","0","0","0","0","0","0","0","0","0","0","0","0","0","1","1","0","1","1","1","0","0","0","0","0","0","0","0","0","0","0","0","0","0","0","0","0","0","0","0","0","1","0","0","0","0","0","0","0","0","0","0","0","0","0","0","0","0","0","0","0","0","0","0","0","0","0","0","0","0","0","0","0","0","0","0","0","0","0","0","0","0","1","201907","202204","4000"
"3177351","530010","70712903","01519886000147","3","1","00000000000000","","","","","","0","E","","","04","","03","22","03","","99","","","","","","","","ODO-1486","20210611","1","","","","","","0","0","1","0","0","0","1","0","0","0","0","0","0","0",0,0,0,"0",0,0,0,0,0,0,0,0,0,0,0,0,0,0,"0",0,0,0,0,0,0,0,0,1,0,0,0,0,0,0,0,"1",0,0,0,"0",0,0,0,0,"0",0,0,0,0,0,0,0,0,0,0,0,0,0,0,0,"0","0","1","0","0","0","0","0","0","0","0","0","0","0","0","0","0","0","0","0","0","0","0","0","1","1","0","0","1","1","0","0","0","0","0","0","0","0","0","0","0","0","0","0","0","0","0","0","0","0","0","1","0","0","0","1","0","0","0","0","0","0","0","0","0","0","0","0","0","0","0","0","0","0","0","0","0","0","0","0","0","0","0","0","0","0","0","0","0","0","0","0","1","202111","202204","2240"
"3177475","530010","70719903","03165043000115","3","1","00000000000000","","","","","","0","E","","","04","","01","22","03","","99","","","","","","","","EAS0290-02","20141017","1","","","","","","0","0","1","0","0","0","1","0","0","0","0","0","0","0",0,0,0,"0",0,0,0,0,0,0,0,0,0,0,0,0,0,0,"0",0,0,0,1,0,0,0,0,0,0,0,0,0,0,0,0,"1",0,0,0,"0",0,0,0,0,"0",0,0,0,0,0,0,0,0,0,0,0,0,0,0,0,"0","0","0","0","0","0","0","0","0","0","0","0","0","0","0","0","0","0","0","0","0","0","0","0","0","0","0","0","1","1","0","0","0","0","0","0","0","0","0","0","0","0","0","0","0","0","0","0","0","0","0","1","0","0","0","0","0","0","0","0","0","0","0","0","0","0","0","0","0","0","0","0","0","0","0","0","0","0","0","0","0","0","0","0","0","0","0","0","0","0","0","0","1","202105","202204","2062"
"3177548","530010","70310500","38002572000182","3","1","00000000000000","","","","","","0","E","","","04","","03","36","03","","99","","","","","","","","202100520014","20211014","1","","","","","","0","0","1","0","0","0","1","0","0","0","0","0","0","0",0,0,0,"0",0,0,0,0,0,0,0,0,0,0,0,0,0,0,"0",0,0,0,0,0,0,0,0,2,0,0,0,0,0,0,0,"1",0,0,0,"0",0,0,0,0,"0",0,0,0,0,0,0,0,0,0,0,0,0,0,0,0,"0","0","1","0","0","0","0","0","1","0","0","0","0","0","0","0","0","0","0","1","0","0","0","0","1","1","0","0","1","1","0","0","0","0","0","0","0","0","0","0","0","0","0","0","0","0","0","0","0","0","0","1","0","0","1","1","0","0","0","0","0","0","0","0","0","0","0","0","0","0","0","0","0","0","0","0","0","0","0","0","0","0","0","0","0","0","0","0","0","0","0","0","1","202201","202204","2240"
"3177726","530010","70715900","04336215000139","3","1","00000000000000","","","","0005","","0","E","","","04","","03","36","04","","99","","","","","","","","EAS 00586-02","20190625","1","","","","","","0","0","1","0","0","0","1","0","0","0","0","0","0","0",0,0,0,"0",0,0,0,0,0,0,0,0,0,0,0,0,0,0,"0",1,0,0,0,0,0,0,0,0,0,0,0,0,0,0,0,"1",0,0,0,"0",0,0,0,0,"0",0,0,0,0,0,0,0,0,0,0,0,0,0,0,0,"0","0","1","0","0","0","0","0","0","0","0","0","0","0","0","0","0","0","0","0","0","0","0","0","1","0","0","0","1","1","0","0","0","0","0","0","0","0","0","0","0","0","0","0","0","0","0","0","0","0","0","1","0","0","0","1","0","0","0","0","0","0","0","0","0","0","0","0","0","0","0","0","0","0","0","0","0","0","0","0","0","0","0","0","0","0","0","0","0","0","0","0","1","201906","202204","2062"
"3177742","530010","70712904","03586443000102","3","1","00000000000000","","","","","","0","E","","","04","","03","36","03","","99","","","","","","","","ODO-00003-02","20190531","1","","","","","","0","0","1","0","0","0","1","0","0","0","0","0","0","0",0,0,0,"0",0,0,0,0,0,0,0,0,0,0,0,0,0,0,"0",0,0,0,0,0,0,0,0,2,0,0,0,0,0,0,0,"1",0,0,0,"0",0,0,0,0,"0",0,0,0,0,0,0,0,0,0,0,0,0,0,0,0,"0","0","1","0","0","0","0","0","1","0","0","0","0","0","0","0","0","0","0","0","0","0","0","0","1","1","0","1","1","1","0","0","0","0","0","0","0","0","0","0","0","0","0","0","0","0","0","0","0","0","0","1","0","0","1","1","0","0","0","0","0","0","0","0","0","0","0","0","0","0","0","0","0","0","0","0","0","0","0","0","0","0","0","0","0","0","0","0","0","0","0","0","1","201907","202204","2240"
"3177750","530010","70077900","01291515000150","3","1","00000000000000","","","","0005","","0","E","","","04","","03","36","03","","99","","","","","","","","ODO-00167-02","20190802","1","","","","","","0","0","1","0","0","0","1","0","0","0","0","0","0","0",0,0,0,"0",0,0,0,0,0,0,0,0,0,0,0,0,0,0,"0",0,0,0,0,0,0,0,0,2,0,0,0,0,0,0,0,"1",0,0,0,"0",0,0,0,0,"0",0,0,0,0,0,0,0,0,0,0,0,0,0,0,0,"0","0","1","0","0","0","0","0","1","0","0","0","0","0","0","0","0","0","0","0","0","0","0","0","1","1","0","0","1","1","0","0","0","0","0","0","0","0","0","0","0","0","0","0","0","0","0","0","0","0","0","1","0","0","1","1","0","0","0","0","0","0","0","0","0","0","0","0","0","0","0","0","0","0","0","0","0","0","0","0","0","0","0","0","0","0","0","0","0","0","0","0","1","201908","202204","2240"
"3179915","530010","72210186","02047350000139","3","1","00000000000000","","","","0040","","0","E","","","04","","01","22","03","","99","","","","","","","","000001/2018","20180827","1","","","","","","0","0","1","0","0","0","1","0","0","0","0","0","0","0",0,0,0,"0",0,0,0,0,0,0,0,0,0,0,0,0,0,0,"0",0,0,0,0,0,0,0,0,1,0,0,0,0,0,0,0,"1",0,0,0,"0",0,0,0,0,"0",0,0,0,0,0,0,0,0,0,0,0,0,0,0,0,"0","0","1","0","0","0","0","0","0","0","0","0","0","0","0","0","0","0","0","0","0","0","0","0","1","1","0","0","1","1","0","0","0","0","0","0","0","0","0","0","0","0","0","0","0","0","0","0","0","0","0","1","0","0","0","0","0","0","0","0","0","0","0","0","0","0","0","0","0","0","0","0","0","0","0","0","0","0","0","0","0","0","0","0","0","0","0","0","0","0","0","0","1","201909","202204","2062"
"3180670","530010","70077900","04069204000130","3","1","00000000000000","","","","0005","","0","E","","","04","","01","36","03","","99","","","","","","","","EAS-00591-02","20200813","1","","","","","","0","0","1","0","0","0","1","0","0","0","0","0","0","0",0,0,0,"0",0,0,0,0,0,0,0,0,0,0,0,0,0,0,"0",0,1,0,0,0,0,0,0,0,0,0,0,0,0,0,0,"1",0,0,0,"0",0,0,0,0,"0",0,0,0,0,0,0,0,0,0,0,0,0,0,0,0,"0","0","1","0","0","0","0","0","0","0","0","0","0","0","0","0","0","0","0","0","0","0","0","0","1","0","0","0","1","1","0","0","0","0","0","0","0","0","0","0","0","0","0","0","0","0","0","0","0","0","0","0","0","0","0","1","0","0","0","0","0","0","0","0","0","0","0","0","0","0","0","0","0","0","0","0","0","0","0","0","0","0","0","0","0","0","0","0","0","0","0","0","1","202011","202204","2062"
"3180735","530010","70830300","03821835000109","3","1","00000000000000","","","","","","0","E","","","04","","03","36","04","","99","","","","","","","","EAS 00116-2","20180924","1","","","","","","0","0","0","0","1","0","1","0","0","0","0","0","0","0",0,0,0,"0",0,0,0,0,0,0,0,0,0,0,0,0,0,0,"0",0,10,0,0,0,0,0,0,0,0,0,0,0,0,0,0,"1",0,0,0,"0",0,0,0,0,"0",0,0,0,0,0,0,0,0,0,0,0,0,0,0,0,"0","0","0","1","0","0","0","0","0","0","0","0","0","0","0","0","0","0","0","0","0","0","0","0","1","0","0","0","1","1","0","0","0","0","0","0","0","0","0","0","0","0","0","0","0","0","0","0","0","0","0","1","0","0","1","1","0","0","0","0","0","0","0","0","0","0","0","0","0","0","0","0","0","0","0","0","0","0","0","0","0","0","0","0","0","0","0","0","0","0","0","0","1","201903","202204","2062"
"3182916","530010","70077900","01306157000102","3","1","00000000000000","","","","0005","","0","E","","","04","","03","36","03","","99","","","","","","","","ODO-00156-02","20180516","1","","","","","","0","0","1","0","0","0","1","0","0","0","0","0","0","0",0,0,0,"0",0,0,0,0,0,0,0,0,0,0,0,0,0,0,"0",0,0,0,0,0,0,0,0,1,0,0,0,0,0,0,0,"1",0,0,0,"0",0,0,0,0,"0",0,0,0,0,0,0,0,0,0,0,0,0,0,0,0,"0","0","1","0","0","0","0","0","1","0","0","0","0","0","0","0","0","0","0","0","0","0","0","0","1","1","0","0","1","1","0","0","0","0","0","0","0","0","0","0","0","0","0","0","0","0","0","0","0","0","0","1","0","0","1","1","0","0","0","0","0","0","0","0","0","0","0","0","0","0","0","0","0","0","0","0","0","0","0","0","0","0","0","0","0","0","0","0","0","0","0","0","1","201906","202204","2232"
"3189406","530010","72308401","05692764000109","3","1","00000000000000","","","","","","0","E","","","04","","03","22","03","","99","","","","","","","","CERTIFICADO DE LICENCIAME","20210330","1","","","","","","0","0","1","0","0","0","1","0","0","0","0","0","0","0",0,0,0,"0",0,0,0,0,0,0,0,0,0,0,0,0,0,0,"0",0,0,0,1,0,0,0,0,0,0,0,0,0,0,0,0,"1",0,0,0,"0",0,0,0,0,"0",0,0,0,0,0,0,0,0,0,0,0,0,0,0,0,"0","0","0","0","0","0","0","0","0","0","0","0","0","0","0","0","0","0","0","0","0","0","0","0","0","0","0","0","1","1","0","0","0","0","0","0","0","0","0","0","0","0","0","0","0","0","0","0","0","0","0","1","0","0","0","1","0","0","0","0","0","0","0","0","0","0","0","0","0","0","0","0","0","0","0","0","0","0","0","0","0","0","0","0","0","0","0","0","0","0","0","0","1","202107","202204","2305"
"3200612","530010","70310500","00696488000133","3","1","00000000000000","","","","0005","","0","E","","","04","","03","22","04","","99","","","","","","","","","20210729","1","","","","","","0","0","1","0","0","0","1","0","0","0","0","0","0","0",0,0,0,"0",0,0,0,0,0,0,0,0,0,0,0,0,0,0,"0",0,0,0,0,0,0,0,0,1,0,0,0,0,0,0,0,"1",0,0,0,"0",0,0,0,0,"0",0,0,0,0,0,0,0,0,0,0,0,0,0,0,0,"0","0","1","0","0","0","0","0","0","0","0","0","0","0","0","0","0","0","0","0","0","0","0","0","1","1","1","1","1","1","0","0","0","0","0","0","0","0","0","0","0","0","0","0","0","0","0","0","0","0","0","1","0","0","0","0","0","0","0","0","0","0","0","0","0","0","0","0","0","0","0","0","0","0","0","0","0","0","0","0","0","0","0","0","0","0","0","0","0","0","0","0","1","202108","202204","2062"
"3201228","530010","72220280","05917171000101","3","1","00000000000000","","","","0040","","0","E","","","04","","01","36","03","","99","","","","","","","","53201531341","20220214","1","","","","","","0","0","1","0","0","0","1","0","0","0","0","0","0","0",0,0,0,"0",0,0,0,0,0,0,0,0,0,0,0,0,0,0,"0",2,3,0,0,0,0,0,0,0,0,0,0,0,0,0,0,"1",0,0,0,"0",0,0,0,0,"0",0,0,0,0,0,0,0,0,0,0,0,0,0,0,0,"0","0","1","0","0","0","0","0","0","0","0","0","0","0","0","0","0","0","0","0","0","0","0","0","1","1","1","0","1","1","0","0","0","0","0","0","0","0","0","0","0","0","0","0","0","0","0","0","0","0","0","1","0","0","0","1","0","0","0","0","0","0","0","0","0","0","0","0","0","0","0","0","0","0","0","0","0","0","0","0","0","0","0","0","0","0","0","0","0","0","0","0","1","202203","202204","2062"
"3201589","530010","72010010","01257016000147","3","1","00000000000000","","","","0180","","0","E","","","04","","03","22","03","","99","","","","","","","","ODO.00032-15","20190826","1","","","","","","0","0","1","0","0","0","1","0","0","0","0","0","0","0",0,0,0,"0",0,0,0,0,0,0,0,0,0,0,0,0,0,0,"0",0,0,0,0,0,0,0,0,1,0,0,0,0,0,0,0,"1",0,0,0,"0",0,0,0,0,"0",0,0,0,0,0,0,0,0,0,0,0,0,0,0,0,"0","0","1","0","0","0","0","0","1","0","0","0","0","0","0","0","0","0","0","0","0","0","0","0","1","1","0","0","1","1","0","0","0","0","0","0","0","0","0","0","0","0","0","0","0","0","0","0","0","0","0","1","0","0","0","0","0","0","0","0","0","0","0","0","0","0","0","0","0","0","0","0","0","0","0","0","0","0","0","0","0","0","0","0","0","0","0","0","0","0","0","0","1","201911","202204","2062"
"3206874","530010","70335900","00394700001937","3","3","00394700000108","","","","0010","","1","E","","","04","","03","39","06","","99","","","","","","","","5219","20040505","1","","","","","","0","0","0","0","1","0","1","0","0","0","0","0","0","0",0,0,0,"0",0,0,0,0,0,0,0,0,0,0,0,0,0,0,"0",0,0,0,0,0,0,0,0,0,0,0,0,0,0,0,0,"0",0,0,0,"0",0,0,0,0,"0",0,0,0,0,0,0,0,0,0,0,0,0,0,0,0,"0","0","1","0","0","0","0","0","1","0","0","0","0","0","0","0","0","0","0","1","0","0","0","0","1","1","1","0","1","1","0","0","0","0","0","0","0","0","0","0","0","0","0","0","0","0","0","0","0","0","0","0","0","0","0","0","0","1","0","0","0","0","0","0","0","0","0","0","0","0","0","0","0","0","0","0","0","0","0","0","0","0","0","0","0","0","0","0","0","0","0","0","1","202110","202204","1023"
"3208478","530010","72110300","04097194000146","3","1","00000000000000","","","","0180","","0","E","","","04","","03","36","03","","99","","","","","","","","ODO.00073-15","20210225","1","","","","","","0","0","1","0","0","0","1","0","0","0","0","0","0","0",0,0,0,"0",0,0,0,0,0,0,0,0,0,0,0,0,0,0,"0",0,0,0,0,0,0,0,0,2,0,0,0,0,0,0,0,"1",0,0,0,"0",0,0,0,0,"0",0,0,0,0,0,0,0,0,0,0,0,0,0,0,0,"0","0","1","0","0","0","0","0","1","0","0","0","0","0","0","0","0","0","0","0","0","0","0","0","1","1","0","0","1","1","0","0","0","0","0","0","0","0","0","0","0","0","0","0","0","0","0","0","0","0","0","1","0","0","0","1","0","0","0","0","0","0","0","0","0","0","0","0","0","0","0","0","0","0","0","0","0","0","0","0","0","0","0","0","0","0","0","0","0","0","0","0","1","202201","202204","2062"
"3208524","530010","72110290","36771012000167","3","1","00000000000000","","","","0180","","0","E","","","04","","03","04","04","","99","","","","","","","","EAS.00051-15","20210211","1","","","","","","0","0","1","0","0","0","1","0","0","0","0","0","0","0",0,0,0,"0",0,0,0,0,0,0,0,0,0,0,0,0,0,0,"0",1,5,0,1,0,0,0,0,0,0,0,0,0,0,0,0,"1",0,0,0,"0",0,0,0,0,"0",0,0,0,0,0,0,0,0,0,0,0,0,0,0,0,"0","0","1","0","0","0","0","0","0","0","0","0","0","0","0","0","0","1","0","0","0","0","0","0","1","1","0","0","1","1","0","0","0","0","0","0","0","0","0","0","0","0","0","0","0","0","0","0","0","0","0","1","0","0","0","1","0","0","0","0","0","0","0","0","0","0","0","0","0","0","0","0","0","0","0","0","0","0","0","0","0","0","0","0","0","0","0","0","0","0","0","0","1","202202","202204","2062"
"3210251","530010","70670051","06160838000129","3","1","00000000000000","","","","","","0","E","","","04","","01","22","03","","99","","","","","","","","EAS.000008-07","20200806","1","","","","","","0","0","1","0","0","0","1","0","0","0","0","0","0","0",0,0,0,"0",0,0,0,0,0,0,0,0,0,0,0,0,0,0,"0",0,2,0,0,0,0,0,0,0,0,0,0,0,0,0,0,"1",0,0,0,"0",0,0,0,0,"0",0,0,0,0,0,0,0,0,0,0,0,0,0,0,0,"0","0","1","0","0","0","0","0","1","0","0","0","0","0","0","0","0","0","0","0","0","0","0","0","1","1","0","0","1","1","0","0","0","0","0","0","0","0","0","0","0","0","0","0","0","0","0","0","0","0","0","1","0","0","0","0","0","0","0","0","0","0","0","0","0","0","0","0","0","0","0","0","0","0","0","0","0","0","0","0","0","0","0","0","0","0","0","0","0","0","0","0","1","202012","202204","2062"
"3210723","530010","70390700","37161148000118","3","1","00000000000000","","","","0010","","0","E","","","04","","03","36","03","","99","","","","","","","","EAS.0531401","20220119","1","","","","","","0","0","1","0","0","0","1","0","0","0","0","0","0","0",0,0,0,"0",0,0,0,0,0,0,0,0,0,0,0,0,0,0,"0",0,5,0,1,0,0,0,0,0,0,0,0,0,0,0,0,"1",0,0,0,"0",0,0,0,0,"0",0,0,0,0,0,0,0,0,0,0,0,0,0,0,0,"0","0","1","0","0","0","0","0","0","0","0","0","0","0","0","0","0","0","0","0","0","0","0","0","1","0","0","1","1","1","0","0","0","0","0","0","0","0","0","0","0","0","0","0","0","0","0","0","0","0","0","1","0","0","0","1","0","0","0","0","0","0","0","0","0","0","0","0","0","0","0","0","0","0","0","0","0","0","0","0","0","0","0","0","0","0","0","0","0","0","0","0","1","202203","202204","2062"
"3210839","530010","70200730","05559629000190","3","1","00000000000000","","","","","","0","E","","","04","","03","36","03","","99","","","","","","","","EAS 02455-01","20210705","1","","","","","","0","0","1","0","0","0","1","0","0","0","0","0","0","0",0,0,0,"0",0,0,0,0,0,0,0,0,0,0,0,0,0,0,"0",0,3,0,0,0,0,0,0,0,0,0,0,0,0,0,0,"1",0,0,0,"0",0,0,0,0,"0",0,0,0,0,0,0,0,0,0,0,0,0,0,0,0,"0","0","1","0","0","0","0","0","0","0","0","0","0","0","0","0","0","0","0","0","0","0","0","0","1","0","0","0","1","1","0","0","0","0","0","0","0","0","0","0","0","0","0","0","0","0","0","0","0","0","0","1","0","0","0","1","0","0","0","0","0","0","0","0","0","0","0","0","0","0","0","0","0","0","0","0","0","0","0","0","0","0","0","0","0","0","0","0","0","0","0","0","1","202107","202204","2062"
"3210863","530010","70390150","03802325000186","3","1","00000000000000","","","","0015","","0","E","","","04","","03","36","03","","99","","","","","","","","EAS.05426-01","20190615","1","","","","","","0","0","1","0","0","0","1","0","0","0","0","0","0","0",0,0,0,"0",0,0,0,0,0,0,0,0,0,0,0,0,0,0,"0",0,2,0,0,0,0,0,0,0,0,0,0,0,0,0,0,"1",0,0,0,"0",0,0,0,0,"0",0,0,0,0,0,0,0,0,0,0,0,0,0,0,0,"0","0","1","0","0","0","0","0","1","0","0","0","0","0","0","0","0","0","0","0","0","0","0","0","1","1","0","0","1","1","0","0","0","0","0","0","0","0","0","0","0","0","0","0","0","0","0","0","0","0","0","1","0","0","1","1","0","0","0","0","0","0","0","0","0","0","0","0","0","0","0","0","0","0","0","0","0","0","0","0","0","0","0","0","0","0","0","0","0","0","0","0","1","201908","202204","2240"
"3210944","530010","70390095","05539852000175","3","1","00000000000000","","","","0015","","0","E","","","04","","01","36","03","","99","","","","","","","","EAS.02492-01","20200811","1","","","","","","0","0","1","0","0","0","1","0","0","0","0","0","0","0",0,0,0,"0",0,0,0,0,0,0,0,0,0,0,0,0,0,0,"0",3,0,0,0,0,0,0,0,0,0,0,0,0,0,0,0,"1",0,0,0,"0",0,0,0,0,"0",0,0,0,0,0,0,0,0,0,0,0,0,0,0,0,"0","0","1","0","0","0","0","0","0","0","0","0","0","0","0","0","0","0","0","0","0","0","0","0","1","0","0","0","1","1","0","0","0","0","0","0","0","0","0","0","0","0","0","0","0","0","0","0","0","0","0","1","0","0","0","1","0","0","0","0","0","0","0","0","0","0","0","0","0","0","0","0","0","0","0","0","0","0","0","0","0","0","0","0","0","0","0","0","0","0","0","0","1","202008","202204","2062"
"3211142","530010","70830350","02098833000162","3","1","00000000000000","","","","","","0","E","","","03","","03","36","03","","99","","","","","","","","LIC.SANIT.Nº00793-02/2021","20210330","1","","","","","","0","0","1","0","0","0","1","0","0","0","0","0","0","0",0,0,0,"0",0,0,0,0,0,0,0,0,0,0,0,0,0,0,"0",0,0,0,3,0,0,0,0,0,0,0,0,0,0,0,0,"1",0,0,0,"0",0,0,0,0,"0",0,0,0,0,0,0,0,0,0,0,0,0,0,0,0,"0","0","1","0","0","0","0","0","0","0","0","0","0","0","0","0","0","0","0","0","0","0","0","0","1","1","0","0","1","1","0","0","0","0","0","0","0","0","0","0","0","0","0","0","0","0","0","0","0","0","0","1","0","0","0","1","0","0","0","0","0","0","0","0","0","0","0","0","0","0","0","0","0","0","0","0","0","0","0","0","0","0","0","0","0","0","0","0","0","0","0","0","1","202104","202204","2062"
"3211169","530010","70307000","01506950000155","3","1","00000000000000","","","","0010","","0","E","","","04","","03","36","03","","99","","","","","","","","ODO.01001-01","20210607","1","","","","","","0","0","1","0","0","0","1","0","0","0","0","0","0","0",0,0,0,"0",0,0,0,0,0,0,0,0,0,0,0,0,0,0,"0",0,0,0,0,0,0,0,0,4,0,0,0,0,0,0,0,"1",0,0,0,"0",0,0,0,0,"0",0,0,0,0,0,0,0,0,0,0,0,0,0,0,0,"0","0","1","0","0","0","0","0","1","0","0","0","0","0","0","0","0","0","0","0","0","0","0","0","1","1","0","0","1","1","0","0","0","0","0","0","0","0","0","0","0","0","0","0","0","0","0","0","0","0","0","1","0","0","0","1","0","0","0","0","0","0","0","0","0","0","0","0","0","0","0","0","0","0","0","0","0","0","0","0","0","0","0","0","0","0","0","0","0","0","0","0","1","202108","202204","2305"
"3211177","530010","70390100","03811081000106","3","1","00000000000000","","","","0015","","0","E","","","04","","03","04","03","","99","","","","","","","","EAS 02394-01","20190102","","","","","","","0","0","1","0","0","0","1","0","0","0","0","0","0","0",0,0,0,"0",0,0,0,0,0,0,0,0,0,0,0,0,0,0,"0",2,0,0,0,0,0,0,0,0,0,0,0,0,0,0,0,"1",0,0,0,"0",0,0,0,0,"0",0,0,0,0,0,0,0,0,0,0,0,0,0,0,0,"0","0","1","0","0","0","0","0","0","0","0","0","0","0","0","0","0","0","0","0","0","0","0","0","1","0","0","0","1","1","0","0","0","0","0","0","0","0","0","0","0","0","0","0","0","0","0","0","0","0","0","1","0","0","1","1","0","0","0","0","0","0","0","0","0","0","0","0","0","0","0","0","0","0","0","0","0","0","0","0","0","0","0","0","0","0","0","0","0","0","0","0","1","201907","202204","2240"
"3211207","530010","70390145","37114980000163","3","1","00000000000000","","","","","","0","E","","","04","","01","36","03","","99","","","","","","","","EAS.02506-01","20201022","1","","","","","","0","0","1","0","0","0","1","0","0","0","0","0","0","0",0,0,0,"0",0,0,0,0,0,0,0,0,0,0,0,0,0,0,"0",0,4,0,0,1,1,0,0,0,0,0,0,0,0,0,0,"1",0,0,0,"0",0,0,0,0,"0",0,0,0,0,0,0,0,0,0,0,0,0,0,0,0,"0","0","1","0","0","0","0","0","1","0","0","0","0","0","0","0","0","0","0","1","0","0","0","0","1","1","0","0","1","1","0","0","0","0","0","0","0","0","0","0","0","0","0","0","0","0","0","0","0","0","0","1","0","0","0","0","0","0","0","0","0","0","0","0","0","0","0","0","0","0","0","0","0","0","0","0","0","0","0","0","0","0","0","0","0","0","0","0","0","0","0","0","1","202104","202204","2062"
"3211231","530010","71570050","05475856000137","3","1","00000000000000","","","","","","0","E","","","04","","03","39","03","","99","","","","","","","","LAB.00005.05","20200730","2","","","","","","0","0","1","0","0","0","1","0","0","0","0","0","0","0",0,0,0,"0",0,0,0,0,0,0,0,0,0,0,0,0,0,0,"0",2,0,0,2,0,0,0,0,0,0,0,0,0,0,0,0,"1",0,0,0,"0",0,0,0,0,"0",0,0,0,0,0,0,0,0,0,0,0,0,0,0,0,"0","0","1","0","0","0","0","0","0","0","0","0","0","0","0","0","0","0","0","1","0","0","0","0","1","1","0","0","1","1","0","0","0","0","0","0","0","0","0","0","0","0","0","0","0","0","0","0","0","0","0","1","0","0","0","1","0","0","0","0","0","0","0","0","0","0","0","0","0","0","0","0","0","0","0","0","0","0","0","0","0","0","0","0","0","0","0","0","0","0","0","0","1","202009","202204","2240"
"3211258","530010","70390904","33435926000169","3","1","00000000000000","","","","0015","","0","E","","","04","","03","36","03","","99","","","","","","","","EAS - 02800-01","20210412","1","","","","","","0","0","1","0","0","0","1","0","0","0","0","0","0","0",0,0,0,"0",0,0,0,0,0,0,0,0,0,0,0,0,0,0,"0",0,2,0,0,0,0,0,0,0,0,0,0,0,0,0,0,"1",0,0,0,"0",0,0,0,0,"0",0,0,0,0,0,0,0,0,0,0,0,0,0,0,0,"0","0","1","0","0","0","0","0","0","0","0","0","0","0","0","0","0","0","0","0","0","0","0","0","1","1","0","0","1","1","0","0","0","0","0","0","0","0","0","0","0","0","0","0","0","0","0","0","0","0","0","1","0","0","0","1","0","0","0","0","0","0","0","0","0","0","0","0","0","0","0","0","0","0","0","0","0","0","0","0","0","0","0","0","0","0","0","0","0","0","0","0","1","202104","202204","2062"
"3211266","530010","70390150","37115318000128","3","1","00000000000000","","","","","","0","E","","","04","","01","36","03","","99","","","","","","","","LICENCIAMENTO SANITARIO","20191031","1","","","","","","0","0","1","0","0","0","1","0","0","0","0","0","0","0",0,0,0,"0",0,0,0,0,0,0,0,0,0,0,0,0,0,0,"0",0,1,0,0,0,0,0,0,0,0,0,0,0,0,0,0,"1",0,0,0,"0",0,0,0,0,"0",0,0,0,0,0,0,0,0,0,0,0,0,0,0,0,"0","0","1","0","0","0","0","0","0","0","0","0","0","0","0","0","0","0","0","1","0","0","0","0","1","0","0","0","1","1","1","0","0","0","0","0","0","0","0","0","0","0","1","0","0","0","0","0","0","0","0","1","0","0","1","1","0","0","0","0","0","0","0","0","0","0","0","0","0","0","0","0","0","0","0","0","0","0","0","0","0","0","0","0","0","0","0","0","0","0","0","0","1","202107","202204","2062"
"3211320","530010","70390700","38041760000110","3","1","00000000000000","","","","0015","","0","E","","","04","","02","36","03","","99","","","","","","","","LAB.05605-01","20200922","1","","","","","","0","0","1","0","0","0","1","0","0","0","0","0","0","0",0,0,0,"0",0,0,0,0,0,0,0,0,0,0,0,0,0,0,"0",1,0,0,0,0,0,0,0,0,0,0,0,0,0,0,0,"1",0,0,0,"0",0,0,0,0,"0",0,0,0,0,0,0,0,0,0,0,0,0,0,0,0,"0","0","1","0","0","0","0","0","0","0","0","0","0","0","0","0","0","0","0","0","0","0","0","0","1","0","1","0","1","1","0","0","0","0","0","0","0","0","0","0","0","0","0","0","0","0","0","0","0","0","0","1","0","0","1","1","0","0","0","0","0","0","0","0","0","0","0","0","0","0","0","0","0","0","0","0","0","0","0","0","0","0","0","0","0","0","0","0","0","0","0","0","1","202106","202204","2062"
"3211355","530010","70390700","03710972000168","3","1","00000000000000","","","","0010","","0","E","","","04","","03","04","04","","99","","","","","","","","","20190917","1","","","","","","0","0","1","0","0","0","1","0","0","0","0","0","0","0",0,0,0,"0",0,0,0,0,0,0,0,0,0,0,0,0,0,0,"0",3,0,0,0,0,0,0,0,0,0,0,0,0,0,0,0,"1",0,0,0,"0",0,0,0,0,"0",0,0,0,0,0,0,0,0,0,0,0,0,0,0,0,"0","0","1","0","0","0","0","0","0","0","0","0","0","0","0","0","0","0","0","0","0","0","0","0","1","1","0","0","1","1","0","0","0","0","0","0","0","0","0","0","0","0","0","0","0","0","0","0","0","0","0","0","0","0","1","0","0","0","0","0","0","0","0","0","0","0","0","0","0","0","0","0","0","0","0","0","0","0","0","0","0","0","0","0","0","0","0","0","0","0","0","0","1","202108","202204","2240"
"3211541","530010","70390700","38050860000102","3","1","00000000000000","","","","0010","","0","E","","","04","","01","36","03","","99","","","","","","","","000540/2008","20080328","1","","","","","","0","0","1","0","0","0","1","0","0","0","0","0","0","0",0,0,0,"0",0,0,0,0,0,0,0,0,0,0,0,0,0,0,"0",8,1,0,1,0,0,0,0,0,0,0,0,0,0,0,0,"1",0,0,0,"0",0,0,0,0,"0",0,0,0,0,0,0,0,0,0,0,0,0,0,0,0,"0","0","0","0","0","0","0","0","0","0","1","0","0","0","0","0","0","0","0","1","0","0","0","0","1","1","0","0","1","1","0","0","0","0","0","0","0","0","0","0","0","0","0","0","0","0","0","0","0","0","0","1","0","0","1","1","0","0","0","0","0","0","0","0","0","0","0","0","0","0","0","0","0","0","0","0","0","0","0","0","0","0","0","0","0","0","0","0","0","0","0","0","1","202003","202204","2062"
"3211568","530010","70390150","01344231000185","3","1","00000000000000","","","","","","0","E","","","04","","03","22","03","","99","","","","","","","","EAS 02960-01","20220112","1","","","","","","0","0","1","0","0","0","1","0","0","0","0","0","0","0",0,0,0,"0",0,0,0,0,0,0,0,0,0,0,0,0,0,0,"0",1,1,0,0,0,0,0,0,0,0,0,0,0,0,0,0,"1",0,0,0,"0",0,0,0,0,"0",0,0,0,0,0,0,0,0,0,0,0,0,0,0,0,"0","0","0","1","0","0","0","0","0","0","0","0","0","0","0","0","0","0","0","0","0","0","0","0","1","0","0","0","1","1","0","0","0","0","0","0","0","0","0","0","0","0","0","0","0","0","0","0","0","0","0","1","0","0","0","1","0","0","0","0","0","0","0","0","0","0","0","0","0","0","0","0","0","0","0","0","0","0","0","0","0","0","0","0","0","0","0","0","0","0","0","0","1","202202","202204","2305"
"3211827","530010","70390700","02826722000125","3","1","00000000000000","","","","","","0","E","","","04","","03","36","03","","99","","","","","","","","EAS 05319-01","20210917","1","","","","","","0","0","1","0","0","0","1","0","0","0","0","0","0","0",0,0,0,"0",0,0,0,0,0,0,0,0,0,0,0,0,0,0,"0",0,4,0,0,0,0,0,0,0,0,0,0,0,0,0,0,"1",0,0,0,"0",0,0,0,0,"0",0,0,0,0,0,0,0,0,0,0,0,0,0,0,0,"0","0","1","0","0","0","0","0","0","0","0","0","0","0","0","0","0","0","0","0","0","0","0","0","1","1","0","0","1","1","0","0","0","0","0","0","0","0","0","0","0","0","0","0","0","0","0","0","0","0","0","1","0","0","0","1","0","0","0","0","0","0","0","0","0","0","0","0","0","0","0","0","0","0","0","0","0","0","0","0","0","0","0","0","0","0","0","0","0","0","0","0","1","202109","202204","2062"
"3211878","530010","71805527","03414165000106","3","1","00000000000000","","","","","","0","E","","","04","","03","22","03","","99","","","","","","","","ODO 01375-01","20201208","1","","","","","","0","0","1","0","0","0","1","0","0","0","0","0","0","0",0,0,0,"0",0,0,0,0,0,0,0,0,0,0,0,0,0,0,"0",0,0,0,0,0,0,0,0,2,0,0,0,0,0,0,0,"1",0,0,0,"0",0,0,0,0,"0",0,0,0,0,0,0,0,0,0,0,0,0,0,0,0,"0","0","1","0","0","0","0","0","0","0","0","0","0","0","0","0","0","0","0","0","0","0","0","0","1","1","0","0","1","1","0","0","0","0","0","0","0","0","0","0","0","0","0","0","0","0","0","0","0","0","0","1","0","0","0","1","0","0","0","0","0","0","0","0","0","0","0","0","0","0","0","0","0","0","0","0","0","0","0","0","0","0","0","0","0","0","0","0","0","0","0","0","1","202105","202204","2062"
"3212017","530010","71691047","00000000000000","3","3","00394700000108","","07","","0160","","1","E","","","04","","03","02","03","","99","","","","","","","","","","","","","","","","1","0","0","0","0","0","1","0","0","0","0","0","0","0",0,0,0,"0",0,0,0,0,0,0,0,0,0,0,0,0,0,0,"0",1,0,0,1,0,0,0,0,0,0,1,1,0,0,0,0,"1",0,0,0,"0",0,0,0,0,"0",0,0,0,0,0,0,0,0,0,0,0,0,0,0,0,"0","0","1","0","0","0","1","0","0","0","0","0","0","0","0","0","0","0","0","0","0","0","0","0","1","1","0","0","1","1","0","0","0","0","0","0","0","0","0","0","0","0","0","0","0","0","0","0","0","0","1","0","0","0","0","0","0","0","0","0","0","0","0","0","0","0","0","0","0","0","0","0","0","0","0","0","0","0","0","0","0","0","0","0","0","0","0","0","0","0","0","0","1","202203","202204","1023"
"3212025","530010","71694045","00000000000000","3","3","00394700000108","","07","","0160","","1","E","","","04","","03","02","03","","99","","","","","","","","","","","","","","","","1","0","0","0","0","0","1","0","0","0","0","0","0","0",0,0,0,"0",0,0,0,0,0,0,0,0,0,0,0,0,0,0,"0",2,0,0,0,0,0,0,0,0,0,1,1,0,0,1,0,"1",0,0,0,"0",0,0,0,0,"0",0,0,0,0,0,0,0,0,0,0,0,0,0,0,0,"0","0","1","0","0","0","1","0","0","0","0","0","0","0","0","0","0","0","0","0","0","0","0","0","1","1","0","0","1","1","0","0","0","0","0","0","0","0","0","0","0","0","0","0","0","0","0","0","0","0","1","0","0","0","0","0","0","0","0","0","0","0","0","0","0","0","0","0","0","0","0","0","0","0","0","0","0","0","0","0","0","0","0","0","0","0","0","0","0","0","0","0","1","202203","202204","1023"
"3212033","530010","71697071","00000000000000","3","3","00394700000108","","07","","0160","","1","E","","","04","","03","02","03","","99","","","","","","","","","","","","","","","","1","0","0","0","0","0","1","0","0","0","0","0","0","0",0,0,0,"0",0,0,0,0,0,0,0,0,0,0,0,0,0,0,"0",2,0,0,1,0,0,0,0,0,0,0,1,0,0,0,0,"1",0,0,0,"0",0,0,0,0,"0",0,0,0,0,0,0,0,0,0,0,0,0,0,0,0,"0","0","1","0","0","0","1","0","0","0","0","0","0","0","0","0","0","0","0","0","0","0","0","0","1","1","0","0","1","1","0","0","0","0","0","0","0","0","0","0","0","0","0","0","0","0","0","0","0","0","1","0","0","0","0","0","0","0","0","0","0","0","0","0","0","0","0","0","0","0","0","0","0","0","0","0","0","0","0","0","0","0","0","0","0","0","0","0","0","0","0","0","1","202203","202204","1023"
"3212068","530010","71692725","00000000000000","3","3","00394700000108","","07","","0160","","1","E","","","04","","03","02","03","","99","","","","","","","","","","","","","","","","1","0","0","0","0","0","1","0","0","0","0","0","0","0",0,0,0,"0",0,0,0,0,0,0,0,0,0,0,0,0,0,0,"0",2,0,0,2,0,0,0,0,1,0,1,1,0,0,0,0,"1",0,0,0,"0",0,0,0,0,"0",0,0,0,0,0,0,0,0,0,0,0,0,0,0,0,"0","0","1","0","0","0","1","0","1","0","0","0","0","0","0","0","0","0","0","0","0","0","0","0","1","1","0","0","1","1","0","0","0","0","0","0","0","0","0","0","0","0","0","0","0","0","0","0","0","0","1","0","0","0","0","0","0","0","0","0","0","0","0","0","0","0","0","0","0","0","0","0","0","0","0","0","0","0","0","0","0","0","0","0","0","0","0","0","0","0","0","0","1","202203","202204","1023"
"3212580","530010","70322915","04070786000174","3","1","00000000000000","","","","","","0","E","","","04","","03","22","03","","99","","","","","","","","ODO 01292-01","20210820","1","","","","","","0","0","1","0","0","0","1","0","0","0","0","0","0","0",0,0,0,"0",0,0,0,0,0,0,0,0,0,0,0,0,0,0,"0",0,0,0,0,0,0,0,0,1,0,0,0,0,0,0,0,"1",0,0,0,"0",0,0,0,0,"0",0,0,0,0,0,0,0,0,0,0,0,0,0,0,0,"0","0","1","1","0","0","0","0","1","0","0","0","0","0","0","0","0","0","0","0","0","0","0","0","1","1","0","0","1","1","0","0","0","0","0","0","0","0","0","0","0","0","0","0","0","0","0","0","0","0","0","1","0","0","0","1","0","0","0","0","0","0","0","0","0","0","0","0","0","0","0","0","0","0","0","0","0","0","0","0","0","0","0","0","0","0","0","0","0","0","0","0","1","202203","202204","2062"
"3212599","530010","70715010","02280379000166","3","1","00000000000000","","","","","","0","E","","","04","","03","22","03","","99","","","","","","","","20210025011","20210922","1","","","","","","0","0","1","0","0","0","1","0","0","0","0","0","0","0",0,0,0,"0",0,0,0,0,0,0,0,0,0,0,0,0,0,0,"0",0,0,0,0,0,0,0,0,1,0,0,0,0,0,0,0,"1",0,0,0,"0",0,0,0,0,"0",0,0,0,0,0,0,0,0,0,0,0,0,0,0,0,"0","0","1","0","0","0","0","0","1","0","0","0","0","0","0","0","0","0","0","0","0","0","0","0","1","1","0","0","1","1","0","0","0","0","0","0","0","0","0","0","0","0","0","0","0","0","0","0","0","0","0","1","0","0","0","0","0","0","0","0","0","0","0","0","0","0","0","0","0","0","0","0","0","0","0","0","0","0","0","0","0","0","0","0","0","0","0","0","0","0","0","0","1","202201","202204","2305"
"3212742","530010","70390145","03184896000102","3","1","00000000000000","","","","0010","","0","E","","","04","","03","36","03","","99","","","","","","","","02839","20120227","1","","","","","","0","0","1","0","0","0","1","0","0","0","0","0","0","0",0,0,0,"0",0,0,0,0,0,0,0,0,0,0,0,0,0,0,"0",0,4,0,0,0,0,0,0,0,0,0,0,0,0,0,0,"1",0,0,0,"0",0,0,0,0,"0",0,0,0,0,0,0,0,0,0,0,0,0,0,0,0,"0","0","1","0","0","0","0","0","1","0","0","0","0","0","0","0","0","0","0","0","0","0","0","0","1","1","0","0","1","1","0","0","0","0","0","0","0","0","0","0","0","0","0","0","0","0","0","0","0","0","0","1","0","0","1","1","0","0","0","0","0","0","0","0","0","0","0","0","0","0","0","0","0","0","0","0","0","0","0","0","0","0","0","0","0","0","0","0","0","0","0","0","1","201904","202204","2062"
"3212750","530010","70392901","73631731000290","3","1","00000000000000","","","","","","0","E","","","04","","03","22","03","","99","","","","","","","","EAS-02219-01","20201222","1","","","","","","0","0","1","0","0","0","1","0","0","0","0","0","0","0",0,0,0,"0",0,0,0,0,0,0,0,0,0,0,0,0,0,0,"0",0,2,0,0,0,0,0,0,0,0,0,0,0,0,0,0,"1",0,0,0,"0",0,0,0,0,"0",0,0,0,0,0,0,0,0,0,0,0,0,0,0,0,"0","0","0","0","0","0","0","0","0","0","0","0","0","0","0","0","0","0","0","0","0","0","0","0","0","0","0","0","1","1","0","0","0","0","0","0","0","0","0","0","0","0","0","0","0","0","0","0","0","0","0","1","0","0","0","1","0","0","0","0","0","0","0","0","0","0","0","0","0","0","0","0","0","0","0","0","0","0","0","0","0","0","0","0","0","0","0","0","0","0","0","0","1","202201","202204","2062"
"3212785","530010","70390150","03624129000320","3","1","00000000000000","","","","","","0","E","","","04","","03","04","03","","99","","","","","","","","EAS 0394201","20210527","1","","","","","","0","0","1","0","0","0","1","0","0","0","0","0","0","0",0,0,0,"0",0,0,0,0,0,0,0,0,0,0,0,0,0,0,"0",0,0,0,10,0,0,0,0,0,0,0,0,0,0,0,0,"1",0,0,0,"0",0,0,0,0,"0",0,0,0,0,0,0,0,0,0,0,0,0,0,0,0,"0","0","1","0","0","0","0","0","0","0","0","0","0","0","0","0","0","0","0","0","0","0","0","0","1","0","0","0","1","1","0","0","0","0","0","0","0","0","0","0","0","0","0","0","0","0","0","0","0","0","0","1","0","0","1","1","0","0","0","0","0","0","0","0","0","0","0","0","0","0","0","0","0","0","0","0","0","0","0","0","0","0","0","0","0","0","0","0","0","0","0","0","1","202111","202204","2232"
"3212807","530010","70200670","04609912000116","3","1","00000000000000","","","","","","0","E","","","04","","03","36","03","","99","","","","","","","","20210400965","20210510","1","","","","","","0","0","1","0","0","0","1","0","0","0","0","0","0","0",0,0,0,"0",0,0,0,0,0,0,0,0,0,0,0,0,0,0,"0",0,0,0,0,0,0,0,0,2,0,0,0,0,0,0,0,"1",0,0,0,"0",0,0,0,0,"0",0,0,0,0,0,0,0,0,0,0,0,0,0,0,0,"0","0","1","0","0","0","0","0","1","0","0","0","0","0","0","0","0","0","0","0","0","0","0","0","1","1","1","0","1","1","0","0","0","0","0","0","0","0","0","0","0","0","0","0","0","0","0","0","0","0","0","1","0","0","0","0","0","0","0","0","0","0","0","0","0","0","0","0","0","0","0","0","0","0","0","0","0","0","0","0","0","0","0","0","0","0","0","0","0","0","0","0","1","202202","202204","2240"
"3212874","530010","70390700","02883362000101","3","1","00000000000000","","","","","","0","E","","","04","","03","22","03","","99","","","","","","","","","","","","","","","","0","0","1","0","0","0","1","0","0","0","0","0","0","0",0,0,0,"0",0,0,0,0,0,0,0,0,0,0,0,0,0,0,"0",0,1,0,0,0,0,0,0,0,0,0,0,0,0,0,0,"1",0,0,0,"0",0,0,0,0,"0",0,0,0,0,0,0,0,0,0,0,0,0,0,0,0,"0","0","0","0","0","0","0","0","0","0","0","0","0","0","0","0","0","0","0","0","0","0","0","0","0","0","0","0","1","1","0","0","0","0","0","0","0","0","0","0","0","0","0","0","0","0","0","0","0","0","0","1","0","0","0","1","0","0","0","0","0","0","0","0","0","0","0","0","0","0","0","0","0","0","0","0","0","0","0","0","0","0","0","0","0","0","0","0","0","0","0","0","1","202009","202204","2062"
"3212890","530010","70390700","72603665000109","3","1","00000000000000","","","","","","0","E","","","04","","01","36","03","","99","","","","","","","","EAS.02546-01","20210125","1","","","","","","0","0","1","0","0","0","1","0","0","0","0","0","0","0",0,0,0,"0",0,0,0,0,0,0,0,0,0,0,0,0,0,0,"0",0,1,0,0,0,0,0,0,0,0,0,0,0,0,0,0,"1",0,0,0,"0",0,0,0,0,"0",0,0,0,0,0,0,0,0,0,0,0,0,0,0,0,"0","0","1","0","0","0","0","0","0","0","0","0","0","0","0","0","0","0","0","0","0","0","0","0","1","0","0","0","1","1","0","0","0","0","0","0","0","0","0","0","0","0","0","0","0","0","0","0","0","0","0","1","0","0","0","1","0","0","0","0","0","0","0","0","0","0","0","0","0","0","0","0","0","0","0","0","0","0","0","0","0","0","0","0","0","0","0","0","0","0","0","0","1","202202","202204","2062"
"3212971","530010","70310500","04158100000100","3","1","00000000000000","","","","","","0","E","","","04","","01","36","04","","99","","","","","","","","5465564564","20220101","1","","","","","","0","0","1","0","0","0","1","0","0","0","0","0","0","0",0,0,0,"0",0,0,0,0,0,0,0,0,0,0,0,0,0,0,"0",1,0,0,0,0,0,0,0,0,0,0,0,0,0,0,0,"1",0,0,0,"0",0,0,0,0,"0",0,0,0,0,0,0,0,0,0,0,0,0,0,0,0,"0","0","1","0","0","0","0","0","0","0","0","0","0","0","0","0","0","0","0","0","0","0","0","0","1","1","0","0","0","1","0","0","0","0","0","0","0","0","0","0","0","0","0","0","0","0","0","0","0","0","0","1","0","0","0","0","0","0","0","0","0","0","0","0","0","0","0","0","0","0","0","0","0","0","0","0","0","0","0","0","0","0","0","0","0","0","0","0","0","0","0","0","1","202204","202204","2062"
"3213129","530010","70390155","72588619000170","3","1","00000000000000","","","","0015","","0","E","","","04","","03","22","03","","99","","","","","","","","ODO 01307-01","20210622","1","","","","","","0","0","1","0","0","0","1","0","0","0","0","0","0","0",0,0,0,"0",0,0,0,0,0,0,0,0,0,0,0,0,0,0,"0",0,1,0,0,0,0,0,0,0,0,0,0,0,0,0,0,"1",0,0,0,"0",0,0,0,0,"0",0,0,0,0,0,0,0,0,0,0,0,0,0,0,0,"0","0","1","0","0","0","0","0","0","0","0","0","0","0","0","0","0","0","0","0","0","0","0","0","1","1","0","0","1","1","0","0","0","0","0","0","0","0","0","0","0","0","0","0","0","0","0","0","0","0","0","1","0","0","0","1","0","0","0","0","0","0","0","0","0","0","0","0","0","0","0","0","0","0","0","0","0","0","0","0","0","0","0","0","0","0","0","0","0","0","0","0","1","202111","202204","2135"
"3213145","530010","70200700","04401179000140","3","1","00000000000000","","","","0015","","0","E","","","04","","03","39","03","","99","001","29122","101885","","","","","LAB: 05623-01","20201201","1","","","","","","0","0","1","0","0","0","1","0","0","0","0","0","0","0",0,0,0,"0",0,0,0,0,0,0,0,0,0,0,0,0,0,0,"0",0,0,0,0,0,0,0,0,0,0,0,0,0,0,0,0,"0",0,0,0,"0",0,0,0,0,"0",0,0,0,0,0,0,0,0,0,0,0,0,0,0,0,"0","0","0","0","0","0","0","0","0","0","0","0","0","0","0","0","0","0","0","0","0","0","0","0","0","1","1","0","1","1","0","0","0","0","0","0","0","0","0","0","0","0","0","0","0","0","0","0","0","0","0","0","0","0","0","0","0","0","0","0","0","0","1","0","0","0","0","0","0","0","0","0","0","0","0","0","0","0","0","0","0","0","0","0","0","0","0","0","0","0","0","0","1","202105","202204","2062"
"3213153","530010","70200700","02615468000116","3","1","00000000000000","","","","","","0","E","","","04","","03","36","03","","99","001","29122","9.852-3","","","","","EAS : 02306-01","20201005","1","","","","","","0","0","1","0","0","0","1","0","0","0","0","0","0","0",0,0,0,"0",0,0,0,0,0,0,0,0,0,0,0,0,0,0,"0",0,1,0,0,0,0,0,0,0,0,0,0,0,0,0,0,"1",0,0,0,"0",0,0,0,0,"0",0,0,0,0,0,0,0,0,0,0,0,0,0,0,0,"0","0","0","0","0","0","0","0","0","0","0","0","0","0","0","0","0","1","0","0","0","0","0","0","1","0","0","0","1","1","0","0","0","0","0","0","0","0","0","0","0","0","0","0","0","0","0","0","0","0","0","0","0","0","0","1","0","0","0","0","0","0","0","0","0","0","0","0","0","0","0","0","0","0","0","0","0","0","0","0","0","0","0","0","0","0","0","0","0","0","0","0","1","202105","202204","2062"
"3215105","530010","72139900","00070287732134","1","1","00000000000000","","","","0180","","0","E","","","04","","03","22","03","","99","","","","","","","","ODO 00070-15/2020","20200902","1","","","","","","0","0","1","0","0","0","1","0","0","0","0","0","0","0",0,0,0,"0",0,0,0,0,0,0,0,0,0,0,0,0,0,0,"0",0,0,0,0,0,0,0,0,2,0,0,0,0,0,0,0,"1",0,0,0,"0",0,0,0,0,"0",0,0,0,0,0,0,0,0,0,0,0,0,0,0,0,"0","0","0","0","0","0","0","0","1","0","0","0","0","0","0","0","0","0","0","0","0","0","0","0","1","1","1","0","1","1","0","0","0","0","0","0","0","0","0","0","0","0","0","0","0","0","0","0","0","0","0","1","0","0","0","1","0","0","0","0","0","0","0","0","0","0","0","0","0","0","0","0","0","0","0","0","0","0","0","0","0","0","0","0","0","0","0","0","0","0","0","0","1","202106","202204","4000"
"3215822","530010","70310500","04243149000152","3","1","00000000000000","","","","0005","","0","E","","","04","","03","22","03","","99","","","","","","","","ODO 00366 - 02/2020","20220106","1","","","","","","0","0","1","0","0","0","1","0","0","0","0","0","0","0",0,0,0,"0",0,0,0,0,0,0,0,0,0,0,0,0,0,0,"0",0,0,0,0,0,0,0,0,1,0,0,0,0,0,0,0,"1",0,0,0,"0",0,0,0,0,"0",0,0,0,0,0,0,0,0,0,0,0,0,0,0,0,"0","0","1","0","0","0","0","0","1","0","0","0","0","0","0","0","0","0","0","1","0","0","0","0","1","0","0","0","1","1","0","0","0","0","0","0","0","0","0","0","0","0","0","0","0","0","0","0","0","0","0","1","0","0","0","0","0","0","0","0","0","0","0","0","0","0","0","0","0","0","0","0","0","0","0","0","0","0","0","0","0","0","0","0","0","0","0","0","0","0","0","0","1","202202","202204","2062"
"3215830","530010","70760630","36756427000161","3","1","00000000000000","","","","0005","","0","E","","","04","","01","36","03","","99","","","","","","","","LICENCA SANITARIA","20211129","1","","","","","","0","0","1","0","0","0","1","0","0","0","0","0","0","0",0,0,0,"0",0,0,0,0,0,0,0,0,0,0,0,0,0,0,"0",0,5,0,20,0,0,0,0,0,0,0,0,0,0,0,0,"1",0,0,0,"0",0,0,0,0,"0",0,0,0,0,0,0,0,0,0,0,0,0,0,0,0,"0","0","1","0","0","0","0","0","0","0","0","0","0","0","0","0","0","0","0","0","0","0","0","0","1","0","0","0","1","1","0","0","0","0","0","0","1","0","0","0","0","0","1","0","0","0","0","0","0","0","0","1","0","0","1","1","0","0","0","0","0","0","0","0","0","0","0","0","0","0","0","0","0","0","0","0","0","0","0","0","0","0","0","0","0","0","0","0","0","0","0","0","1","202203","202204","2062"
"3215865","530010","70773000","02715399000112","3","1","00000000000000","","","","0005","","0","E","","","04","","03","36","03","","99","","","","","","","","","20200612","1","","","","","","0","0","1","0","0","0","1","0","0","0","0","0","0","0",0,0,0,"0",0,0,0,0,0,0,0,0,0,0,0,0,0,0,"0",0,1,0,0,0,0,0,0,0,0,0,0,0,0,0,0,"1",0,0,0,"0",0,0,0,0,"0",0,0,0,0,0,0,0,0,0,0,0,0,0,0,0,"0","0","1","0","0","0","0","0","0","0","0","0","0","0","0","0","0","0","0","0","0","0","0","0","1","0","0","0","1","1","0","0","0","0","0","0","0","0","0","0","0","0","0","0","0","0","0","0","0","0","0","1","0","0","0","1","0","0","0","0","0","0","0","0","0","0","0","0","0","0","0","0","0","0","0","0","0","0","0","0","0","0","0","0","0","0","0","0","0","0","0","0","1","202009","202204","2062"
"3216055","530010","70834090","32913071000171","3","1","00000000000000","","","","","","0","E","","","04","","03","22","03","","99","","","","","","","","ODO-741","20210508","1","","","","","","0","0","0","0","1","0","1","0","0","0","0","0","0","0",0,0,0,"0",0,0,0,0,0,0,0,0,0,0,0,0,0,0,"0",0,0,0,0,0,0,0,0,1,0,0,0,0,0,0,0,"1",0,0,0,"0",0,0,0,0,"0",0,0,0,0,0,0,0,0,0,0,0,0,0,0,0,"0","0","1","0","0","0","0","0","0","0","0","0","0","0","0","0","0","0","0","0","0","0","0","0","1","1","0","0","0","1","0","0","0","0","0","0","0","0","0","0","0","0","0","0","0","0","0","0","0","0","0","1","0","0","0","1","0","0","0","0","0","0","0","0","0","0","0","0","0","0","0","0","0","0","0","0","0","0","0","0","0","0","0","0","0","0","0","0","0","0","0","0","1","202110","202204","2240"
"3216136","530010","71503501","01646199000192","3","1","00000000000000","","","","0080","","0","E","","","04","","03","22","03","","99","","","","","","","","ODO1504","20190624","1","","","","","","0","0","1","0","0","0","1","0","0","0","0","0","0","0",0,0,0,"0",0,0,0,0,0,0,0,0,0,0,0,0,0,0,"0",0,0,0,0,0,0,0,0,1,0,0,0,0,0,0,0,"1",0,0,0,"0",0,0,0,0,"0",0,0,0,0,0,0,0,0,0,0,0,0,0,0,0,"0","0","0","0","0","0","0","0","0","0","0","0","0","0","0","0","0","0","0","0","0","0","0","0","0","0","1","0","1","1","0","0","0","0","0","0","0","0","0","0","0","0","0","0","0","0","0","0","0","0","0","1","0","0","1","1","0","0","0","0","0","0","0","0","0","0","0","0","0","0","0","0","0","0","0","0","0","0","0","0","0","0","0","0","0","0","0","0","0","0","0","0","1","201907","202204","2062"
"3216179","530010","70710143","01225598000180","3","1","00000000000000","","","","","","0","E","","","04","","03","22","03","","99","","","","","","","","EAS 0430-02","20190712","1","","","","","","0","0","1","0","0","0","1","0","0","0","0","0","0","0",0,0,0,"0",0,0,0,0,0,0,0,0,0,0,0,0,0,0,"0",0,1,0,0,0,0,0,0,0,0,0,0,0,0,0,0,"1",0,0,0,"0",0,0,0,0,"0",0,0,0,0,0,0,0,0,0,0,0,0,0,0,0,"0","0","0","0","0","0","0","0","0","0","0","0","0","0","0","0","0","0","0","0","0","0","0","0","0","0","0","0","1","1","0","0","0","0","0","0","0","0","0","0","0","0","0","0","0","0","0","0","0","0","0","1","0","0","0","1","0","0","0","0","0","0","0","0","0","0","0","0","0","0","0","0","0","0","0","0","0","0","0","0","0","0","0","0","0","0","0","0","0","0","0","0","1","201907","202204","2062"
"3216322","530010","70711902","00008424799100","1","1","00000000000000","","","","0005","","0","E","","","04","","03","22","03","","99","","","","","","","","ODO-0142-02","20190716","1","","","","","","0","0","1","0","0","0","1","0","0","0","0","0","0","0",0,0,0,"0",0,0,0,0,0,0,0,0,0,0,0,0,0,0,"0",0,0,0,0,0,0,0,0,1,0,0,0,0,0,0,0,"1",0,0,0,"0",0,0,0,0,"0",0,0,0,0,0,0,0,0,0,0,0,0,0,0,0,"0","0","1","0","0","0","0","0","1","0","0","0","0","0","0","0","0","0","0","0","0","0","0","0","1","1","0","0","1","1","0","0","0","0","0","0","0","0","0","0","0","0","0","0","0","0","0","0","0","0","0","1","0","0","0","0","0","0","0","0","0","0","0","0","0","0","0","0","0","0","0","0","0","0","0","0","0","0","0","0","0","0","0","0","0","0","0","0","0","0","0","0","1","201908","202204","4000"
"3216365","530010","70719903","03628122000115","3","1","00000000000000","","","","0005","","0","E","","","04","","03","36","03","","99","","","","","","","","RAD 0005-02","20190927","1","","","","","","0","0","1","0","0","0","1","0","0","0","0","0","0","0",0,0,0,"0",0,0,0,0,0,0,0,0,0,0,0,0,0,0,"0",0,6,0,0,0,0,0,0,0,0,0,0,0,0,0,0,"1",0,0,0,"0",0,0,0,0,"0",0,0,0,0,0,0,0,0,0,0,0,0,0,0,0,"0","0","1","0","0","0","0","0","0","0","0","0","0","0","0","0","0","0","0","0","0","0","0","0","1","0","0","0","1","1","0","0","0","0","0","0","0","0","0","0","0","0","0","0","0","0","0","0","0","0","0","1","0","0","0","1","0","0","0","0","0","0","0","0","0","0","0","0","0","0","0","0","0","0","0","0","0","0","0","0","0","0","0","0","0","0","0","0","0","0","0","0","1","201909","202204","2062"
"3216381","530010","70770577","37150471000196","3","1","00000000000000","","","","0005","","0","E","","","04","","03","36","04","","99","","","","","","","","0000000","20210601","1","","","","","","0","0","1","0","0","0","1","0","0","0","0","0","0","0",0,0,0,"0",0,0,0,0,0,0,0,0,0,0,0,0,0,0,"0",0,6,0,0,0,0,0,0,0,0,0,0,0,0,0,0,"1",0,0,0,"0",0,0,0,0,"0",0,0,0,0,0,0,0,0,0,0,0,0,0,0,0,"0","0","1","0","0","0","0","0","1","0","1","0","0","0","0","0","0","0","0","0","0","0","0","0","1","1","0","0","1","1","0","0","0","0","0","0","0","0","0","0","0","0","0","0","0","0","0","0","0","0","0","1","0","0","0","0","0","0","0","0","0","0","0","0","0","0","0","0","0","0","0","0","0","0","0","0","0","0","0","0","0","0","0","0","0","0","0","0","0","0","0","0","1","202111","202204","2062"
"3216454","530010","70712903","03769573000172","3","1","00000000000000","","","","0005","","0","E","","","04","","03","36","03","","99","","","","","","","","EAS 0396-02","20220216","1","","","","","","0","0","1","0","0","0","1","0","0","0","0","0","0","0",0,0,0,"0",0,0,0,0,0,0,0,0,0,0,0,0,0,0,"0",0,1,0,0,0,0,0,0,0,0,0,0,0,0,0,0,"1",0,0,0,"0",0,0,0,0,"0",0,0,0,0,0,0,0,0,0,0,0,0,0,0,0,"0","0","1","0","0","0","0","0","0","0","0","0","0","0","0","0","0","0","0","0","0","0","0","0","1","1","0","0","1","1","0","0","0","0","0","0","0","0","0","0","0","0","0","0","0","0","0","0","0","0","0","1","0","0","0","1","0","0","0","0","0","0","0","0","0","0","0","0","0","0","0","0","0","0","0","0","0","0","0","0","0","0","0","0","0","0","0","0","0","0","0","0","1","202203","202204","2062"
"3217051","530010","71936250","00706148000146","3","1","00000000000000","","","","","","0","E","","","04","","03","22","03","","99","","","","","","","","RLE","20210809","1","","","","","","0","0","1","0","0","0","1","0","0","0","0","0","0","0",0,0,0,"0",0,0,0,0,0,0,0,0,0,0,0,0,0,0,"0",1,0,0,0,0,0,0,0,0,0,0,0,0,0,0,0,"1",0,0,0,"0",0,0,0,0,"0",0,0,0,0,0,0,0,0,0,0,0,0,0,0,0,"0","0","1","0","0","0","0","0","0","0","0","0","0","0","0","0","0","0","0","0","0","0","0","0","1","0","0","0","1","1","0","0","0","0","0","0","0","0","0","0","0","0","0","0","0","0","0","0","0","0","0","1","0","0","0","0","0","0","0","0","0","0","0","0","0","0","0","0","0","0","0","0","0","0","0","0","0","0","0","0","0","0","0","0","0","0","0","0","0","0","0","0","1","202112","202204","2062"
"3217086","530010","70340902","04371364000139","3","1","00000000000000","","","","0010","","0","E","","","04","","03","22","03","","99","","","","","","","","ODO-01146-01","20210114","1","","","","","","0","0","1","0","0","0","1","0","0","0","0","0","0","0",0,0,0,"0",0,0,0,0,0,0,0,0,0,0,0,0,0,0,"0",0,0,0,0,0,0,0,0,1,0,0,0,0,0,0,0,"1",0,0,0,"0",0,0,0,0,"0",0,0,0,0,0,0,0,0,0,0,0,0,0,0,0,"0","0","1","0","0","0","0","0","1","0","0","0","0","0","0","0","0","0","0","0","0","0","0","0","1","1","0","0","1","1","0","0","0","0","0","0","0","0","0","0","0","0","0","0","0","0","0","0","0","0","0","1","0","0","1","1","0","0","0","0","0","0","0","0","0","0","0","0","0","0","0","0","0","0","0","0","0","0","0","0","0","0","0","0","0","0","0","0","0","0","0","0","1","202204","202204","2240"
"3217191","530010","70390115","03286682000139","3","1","00000000000000","","","","0015","","0","E","","","04","","03","36","03","","99","","","","","","","","EAS 2574/2021","20210507","1","","","","","","0","0","1","0","0","0","1","0","0","0","0","0","0","0",0,0,0,"0",0,0,0,0,0,0,0,0,0,0,0,0,0,0,"0",1,1,0,0,0,0,0,0,0,0,0,0,0,0,0,1,"1",0,0,0,"0",0,0,0,0,"0",0,0,0,0,0,0,0,0,0,0,0,0,0,0,0,"0","0","1","0","0","0","0","0","0","0","0","0","0","0","0","0","0","0","0","0","0","0","0","0","1","1","0","0","1","1","0","0","0","0","0","0","0","0","0","0","0","0","0","0","0","0","0","0","0","0","0","1","0","0","0","1","0","0","0","0","0","0","0","0","0","0","0","0","0","0","0","0","0","0","0","0","0","0","0","0","0","0","0","0","0","0","0","0","0","0","0","0","1","202204","202204","2232"
"3217302","530010","70390020","03275383000107","3","1","00000000000000","","","","0015","","0","E","","","04","","03","22","04","","99","","","","","","","","EAS 03361-01","20180904","","","","","","","0","0","1","0","0","0","1","0","0","0","0","0","0","0",0,0,0,"0",0,0,0,0,0,0,0,0,0,0,0,0,0,0,"0",0,0,0,1,0,0,0,0,0,0,0,0,0,0,0,0,"1",0,0,0,"0",0,0,0,0,"0",0,0,0,0,0,0,0,0,0,0,0,0,0,0,0,"0","0","1","0","0","0","0","0","0","0","0","0","0","0","0","0","0","0","0","0","0","0","0","0","1","0","0","0","1","1","0","0","0","0","0","0","0","0","0","0","0","0","0","0","0","0","0","0","0","0","0","1","0","0","1","1","0","0","0","0","0","0","0","0","0","0","0","0","0","0","0","0","0","0","0","0","0","0","0","0","0","0","0","0","0","0","0","0","0","0","0","0","1","201907","202204","2062"
"3220575","530010","71635610","02499216000179","3","1","00000000000000","","","","0090","","0","E","","","04","","03","36","03","","99","","","","","","","","EAS.00187-03","20210825","1","","","","","","0","0","1","0","0","0","1","0","0","0","0","0","0","0",0,0,0,"0",0,0,0,0,0,0,0,0,0,0,0,0,0,0,"0",0,1,0,0,0,0,0,0,0,0,1,0,0,0,0,0,"1",0,0,0,"0",0,0,0,0,"0",0,0,0,0,0,0,0,0,0,0,0,0,0,0,0,"0","0","1","0","0","0","0","0","1","0","0","0","0","0","0","0","0","0","0","0","0","0","0","0","1","1","0","0","1","1","0","0","0","0","0","0","0","0","0","0","0","0","0","0","0","0","0","0","0","0","0","1","0","0","0","1","0","0","0","0","0","0","0","0","0","0","0","0","0","0","0","0","0","0","0","0","0","0","0","0","0","0","0","0","0","0","0","0","0","0","0","0","1","202109","202204","2062"
"3220702","530010","70670512","02314956000193","3","1","00000000000000","","","","","","0","E","","","04","","03","36","03","","99","","","","","","","","ODO.00078-07","20190710","1","","","","","","0","0","1","0","0","0","1","0","0","0","0","0","0","0",0,0,0,"0",0,0,0,0,0,0,0,0,0,0,0,0,0,0,"0",0,0,0,0,0,0,0,0,4,0,0,0,0,0,0,0,"1",0,0,0,"0",0,0,0,0,"0",0,0,0,0,0,0,0,0,0,0,0,0,0,0,0,"0","0","1","0","0","0","0","0","1","0","0","0","0","0","0","0","0","0","0","1","0","0","0","0","1","1","0","1","1","1","0","0","0","0","0","0","0","0","0","0","0","0","0","0","0","0","0","0","0","0","0","1","0","0","0","1","0","0","0","0","0","0","0","0","0","0","0","0","0","0","0","0","0","0","0","0","0","0","0","0","0","0","0","0","0","0","0","0","0","0","0","0","1","202002","202204","2062"
"3222853","530010","72115515","05045551000195","3","1","00000000000000","","","","0010","","0","E","","","04","","01","22","03","","99","","","","","","","","CERT. DE LICENCIAMENTO","20220414","1","","","","","","0","0","1","0","0","0","1","0","0","0","0","0","0","0",0,0,0,"0",0,0,0,0,0,0,0,0,0,0,0,0,0,0,"0",3,1,0,3,0,0,0,0,1,0,0,0,0,0,0,0,"1",0,0,0,"0",0,0,0,0,"0",0,0,0,0,0,0,0,0,0,0,0,0,0,0,0,"0","0","1","0","0","0","0","0","0","0","0","0","0","0","0","0","0","0","0","0","0","0","0","0","1","0","0","0","1","1","0","0","0","0","0","0","0","0","0","0","0","0","0","0","0","0","0","0","0","0","0","1","0","0","0","0","0","0","0","0","0","0","0","0","0","0","0","0","0","0","0","0","0","0","0","0","0","0","0","0","0","0","0","0","0","0","0","0","0","0","0","0","1","202204","202204","2062"
"3222861","530010","72025110","00026013231672","1","1","00000000000000","","","","0180","","0","E","","","04","","01","22","03","","99","","","","","","","","EAS 0037/14","20200723","1","","","","","","0","0","1","0","0","0","1","0","0","0","0","0","0","0",0,0,0,"0",0,0,0,0,0,0,0,0,0,0,0,0,0,0,"0",0,0,0,0,0,0,0,0,1,0,0,0,0,0,0,0,"1",0,0,0,"0",0,0,0,0,"0",0,0,0,0,0,0,0,0,0,0,0,0,0,0,0,"0","0","0","1","0","0","0","0","0","0","0","0","0","0","0","0","0","0","0","0","0","0","0","0","1","1","1","0","1","1","0","0","0","0","0","0","0","0","0","0","0","0","0","0","0","0","0","0","0","0","0","1","0","0","0","1","0","0","0","0","0","0","0","0","0","0","0","0","0","0","0","0","0","0","0","0","0","0","0","0","0","0","0","0","0","0","0","0","0","0","0","0","1","202111","202204","4000"
"3222926","530010","72115700","01080317000148","3","1","00000000000000","","","","0180","","0","E","","","04","","03","22","03","","99","","","","","","","","EAS.00068-15","20210416","1","","","","","","0","0","1","0","0","0","1","0","0","0","0","0","0","0",0,0,0,"0",0,0,0,0,0,0,0,0,0,0,0,0,0,0,"0",2,0,0,0,0,0,0,0,0,0,0,0,0,0,0,0,"1",0,0,0,"0",0,0,0,0,"0",0,0,0,0,0,0,0,0,0,0,0,0,0,0,0,"0","0","1","0","0","0","0","0","0","0","0","0","0","0","0","0","0","0","0","0","0","0","0","0","1","0","0","0","1","1","0","0","0","0","0","0","0","0","0","0","0","0","0","0","0","0","0","0","0","0","0","1","0","0","0","1","0","0","0","0","0","0","0","0","0","0","0","0","0","0","0","0","0","0","0","0","0","0","0","0","0","0","0","0","0","0","0","0","0","0","0","0","1","202201","202204","2240"
"3222993","530010","72115700","03496858000420","3","1","00000000000000","","","","0180","","0","E","","","04","","03","69","06","","99","","","","","","","","HEM.00001 - 15","20210413","1","","","","","","0","0","1","0","0","0","1","0","0","0","0","0","0","0",0,0,0,"0",0,0,0,0,0,0,0,0,0,0,0,0,0,0,"0",0,0,0,0,0,0,0,0,0,0,0,0,0,0,0,0,"0",0,0,0,"0",0,0,0,0,"0",0,0,0,0,0,0,0,0,0,0,0,0,0,0,0,"0","0","0","0","0","0","0","0","0","0","0","0","0","0","0","0","0","0","0","1","0","0","0","0","1","1","1","0","1","1","0","0","0","0","0","1","0","0","0","0","0","0","1","0","0","0","0","0","0","0","0","0","0","0","0","0","0","0","1","0","0","1","1","0","0","0","0","0","0","0","0","0","0","0","0","0","0","0","0","0","0","0","0","0","0","0","0","0","0","0","0","0","1","202104","202204","2062"
"3224228","530010","70390150","01856738000118","3","1","00000000000000","","","","0010","","1","E","","","04","","03","36","03","","99","001","34789","309303","","","","","02551-01","20210610","1","","","","","","0","0","1","0","0","0","1","0","0","0","0","0","0","0",0,0,0,"0",0,0,0,0,0,0,0,0,0,0,0,0,0,0,"0",0,4,0,2,0,0,0,0,0,1,1,0,0,0,1,0,"1",0,0,0,"0",0,0,0,0,"0",0,0,0,0,0,0,0,0,0,0,0,0,0,0,0,"0","0","1","0","0","1","0","0","0","1","1","0","0","0","0","0","0","1","0","1","0","1","0","0","1","1","1","0","1","1","0","0","0","1","0","1","1","0","0","0","0","0","1","0","0","0","0","0","0","0","1","1","0","0","1","1","0","1","1","0","0","0","1","0","0","0","0","0","0","0","0","0","0","0","0","0","0","0","0","0","0","0","0","0","0","0","0","0","0","0","0","0","1","202204","202204","2062"
"3231305","530010","72015210","02574424000195","3","1","00000000000000","","","","","","0","E","","","04","","01","36","03","","99","","","","","","","","ODO.00033-14","20190226","","","","","","","0","0","1","0","0","0","1","0","0","0","0","0","0","0",0,0,0,"0",0,0,0,0,0,0,0,0,0,0,0,0,0,0,"0",0,0,0,0,0,0,0,0,2,0,0,0,0,0,0,0,"1",0,0,0,"0",0,0,0,0,"0",0,0,0,0,0,0,0,0,0,0,0,0,0,0,0,"0","0","1","0","0","0","0","0","1","0","0","0","0","0","0","0","0","0","0","0","0","0","0","0","1","1","0","0","1","1","0","0","0","0","0","0","0","0","0","0","0","0","0","0","0","0","0","0","0","0","0","1","0","0","0","0","0","0","0","0","0","0","0","0","0","0","0","0","0","0","0","0","0","0","0","0","0","0","0","0","0","0","0","0","0","0","0","0","0","0","0","0","1","202005","202204","2062"
"3232654","530010","70340902","26963843000187","3","1","00000000000000","","","","0010","","0","E","","","04","","01","36","03","","99","","","","","","","","ODO.01245-01","20201215","1","","","","","","0","0","1","0","0","0","1","0","0","0","0","0","0","0",0,0,0,"0",0,0,0,0,0,0,0,0,0,0,0,0,0,0,"0",0,0,0,0,0,0,0,0,4,0,0,0,0,0,0,1,"1",0,0,0,"0",0,0,0,0,"0",0,0,0,0,0,0,0,0,0,0,0,0,0,0,0,"0","0","1","0","0","0","0","0","1","0","0","0","0","0","0","0","0","0","0","0","0","0","0","0","1","1","0","0","1","1","0","0","0","0","0","0","0","0","0","0","0","0","0","0","0","0","0","0","0","0","0","0","0","0","0","1","0","0","0","0","0","0","0","0","0","0","0","0","0","0","0","0","0","0","0","0","0","0","0","0","0","0","0","0","0","0","0","0","0","0","0","0","1","202107","202204","2062"
"3232697","530010","70390125","00464115000137","3","1","00000000000000","","","","","","0","E","","","04","","01","22","03","","99","","","","","","","","LICENCA SANITARIA","20200430","1","","","","","","0","0","1","0","0","0","1","0","0","0","0","0","0","0",0,0,0,"0",0,0,0,0,0,0,0,0,0,0,0,0,0,0,"0",0,0,0,1,0,0,0,0,0,0,0,0,0,0,0,0,"1",0,0,0,"0",0,0,0,0,"0",0,0,0,0,0,0,0,0,0,0,0,0,0,0,0,"0","0","1","0","0","0","0","0","0","0","0","0","0","0","0","0","0","0","0","0","0","0","0","0","1","0","0","0","1","1","0","0","0","0","0","0","0","0","0","0","0","0","0","0","0","0","0","0","0","0","0","0","0","0","0","1","0","0","0","0","0","0","0","0","0","0","0","0","0","0","0","0","0","0","0","0","0","0","0","0","0","0","0","0","0","0","0","0","0","0","0","0","1","202012","202204","2062"
"3233545","530010","71065330","03624129000169","3","1","00000000000000","","","","0070","","0","E","","","04","","03","22","03","","99","","","","","","","","DFP200074326","20200430","1","","","","","","0","0","1","0","0","0","1","0","0","0","0","0","0","0",0,0,0,"0",0,0,0,0,0,0,0,0,0,0,0,0,0,0,"0",0,0,0,5,0,0,0,0,0,0,0,0,0,0,0,0,"1",0,0,0,"0",0,0,0,0,"0",0,0,0,0,0,0,0,0,0,0,0,0,0,0,0,"0","0","1","0","0","0","0","0","0","0","0","0","0","0","0","0","0","0","0","0","0","0","0","0","1","0","0","0","1","1","0","0","0","0","0","0","0","0","0","0","0","0","0","0","0","0","0","0","0","0","0","1","0","0","0","0","0","0","0","0","0","0","0","0","0","0","0","0","0","0","0","0","0","0","0","0","0","0","0","0","0","0","0","0","0","0","0","0","0","0","0","0","1","202105","202204","2232"
"3236668","530010","71020186","72642085000112","3","1","00000000000000","","","","","","0","E","","","04","","01","36","03","","99","","","","","","","","532020495478","20210624","","","","","","","0","0","1","0","0","0","1","0","0","0","0","0","0","0",0,0,0,"0",0,0,0,0,0,0,0,0,0,0,0,0,0,0,"0",0,2,0,0,0,0,0,0,0,0,0,0,0,0,0,0,"1",0,0,0,"0",0,0,0,0,"0",0,0,0,0,0,0,0,0,0,0,0,0,0,0,0,"0","0","1","0","0","0","0","0","0","0","0","0","0","0","0","0","0","0","0","0","0","0","0","0","1","0","0","0","1","1","0","0","0","0","0","0","0","0","0","0","0","0","0","0","0","0","0","0","0","0","0","1","0","0","0","0","0","0","0","0","0","0","0","0","0","0","0","0","0","0","0","0","0","0","0","0","0","0","0","0","0","0","0","0","0","0","0","0","0","0","0","0","1","202108","202204","2062"
"3239063","530010","70340907","06149059000122","3","1","00000000000000","","","","0015","","0","E","","","04","","01","22","03","","99","","","","","","","","CERTIF. DE LICENCIAMENTO","20200110","1","","","","","","0","0","1","0","0","0","1","0","0","0","0","0","0","0",0,0,0,"0",0,0,0,0,0,0,0,0,0,0,0,0,0,0,"0",0,0,0,0,0,0,0,0,1,0,0,0,0,0,0,0,"1",0,0,0,"0",0,0,0,0,"0",0,0,0,0,0,0,0,0,0,0,0,0,0,0,0,"0","0","1","0","0","0","0","0","0","0","0","0","0","0","0","0","0","0","0","0","0","0","0","0","1","1","0","0","1","1","0","0","0","0","0","0","0","0","0","0","0","0","0","0","0","0","0","0","0","0","0","1","0","0","0","0","0","0","0","0","0","0","0","0","0","0","0","0","0","0","0","0","0","0","0","0","0","0","0","0","0","0","0","0","0","0","0","0","0","0","0","0","1","202111","202204","2062"
"3252264","530010","70200700","37090370000177","3","1","00000000000000","","","","0010","","0","E","","","04","","03","22","03","","99","","","","","","","","03526","20210810","1","","","","","","0","0","1","0","0","0","1","0","0","0","0","0","0","0",0,0,0,"0",0,0,0,0,0,0,0,0,0,0,0,0,0,0,"0",0,0,0,0,0,0,0,0,1,0,0,0,0,0,0,0,"1",0,0,0,"0",0,0,0,0,"0",0,0,0,0,0,0,0,0,0,0,0,0,0,0,0,"0","0","1","0","0","0","0","0","1","0","0","0","0","0","0","0","0","0","0","0","0","0","0","0","1","1","0","0","1","1","0","0","0","0","0","0","0","0","0","0","0","0","0","0","0","0","0","0","0","0","0","1","0","0","0","1","0","0","0","0","0","0","0","0","0","0","0","0","0","0","0","0","0","0","0","0","0","0","0","0","0","0","0","0","0","0","0","0","0","0","0","0","1","202108","202204","2305"
"3252302","530010","70770130","05893903000162","3","1","00000000000000","","","","0005","","0","E","","","04","","03","36","03","","99","","","","","","","","EAS - 00376-02","20200220","1","","","","","","0","0","1","0","0","0","1","0","0","0","0","0","0","0",0,0,0,"0",0,0,0,0,0,0,0,0,0,0,0,0,0,0,"0",12,0,0,0,0,0,0,0,0,0,0,0,0,0,0,0,"1",0,0,0,"0",0,0,0,0,"0",0,0,0,0,0,0,0,0,0,0,0,0,0,0,0,"0","0","1","0","0","0","0","0","0","0","0","0","0","0","0","0","0","0","0","0","0","0","0","0","1","1","0","0","1","1","0","0","0","0","0","0","0","0","0","0","0","0","0","0","0","0","0","0","0","0","0","1","0","0","0","1","0","0","0","0","0","0","0","0","0","0","0","0","0","0","0","0","0","0","0","0","0","0","0","0","0","0","0","0","0","0","0","0","0","0","0","0","1","202002","202204","2062"
"3252388","530010","70711000","01277181000160","3","1","00000000000000","","","","","","0","E","","","04","","03","22","03","","99","","","","","","","","ODO-526","20190805","1","","","","","","0","0","0","0","1","0","1","0","0","0","0","0","0","0",0,0,0,"0",0,0,0,0,0,0,0,0,0,0,0,0,0,0,"0",0,0,0,0,0,0,0,0,1,0,0,0,0,0,0,0,"1",0,0,0,"0",0,0,0,0,"0",0,0,0,0,0,0,0,0,0,0,0,0,0,0,0,"0","0","1","0","0","0","0","0","0","0","0","0","0","0","0","0","0","0","0","0","0","0","0","0","1","1","0","0","0","1","0","0","0","0","0","0","0","0","0","0","0","0","0","0","0","0","0","0","0","0","0","1","0","0","0","1","0","0","0","0","0","0","0","0","0","0","0","0","0","0","0","0","0","0","0","0","0","0","0","0","0","0","0","0","0","0","0","0","0","0","0","0","1","201910","202204","2062"
"3252396","530010","70715900","04349341000128","3","1","00000000000000","","","","","","0","E","","","04","","03","22","04","","99","","","","","","","","53001022123","20211106","1","","","","","","0","0","1","0","0","0","1","0","0","0","0","0","0","0",0,0,0,"0",0,0,0,0,0,0,0,0,0,0,0,0,0,0,"0",0,2,0,0,0,0,0,0,0,0,0,0,0,0,0,0,"1",0,0,0,"0",0,0,0,0,"0",0,0,0,0,0,0,0,0,0,0,0,0,0,0,0,"0","0","1","0","0","0","0","0","0","0","0","0","0","0","0","0","0","0","0","0","0","0","0","0","1","0","0","0","1","1","0","0","0","0","0","0","0","0","0","0","0","0","0","0","0","0","0","0","0","0","0","1","0","0","0","1","0","0","0","0","0","0","0","0","0","0","0","0","0","0","0","0","0","0","0","0","0","0","0","0","0","0","0","0","0","0","0","0","0","0","0","0","1","202202","202204","2062"
"3252434","530010","70310500","00706146000157","3","1","00000000000000","","","","","","0","E","","","04","","03","22","03","","99","","","","","","","","ODO-815","20190730","1","","","","","","0","0","1","0","0","0","1","0","0","0","0","0","0","0",0,0,0,"0",0,0,0,0,0,0,0,0,0,0,0,0,0,0,"0",0,0,0,0,0,0,0,0,1,0,0,0,0,0,0,0,"1",0,0,0,"0",0,0,0,0,"0",0,0,0,0,0,0,0,0,0,0,0,0,0,0,0,"0","0","1","0","0","0","0","0","0","0","0","0","0","0","0","0","0","0","0","0","0","0","0","0","1","1","0","0","0","1","0","0","0","0","0","0","0","0","0","0","0","0","0","0","0","0","0","0","0","0","0","1","0","0","0","1","0","0","0","0","0","0","0","0","0","0","0","0","0","0","0","0","0","0","0","0","0","0","0","0","0","0","0","0","0","0","0","0","0","0","0","0","1","201910","202204","2240"
"3252477","530010","70770560","00835548000151","3","1","00000000000000","","","","0005","","0","E","","","04","","03","04","03","","99","","","","","","","","EAS.00552-02","20201001","1","","","","","","0","0","1","0","0","0","1","0","0","0","0","0","0","0",0,0,0,"0",0,0,0,0,0,0,0,0,0,0,0,0,0,0,"0",0,13,0,0,0,0,0,0,0,0,0,0,0,0,0,0,"1",0,0,0,"0",0,0,0,0,"0",0,0,0,0,0,0,0,0,0,0,0,0,0,0,0,"0","0","1","0","0","0","0","0","0","1","0","0","0","0","0","0","0","0","0","0","0","0","0","0","1","1","0","1","1","1","0","0","0","0","0","0","0","0","0","0","0","0","0","0","0","0","0","0","0","0","0","1","0","0","0","1","0","0","0","0","0","0","0","0","0","0","0","0","0","0","0","0","0","0","0","0","0","0","0","0","0","0","0","0","0","0","0","0","0","0","0","0","1","202109","202204","2062"
"3252485","530010","70770560","00835548000232","3","1","00000000000000","","","","","","0","E","","","04","","03","36","06","","99","","","","","","","","LICENCIAMENTO SANITARIO","20210118","1","","","","","","0","0","1","0","0","0","1","0","0","0","0","0","0","0",0,0,0,"0",0,0,0,0,0,0,0,0,0,0,0,0,0,0,"0",0,13,0,0,0,0,0,0,0,0,0,0,0,0,0,0,"1",0,0,0,"0",0,0,0,0,"0",0,0,0,0,0,0,0,0,0,0,0,0,0,0,0,"0","0","1","0","0","0","0","0","0","1","0","0","0","0","0","0","0","0","0","0","0","0","0","0","1","1","0","1","1","1","0","0","0","0","0","0","0","0","0","0","0","0","0","0","0","0","0","0","0","0","0","1","0","0","0","1","0","0","0","0","0","0","0","0","0","0","0","0","0","0","0","0","0","0","0","0","0","0","0","0","0","0","0","0","0","0","0","0","0","0","0","0","1","202203","202204","2062"
"3252531","530010","70710100","01756396000164","3","1","00000000000000","","","","0005","","0","E","","","04","","01","36","03","","99","","","","","","","","EAS 0095-02","20211221","1","","","","","","0","0","1","0","0","0","1","0","0","0","0","0","0","0",0,0,0,"0",0,0,0,0,0,0,0,0,0,0,0,0,0,0,"0",0,2,0,0,0,0,0,0,0,0,0,0,0,0,0,0,"1",0,0,0,"0",0,0,0,0,"0",0,0,0,0,0,0,0,0,0,0,0,0,0,0,0,"0","0","1","0","0","0","0","0","1","0","0","0","0","0","0","0","0","0","0","0","0","0","0","0","1","1","0","0","1","1","0","0","0","0","0","0","0","0","0","0","0","0","0","0","0","0","0","0","0","0","0","1","0","0","0","1","0","0","0","0","0","0","0","0","0","0","0","0","0","0","0","0","0","0","0","0","0","0","0","0","0","0","0","0","0","0","0","0","0","0","0","0","1","202202","202204","2240"
"3252620","530010","70712903","00937470000186","3","1","00000000000000","","","","","","0","E","","","04","","03","36","03","","99","","","","","","","","ODO-0546","20190605","1","","","","","","0","0","1","0","0","0","1","0","0","0","0","0","0","0",0,0,0,"0",0,0,0,0,0,0,0,0,0,0,0,0,0,0,"0",0,0,0,0,0,0,0,0,2,0,0,0,0,0,0,0,"1",0,0,0,"0",0,0,0,0,"0",0,0,0,0,0,0,0,0,0,0,0,0,0,0,0,"0","0","1","0","0","0","0","0","0","0","0","0","0","0","0","0","0","0","0","0","0","0","0","0","1","1","0","0","1","1","0","0","0","0","0","0","0","0","0","0","0","0","0","0","0","0","0","0","0","0","0","1","0","0","0","1","0","0","0","0","0","0","0","0","0","0","0","0","0","0","0","0","0","0","0","0","0","0","0","0","0","0","0","0","0","0","0","0","0","0","0","0","1","201910","202204","2240"
"3253171","530010","71635600","05502741000194","3","1","00000000000000","","","","","","0","E","","","04","","03","36","03","","99","","","","","","","","53202228006","20210519","1","","","","","","0","0","1","0","0","0","1","0","0","0","0","0","0","0",0,0,0,"0",0,0,0,0,0,0,0,0,0,0,0,0,0,0,"0",0,7,0,0,0,0,0,0,0,0,0,0,0,0,0,0,"1",0,0,0,"0",0,0,0,0,"0",0,0,0,0,0,0,0,0,0,0,0,0,0,0,0,"0","0","1","0","0","0","0","0","1","0","0","0","0","0","0","0","0","0","0","0","0","0","0","0","1","1","0","0","1","1","0","0","0","0","0","0","0","0","0","0","0","0","0","0","0","0","0","0","0","0","0","1","0","0","0","0","0","0","0","0","0","0","0","0","0","0","0","0","0","0","0","0","0","0","0","0","0","0","0","0","0","0","0","0","0","0","0","0","0","0","0","0","1","202111","202204","2062"
"3253201","530010","71926000","06163033000139","3","1","00000000000000","","","","","","0","E","","","04","","03","22","04","","99","","","","","","","","00060-22","20200406","2","","","","","","0","0","1","0","0","0","1","0","0","0","0","0","0","0",0,0,0,"0",0,0,0,0,0,0,0,0,0,0,0,0,0,0,"0",9,0,0,0,0,0,0,0,0,0,0,0,0,0,0,0,"1",0,0,0,"0",0,0,0,0,"0",0,0,0,0,0,0,0,0,0,0,0,0,0,0,0,"0","0","0","0","0","0","0","0","0","0","0","0","0","0","0","0","0","0","0","0","0","0","0","0","0","1","0","0","1","1","0","0","0","0","0","0","0","0","0","0","0","0","0","0","0","0","0","0","0","0","0","1","0","0","1","1","0","0","0","0","0","0","0","0","0","0","0","0","0","0","0","0","0","0","0","0","0","0","0","0","0","0","0","0","0","0","0","0","0","0","0","0","1","202010","202204","2062"
"3253473","530010","70390100","03326114000114","3","1","00000000000000","","","","","","0","E","","","04","","01","22","04","","99","","","","","","","","5465564564","20220101","1","","","","","","0","0","1","0","0","0","1","0","0","0","0","0","0","0",0,0,0,"0",0,0,0,0,0,0,0,0,0,0,0,0,0,0,"0",1,0,0,0,0,0,0,0,0,0,0,0,0,0,0,0,"1",0,0,0,"0",0,0,0,0,"0",0,0,0,0,0,0,0,0,0,0,0,0,0,0,0,"0","0","1","0","0","0","0","0","0","0","0","0","0","0","0","0","0","0","0","0","0","0","0","0","1","0","0","0","1","1","0","0","0","0","0","0","0","0","0","0","0","0","0","0","0","0","0","0","0","0","0","1","0","0","0","0","0","0","0","0","0","0","0","0","0","0","0","0","0","0","0","0","0","0","0","0","0","0","0","0","0","0","0","0","0","0","0","0","0","0","0","0","1","202203","202204","2062"
"3253481","530010","70300970","02802059000129","3","1","00000000000000","","","","0015","","0","E","","","04","","01","22","03","","99","","","","","","","","EAS.0215301","20180809","1","","","","","","0","0","1","0","0","0","1","0","0","0","0","0","0","0",0,0,0,"0",0,0,0,0,0,0,0,0,0,0,0,0,0,0,"0",0,1,0,0,0,0,0,0,0,0,0,0,0,0,0,0,"1",0,0,0,"0",0,0,0,0,"0",0,0,0,0,0,0,0,0,0,0,0,0,0,0,0,"0","0","1","0","0","0","0","0","0","0","0","0","0","0","0","0","0","0","0","0","0","0","0","0","1","0","0","0","1","1","0","0","0","0","0","0","0","0","0","0","0","0","0","0","0","0","0","0","0","0","0","1","0","0","0","1","0","0","0","0","0","0","0","0","0","0","0","0","0","0","0","0","0","0","0","0","0","0","0","0","0","0","0","0","0","0","0","0","0","0","0","0","1","202005","202204","2240"
"3253511","530010","70340000","00233776000151","3","1","00000000000000","","","","","","0","E","","","04","","01","36","03","","99","","","","","","","","ODO.01073-01","20210622","1","","","","","","0","0","1","0","0","0","1","0","0","0","0","0","0","0",0,0,0,"0",0,0,0,0,0,0,0,0,0,0,0,0,0,0,"0",0,1,0,0,0,0,0,0,0,0,0,0,0,0,0,0,"1",0,0,0,"0",0,0,0,0,"0",0,0,0,0,0,0,0,0,0,0,0,0,0,0,0,"0","0","1","0","0","0","0","0","0","0","0","0","0","0","0","0","0","0","0","0","0","0","0","0","1","1","0","0","1","1","0","0","0","0","0","0","0","0","0","0","0","0","0","0","0","0","0","0","0","0","0","1","0","0","0","1","0","0","0","0","0","0","0","0","0","0","0","0","0","0","0","0","0","0","0","0","0","0","0","0","0","0","0","0","0","0","0","0","0","0","0","0","1","202107","202204","2240"
"3253554","530010","70307000","00922423000169","3","1","00000000000000","","","","","","0","E","","","04","","03","36","04","","99","","","","","","","","EAS.05057-01","20190729","1","","","","","","0","0","1","0","0","0","1","0","0","0","0","0","0","0",0,0,0,"0",0,0,0,0,0,0,0,0,0,0,0,0,0,0,"0",0,1,0,0,0,0,0,0,0,0,0,0,0,0,0,1,"1",0,0,0,"0",0,0,0,0,"0",0,0,0,0,0,0,0,0,0,0,0,0,0,0,0,"0","0","0","0","0","0","0","0","0","0","0","0","0","0","0","0","0","1","0","0","0","1","0","0","1","0","0","0","1","1","0","0","0","0","0","0","0","0","0","0","0","0","0","0","0","0","0","0","0","0","0","1","0","0","0","1","0","0","0","0","0","0","0","0","0","0","0","0","0","0","0","0","0","0","0","0","0","0","0","0","0","0","0","0","0","0","0","0","0","0","0","0","1","202001","202204","2062"
"3253635","530010","70200760","73405557000186","3","1","00000000000000","","","","0015","","0","E","","","04","","01","04","04","","99","","","","","","","","LICENCIMANETO SANITARIO","20210628","1","","","","","","0","0","1","0","0","0","1","0","0","0","0","0","0","0",0,0,0,"0",0,0,0,0,0,0,0,0,0,0,0,0,0,0,"0",0,2,0,0,0,0,0,0,0,0,0,0,0,0,0,0,"1",0,0,0,"0",0,0,0,0,"0",0,0,0,0,0,0,0,0,0,0,0,0,0,0,0,"0","0","1","0","0","0","0","0","0","0","0","0","0","0","0","0","0","0","0","0","0","0","0","0","1","0","0","0","1","1","0","0","0","0","0","0","0","0","0","0","0","0","0","0","0","0","0","0","0","0","0","1","0","0","1","1","0","0","0","0","0","0","0","0","0","0","0","0","0","0","0","0","0","0","0","0","0","0","0","0","0","0","0","0","0","0","0","0","0","0","0","0","1","202202","202204","2062"
"3254062","530010","72115700","01241695000166","3","1","00000000000000","","","","0180","","0","E","","","04","","03","04","04","","99","001","12351","4525310","","","","","ALVARA","20080808","1","","","","","","0","0","1","0","0","0","1","0","0","0","0","0","0","0",0,0,0,"0",0,0,0,0,0,0,0,0,0,0,0,0,0,0,"0",1,2,0,0,0,0,0,0,0,0,0,0,0,0,0,0,"1",0,0,0,"0",0,0,0,0,"0",0,0,0,0,0,0,0,0,0,0,0,0,0,0,0,"0","0","1","0","0","0","0","0","0","0","0","0","0","0","0","0","0","1","0","0","0","0","0","0","1","1","0","0","1","1","0","0","0","0","0","0","0","0","0","0","0","0","0","0","0","0","0","0","0","0","0","1","0","0","0","1","0","0","1","0","0","0","1","0","0","0","0","0","0","0","0","0","0","0","0","0","0","0","0","0","0","0","0","0","0","0","0","0","0","0","0","0","1","202010","202204","2240"
"3254151","530010","72125070","03688583000183","3","1","00000000000000","","","","0180","","0","E","","","04","","03","36","03","","99","","","","","","","","EAS.00167-15","20210730","1","","","","","","0","0","1","0","0","0","1","0","0","0","0","0","0","0",0,0,0,"0",0,0,0,0,0,0,0,0,0,0,0,0,0,0,"0",1,3,0,0,0,0,0,0,0,0,0,0,0,0,0,0,"1",0,0,0,"0",0,0,0,0,"0",0,0,0,0,0,0,0,0,0,0,0,0,0,0,0,"0","0","1","0","0","0","0","0","0","0","0","0","0","0","0","0","0","0","0","0","0","0","0","0","1","0","0","0","1","1","0","0","0","0","0","0","0","0","0","0","0","0","0","0","0","0","0","0","0","0","0","1","0","0","1","1","0","0","0","0","0","0","0","0","0","0","0","0","0","0","0","0","0","0","0","0","0","0","0","0","0","0","0","0","0","0","0","0","0","0","0","0","1","202203","202204","2062"
"3254305","530010","72010010","04427564000166","3","1","00000000000000","","","","0180","","0","E","","","04","","03","04","03","","99","","","","","","","","LICENCA SANITARIA","20210326","1","","","","","","0","0","1","0","0","0","1","0","0","0","0","0","0","0",0,0,0,"0",0,0,0,0,0,0,0,0,0,0,0,0,0,0,"0",1,0,0,0,0,0,0,0,1,1,0,0,0,0,0,0,"1",0,0,0,"0",0,0,0,0,"0",0,0,0,0,0,0,0,0,0,0,0,0,0,0,0,"0","0","1","0","0","0","0","0","1","0","0","0","0","0","0","0","0","0","1","0","0","0","0","0","1","1","0","0","1","1","0","0","0","0","0","0","0","0","0","0","0","0","0","0","0","0","0","0","0","0","0","1","0","0","0","1","0","0","0","0","0","0","0","0","0","0","0","0","0","0","0","0","0","0","0","0","0","0","0","0","0","0","0","0","0","0","0","0","0","0","0","0","1","202203","202204","2232"
"3254887","530010","71691101","00000000000000","3","3","00394700000108","","07","","0160","","1","E","","","04","","03","02","03","","99","","","","","","","","","","","","","","","","1","0","0","0","0","0","1","0","0","0","0","0","0","0",0,0,0,"0",0,0,0,0,0,0,0,0,0,0,0,0,0,0,"0",1,0,0,1,0,0,0,0,0,0,2,1,0,0,0,0,"1",0,0,0,"0",0,0,0,0,"0",0,0,0,0,0,0,0,0,0,0,0,0,0,0,0,"0","0","1","0","0","0","1","0","0","0","0","0","0","0","0","0","0","0","0","0","0","0","0","0","1","1","0","0","1","1","0","0","0","0","0","0","0","0","0","0","0","0","0","0","0","0","0","0","0","0","1","0","0","0","0","0","0","0","0","0","0","0","0","0","0","0","0","0","0","0","0","0","0","0","0","0","0","0","0","0","0","0","0","0","0","0","0","0","0","0","0","0","1","202203","202204","1023"
"3254909","530010","71691047","00000000000000","3","3","00394700000108","","07","","0160","","1","E","","","04","","03","02","03","","99","","","","","","","","","","","","","","","","1","0","0","0","0","0","1","0","0","0","0","0","0","0",0,0,0,"0",0,0,0,0,0,0,0,0,0,0,0,0,0,0,"0",2,0,0,1,0,0,0,0,0,0,1,1,0,0,1,0,"1",0,0,0,"0",0,0,0,0,"0",0,0,0,0,0,0,0,0,0,0,0,0,0,0,0,"0","0","1","0","0","0","1","0","0","0","0","0","0","0","0","0","0","0","0","0","0","0","0","0","1","1","0","0","1","1","0","0","0","0","0","0","0","0","0","0","0","0","0","0","0","0","0","0","0","0","1","0","0","0","0","0","0","0","0","0","0","0","0","0","0","0","0","0","0","0","0","0","0","0","0","0","0","0","0","0","0","0","0","0","0","0","0","0","0","0","0","0","1","202203","202204","1023"
"3255530","530010","72015525","01395092000119","3","1","00000000000000","","","","","","0","E","","","04","","03","22","03","","99","","","","","","","","","","","","","","","","0","0","1","0","0","0","1","0","0","0","0","0","0","0",0,0,0,"0",0,0,0,0,0,0,0,0,0,0,0,0,0,0,"0",0,1,0,0,0,0,0,0,0,0,0,0,0,0,0,0,"1",0,0,0,"0",0,0,0,0,"0",0,0,0,0,0,0,0,0,0,0,0,0,0,0,0,"0","0","1","0","0","0","0","0","0","0","0","0","0","0","0","0","0","0","0","0","0","0","0","0","1","0","0","0","1","1","0","0","0","0","0","0","0","0","0","0","0","0","0","0","0","0","0","0","0","0","0","1","0","0","1","1","0","0","0","0","0","0","0","0","0","0","0","0","0","0","0","0","0","0","0","0","0","0","0","0","0","0","0","0","0","0","0","0","0","0","0","0","1","202107","202204","2062"
"3262480","530010","70310500","37174430000130","3","1","00000000000000","","","","0010","","0","E","","","04","","03","22","03","","99","","","","","","","","ODO.0099-02","20210723","1","","","","","","0","0","1","0","0","0","1","0","0","0","0","0","0","0",0,0,0,"0",0,0,0,0,0,0,0,0,0,0,0,0,0,0,"0",0,0,0,0,0,0,0,0,1,0,0,0,0,0,0,0,"1",0,0,0,"0",0,0,0,0,"0",0,0,0,0,0,0,0,0,0,0,0,0,0,0,0,"0","0","1","0","0","0","0","0","1","0","0","0","0","0","0","0","0","0","0","0","0","0","0","0","1","1","0","0","1","1","0","0","0","0","0","0","0","0","0","0","0","0","0","0","0","0","0","0","0","0","0","1","0","0","0","1","0","0","0","0","0","0","0","0","0","0","0","0","0","0","0","0","0","0","0","0","0","0","0","0","0","0","0","0","0","0","0","0","0","0","0","0","1","202108","202204","2062"
"3262499","530010","70077900","37983004000147","3","1","00000000000000","","","","0010","","0","E","","","04","","01","22","03","","99","","","","","","","","ODO 0237 02","20220106","1","","","","","","0","0","1","0","0","0","1","0","0","0","0","0","0","0",0,0,0,"0",0,0,0,0,0,0,0,0,0,0,0,0,0,0,"0",0,0,0,0,0,0,0,0,1,0,0,0,0,0,0,0,"1",0,0,0,"0",0,0,0,0,"0",0,0,0,0,0,0,0,0,0,0,0,0,0,0,0,"0","0","1","0","0","0","0","0","0","0","0","0","0","0","0","0","0","0","0","0","0","0","0","0","1","1","0","0","1","1","0","0","0","0","0","0","0","0","0","0","0","0","0","0","0","0","0","0","0","0","0","1","0","0","0","1","0","0","0","0","0","0","0","0","0","0","0","0","0","0","0","0","0","0","0","0","0","0","0","0","0","0","0","0","0","0","0","0","0","0","0","0","1","202202","202204","2240"
"3262510","530010","70715900","01272310000128","3","1","00000000000000","","","","0005","","0","E","","","04","","03","22","03","","99","","","","","","","","RLE@DIGITAL","20211231","1","","","","","","0","0","1","0","0","0","1","0","0","0","0","0","0","0",0,0,0,"0",0,0,0,0,0,0,0,0,0,0,0,0,0,0,"0",0,0,0,0,0,0,0,0,1,0,0,0,0,0,0,0,"1",0,0,0,"0",0,0,0,0,"0",0,0,0,0,0,0,0,0,0,0,0,0,0,0,0,"0","0","1","0","0","0","0","0","0","0","0","0","0","0","0","0","0","0","0","0","0","0","0","0","1","1","0","0","1","1","0","0","0","0","0","0","0","0","0","0","0","0","0","0","0","0","0","0","0","0","0","1","0","0","0","0","0","0","0","0","0","0","0","0","0","0","0","0","0","0","0","0","0","0","0","0","0","0","0","0","0","0","0","0","0","0","0","0","0","0","0","0","1","202202","202204","2232"
"3262545","530010","70715000","02532655000217","3","1","00000000000000","","","","0140","","0","E","","","04","","03","22","03","","99","","","","","","","","ODO 0003-18","20210214","","","","","","","0","0","1","0","0","0","1","0","0","0","0","0","0","0",0,0,0,"0",0,0,0,0,0,0,0,0,0,0,0,0,0,0,"0",0,0,0,0,0,0,0,0,1,0,0,0,0,0,0,0,"1",0,0,0,"0",0,0,0,0,"0",0,0,0,0,0,0,0,0,0,0,0,0,0,0,0,"0","0","1","0","0","0","0","0","0","0","0","0","0","0","0","0","0","0","0","0","0","0","0","0","1","1","0","0","0","1","0","0","0","0","0","0","0","0","0","0","0","0","0","0","0","0","0","0","0","0","0","0","0","0","0","1","0","0","0","0","0","0","0","0","0","0","0","0","0","0","0","0","0","0","0","0","0","0","0","0","0","0","0","0","0","0","0","0","0","0","0","0","1","202112","202204","2062"
"3262677","530010","70770560","04821148000148","3","1","00000000000000","","","","0005","","0","E","","","04","","03","36","03","","99","","","","","","","","EAS 0184 - 02","20190503","1","","","","","","0","0","1","0","0","0","1","0","0","0","0","0","0","0",0,0,0,"0",0,0,0,0,0,0,0,0,0,0,0,0,0,0,"0",0,1,0,0,0,0,0,0,0,0,0,0,0,0,0,0,"1",0,0,0,"0",0,0,0,0,"0",0,0,0,0,0,0,0,0,0,0,0,0,0,0,0,"0","0","1","0","0","0","0","0","0","0","0","0","0","0","0","0","0","0","0","0","0","0","0","0","1","0","0","0","1","1","0","0","0","0","0","0","0","0","0","0","0","0","0","0","0","0","0","0","0","0","0","1","0","0","0","1","0","0","0","0","0","0","0","0","0","0","0","0","0","0","0","0","0","0","0","0","0","0","0","0","0","0","0","0","0","0","0","0","0","0","0","0","1","201905","202204","2062"
"3263312","530010","70710100","00867494000106","3","1","00000000000000","","","","","","0","E","","","04","","01","36","03","","99","","","","","","","","EAS.00619-02","20210525","1","","","","","","0","0","1","0","0","0","1","0","0","0","0","0","0","0",0,0,0,"0",0,0,0,0,0,0,0,0,0,0,0,0,0,0,"0",0,2,0,0,0,0,0,0,0,0,0,0,0,0,0,0,"1",0,0,0,"0",0,0,0,0,"0",0,0,0,0,0,0,0,0,0,0,0,0,0,0,0,"0","0","1","0","0","0","0","0","0","0","0","0","0","0","0","0","0","0","0","0","0","0","0","0","1","0","0","0","1","1","0","0","0","0","0","0","0","0","0","0","0","0","0","0","0","0","0","0","0","0","0","1","0","0","0","1","0","0","0","0","0","0","0","0","0","0","0","0","0","0","0","0","0","0","0","0","0","0","0","0","0","0","0","0","0","0","0","0","0","0","0","0","1","202202","202204","2062"
"3263320","530010","70710143","37116225000118","3","1","00000000000000","","","","0005","","0","E","","","04","","01","04","03","","99","","","","","","","","LICENCA SANITARIA","20201007","1","","","","","","0","0","1","0","0","0","1","0","0","0","0","0","0","0",0,0,0,"0",0,0,0,0,0,0,0,0,0,0,0,0,0,0,"0",0,2,0,0,0,0,0,0,0,0,0,0,0,0,0,0,"1",0,0,0,"0",0,0,0,0,"0",0,0,0,0,0,0,0,0,0,0,0,0,0,0,0,"0","0","1","0","0","0","0","0","0","0","0","0","0","0","0","0","0","0","0","0","0","0","0","0","1","0","0","0","1","1","0","0","0","0","0","0","0","0","0","0","0","0","0","0","0","0","0","0","0","0","0","1","0","0","0","1","0","0","0","0","0","0","0","0","0","0","0","0","0","0","0","0","0","0","0","0","0","0","0","0","0","0","0","0","0","0","0","0","0","0","0","0","1","202010","202204","2062"
"3263339","530010","70390108","01867623000129","3","1","00000000000000","","","","","","0","E","","","04","","03","22","03","","99","","","","","","","","ODO-913","20190605","1","","","","","","0","0","1","0","0","0","1","0","0","0","0","0","0","0",0,0,0,"0",0,0,0,0,0,0,0,0,0,0,0,0,0,0,"0",0,0,0,0,0,0,0,0,1,0,0,0,0,0,0,0,"1",0,0,0,"0",0,0,0,0,"0",0,0,0,0,0,0,0,0,0,0,0,0,0,0,0,"0","0","0","0","0","0","0","0","0","0","0","0","0","0","0","0","0","0","0","0","1","0","0","0","1","1","0","0","0","1","0","0","0","0","0","0","0","0","0","0","0","0","0","0","0","0","0","0","0","0","0","1","0","0","0","1","0","0","0","0","0","0","0","0","0","0","0","0","0","0","0","0","0","0","0","0","0","0","0","0","0","0","0","0","0","0","0","0","0","0","0","0","1","201910","202204","2062"
"3263363","530010","70077900","73375982000170","3","1","00000000000000","","","","0005","","0","E","","","04","","03","36","03","","99","","","","","","","","ODO.0030602","20180616","1","","","","","","0","0","1","0","0","0","1","0","0","0","0","0","0","0",0,0,0,"0",0,0,0,0,0,0,0,0,0,0,0,0,0,0,"0",0,0,0,0,0,0,0,0,2,0,0,0,0,0,0,0,"1",0,0,0,"0",0,0,0,0,"0",0,0,0,0,0,0,0,0,0,0,0,0,0,0,0,"0","0","1","0","0","0","0","0","1","0","0","0","0","0","0","0","0","0","0","0","0","0","0","0","1","1","0","0","1","1","0","0","0","0","0","0","0","0","0","0","0","0","0","0","0","0","0","0","0","0","0","1","0","0","1","1","0","0","0","0","0","0","0","0","0","0","0","0","0","0","0","0","0","0","0","0","0","0","0","0","0","0","0","0","0","0","0","0","0","0","0","0","1","201908","202204","2240"
"3263371","530010","70390901","03923589000198","3","1","00000000000000","","","","0010","","0","E","","","04","","03","36","04","","99","","","","","","","","3569/EAS","20210924","1","","","","","","0","0","1","0","0","0","1","0","0","0","0","0","0","0",0,0,0,"0",0,0,0,0,0,0,0,0,0,0,0,0,0,0,"0",0,4,0,0,0,0,0,0,0,0,0,0,0,0,0,0,"1",0,0,0,"0",0,0,0,0,"0",0,0,0,0,0,0,0,0,0,0,0,0,0,0,0,"0","0","1","0","0","0","0","0","0","0","0","0","0","0","0","0","0","0","0","0","0","0","0","0","1","0","0","0","1","1","0","0","0","0","0","0","0","0","0","0","0","0","0","0","0","0","0","0","0","0","0","1","0","0","0","1","0","0","0","0","0","0","0","0","0","0","0","0","0","0","0","0","0","0","0","0","0","0","0","0","0","0","0","0","0","0","0","0","0","0","0","0","1","202112","202204","2240"
"3264076","530010","72115115","03276801000172","3","1","00000000000000","","","","0180","","0","E","","","04","","03","04","03","","99","","","","","","","","EAS 2019855","20191001","1","","","","","","0","0","1","0","0","0","1","0","0","0","0","0","0","0",0,0,0,"0",0,0,0,0,0,0,0,0,0,0,0,0,0,0,"0",0,0,0,1,0,0,0,0,0,0,0,0,0,0,0,0,"1",0,0,0,"0",0,0,0,0,"0",0,0,0,0,0,0,0,0,0,0,0,0,0,0,0,"0","0","1","0","0","0","0","0","0","0","0","0","0","0","0","0","0","0","0","0","0","0","0","0","1","0","0","0","1","1","0","0","0","0","0","0","0","0","0","0","0","0","0","0","0","0","0","0","0","0","0","1","0","0","0","0","0","0","0","0","0","0","0","0","0","0","0","0","0","0","0","0","0","0","0","0","0","0","0","0","0","0","0","0","0","0","0","0","0","0","0","0","1","202001","202204","2062"
"3266095","530010","70390078","06069081000162","3","1","00000000000000","","","","0015","","0","E","","","04","","01","36","03","","99","","","","","","","","EAS 03226-01","20180828","1","","","","","","0","0","1","0","0","0","1","0","0","0","0","0","0","0",0,0,0,"0",0,0,0,0,0,0,0,0,0,0,0,0,0,0,"0",1,0,0,0,0,0,0,0,0,0,0,0,0,0,0,0,"1",0,0,0,"0",0,0,0,0,"0",0,0,0,0,0,0,0,0,0,0,0,0,0,0,0,"0","0","1","0","0","0","0","0","0","0","0","0","0","0","0","0","0","0","0","0","0","0","0","0","1","0","0","0","1","1","0","0","0","0","0","0","0","0","0","0","0","0","0","0","0","0","0","0","0","0","0","1","0","0","0","0","0","0","0","0","0","0","0","0","0","0","0","0","0","0","0","0","0","0","0","0","0","0","0","0","0","0","0","0","0","0","0","0","0","0","0","0","1","202007","202204","2062"
"3273652","530010","70310500","03616843000105","3","1","00000000000000","","","","0015","","0","E","","","04","","03","36","03","","99","","","","","","","","EAS.02645-01","20180314","1","","","","","","0","0","1","0","0","0","1","0","0","0","0","0","0","0",0,0,0,"0",0,0,0,0,0,0,0,0,0,0,0,0,0,3,"1",3,3,0,0,0,0,0,0,0,0,0,0,0,0,0,1,"1",0,0,0,"0",0,0,0,0,"0",0,0,0,0,0,0,0,0,0,0,0,0,0,0,0,"0","0","1","0","0","0","1","0","0","1","0","0","0","0","0","0","0","1","0","1","0","0","0","0","1","1","0","0","1","1","0","0","0","0","0","0","1","0","0","0","0","0","1","0","0","0","0","0","0","0","0","1","0","0","1","1","0","0","1","0","0","1","1","0","0","1","0","0","1","1","0","0","0","0","0","0","0","0","0","0","0","0","0","0","0","0","0","0","0","0","0","0","1","202011","202204","2062"
"3273695","530010","70770100","06245071000130","3","1","00000000000000","","","","","","0","E","","","04","","01","04","03","","99","","","","","","","","EAS 00195-02","20190612","1","","","","","","0","0","1","0","0","0","1","0","0","0","0","0","0","0",0,0,0,"0",0,0,0,0,0,0,0,0,0,0,0,0,0,0,"0",0,0,0,3,0,0,0,0,0,0,0,0,0,0,0,0,"1",0,0,0,"0",0,0,0,0,"0",0,0,0,0,0,0,0,0,0,0,0,0,0,0,0,"0","0","1","0","0","0","0","0","0","0","0","0","0","0","0","0","0","0","0","0","0","0","0","0","1","0","0","0","1","1","0","0","0","0","0","0","0","0","0","0","0","0","0","0","0","0","0","0","0","0","0","1","0","0","0","0","0","0","0","0","0","0","0","0","0","0","0","0","0","0","0","0","0","0","0","0","0","0","0","0","0","0","0","0","0","0","0","0","0","0","0","0","1","201907","202204","2062"
"3273717","530010","70390095","04258512000103","3","1","00000000000000","","","","0015","","0","E","","","04","","03","36","03","","99","","","","","","","","EAS 02329-01","20210208","1","","","","","","0","0","1","0","0","0","1","0","0","0","0","0","0","0",0,0,0,"0",0,0,0,0,0,0,0,0,0,0,0,0,0,0,"0",1,0,0,0,0,0,0,0,0,0,0,0,0,0,0,0,"1",0,0,0,"0",0,0,0,0,"0",0,0,0,0,0,0,0,0,0,0,0,0,0,0,0,"0","0","1","0","0","0","0","0","0","0","0","0","0","0","0","0","0","0","0","0","0","0","0","0","1","1","0","0","1","1","0","0","0","0","0","0","0","0","0","0","0","0","0","0","0","0","0","0","0","0","0","1","0","0","0","1","0","0","0","0","0","0","0","0","0","0","0","0","0","0","0","0","0","0","0","0","0","0","0","0","0","0","0","0","0","0","0","0","0","0","0","0","1","202102","202204","2062"
"3273776","530010","70390100","02933942000158","3","1","00000000000000","","","","0010","","0","E","","","04","","03","04","03","","99","","","","","","","","EAS 02343-01","20201220","1","","","","","","0","0","1","0","0","0","1","0","0","0","0","0","0","0",0,0,0,"0",0,0,0,0,0,0,0,0,0,0,0,0,0,0,"0",0,2,0,0,0,0,0,0,0,0,0,0,0,0,0,0,"1",0,0,0,"0",0,0,0,0,"0",0,0,0,0,0,0,0,0,0,0,0,0,0,0,0,"0","0","1","0","0","0","0","0","0","0","0","0","0","0","0","0","0","0","0","0","0","0","0","0","1","0","0","0","1","1","0","0","0","0","0","0","0","0","0","0","0","0","0","0","0","0","0","0","0","0","0","1","0","0","0","0","0","0","0","0","0","0","0","0","0","0","0","0","0","0","0","0","0","0","0","0","0","0","0","0","0","0","0","0","0","0","0","0","0","0","0","0","1","202107","202204","2062"
"3273881","530010","70390108","03110177000139","3","1","00000000000000","","","","0015","","0","E","","","04","","03","22","03","","99","","","","","","","","EAS 02365-01","20180320","1","","","","","","0","0","1","0","0","0","1","0","0","0","0","0","0","0",0,0,0,"0",0,0,0,0,0,0,0,0,0,0,0,0,0,0,"0",1,0,0,0,0,0,0,0,0,0,0,0,0,0,0,0,"1",0,0,0,"0",0,0,0,0,"0",0,0,0,0,0,0,0,0,0,0,0,0,0,0,0,"0","0","1","0","0","0","0","0","0","0","0","0","0","0","0","0","0","0","0","0","0","0","0","0","1","0","0","0","1","1","0","0","0","0","0","0","0","0","0","0","0","0","0","0","0","0","0","0","0","0","0","1","0","0","0","0","0","0","0","0","0","0","0","0","0","0","0","0","0","0","0","0","0","0","0","0","0","0","0","0","0","0","0","0","0","0","0","0","0","0","0","0","1","201907","202204","2062"
"3273938","530010","70390108","02629291000107","3","1","00000000000000","","","","0010","","0","E","","","04","","03","36","03","","99","","","","","","","","EAS.02479-01","20180319","1","","","","","","0","0","1","0","0","0","1","0","0","0","0","0","0","0",0,0,0,"0",0,0,0,0,0,0,0,0,0,0,0,0,0,0,"0",0,1,0,0,0,0,0,0,0,0,0,0,0,0,0,0,"1",0,0,0,"0",0,0,0,0,"0",0,0,0,0,0,0,0,0,0,0,0,0,0,0,0,"0","0","1","0","0","0","0","0","0","0","0","0","0","0","0","0","0","0","0","0","0","0","0","0","1","1","0","0","1","1","0","0","0","0","0","0","0","0","0","0","0","0","0","0","0","0","0","0","0","0","0","1","0","0","0","1","0","0","0","0","0","0","0","0","0","0","0","0","0","0","0","0","0","0","0","0","0","0","0","0","0","0","0","0","0","0","0","0","0","0","0","0","1","202102","202204","2062"
"3273989","530010","70390150","02642488000186","3","1","00000000000000","","","","0015","","0","E","","","04","","01","36","03","","99","","","","","","","","EAS 03005-01","20180924","1","","","","","","0","0","1","0","0","0","1","0","0","0","0","0","0","0",0,0,0,"0",0,0,0,0,0,0,0,0,0,0,0,0,0,0,"0",0,0,0,6,0,0,0,0,0,0,0,0,0,0,0,0,"1",0,0,0,"0",0,0,0,0,"0",0,0,0,0,0,0,0,0,0,0,0,0,0,0,0,"0","0","1","0","0","0","0","0","0","0","0","0","0","0","0","0","0","0","0","0","0","0","0","0","1","0","0","0","1","1","0","0","0","0","0","0","0","0","0","0","0","0","0","0","0","0","0","0","0","0","0","1","0","0","0","0","0","0","0","0","0","0","0","0","0","0","0","0","0","0","0","0","0","0","0","0","0","0","0","0","0","0","0","0","0","0","0","0","0","0","0","0","1","202104","202204","2062"
"3274039","530010","70314900","00051638657149","1","1","00000000000000","","","","","","0","E","","","04","","03","22","03","","99","","","","","","","","EAS026/2020","20200106","1","","","","","","0","0","1","0","0","0","1","0","0","0","0","0","0","0",0,0,0,"0",0,0,0,0,0,0,0,0,0,0,0,0,0,0,"0",0,0,0,1,0,0,0,0,0,0,0,0,0,0,0,0,"1",0,0,0,"0",0,0,0,0,"0",0,0,0,0,0,0,0,0,0,0,0,0,0,0,0,"0","0","1","0","0","0","0","0","0","0","0","0","0","0","0","0","0","0","0","0","0","0","0","0","1","0","0","0","1","1","0","0","0","0","0","0","0","0","0","0","0","0","0","0","0","0","0","0","0","0","0","1","0","0","0","1","0","0","0","0","0","0","0","0","0","0","0","0","0","0","0","0","0","0","0","0","0","0","0","0","0","0","0","0","0","0","0","0","0","0","0","0","1","202006","202204","4000"
"3274136","530010","72010010","02542310000163","3","1","00000000000000","","","","0180","","0","E","","","04","","02","36","04","","99","","","","","","","","EAS.00084-15/2020","20200618","1","","","","","","0","0","1","0","0","0","1","0","0","0","0","0","0","0",0,0,0,"0",0,0,0,0,0,0,0,0,0,0,0,0,0,0,"0",0,0,0,0,0,0,0,0,0,2,0,0,0,0,0,0,"1",0,0,0,"0",0,0,0,0,"0",0,0,0,0,0,0,0,0,0,0,0,0,0,0,0,"0","0","1","0","0","0","0","0","0","0","0","0","0","0","0","0","0","0","0","0","0","0","0","0","1","0","0","0","1","1","0","0","0","0","0","0","0","0","0","0","0","0","0","0","0","0","0","0","0","0","0","1","0","0","0","1","0","0","0","0","0","0","0","0","0","0","0","0","0","0","0","0","0","0","0","0","0","0","0","0","0","0","0","0","0","0","0","0","0","0","0","0","1","202008","202204","2062"
"3276678","530010","70673623","92898550000600","3","1","00000000000000","","53","","0050","","1","E","","","03","","03","07","06","","99","283","3418","54178","","","","","00046/07","20210427","1","","","","","","0","0","1","0","1","0","1","0","0","1","0","1","0","1",54,15,55,"1",0,0,0,4,1,0,0,2,0,1,0,0,0,3,"1",0,6,0,0,0,0,0,0,1,0,2,0,0,0,1,0,"1",4,1,0,"1",0,0,0,0,"0",2,0,0,22,0,0,0,0,0,0,8,0,0,0,0,"0","1","1","0","1","0","1","0","1","0","1","0","0","0","0","0","0","1","1","0","1","0","1","0","1","1","1","1","1","1","1","1","1","1","1","1","1","1","1","0","0","0","1","1","1","0","0","0","1","0","1","1","0","0","0","1","0","1","1","0","0","0","1","0","1","1","0","0","0","1","0","0","0","0","0","0","0","0","0","0","0","0","0","0","0","0","0","0","0","0","0","0","1","202204","202204","3069"
"3281108","530010","71936250","04862313000100","3","1","00000000000000","","","","9901","","0","E","","","04","","03","62","03","","99","","","","","","","","73997285","20211202","1","","","","","","0","0","1","0","0","0","1","0","0","0","0","0","0","0",0,0,0,"0",0,0,0,0,0,0,0,30,0,0,0,0,0,8,"1",0,0,0,0,0,0,0,0,0,0,3,0,0,0,0,0,"1",4,0,0,"1",0,0,0,0,"0",3,0,0,30,0,0,0,0,0,0,0,0,0,0,0,"0","1","0","0","0","0","1","0","1","0","1","0","0","0","0","0","0","0","1","0","1","0","1","0","1","1","0","1","1","1","0","0","0","0","0","0","0","0","0","0","0","0","0","0","0","0","0","0","0","0","0","1","0","0","0","0","0","0","0","0","0","0","0","0","0","0","0","0","0","0","0","0","0","0","0","0","0","0","0","0","0","0","0","0","0","0","0","0","0","0","0","0","1","202201","202204","2062"
"3281124","530010","70390145","02027194000144","3","1","00000000000000","","","","0015","","0","E","","","04","","03","36","03","","99","","","","","","","","EAS 02028-01","20201103","1","","","","","","0","0","1","0","0","0","1","0","0","0","0","0","0","0",0,0,0,"0",0,0,0,0,0,0,0,0,0,0,0,0,0,0,"0",0,3,0,0,0,0,0,0,0,0,0,0,0,0,0,0,"1",0,0,0,"0",0,0,0,0,"0",0,0,0,0,0,0,0,0,0,0,0,0,0,0,0,"0","0","1","0","0","0","0","0","0","0","0","0","0","0","0","0","0","0","0","0","0","0","0","0","1","0","0","0","1","1","0","0","0","0","0","0","0","0","0","0","0","0","0","0","0","0","0","0","0","0","0","1","0","0","0","1","0","0","0","0","0","0","0","0","0","0","0","0","0","0","0","0","0","0","0","0","0","0","0","0","0","0","0","0","0","0","0","0","0","0","0","0","1","202011","202204","2062"
"3281140","530010","71920540","00491407000169","3","1","00000000000000","","","","0180","","0","E","","","04","","01","22","07","","99","","","","","","","","LICENCIAMENTO","20200622","1","","","","","","0","0","1","0","0","0","1","0","0","0","0","0","0","0",0,0,0,"0",0,0,0,0,0,0,0,0,0,0,0,0,0,0,"0",0,1,0,0,0,0,0,0,0,0,0,0,0,0,0,0,"1",0,0,0,"0",0,0,0,0,"0",0,0,0,0,0,0,0,0,0,0,0,0,0,0,0,"0","0","1","0","0","0","0","0","0","0","0","0","0","0","0","0","0","0","0","0","0","0","0","0","1","0","0","0","1","1","0","0","0","0","0","0","0","0","0","0","0","0","0","0","0","0","0","0","0","0","0","1","0","0","0","0","0","0","0","0","0","0","0","0","0","0","0","0","0","0","0","0","0","0","0","0","0","0","0","0","0","0","0","0","0","0","0","0","0","0","0","0","1","202106","202204","2062"
"3281302","530010","72015565","00404947000168","3","1","00000000000000","","","","0180","","0","E","","","04","","03","39","03","","99","","","","","","","","EAS 0002185","20200101","1","","","","","","0","0","1","0","0","0","1","0","0","0","0","0","0","0",0,0,0,"0",0,0,0,0,0,0,0,0,0,0,0,0,0,0,"0",0,0,0,0,0,0,0,0,0,0,0,0,0,0,0,0,"0",0,0,0,"0",0,0,0,0,"0",0,0,0,0,0,0,0,0,0,0,0,0,0,0,0,"0","0","0","0","0","0","0","0","0","0","0","0","0","0","0","0","0","0","0","0","0","0","0","0","0","1","1","0","1","1","0","0","0","0","0","0","0","0","0","0","0","0","0","0","0","0","0","0","0","0","0","1","0","0","0","0","0","0","1","0","0","0","0","0","0","0","0","0","0","0","0","0","0","0","0","0","0","0","0","0","0","0","0","0","0","0","0","0","0","0","0","0","1","202010","202204","2062"
"3282007","530010","72115700","05280077000186","3","1","00000000000000","","","","0180","","0","E","","","04","","03","36","03","","99","","","","","","","","EAS.00095-15","20211128","1","","","","","","0","0","1","0","0","0","1","0","0","0","0","0","0","0",0,0,0,"0",0,0,0,0,0,0,0,0,0,0,0,0,0,0,"0",2,0,0,0,0,0,0,0,0,0,0,0,0,0,0,0,"1",0,0,0,"0",0,0,0,0,"0",0,0,0,0,0,0,0,0,0,0,0,0,0,0,0,"0","0","1","0","0","0","0","0","1","0","0","0","0","0","0","0","0","0","0","0","0","0","0","0","1","1","0","0","1","1","0","0","0","0","0","0","0","0","0","0","0","0","0","0","0","0","0","0","0","0","0","1","0","0","0","1","0","0","0","0","0","0","0","0","0","0","0","0","0","0","0","0","0","0","0","0","0","0","0","0","0","0","0","0","0","0","0","0","0","0","0","0","1","202201","202204","2240"
"3282090","530010","70670521","04924249000144","3","1","00000000000000","","","","","","0","E","","","04","","01","36","03","","99","","","","","","","","ODO.00026-07","20200505","1","","","","","","0","0","1","0","0","0","1","0","0","0","0","0","0","0",0,0,0,"0",0,0,0,0,0,0,0,0,0,0,0,0,0,0,"0",0,0,0,0,0,0,0,0,2,0,0,0,0,0,0,0,"1",0,0,0,"0",0,0,0,0,"0",0,0,0,0,0,0,0,0,0,0,0,0,0,0,0,"0","0","1","0","0","0","0","0","1","0","0","0","0","0","0","0","0","0","0","1","0","0","0","0","1","1","0","0","1","1","0","0","0","0","0","0","0","0","0","0","0","0","0","0","0","0","0","0","0","0","0","1","0","0","0","0","0","0","0","0","0","0","0","0","0","0","0","0","0","0","0","0","0","0","0","0","0","0","0","0","0","0","0","0","0","0","0","0","0","0","0","0","1","202106","202204","2062"
"3282120","530010","72115115","01336810000186","3","1","00000000000000","","","","0180","","0","E","","","04","","03","22","03","","99","","","","","","","","ODO.00058-15","20210601","1","","","","","","0","0","1","0","0","0","1","0","0","0","0","0","0","0",0,0,0,"0",0,0,0,0,0,0,0,0,0,0,0,0,0,0,"0",0,0,0,0,0,0,0,0,1,0,0,0,0,0,0,0,"1",0,0,0,"0",0,0,0,0,"0",0,0,0,0,0,0,0,0,0,0,0,0,0,0,0,"0","0","1","0","0","0","0","0","1","0","0","0","0","0","0","0","0","0","0","0","0","0","0","0","1","1","0","0","1","1","0","0","0","0","0","0","0","0","0","0","0","0","0","0","0","0","0","0","0","0","0","1","0","0","0","1","0","0","0","0","0","0","0","0","0","0","0","0","0","0","0","0","0","0","0","0","0","0","0","0","0","0","0","0","0","0","0","0","0","0","0","0","1","202108","202204","2062"
"3282163","530010","72115525","04224681000203","3","1","00000000000000","","","","0180","","0","E","","","04","","01","36","04","","99","","","","","","","","EAS.00075-15","20180608","1","","","","","","0","0","1","0","0","0","1","0","0","0","0","0","0","0",0,0,0,"0",0,0,0,0,0,0,0,0,0,0,0,0,0,0,"0",0,1,0,0,0,0,0,0,0,0,0,0,0,0,0,0,"1",0,0,0,"0",0,0,0,0,"0",0,0,0,0,0,0,0,0,0,0,0,0,0,0,0,"0","0","1","0","0","0","0","0","0","0","0","0","0","0","0","0","0","0","0","0","0","0","0","0","1","0","0","0","1","1","0","0","0","0","0","0","0","0","0","0","0","0","0","0","0","0","0","0","0","0","0","1","0","0","0","0","0","0","0","0","0","0","0","0","0","0","0","0","0","0","0","0","0","0","0","0","0","0","0","0","0","0","0","0","0","0","0","0","0","0","0","0","1","202002","202204","2062"
"3286932","530010","71693214","00000000000000","3","3","00394700000108","","07","","0160","","1","E","","","04","","03","02","03","","99","","","","","","","","","","","","","","","","1","0","0","0","0","0","1","0","0","0","0","0","0","0",0,0,0,"0",0,0,0,0,0,0,0,0,0,0,0,0,0,0,"0",2,0,0,0,0,0,0,0,0,0,1,1,0,0,0,0,"1",0,0,0,"0",0,0,0,0,"0",0,0,0,0,0,0,0,0,0,0,0,0,0,0,0,"0","0","1","0","0","0","1","0","0","0","0","0","0","0","0","0","0","0","0","0","0","0","0","0","1","1","0","0","1","1","0","0","0","0","0","0","0","0","0","0","0","0","0","0","0","0","0","0","0","0","1","0","0","0","0","0","0","0","0","0","0","0","0","0","0","0","0","0","0","0","0","0","0","0","0","0","0","0","0","0","0","0","0","0","0","0","0","0","0","0","0","0","1","202203","202204","1023"
"3286959","530010","71570050","00000000000000","3","3","00394700000108","","07","","0110","","1","E","","","04","","03","02","03","","99","","","","","","","","","","","","","","","","1","0","0","0","0","0","1","0","0","0","0","0","0","0",0,0,0,"0",0,0,0,0,0,0,0,0,0,0,0,0,0,0,"0",1,0,0,1,0,0,0,0,1,0,1,0,1,0,0,0,"1",0,0,0,"0",0,0,0,0,"0",0,0,0,0,0,0,0,0,0,0,0,0,0,0,0,"0","0","1","0","0","0","1","0","1","0","0","0","0","0","0","0","0","0","0","0","0","0","0","0","1","1","0","0","1","1","0","0","0","0","0","0","0","0","0","0","0","0","0","0","0","0","0","0","0","0","1","0","0","0","0","0","0","0","0","0","0","0","0","0","0","0","0","0","0","0","0","0","0","0","0","0","0","0","0","0","0","0","0","0","0","0","0","0","0","0","0","0","1","202203","202204","1023"
"3286975","530010","71571800","00000000000000","3","3","00394700000108","","07","","0110","","1","E","","","04","","03","02","03","","99","","","","","","","","","","","","","","","","1","0","0","0","0","0","1","0","0","0","0","0","0","0",0,0,0,"0",0,0,0,0,0,0,0,0,0,0,0,0,0,0,"0",2,0,0,4,0,0,0,0,1,0,1,0,0,0,0,0,"1",0,0,0,"0",0,0,0,0,"0",0,0,0,0,0,0,0,0,0,0,0,0,0,0,0,"0","0","1","0","0","0","1","0","1","0","0","0","0","0","0","0","0","0","0","0","0","0","0","0","1","1","0","0","1","1","0","0","0","0","0","0","0","0","0","1","1","0","1","0","0","0","0","0","0","0","1","0","0","0","0","0","0","0","0","0","0","0","0","0","0","0","0","0","0","0","0","0","0","0","0","0","0","0","0","0","0","0","0","0","0","0","0","0","0","0","0","0","1","202203","202204","1023"
"3288943","530010","70390100","00202198000196","3","1","00000000000000","","","","0015","","0","E","","","04","","03","36","03","","99","","","","","","","","EAS 0248801","20200813","1","","","","","","0","0","1","0","0","0","1","0","0","0","0","0","0","0",0,0,0,"0",0,0,0,0,0,0,0,0,0,0,0,0,0,0,"0",0,2,0,0,0,0,0,0,0,0,0,0,0,0,0,0,"1",0,0,0,"0",0,0,0,0,"0",0,0,0,0,0,0,0,0,0,0,0,0,0,0,0,"0","0","1","0","0","0","0","0","0","0","0","0","0","0","0","0","0","0","0","0","0","0","0","0","1","0","0","0","1","1","0","0","0","0","0","0","0","0","0","0","0","0","0","0","0","0","0","0","0","0","0","1","0","0","0","0","0","0","0","0","0","0","0","0","0","0","0","0","0","0","0","0","0","0","0","0","0","0","0","0","0","0","0","0","0","0","0","0","0","0","0","0","1","202009","202204","2313"
"3288978","530010","71953000","02588847000164","3","1","00000000000000","","","","9901","","0","E","","","04","","03","22","03","","99","","","","","","","","02511/2009","20090810","1","","","","","","0","0","1","0","0","0","1","0","0","0","0","0","0","0",0,0,0,"0",0,0,0,0,0,0,0,0,0,0,0,0,0,0,"0",0,1,0,0,0,0,0,0,0,0,0,0,0,0,0,0,"1",0,0,0,"0",0,0,0,0,"0",0,0,0,0,0,0,0,0,0,0,0,0,0,0,0,"0","0","1","0","0","0","0","0","0","0","0","0","0","0","0","0","0","0","0","0","0","0","0","0","1","0","0","0","1","1","0","0","0","0","0","0","0","0","0","0","0","0","0","0","0","0","0","0","0","0","0","1","0","0","0","0","0","0","0","0","0","0","0","0","0","0","0","0","0","0","0","0","0","0","0","0","0","0","0","0","0","0","0","0","0","0","0","0","0","0","0","0","1","202005","202204","2062"
"3288994","530010","70390095","06250832000142","3","1","00000000000000","","","","","","0","E","","","04","","03","04","03","","99","","","","","","","","LICENCA SANITARIA","20190513","1","","","","","","0","0","1","0","0","0","1","0","0","0","0","0","0","0",0,0,0,"0",0,0,0,0,0,0,0,0,0,0,0,0,0,0,"0",0,2,0,0,0,0,0,0,0,3,0,0,0,0,0,0,"1",0,0,0,"0",0,0,0,0,"0",0,0,0,0,0,0,0,0,0,0,0,0,0,0,0,"0","0","1","0","0","0","0","0","0","0","0","0","0","0","0","0","0","0","0","0","0","0","0","0","1","1","0","0","1","1","0","0","0","0","0","0","0","0","0","0","0","0","0","0","0","0","0","0","0","0","0","0","0","0","0","1","0","0","0","0","0","0","0","0","0","0","0","0","0","0","0","0","0","0","0","0","0","0","0","0","0","0","0","0","0","0","0","0","0","0","0","0","1","202003","202204","2062"
"3289028","530010","70340907","01699734000173","3","1","00000000000000","","","","0015","","0","E","","","04","","03","36","03","","99","","","","","","","","ODO.01178-01","20190503","1","","","","","","0","0","1","0","0","0","1","0","0","0","0","0","0","0",0,0,0,"0",0,0,0,0,0,0,0,0,0,0,0,0,0,0,"0",0,0,0,0,0,0,0,1,1,0,0,0,0,0,0,0,"1",0,0,0,"0",0,0,0,0,"0",0,0,0,0,0,0,0,0,1,0,0,0,0,0,0,"0","0","1","0","0","0","0","0","1","0","0","0","0","0","0","0","0","0","0","0","0","0","0","0","1","0","0","0","1","1","0","0","0","0","0","0","0","0","0","0","0","0","0","0","0","0","0","0","0","0","0","1","0","0","1","1","0","0","0","0","0","0","0","0","0","0","0","0","0","0","0","0","0","0","0","0","0","0","0","0","0","0","0","0","0","0","0","0","0","0","0","0","1","201912","202204","2062"
"3289036","530010","70390700","01494659000104","3","1","00000000000000","","","","","","0","E","","","01","","01","36","03","","99","","","","","","","","EAS.02193-01","20210416","1","","","","","","0","0","1","0","0","0","1","0","0","0","0","0","0","0",0,0,0,"0",0,0,0,0,0,0,0,0,0,0,0,0,0,0,"0",0,1,0,0,0,0,0,0,0,0,0,0,0,0,0,0,"1",0,0,0,"0",0,0,0,0,"0",0,0,0,0,0,0,0,0,0,0,0,0,0,0,0,"0","0","1","0","0","0","0","0","0","0","0","0","0","0","0","0","0","0","0","0","0","0","0","0","1","0","0","0","1","1","0","0","0","0","0","0","0","0","0","0","0","0","0","0","0","0","0","0","0","0","0","1","0","0","0","1","0","0","0","0","0","0","0","0","0","0","0","0","0","0","0","0","0","0","0","0","0","0","0","0","0","0","0","0","0","0","0","0","0","0","0","0","1","202202","202204","2062"
"3289052","530010","70710904","02855569000164","3","1","00000000000000","","","","","","0","E","","","04","","01","36","03","","99","","","","","","","","EAS-00003-02","20180321","1","","","","","","0","0","1","0","0","0","1","0","0","0","0","0","0","0",0,0,0,"0",0,0,0,0,0,0,0,0,0,0,0,0,0,0,"0",0,2,0,0,0,0,0,0,0,0,0,0,0,0,0,0,"1",0,0,0,"0",0,0,0,0,"0",0,0,0,0,0,0,0,0,0,0,0,0,0,0,0,"0","0","1","0","0","0","0","0","0","0","0","0","0","0","0","0","0","0","0","0","0","0","0","0","1","0","0","0","1","1","0","0","0","0","0","0","0","0","0","0","0","0","0","0","0","0","0","0","0","0","0","0","0","0","0","1","0","0","0","0","0","0","0","0","0","0","0","0","0","0","0","0","0","0","0","0","0","0","0","0","0","0","0","0","0","0","0","0","0","0","0","0","1","202112","202204","2062"
"3289079","530010","70390906","04045335000187","3","1","00000000000000","","","","0010","","0","E","","","04","","03","36","03","","99","","","","","","","","EAS.2346654","20210709","1","","","","","","0","0","1","0","0","0","1","0","0","0","0","0","0","0",0,0,0,"0",0,0,0,0,0,0,0,0,0,0,0,0,0,0,"0",0,3,0,0,0,0,0,0,0,0,0,0,0,0,0,0,"1",0,0,0,"0",0,0,0,0,"0",0,0,0,0,0,0,0,0,0,0,0,0,0,0,0,"0","0","1","0","0","0","0","0","0","0","0","0","0","0","0","0","0","0","0","0","0","0","0","0","1","0","0","0","1","1","0","0","0","0","0","0","0","0","0","0","0","0","0","0","0","0","0","0","0","0","0","1","0","0","0","1","0","0","0","0","0","0","0","0","0","0","0","0","0","0","0","0","0","0","0","0","0","0","0","0","0","0","0","0","0","0","0","0","0","0","0","0","1","202201","202204","2062"
"3289540","530010","72610321","06287497000157","3","1","00000000000000","","","","0130","","0","E","","","04","","03","36","03","","99","","","","","","","","RAD.0000207","20210722","1","","","","","","0","0","1","0","0","0","1","0","0","0","0","0","0","0",0,0,0,"0",0,0,0,0,0,0,0,0,0,0,0,0,0,0,"0",0,0,0,0,0,0,0,0,2,0,0,0,0,0,0,0,"1",0,0,0,"0",0,0,0,0,"0",0,0,0,0,0,0,0,0,0,0,0,0,0,0,0,"0","0","1","0","0","0","0","0","1","0","0","0","0","0","0","0","0","0","0","0","0","0","0","0","1","1","0","1","1","1","0","0","0","0","0","0","0","0","0","0","0","0","0","0","0","0","0","0","0","0","0","1","0","0","0","1","0","0","0","0","0","0","0","0","0","0","0","0","0","0","0","0","0","0","0","0","0","0","0","0","0","0","0","0","0","0","0","0","0","0","0","0","1","202108","202204","2305"
"3298272","530010","70390907","05426676000165","3","1","00000000000000","","","","0015","","0","E","","","04","","03","36","03","","99","","","","","","","","LICENCA SANITARIA","20190619","1","","","","","","0","0","1","0","0","0","1","0","0","0","0","0","0","0",0,0,0,"0",0,0,0,0,0,0,0,0,0,0,0,0,0,0,"0",1,0,0,0,0,0,0,0,0,0,0,0,0,0,0,0,"1",0,0,0,"0",0,0,0,0,"0",0,0,0,0,0,0,0,0,0,0,0,0,0,0,0,"0","0","1","0","0","0","0","0","0","0","0","0","0","0","0","0","0","0","0","0","0","0","0","0","1","0","0","0","1","1","0","0","0","0","0","0","0","0","0","0","0","0","0","0","0","0","0","0","0","0","0","1","0","0","0","1","0","0","0","0","0","0","0","0","0","0","0","0","0","0","0","0","0","0","0","0","0","0","0","0","0","0","0","0","0","0","0","0","0","0","0","0","1","202003","202204","2062"
"3303438","530010","70710100","03080063000193","3","1","00000000000000","","","","0010","","0","E","","","04","","01","22","03","","99","","","","","","","","EAS 0077 02","20220130","1","","","","","","0","0","1","0","0","0","1","0","0","0","0","0","0","0",0,0,0,"0",0,0,0,0,0,0,0,0,0,0,0,0,0,0,"0",0,1,0,0,0,0,0,0,0,0,0,0,0,0,0,0,"1",0,0,0,"0",0,0,0,0,"0",0,0,0,0,0,0,0,0,0,0,0,0,0,0,0,"0","0","1","0","0","0","0","0","1","0","0","0","0","0","0","0","0","0","0","0","0","0","0","0","1","1","0","0","1","1","0","0","0","0","0","0","0","0","0","0","0","0","0","0","0","0","0","0","0","0","0","1","0","0","0","0","0","0","0","0","0","0","0","0","0","0","0","0","0","0","0","0","0","0","0","0","0","0","0","0","0","0","0","0","0","0","0","0","0","0","0","0","1","202202","202204","2240"
"3303462","530010","70390100","37987724000180","3","1","00000000000000","","","","","","0","E","","","04","","03","04","03","","99","","","","","","","","EAS0533801","20200113","1","","","","","","0","0","1","0","0","0","1","0","0","0","0","0","0","0",0,0,0,"0",0,0,0,0,0,0,0,0,0,0,0,0,0,0,"0",1,2,0,1,0,0,0,0,0,0,0,0,0,0,0,0,"1",0,0,0,"0",0,0,0,0,"0",0,0,0,0,0,0,0,0,0,0,0,0,0,0,0,"0","0","1","0","0","0","0","0","0","0","0","0","0","0","0","0","0","0","0","0","0","0","0","0","1","1","0","0","1","1","0","0","0","0","0","0","0","0","0","0","0","0","0","0","0","0","0","0","0","0","0","1","0","0","0","1","0","0","0","0","0","0","0","0","0","0","0","0","0","0","0","0","0","0","0","0","0","0","0","0","0","0","0","0","0","0","0","0","0","0","0","0","1","202009","202204","2062"
"3303624","530010","70330400","24946071000140","3","1","00000000000000","","","","0015","","0","E","","","04","","01","36","03","","99","","","","","","","","ODO.01081-01","20211027","1","","","","","","0","0","1","0","0","0","1","0","0","0","0","0","0","0",0,0,0,"0",0,0,0,0,0,0,0,0,0,0,0,0,0,0,"0",0,0,0,0,0,0,0,0,10,0,0,0,0,0,0,0,"1",0,0,0,"0",0,0,0,0,"0",0,0,0,0,0,0,0,0,0,0,0,0,0,0,0,"0","0","1","0","0","0","0","0","0","0","0","0","0","0","0","0","0","0","0","0","0","0","0","0","1","1","0","0","1","1","0","0","0","0","0","0","0","0","0","0","0","0","0","0","0","0","0","0","0","0","0","1","0","0","0","1","0","0","0","0","0","0","0","0","0","0","0","0","0","0","0","0","0","0","0","0","0","0","0","0","0","0","0","0","0","0","0","0","0","0","0","0","1","202203","202204","2240"
"3303632","530010","70390700","38020020000105","3","1","00000000000000","","","","0015","","0","E","","","04","","03","36","03","","99","","","","","","","","RAD.05340-01","20210823","1","","","","","","0","0","1","0","0","0","1","0","0","0","0","0","0","0",0,0,0,"0",0,0,0,0,0,0,0,0,0,0,0,0,0,0,"0",0,3,0,0,0,0,0,0,0,0,0,0,0,0,0,0,"1",0,0,0,"0",0,0,0,0,"0",0,0,0,0,0,0,0,0,0,0,0,0,0,0,0,"0","0","1","0","0","0","0","0","0","0","0","0","0","0","0","0","0","0","0","0","0","0","0","0","1","1","0","1","1","1","0","0","0","0","0","0","0","0","0","0","0","0","0","0","0","0","0","0","0","0","0","1","0","0","0","1","0","0","0","0","0","0","0","0","0","0","0","0","0","0","0","0","0","0","0","0","0","0","0","0","0","0","0","0","0","0","0","0","0","0","0","0","1","202107","202204","2062"
"3303640","530010","70292500","06279344000168","3","1","00000000000000","","","","0015","","0","E","","","04","","03","04","03","","99","","","","","","","","EAS 03863 -01","20211104","1","","","","","","0","0","1","0","0","0","1","0","0","0","0","0","0","0",0,0,0,"0",0,0,0,0,0,0,0,0,0,0,0,0,0,0,"0",0,1,0,0,0,0,0,0,0,0,0,0,0,0,0,0,"1",0,0,0,"0",0,0,0,0,"0",0,0,0,0,0,0,0,0,0,0,0,0,0,0,0,"0","0","1","0","0","0","0","0","0","0","0","0","0","0","0","0","0","0","0","0","0","0","0","0","1","0","0","0","1","1","0","0","0","0","0","0","0","0","0","0","0","0","0","0","0","0","0","0","0","0","0","1","0","0","0","1","0","0","0","0","0","0","0","0","0","0","0","0","0","0","0","0","0","0","0","0","0","0","0","0","0","0","0","0","0","0","0","0","0","0","0","0","1","202111","202204","2062"
"3303659","530010","73310317","02895457000137","3","1","00000000000000","","","","","","0","E","","","04","","03","22","03","","99","","","","","","","","ALVARA","20101118","1","","","","","","0","0","1","0","0","0","1","0","0","0","0","0","0","0",0,0,0,"0",0,0,0,0,0,0,0,0,0,0,0,0,0,0,"0",1,0,0,0,0,0,0,0,0,0,0,0,0,0,0,0,"1",0,0,0,"0",0,0,0,0,"0",0,0,0,0,0,0,0,0,0,0,0,0,0,0,0,"0","0","1","0","0","0","0","0","0","0","0","0","0","0","0","0","0","0","0","0","0","0","0","0","1","0","0","0","1","1","0","0","0","0","0","0","0","0","0","0","0","0","0","0","0","0","0","0","0","0","0","0","0","0","0","1","0","0","0","0","0","0","0","0","0","0","0","0","0","0","0","0","0","0","0","0","0","0","0","0","0","0","0","0","0","0","0","0","0","0","0","0","1","202107","202204","2062"
"3303667","530010","70390100","03794340000120","3","1","00000000000000","","","","0015","","0","E","","","04","","03","36","03","","99","","","","","","","","CERTIFICADO RLE","20220118","1","","","","","","0","0","1","0","0","0","1","0","0","0","0","0","0","0",0,0,0,"0",0,0,0,0,0,0,0,0,0,0,0,0,0,0,"0",1,0,0,3,0,0,0,0,0,0,0,0,0,0,0,0,"1",0,0,0,"0",0,0,0,0,"0",0,0,0,0,0,0,0,0,0,0,0,0,0,0,0,"0","0","1","0","0","0","0","0","0","0","0","0","0","0","0","0","0","0","0","0","0","0","0","0","1","0","0","0","1","1","0","0","0","0","0","0","0","0","0","0","0","0","0","0","0","0","0","0","0","0","0","1","0","0","0","1","0","0","0","0","0","0","0","0","0","0","0","0","0","0","0","0","0","0","0","0","0","0","0","0","0","0","0","0","0","0","0","0","0","0","0","0","1","202203","202204","2062"
"3305023","530010","70770905","32929614000149","3","1","00000000000000","","","","0010","","0","E","","","04","","01","36","03","","99","","","","","","","","RLE@DIGITAL","20220119","1","","","","","","0","0","1","0","0","0","1","0","0","0","0","0","0","0",0,0,0,"0",0,0,0,0,0,0,0,0,0,0,0,0,0,0,"0",0,1,0,0,0,0,0,0,0,0,0,0,0,0,0,0,"1",0,0,0,"0",0,0,0,0,"0",0,0,0,0,0,0,0,0,0,0,0,0,0,0,0,"0","0","1","0","0","0","0","0","0","0","0","0","0","0","0","0","0","0","0","0","0","0","0","0","1","0","0","0","1","1","0","0","0","0","0","0","0","0","0","0","0","0","0","0","0","0","0","0","0","0","0","1","0","0","0","1","0","0","0","0","0","0","0","0","0","0","0","0","0","0","0","0","0","0","0","0","0","0","0","0","0","0","0","0","0","0","0","0","0","0","0","0","1","202202","202204","2240"
"3305635","530010","70310500","01035146000135","3","1","00000000000000","","","","","","0","E","","","04","","03","36","03","","99","","","","","","","","ODO.00382-02","20211028","1","","","","","","0","0","1","0","0","0","1","0","0","0","0","0","0","0",0,0,0,"0",0,0,0,0,0,0,0,0,0,0,0,0,0,0,"0",0,0,0,0,0,0,0,0,3,0,0,0,0,0,0,0,"1",0,0,0,"0",0,0,0,0,"0",0,0,0,0,0,0,0,0,0,0,0,0,0,0,0,"0","0","1","0","0","0","0","0","1","0","0","0","0","0","0","0","0","0","0","0","0","0","0","0","1","1","0","0","1","1","0","0","0","0","0","0","0","0","0","0","0","0","0","0","0","0","0","0","0","0","0","1","0","0","0","1","0","0","0","0","0","0","0","0","0","0","0","0","0","0","0","0","0","0","0","0","0","0","0","0","0","0","0","0","0","0","0","0","0","0","0","0","1","202203","202204","2240"
"3305686","530010","70711905","04252408000101","3","1","00000000000000","","","","","","0","E","","","04","","03","22","03","","99","","","","","","","","ODO00149","20191128","1","","","","","","0","0","1","0","0","0","1","0","0","0","0","0","0","0",0,0,0,"0",0,0,0,0,0,0,0,0,0,0,0,0,0,0,"0",0,0,0,0,0,0,0,0,1,0,0,0,0,0,0,0,"1",0,0,0,"0",0,0,0,0,"0",0,0,0,0,0,0,0,0,0,0,0,0,0,0,0,"0","0","0","0","0","0","0","0","0","0","0","0","0","0","0","0","0","0","0","0","0","0","0","0","0","1","0","0","1","1","0","0","0","0","0","0","0","0","0","0","0","0","0","0","0","0","0","0","0","0","0","1","0","0","0","1","0","0","0","0","0","0","0","0","0","0","0","0","0","0","0","0","0","0","0","0","0","0","0","0","0","0","0","0","0","0","0","0","0","0","0","0","1","201912","202204","2062"
"3305708","530010","70077900","06307595000109","3","1","00000000000000","","","","0005","","0","E","","","04","","03","22","03","","99","","","","","","","","ODO.00264-02","20190723","1","","","","","","0","0","1","0","0","0","1","0","0","0","0","0","0","0",0,0,0,"0",0,0,0,0,0,0,0,0,0,0,0,0,0,0,"0",0,0,0,0,0,0,0,0,1,0,0,0,0,0,0,0,"1",0,0,0,"0",0,0,0,0,"0",0,0,0,0,0,0,0,0,0,0,0,0,0,0,0,"0","0","1","0","0","0","0","0","1","0","0","0","0","0","0","0","0","0","0","0","0","0","0","0","1","1","0","0","1","1","0","0","0","0","0","0","0","0","0","0","0","0","0","0","0","0","0","0","0","0","0","1","0","0","1","1","0","0","0","0","0","0","0","0","0","0","0","0","0","0","0","0","0","0","0","0","0","0","0","0","0","0","0","0","0","0","0","0","0","0","0","0","1","201908","202204","2240"
"3305783","530010","70711903","05476062000198","3","1","00000000000000","","","","","","0","E","","","04","","01","22","03","","99","","","","","","","","EAS-00164-02","20201209","1","","","","","","0","0","1","0","0","0","1","0","0","0","0","0","0","0",0,0,0,"0",0,0,0,0,0,0,0,0,0,0,0,0,0,0,"0",0,1,0,0,0,0,0,0,0,0,0,0,0,0,0,0,"1",0,0,0,"0",0,0,0,0,"0",0,0,0,0,0,0,0,0,0,0,0,0,0,0,0,"0","0","1","0","0","0","0","0","0","0","0","0","0","0","0","0","0","0","0","0","0","0","0","0","1","0","0","0","1","1","0","0","0","0","0","0","0","0","0","0","0","0","0","0","0","0","0","0","0","0","0","1","0","0","0","1","0","0","0","0","0","0","0","0","0","0","0","0","0","0","0","0","0","0","0","0","0","0","0","0","0","0","0","0","0","0","0","0","0","0","0","0","1","202101","202204","2305"
"3305791","530010","70770909","06184614000157","3","1","00000000000000","","","","0005","","0","E","","","04","","03","36","03","","99","","","","","","","","RLE","20201119","1","","","","","","0","0","1","0","0","0","1","0","0","0","0","0","0","0",0,0,0,"0",0,0,0,0,0,0,0,0,0,0,0,0,0,0,"0",0,0,0,2,0,0,0,0,0,0,0,0,0,0,0,0,"1",0,0,0,"0",0,0,0,0,"0",0,0,0,0,0,0,0,0,0,0,0,0,0,0,0,"0","0","1","0","0","0","0","0","0","0","0","0","0","0","0","0","0","0","0","1","0","0","0","0","1","0","0","0","1","1","0","0","0","0","0","0","0","0","0","0","0","0","0","0","0","0","0","0","0","0","0","1","0","0","0","1","0","0","0","0","0","0","0","0","0","0","0","0","0","0","0","0","0","0","0","0","0","0","0","0","0","0","0","0","0","0","0","0","0","0","0","0","1","202201","202204","2062"
"3305856","530010","70711000","06013523000159","3","1","00000000000000","","","","0005","","0","E","","","04","","03","22","03","","99","","","","","","","","ODO.00304-02","20191120","1","","","","","","0","0","1","0","0","0","1","0","0","0","0","0","0","0",0,0,0,"0",0,0,0,0,0,0,0,0,0,0,0,0,0,0,"0",0,0,0,0,0,0,0,0,1,0,0,0,0,0,0,0,"1",0,0,0,"0",0,0,0,0,"0",0,0,0,0,0,0,0,0,0,0,0,0,0,0,0,"0","0","1","0","0","0","0","0","1","0","0","0","0","0","0","0","0","0","0","0","0","0","0","0","1","1","0","0","1","1","0","0","0","0","0","0","0","0","0","0","0","0","0","0","0","0","0","0","0","0","0","1","0","0","0","1","0","0","0","0","0","0","0","0","0","0","0","0","0","0","0","0","0","0","0","0","0","0","0","0","0","0","0","0","0","0","0","0","0","0","0","0","1","201912","202204","2240"
"3306496","530010","71600700","03923271000107","3","1","00000000000000","","","","0090","","0","E","","","04","","01","36","03","","99","001","10049","366137","","","","","AS00070-03/2022","20220221","1","","","","","","0","0","1","0","1","0","1","0","0","0","0","0","0","0",0,0,0,"0",0,0,0,0,0,0,0,0,0,0,0,0,0,0,"0",0,7,0,0,0,0,0,1,0,0,0,0,0,0,0,0,"1",0,0,0,"0",0,0,0,0,"0",0,0,0,0,0,0,0,0,0,0,0,0,0,0,0,"0","0","1","0","0","0","0","0","0","1","0","0","0","0","0","0","0","1","0","0","0","1","0","0","1","0","0","1","1","1","0","0","0","0","0","0","0","0","0","0","0","0","0","0","0","0","0","0","0","0","0","1","0","0","0","1","0","0","0","0","0","0","0","0","0","0","0","0","0","0","0","0","0","0","0","0","0","0","0","0","0","0","0","0","0","0","0","0","0","0","0","0","1","202203","202204","2062"
"3306518","530010","71625205","05555100000106","3","1","00000000000000","","","","","","0","E","","","04","","03","22","03","","99","","","","","","","","53201185818","20200125","1","","","","","","0","0","1","0","0","0","1","0","0","0","0","0","0","0",0,0,0,"0",0,0,0,0,0,0,0,0,0,0,0,0,0,0,"0",0,0,0,0,0,0,0,0,1,0,0,0,0,0,0,0,"1",0,0,0,"0",0,0,0,0,"0",0,0,0,0,0,0,0,0,0,0,0,0,0,0,0,"0","0","1","0","0","0","0","0","0","0","0","0","0","0","0","0","0","0","0","0","0","0","0","0","1","1","0","0","1","1","0","0","0","0","0","0","0","0","0","0","0","0","0","0","0","0","0","0","0","0","0","1","0","0","0","1","0","0","0","0","0","0","0","0","0","0","0","0","0","0","0","0","0","0","0","0","0","0","0","0","0","0","0","0","0","0","0","0","0","0","0","0","1","202102","202204","2062"
"3306526","530010","71600700","05893538000196","3","1","00000000000000","","","","0090","","0","E","","","04","","01","36","03","","99","070","214","019294-4","","","","","EAS - 00168-03","20210214","1","","","","","","0","0","1","0","0","0","1","0","0","0","0","0","0","0",0,0,0,"0",0,0,0,0,0,0,0,0,0,0,0,0,0,0,"0",0,2,0,1,0,0,0,0,0,0,0,0,0,0,0,0,"1",0,0,0,"0",0,0,0,0,"0",0,0,0,0,0,0,0,0,0,0,0,0,0,0,0,"0","0","1","0","0","0","0","0","1","0","0","0","0","0","0","0","0","0","0","0","0","1","0","0","1","0","0","0","1","1","0","0","0","0","0","0","0","0","0","0","0","0","0","0","0","0","0","0","0","0","0","1","0","0","0","1","0","0","0","0","0","0","0","0","0","0","0","0","0","0","0","0","0","0","0","0","0","0","0","0","0","0","0","0","0","0","0","0","0","0","0","0","1","202203","202204","2062"
"3309312","530010","70390700","06368000000125","3","1","00000000000000","","","","","","0","E","","","04","","01","36","03","","99","","","","","","","","EAS. 02582-01","20210625","1","","","","","","0","0","1","0","0","0","1","0","0","0","0","0","0","0",0,0,0,"0",0,0,0,0,0,0,0,0,0,0,0,0,0,0,"0",0,1,0,0,0,0,0,0,0,0,0,0,0,0,0,0,"1",0,0,0,"0",0,0,0,0,"0",0,0,0,0,0,0,0,0,0,0,0,0,0,0,0,"0","0","1","0","0","0","0","0","0","0","0","0","0","0","0","0","0","0","0","0","0","0","0","0","1","0","0","0","1","1","0","0","0","0","0","0","0","0","0","0","0","0","0","0","0","0","0","0","0","0","0","1","0","0","0","1","0","0","0","0","0","0","0","0","0","0","0","0","0","0","0","0","0","0","0","0","0","0","0","0","0","0","0","0","0","0","0","0","0","0","0","0","1","202202","202204","2240"
"3309347","530010","70200700","03747569000103","3","1","00000000000000","","","","0010","","0","E","","","04","","01","36","03","","99","","","","","","","","93453","20180301","1","","","","","","0","0","1","0","0","0","1","0","0","0","0","0","0","0",0,0,0,"0",0,0,0,0,0,0,0,0,0,0,0,0,0,1,"1",0,1,0,0,0,0,0,0,0,0,0,0,0,0,0,0,"1",0,0,0,"0",0,0,0,0,"0",0,0,0,0,0,0,0,0,0,0,0,0,0,0,0,"0","0","1","0","0","0","0","0","0","1","0","0","0","0","0","0","0","1","0","0","0","0","0","0","1","1","0","0","1","1","0","0","0","0","0","0","0","0","0","0","0","0","0","0","0","0","0","0","0","0","0","1","0","0","0","0","0","0","0","0","0","0","0","0","0","0","0","0","0","0","0","0","0","0","0","0","0","0","0","0","0","0","0","0","0","0","0","0","0","0","0","0","1","202002","202204","2240"
"3310612","530010","72110160","01792957000180","3","1","00000000000000","","","","0180","","0","E","","","04","","01","04","04","","99","","","","","","","","LICENCA SANITARIA","20211124","1","","","","","","0","0","1","0","0","0","1","0","0","0","0","0","0","0",0,0,0,"0",0,0,0,0,0,0,0,0,0,0,0,0,0,0,"0",0,5,0,2,0,0,0,0,0,0,0,0,0,0,0,0,"1",0,0,0,"0",0,0,0,0,"0",0,0,0,0,0,0,0,0,0,0,0,0,0,0,0,"0","0","1","0","0","0","0","0","0","0","0","1","0","0","0","0","0","0","0","0","0","0","0","0","1","0","0","0","1","1","0","0","0","0","0","0","0","0","0","0","0","0","0","0","0","0","0","0","0","0","0","0","0","0","0","1","0","0","0","0","0","0","0","0","0","0","0","0","0","0","0","0","0","0","0","0","0","0","0","0","0","0","0","0","0","0","0","0","0","0","0","0","1","202203","202204","2240"
"3310760","530010","72125070","04739465000110","3","1","00000000000000","","","","0180","","0","E","","","04","","03","36","03","","99","","","","","","","","EAS.00053.15","20210420","1","","","","","","0","0","1","0","0","0","1","0","0","0","0","0","0","0",0,0,0,"0",0,0,0,0,0,0,0,0,0,0,0,0,0,0,"0",0,3,0,0,0,0,0,0,0,1,0,0,0,0,0,0,"1",0,0,0,"0",0,0,0,0,"0",0,0,0,0,0,0,0,0,0,0,0,0,0,0,0,"0","0","1","0","0","0","0","0","1","0","0","0","0","0","0","0","0","0","0","0","0","0","0","0","1","1","0","0","1","1","0","0","0","0","0","0","0","0","0","0","0","0","0","0","0","0","0","0","0","0","0","1","0","0","0","1","0","0","0","0","0","0","0","0","0","0","0","0","0","0","0","0","0","0","0","0","0","0","0","0","0","0","0","0","0","0","0","0","0","0","0","0","1","202203","202204","2062"
"3316971","530010","72600300","03377661000200","3","1","00000000000000","","","","","","0","E","","","04","","01","22","03","","99","","","","","","","","EAS0007417","20190128","1","","","","","","0","0","1","0","0","0","1","0","0","0","0","0","0","0",0,0,0,"0",0,0,0,0,0,0,0,0,0,0,0,0,0,0,"0",0,1,0,0,0,0,0,0,0,0,0,0,0,0,0,0,"1",0,0,0,"0",0,0,0,0,"0",0,0,0,0,0,0,0,0,0,0,0,0,0,0,0,"0","0","1","0","0","0","0","0","0","0","0","0","0","0","0","0","0","0","0","0","0","0","0","0","1","1","0","0","1","1","0","0","0","0","0","0","0","0","0","0","0","0","0","0","0","0","0","0","0","0","0","1","0","0","0","0","0","0","0","0","0","0","0","0","0","0","0","0","0","0","0","0","0","0","0","0","0","0","0","0","0","0","0","0","0","0","0","0","0","0","0","0","1","201907","202204","2062"
"3321657","530010","70340908","02194765000135","3","1","00000000000000","","","","0010","","0","E","","","04","","03","22","03","","99","","","","","","","","ODO.01341-01","20210813","1","","","","","","0","0","1","0","0","0","1","0","0","0","0","0","0","0",0,0,0,"0",0,0,0,0,0,0,0,0,0,0,0,0,0,0,"0",0,0,0,0,0,0,0,0,1,0,0,0,0,0,0,0,"1",0,0,0,"0",0,0,0,0,"0",0,0,0,0,0,0,0,0,0,0,0,0,0,0,0,"0","0","1","0","0","0","0","0","1","0","0","0","0","0","0","0","0","0","0","0","0","0","0","0","1","1","1","0","1","1","0","0","0","0","0","0","0","0","0","0","0","0","0","0","0","0","0","0","0","0","0","1","0","0","0","0","0","0","0","0","0","0","0","0","0","0","0","0","0","0","0","0","0","0","0","0","0","0","0","0","0","0","0","0","0","0","0","0","0","0","0","0","1","202108","202204","2062"
"3321681","530010","70390145","02131552000164","3","1","00000000000000","","","","0015","","0","E","","","04","","03","22","03","","99","","","","","","","","EAS02332-01","20180424","1","","","","","","0","0","1","0","0","0","1","0","0","0","0","0","0","0",0,0,0,"0",0,0,0,0,0,0,0,0,0,0,0,0,0,0,"0",1,0,0,0,0,0,0,0,0,0,0,0,0,0,0,0,"1",0,0,0,"0",0,0,0,0,"0",0,0,0,0,0,0,0,0,0,0,0,0,0,0,0,"0","0","1","0","0","0","0","0","0","0","0","0","0","0","0","0","0","0","0","0","0","0","0","0","1","0","0","0","1","1","0","0","0","0","0","0","0","0","0","0","0","0","0","0","0","0","0","0","0","0","0","1","0","0","0","1","0","0","0","0","0","0","0","0","0","0","0","0","0","0","0","0","0","0","0","0","0","0","0","0","0","0","0","0","0","0","0","0","0","0","0","0","1","201907","202204","2062"
"3326268","530010","70770904","03653490000113","3","1","00000000000000","","","","","","0","E","","","02","","03","22","03","","99","","","","","","","","LICENCA SANITARIA","20190904","1","","","","","","0","0","1","0","0","0","1","0","0","0","0","0","0","0",0,0,0,"0",0,0,0,0,0,0,0,0,0,0,0,0,0,0,"0",0,1,0,0,0,0,0,0,0,0,0,0,0,0,0,0,"1",0,0,0,"0",0,0,0,0,"0",0,0,0,0,0,0,0,0,0,0,0,0,0,0,0,"0","0","1","0","0","0","0","0","0","0","0","0","0","0","0","0","0","0","0","0","0","0","0","0","1","0","0","0","1","1","0","0","0","0","0","0","0","0","0","0","0","0","0","0","0","0","0","0","0","0","0","1","0","0","0","1","0","0","0","0","0","0","0","0","0","0","0","0","0","0","0","0","0","0","0","0","0","0","0","0","0","0","0","0","0","0","0","0","0","0","0","0","1","201911","202204","2232"
"3330354","530010","70078900","00692252000129","3","1","00000000000000","","","","0010","","0","E","","","04","","01","36","04","","99","","","","","","","","LICENCA SANITARIA","20191120","1","","","","","","0","0","1","0","0","0","1","0","0","0","0","0","0","0",0,0,0,"0",0,0,0,0,0,0,0,0,0,0,0,0,0,0,"0",0,0,0,0,0,0,0,0,4,0,0,0,0,0,0,0,"1",0,0,0,"0",0,0,0,0,"0",0,0,0,0,0,0,0,0,0,0,0,0,0,0,0,"0","0","1","0","0","0","0","0","0","0","0","0","0","0","0","0","0","0","0","0","0","0","0","0","1","0","0","0","1","1","0","0","0","0","0","0","0","0","0","0","0","0","0","0","0","0","0","0","0","0","0","1","0","0","0","0","0","0","0","0","0","0","0","0","0","0","0","0","0","0","0","0","0","0","0","0","0","0","0","0","0","0","0","0","0","0","0","0","0","0","0","0","1","201912","202204","2062"
"3330362","530010","70390908","37161080000177","3","1","00000000000000","","","","","","0","E","","","04","","03","22","03","","99","","","","","","","","EAS 02510-01","20210628","","","","","","","0","0","1","0","0","0","1","0","0","0","0","0","0","0",0,0,0,"0",0,0,0,0,0,0,0,0,0,0,0,0,0,0,"0",0,1,0,0,0,0,0,0,0,0,0,0,0,0,0,0,"1",0,0,0,"0",0,0,0,0,"0",0,0,0,0,0,0,0,0,0,0,0,0,0,0,0,"0","0","0","1","0","0","0","0","0","0","0","0","0","0","0","0","0","0","0","0","0","0","0","0","1","0","0","0","1","1","0","0","0","0","0","0","0","0","0","0","0","0","0","0","0","0","0","0","0","0","0","1","0","0","0","1","0","0","0","0","0","0","0","0","0","0","0","0","0","0","0","0","0","0","0","0","0","0","0","0","0","0","0","0","0","0","0","0","0","0","0","0","1","202108","202204","2062"
"3330370","530010","70790075","37161080000258","3","1","00000000000000","","","","0010","","0","E","","","04","","01","22","04","","99","","","","","","","","","","","","","","","","0","0","1","0","0","0","1","0","0","0","0","0","0","0",0,0,0,"0",0,0,0,0,0,0,0,0,0,0,0,0,0,0,"0",1,0,0,0,0,0,0,0,0,0,0,0,0,0,0,0,"1",0,0,0,"0",0,0,0,0,"0",0,0,0,0,0,0,0,0,0,0,0,0,0,0,0,"0","0","0","1","0","0","0","0","0","0","0","0","0","0","0","0","0","0","0","0","0","0","0","0","1","0","0","0","1","1","0","0","0","0","0","0","0","0","0","0","0","0","0","0","0","0","0","0","0","0","0","1","0","0","0","0","0","0","0","0","0","0","0","0","0","0","0","0","0","0","0","0","0","0","0","0","0","0","0","0","0","0","0","0","0","0","0","0","0","0","0","0","1","202003","202204","2062"
"3330389","530010","70390700","24942732000240","3","1","00000000000000","","","","0010","","0","E","","","04","","03","39","03","","99","","","","","","","","0563601","20190318","1","","","","","","0","0","1","0","0","0","1","0","0","0","0","0","0","0",0,0,0,"0",0,0,0,0,0,0,0,0,0,0,0,0,0,0,"0",0,0,0,2,0,0,0,0,0,0,0,0,0,0,0,0,"1",0,0,0,"0",0,0,0,0,"0",0,0,0,0,0,0,0,0,0,0,0,0,0,0,0,"0","0","0","0","0","0","0","0","0","0","0","0","0","0","0","0","0","0","0","0","0","1","0","0","1","0","0","1","1","1","0","0","0","0","0","0","0","0","0","0","0","0","0","0","0","0","0","0","0","0","0","0","0","0","0","0","0","0","0","0","0","0","1","0","0","0","0","0","0","0","0","0","0","0","0","0","0","0","0","0","0","0","0","0","0","0","0","0","0","0","0","0","1","201909","202204","2062"
"3330540","530010","70770560","04460786000180","3","1","00000000000000","","","","0005","","0","E","","","04","","03","22","03","","99","","","","","","","","EAS.00246-02","20190508","1","","","","","","0","0","1","0","0","0","1","0","0","0","0","0","0","0",0,0,0,"0",0,0,0,0,0,0,0,0,0,0,0,0,0,0,"0",0,1,0,0,0,0,0,0,0,0,0,0,0,0,0,0,"1",0,0,0,"0",0,0,0,0,"0",0,0,0,0,0,0,0,0,0,0,0,0,0,0,0,"0","0","1","0","0","0","0","0","0","0","0","0","0","0","0","0","0","0","0","0","0","0","0","0","1","0","0","0","1","1","0","0","0","0","0","0","0","0","0","0","0","0","0","0","0","0","0","0","0","0","0","1","0","0","1","1","0","0","0","0","0","0","0","0","0","0","0","0","0","0","0","0","0","0","0","0","0","0","0","0","0","0","0","0","0","0","0","0","0","0","0","0","1","201909","202204","2062"
"3330591","530010","70710905","36762680000128","3","1","00000000000000","","","","0010","","0","E","","","04","","03","22","04","","99","","","","","","","","EAS 0240-02","20210708","1","","","","","","0","0","1","0","0","0","1","0","0","0","0","0","0","0",0,0,0,"0",0,0,0,0,0,0,0,0,0,0,0,0,0,0,"0",0,1,0,0,0,0,0,0,0,0,0,0,0,0,0,0,"1",0,0,0,"0",0,0,0,0,"0",0,0,0,0,0,0,0,0,0,0,0,0,0,0,0,"0","0","1","0","0","0","0","0","1","0","0","0","0","0","0","0","0","0","0","0","0","0","0","0","1","0","0","0","1","1","0","0","0","0","0","0","0","0","0","0","0","0","0","0","0","0","0","0","0","0","0","1","0","0","0","0","0","0","0","0","0","0","0","0","0","0","0","0","0","0","0","0","0","0","0","0","0","0","0","0","0","0","0","0","0","0","0","0","0","0","0","0","1","202204","202204","2062"
"3330656","530010","71625055","03628122000387","3","1","00000000000000","","","","0090","","0","E","","","04","","03","36","03","","99","","","","","","","","RAD 0092-03","20190923","1","","","","","","0","0","1","0","0","0","1","0","0","0","0","0","0","0",0,0,0,"0",0,0,0,0,0,0,0,0,0,0,0,0,0,0,"0",0,1,0,0,0,0,0,0,0,0,0,0,0,0,0,0,"1",0,0,0,"0",0,0,0,0,"0",0,0,0,0,0,0,0,0,0,0,0,0,0,0,0,"0","0","1","0","0","0","0","0","0","0","0","0","0","0","0","0","0","0","0","0","0","0","0","0","1","0","0","0","1","1","0","0","0","0","0","0","0","0","0","0","0","0","0","0","0","0","0","0","0","0","0","1","0","0","0","1","0","0","0","0","0","0","0","0","0","0","0","0","0","0","0","0","0","0","0","0","0","0","0","0","0","0","0","0","0","0","0","0","0","0","0","0","1","201909","202204","2062"
"3330664","530010","70715900","03070473000153","3","1","00000000000000","","","","","","0","E","","","04","","01","36","03","","99","","","","","","","","ODO 00319-02","20191216","1","","","","","","0","0","1","0","0","0","1","0","0","0","0","0","0","0",0,0,0,"0",0,0,0,0,0,0,0,0,0,0,0,0,0,0,"0",0,0,0,0,0,0,0,0,2,0,0,0,0,0,0,0,"1",0,0,0,"0",0,0,0,0,"0",0,0,0,0,0,0,0,0,0,0,0,0,0,0,0,"0","0","1","0","0","0","0","0","0","0","0","0","0","0","0","0","0","0","0","0","0","0","0","0","1","1","0","0","1","1","0","0","0","0","0","0","0","0","0","0","0","0","0","0","0","0","0","0","0","0","0","1","0","0","0","0","0","0","0","0","0","0","0","0","0","0","0","0","0","0","0","0","0","0","0","0","0","0","0","0","0","0","0","0","0","0","0","0","0","0","0","0","1","202107","202204","2062"
"3330680","530010","70719900","06197492000133","3","1","00000000000000","","","","0010","","0","E","","","04","","03","22","03","","99","","","","","","","","EAS 00304-2","20200301","1","","","","","","0","0","1","0","0","0","1","0","0","0","0","0","0","0",0,0,0,"0",0,0,0,0,0,0,0,0,0,0,0,0,0,0,"0",0,0,0,1,0,0,0,0,0,0,0,0,0,0,0,0,"1",0,0,0,"0",0,0,0,0,"0",0,0,0,0,0,0,0,0,0,0,0,0,0,0,0,"0","0","1","0","0","0","0","0","0","0","0","0","0","0","0","0","0","0","0","0","0","0","0","0","1","0","0","0","1","1","0","0","0","0","0","0","0","0","0","0","0","0","0","0","0","0","0","0","0","0","0","1","0","0","0","1","0","0","0","0","0","0","0","0","0","0","0","0","0","0","0","0","0","0","0","0","0","0","0","0","0","0","0","0","0","0","0","0","0","0","0","0","1","202010","202204","2062"
"3330796","530010","70711905","24912131000103","3","1","00000000000000","","","","0010","","0","E","","","04","","03","22","03","","99","","","","","","","","ODO.0211-02","20210422","1","","","","","","0","0","1","0","0","0","1","0","0","0","0","0","0","0",0,0,0,"0",0,0,0,0,0,0,0,0,0,0,0,0,0,0,"0",0,0,0,0,0,0,0,0,3,0,0,0,0,0,0,0,"1",0,0,0,"0",0,0,0,0,"0",0,0,0,0,0,0,0,0,0,0,0,0,0,0,0,"0","0","1","0","0","0","0","0","1","0","0","0","0","0","0","0","0","0","0","0","0","0","0","0","1","1","0","0","1","1","0","0","0","0","0","0","0","0","0","0","0","0","0","0","0","0","0","0","0","0","0","1","0","0","0","1","0","0","0","0","0","0","0","0","0","0","0","0","0","0","0","0","0","0","0","0","0","0","0","0","0","0","0","0","0","0","0","0","0","0","0","0","1","202202","202204","2062"
"3330834","530010","70715900","04250267000198","3","1","00000000000000","","","","0005","","0","E","","","04","","03","36","03","","99","","","","","","","","EAS.60085-01","20200824","1","","","","","","0","0","1","0","0","0","1","0","0","0","0","0","0","0",0,0,0,"0",0,0,0,0,0,0,0,0,0,0,0,0,0,0,"0",0,1,0,0,0,0,0,0,0,0,0,0,0,0,0,0,"1",0,0,0,"0",0,0,0,0,"0",0,0,0,0,0,0,0,0,0,0,0,0,0,0,0,"0","0","0","0","0","0","0","0","1","0","0","0","0","0","0","0","0","1","0","1","0","0","0","0","1","0","1","0","1","1","0","0","0","0","0","0","0","0","0","0","0","0","0","0","0","0","0","0","0","0","0","1","0","0","0","1","0","0","0","0","0","0","0","0","0","0","0","0","0","0","0","0","0","0","0","0","0","0","0","0","0","0","0","0","0","0","0","0","0","0","0","0","1","202010","202204","2305"
"3331474","530010","70200760","04578580000150","3","1","00000000000000","","","","0015","","0","E","","","04","","03","36","03","","99","","","","","","","","RLE","20190503","1","","","","","","0","0","1","0","0","0","1","0","0","0","0","0","0","0",0,0,0,"0",0,0,0,0,0,0,0,0,0,0,0,0,0,0,"0",0,1,0,0,0,0,0,0,0,0,0,0,0,0,0,0,"1",0,0,0,"0",0,0,0,0,"0",0,0,0,0,0,0,0,0,0,0,0,0,0,0,0,"0","0","1","0","0","0","0","0","0","0","0","0","0","0","0","0","0","0","0","0","0","0","0","0","1","1","0","0","1","1","0","0","0","0","0","0","0","0","0","0","0","0","0","0","0","0","0","0","0","0","0","1","0","0","0","1","0","0","0","0","0","0","0","0","0","0","0","0","0","0","0","0","0","0","0","0","0","0","0","0","0","0","0","0","0","0","0","0","0","0","0","0","1","202110","202204","2062"
"3333078","530010","71950770","00012823113878","1","1","00000000000000","","","","9901","","0","E","","","04","","03","22","03","","99","","","","","","","","014/2019","20181010","1","","","","","","0","0","1","0","0","0","1","0","0","0","0","0","0","0",0,0,0,"0",0,0,0,0,0,0,0,0,0,0,0,0,0,0,"0",0,0,0,0,0,0,0,0,1,0,0,0,0,0,0,0,"1",0,0,0,"0",0,0,0,0,"0",0,0,0,0,0,0,0,0,0,0,0,0,0,0,0,"0","0","1","0","0","0","0","0","1","0","0","0","0","0","0","0","0","0","0","0","0","0","0","0","1","1","1","0","1","1","0","0","0","0","0","0","0","0","0","0","0","0","0","0","0","0","0","0","0","0","0","1","0","0","0","1","0","0","0","0","0","0","0","0","0","0","0","0","0","0","0","0","0","0","0","0","0","0","0","0","0","0","0","0","0","0","0","0","0","0","0","0","1","201912","202204","4000"
"3333094","530010","70715900","74171281000181","3","1","00000000000000","","","","0005","","0","E","","","04","","03","22","03","","99","","","","","","","","ODO0034002","20190318","1","","","","","","0","0","1","0","0","0","1","0","0","0","0","0","0","0",0,0,0,"0",0,0,0,0,0,0,0,0,0,0,0,0,0,0,"0",0,0,0,0,0,0,0,0,1,0,0,0,0,0,0,0,"1",0,0,0,"0",0,0,0,0,"0",0,0,0,0,0,0,0,0,0,0,0,0,0,0,0,"0","0","1","0","0","0","0","0","1","0","0","0","0","0","0","0","0","0","0","1","0","0","0","0","1","0","0","0","1","1","0","0","0","0","0","0","0","0","0","0","0","0","0","0","0","0","0","0","0","0","0","1","0","0","0","0","0","0","0","0","0","0","0","0","0","0","0","0","0","0","0","0","0","0","0","0","0","0","0","0","0","0","0","0","0","0","0","0","0","0","0","0","1","201912","202204","2240"
"3337480","530010","72115700","01720382000190","3","1","00000000000000","","001","RA111","0180","","0","E","","","04","","03","04","03","","99","","","","","","","","EAS-00085-15","20190625","1","","","","","","0","0","1","0","0","0","1","0","0","0","0","0","0","0",0,0,0,"0",0,0,0,0,0,0,0,0,0,0,0,0,0,0,"0",0,1,0,0,0,0,0,0,0,0,0,0,0,0,0,0,"1",0,0,0,"0",0,0,0,0,"0",0,0,0,0,0,0,0,0,0,0,0,0,0,0,0,"0","0","1","0","0","0","0","0","0","1","0","0","0","0","0","0","0","1","0","0","0","0","0","0","1","1","0","0","1","1","0","0","0","0","0","0","0","0","0","0","0","0","0","0","0","0","0","0","0","0","0","1","0","0","0","1","0","0","0","0","0","0","0","0","0","0","0","0","0","0","0","0","0","0","0","0","0","0","0","0","0","0","0","0","0","0","0","0","0","0","0","0","1","201908","202204","2062"
"3337510","530010","72115700","02723623000118","3","1","00000000000000","","","","0180","","0","E","","","04","","03","36","03","","99","","","","","","","","EAS.00023-15","20210305","1","","","","","","0","0","1","0","0","0","1","0","0","0","0","0","0","0",0,0,0,"0",0,0,0,0,0,0,0,0,0,0,0,0,0,0,"0",0,4,0,0,0,0,0,0,0,0,0,0,0,0,0,0,"1",0,0,0,"0",0,0,0,0,"0",0,0,0,0,0,0,0,0,0,0,0,0,0,0,0,"0","0","1","0","0","0","0","0","1","0","0","0","0","0","0","0","0","0","0","0","0","0","0","0","1","1","0","0","1","1","0","0","0","0","0","0","0","0","0","0","0","0","0","0","0","0","0","0","0","0","0","1","0","0","0","1","0","0","0","0","0","0","0","0","0","0","0","0","0","0","0","0","0","0","0","0","0","0","0","0","0","0","0","0","0","0","0","0","0","0","0","0","1","202108","202204","2062"
"3337529","530010","72115700","24942732000320","3","1","00000000000000","","","","0010","","0","E","","","04","","03","39","03","","99","","","","","","","","","20190530","1","","","","","","0","0","1","0","0","0","1","0","0","0","0","0","0","0",0,0,0,"0",0,0,0,0,0,0,0,0,0,0,0,0,0,0,"0",0,0,0,3,0,0,0,0,0,0,0,0,0,0,0,0,"1",0,0,0,"0",0,0,0,0,"0",0,0,0,0,0,0,0,0,0,0,0,0,0,0,0,"0","0","0","0","0","0","0","0","0","0","0","0","0","0","0","0","0","0","0","0","0","1","0","0","1","0","0","1","1","1","0","0","0","0","0","0","0","0","0","0","0","0","0","0","0","0","0","0","0","0","0","0","0","0","0","0","0","0","0","0","0","0","1","0","0","0","0","0","0","0","0","0","0","0","0","0","0","0","0","0","0","0","0","0","0","0","0","0","0","0","0","0","1","201909","202204","2062"
"3341674","530010","70390155","02749326000141","3","1","00000000000000","","","","0015","","0","E","","","04","","03","36","03","","99","","","","","","","","LICENCA SANITARIA","20190116","1","","","","","","0","0","1","0","0","0","1","0","0","0","0","0","0","0",0,0,0,"0",0,0,0,0,0,0,0,0,0,0,0,0,0,0,"0",0,1,0,0,0,0,0,0,0,0,0,1,0,0,0,0,"1",0,0,0,"0",0,0,0,0,"0",0,0,0,0,0,0,0,0,0,0,0,0,0,0,0,"0","0","1","0","0","0","0","0","0","0","0","0","0","0","0","0","0","0","0","0","0","0","0","0","1","1","0","0","1","1","0","0","0","0","0","0","0","0","0","0","0","0","0","0","0","0","0","0","0","0","0","1","0","0","1","1","0","0","0","0","0","0","0","0","0","0","0","0","0","0","0","0","0","0","0","0","0","0","0","0","0","0","0","0","0","0","0","0","0","0","0","0","1","201911","202204","2062"
"3343340","530010","72415101","03111336000110","3","1","00000000000000","","","","0060","","0","E","","","04","","03","39","04","","99","","","","","","","","RAD00002-20/2021","20210819","1","","","","","","0","0","1","0","0","0","1","0","0","0","0","0","0","0",0,0,0,"0",0,0,0,0,0,0,0,0,0,0,0,0,0,0,"0",0,1,0,0,0,0,0,0,0,0,0,0,0,0,0,0,"1",0,0,0,"0",0,0,0,0,"0",0,0,0,0,0,0,0,0,0,0,0,0,0,0,0,"0","0","1","0","0","0","0","0","0","0","0","0","0","0","0","0","0","1","0","1","0","0","0","0","1","1","0","1","1","1","0","0","0","0","0","0","0","0","0","0","0","0","0","0","0","0","0","0","0","0","0","1","0","0","0","1","0","0","0","0","0","0","1","0","0","0","0","0","0","0","0","0","0","0","0","0","0","0","0","0","0","0","0","0","0","0","0","0","0","0","0","0","1","202109","202204","2054"
"3354105","530010","70770100","00225350000156","3","1","00000000000000","","","","0010","","0","E","","","04","","03","62","03","","99","","","","","","","","EAS 0160-02","20190912","1","","","","","","0","0","1","0","0","0","1","0","0","1","0","0","0","1",0,0,0,"0",0,0,0,0,0,0,0,0,0,0,0,0,0,0,"0",0,1,0,0,1,1,0,0,0,1,0,0,0,0,1,1,"1",0,0,0,"0",0,0,0,0,"0",0,0,0,0,0,1,1,0,0,0,0,0,0,0,0,"0","0","1","0","0","0","0","0","0","1","0","0","0","0","0","0","0","1","0","1","0","1","0","0","1","1","0","0","1","1","0","0","0","0","0","0","0","0","0","0","0","0","0","0","0","0","0","0","0","0","0","1","0","0","0","0","0","0","0","0","0","0","0","0","0","0","0","0","0","0","0","0","0","0","0","0","0","0","0","0","0","0","0","0","0","0","0","0","0","0","0","0","1","202101","202204","2062"
"3354156","530010","70712903","00141891000104","3","1","00000000000000","","","","","","0","E","","","04","","01","22","03","","99","","","","","","","","EAS00304-02","20200522","1","","","","","","0","0","1","0","0","0","1","0","0","0","0","0","0","0",0,0,0,"0",0,0,0,0,0,0,0,0,0,0,0,0,0,0,"0",0,0,0,0,0,0,0,0,2,0,0,0,0,0,0,0,"1",0,0,0,"0",0,0,0,0,"0",0,0,0,0,0,0,0,0,0,0,0,0,0,0,0,"0","0","1","0","0","0","0","0","0","0","0","0","0","0","0","0","0","0","0","0","0","0","0","0","1","0","0","0","1","1","0","0","0","0","0","0","0","0","0","0","0","0","0","0","0","0","0","0","0","0","0","0","0","0","0","1","0","0","0","0","0","0","0","0","0","0","0","0","0","0","0","0","0","0","0","0","0","0","0","0","0","0","0","0","0","0","0","0","0","0","0","0","1","202010","202204","2062"
"3354172","530010","70077900","33513227000190","3","1","00000000000000","","","","0010","","0","E","","","04","","03","22","03","","99","","","","","","","","ODO.0239-02","20211009","1","","","","","","0","0","1","0","0","0","1","0","0","0","0","0","0","0",0,0,0,"0",0,0,0,0,0,0,0,0,0,0,0,0,0,0,"0",0,0,0,0,0,0,0,0,2,0,0,0,0,0,0,0,"1",0,0,0,"0",0,0,0,0,"0",0,0,0,0,0,0,0,0,0,0,0,0,0,0,0,"0","0","1","0","0","0","0","0","1","0","0","0","0","0","0","0","0","0","0","0","0","0","0","0","1","1","0","0","1","1","0","0","0","0","0","0","0","0","0","0","0","0","0","0","0","0","0","0","0","0","0","1","0","0","0","1","0","0","0","0","0","0","0","0","0","0","0","0","0","0","0","0","0","0","0","0","0","0","0","0","0","0","0","0","0","0","0","0","0","0","0","0","1","202202","202204","2240"
"3354245","530010","70770560","02343406000100","3","1","00000000000000","","","","","","0","E","","","04","","01","22","03","","99","","","","","","","","EAS031202","20210825","1","","","","","","0","0","1","0","0","0","1","0","0","0","0","0","0","0",0,0,0,"0",0,0,0,0,0,0,0,0,0,0,0,0,0,0,"0",1,0,0,0,0,0,0,0,0,0,0,0,0,0,0,0,"1",0,0,0,"0",0,0,0,0,"0",0,0,0,0,0,0,0,0,0,0,0,0,0,0,0,"0","0","1","0","0","0","0","0","0","0","0","0","0","0","0","0","0","0","0","0","0","0","0","0","1","0","0","0","1","1","0","0","0","0","0","0","0","0","0","0","0","0","0","0","0","0","0","0","0","0","0","1","0","0","0","1","0","0","0","0","0","0","0","0","0","0","0","0","0","0","0","0","0","0","0","0","0","0","0","0","0","0","0","0","0","0","0","0","0","0","0","0","1","202202","202204","2062"
"3355470","530010","70673416","06017742000106","3","1","00000000000000","","","","","","0","E","","","04","","03","22","03","","99","","","","","","","","ODO.00031-07/2020","20200520","1","","","","","","0","0","1","0","0","0","1","0","0","0","0","0","0","0",0,0,0,"0",0,0,0,0,0,0,0,0,0,0,0,0,0,0,"0",0,0,0,0,0,0,0,0,1,0,0,0,0,0,0,0,"1",0,0,0,"0",0,0,0,0,"0",0,0,0,0,0,0,0,0,0,0,0,0,0,0,0,"0","0","0","0","0","0","0","0","0","0","0","0","0","0","0","0","0","0","0","0","0","0","0","0","0","1","0","0","1","1","0","0","0","0","0","0","0","0","0","0","0","0","0","0","0","0","0","0","0","0","0","1","0","0","0","1","0","0","0","0","0","0","0","0","0","0","0","0","0","0","0","0","0","0","0","0","0","0","0","0","0","0","0","0","0","0","0","0","0","0","0","0","1","202103","202204","2062"
"3355535","530010","70390150","03719921000105","3","1","00000000000000","","","","","","0","E","","","04","","01","36","04","","99","","","","","","","","5465564564","20220101","1","","","","","","0","0","0","0","1","0","1","0","0","0","0","0","0","0",0,0,0,"0",0,0,0,0,0,0,0,0,0,0,0,0,0,0,"0",0,3,0,0,0,0,0,0,0,0,0,0,0,0,0,0,"1",0,0,0,"0",0,0,0,0,"0",0,0,0,0,0,0,0,0,0,0,0,0,0,0,0,"0","0","1","0","0","0","0","0","0","0","0","0","0","0","0","0","0","0","0","0","0","0","0","0","1","1","0","0","0","1","0","0","0","0","0","0","0","0","0","0","0","0","0","0","0","0","0","0","0","0","0","1","0","0","0","0","0","0","0","0","0","0","0","0","0","0","0","0","0","0","0","0","0","0","0","0","0","0","0","0","0","0","0","0","0","0","0","0","0","0","0","0","1","202203","202204","2062"
"3355586","530010","70390700","06971653000102","3","1","00000000000000","","","","0015","","0","E","","","04","","03","04","03","","99","","","","","","","","EAS 02595-01","20201111","1","","","","","","0","0","1","0","0","0","1","0","0","0","0","0","0","0",0,0,0,"0",0,0,0,0,0,0,0,0,0,0,0,0,0,0,"0",0,1,0,0,0,0,0,0,0,0,0,0,0,0,0,0,"1",0,0,0,"0",0,0,0,0,"0",0,0,0,0,0,0,0,0,0,0,0,0,0,0,0,"0","0","1","0","0","0","0","0","0","0","0","0","0","0","0","0","0","0","0","0","0","0","0","0","1","1","0","0","1","1","0","0","0","0","0","0","0","0","0","0","0","0","0","0","0","0","0","0","0","0","0","1","0","0","0","1","0","0","0","0","0","0","0","0","0","0","0","0","0","0","0","0","0","0","0","0","0","0","0","0","0","0","0","0","0","0","0","0","0","0","0","0","1","202111","202204","2062"
"3355691","530010","70390700","72626773000199","3","1","00000000000000","","","","","","0","E","","","04","","01","22","03","","99","","","","","","","","EAS.02084-01","20210830","1","","","","","","0","0","1","0","0","0","1","0","0","0","0","0","0","0",0,0,0,"0",0,0,0,0,0,0,0,0,0,0,0,0,0,0,"0",0,2,0,0,0,0,0,0,0,0,0,0,0,0,0,0,"1",0,0,0,"0",0,0,0,0,"0",0,0,0,0,0,0,0,0,0,0,0,0,0,0,0,"0","0","1","0","0","0","0","0","0","0","0","0","0","0","0","0","0","0","0","0","0","0","0","0","1","0","0","0","1","1","0","0","0","0","0","0","0","0","0","0","0","0","0","0","0","0","0","0","0","0","0","1","0","0","0","1","0","0","0","0","0","0","0","0","0","0","0","0","0","0","0","0","0","0","0","0","0","0","0","0","0","0","0","0","0","0","0","0","0","0","0","0","1","202202","202204","2305"
"3355764","530010","70322915","02925226000129","3","1","00000000000000","","","","0015","","0","E","","","04","","","22","04","","99","","","","","","","","LICENCA SANITARIA","20180518","1","","","","","","0","0","1","0","0","0","1","0","0","0","0","0","0","0",0,0,0,"0",0,0,0,0,0,0,0,0,0,0,0,0,0,0,"0",0,0,0,0,0,0,0,0,1,0,0,0,0,0,0,0,"1",0,0,0,"0",0,0,0,0,"0",0,0,0,0,0,0,0,0,0,0,0,0,0,0,0,"0","0","1","0","0","0","0","0","0","0","0","0","0","0","0","0","0","0","0","0","0","0","0","0","1","1","0","0","1","1","0","0","0","0","0","0","0","0","0","0","0","0","0","0","0","0","0","0","0","0","0","1","0","0","1","1","0","0","0","0","0","0","0","0","0","0","0","0","0","0","0","0","0","0","0","0","0","0","0","0","0","0","0","0","0","0","0","0","0","0","0","0","1","201907","202204","2062"
"3355780","530010","70331570","03288908000483","3","1","00000000000000","","","","0010","","0","E","","","04","","03","04","04","","99","","","","","","","","03871-01","20201204","1","","","","","","0","0","1","0","0","0","1","0","0","0","0","0","0","0",0,0,0,"0",0,0,0,0,0,0,0,0,0,0,0,0,0,0,"0",6,0,0,3,0,0,0,0,5,0,0,0,0,0,0,0,"1",0,0,0,"0",0,0,0,0,"0",0,0,0,0,0,0,0,0,0,0,0,0,0,0,0,"0","0","1","0","0","0","0","0","1","0","0","0","0","0","0","0","0","0","0","0","0","0","0","0","1","1","1","0","1","1","1","0","0","0","0","0","0","0","0","0","0","0","1","0","0","0","0","0","0","0","0","1","0","0","0","0","0","0","0","0","0","0","0","0","0","0","0","0","0","0","0","0","0","0","0","0","0","0","0","0","0","0","0","0","0","0","0","0","0","0","0","0","1","202109","202204","3077"
"3355799","530010","70390135","03288908000564","3","1","00000000000000","","","","0010","","0","E","","","04","","03","04","03","","99","","","","","","","","08225-01","20210604","1","","","","","","0","0","1","0","0","0","1","0","0","0","0","0","0","0",0,0,0,"0",0,0,0,0,0,0,0,0,0,0,0,0,0,0,"0",2,0,0,3,0,0,0,0,0,0,0,0,0,0,0,0,"1",0,0,0,"0",0,0,0,0,"0",0,0,0,0,0,0,0,0,0,0,0,0,0,0,0,"0","0","1","0","0","0","0","0","0","0","0","0","0","0","0","0","0","0","0","0","0","0","0","0","1","1","0","0","1","1","1","0","0","0","0","0","0","0","0","0","0","0","1","0","0","0","0","0","0","0","0","1","0","0","0","0","0","0","0","0","0","0","0","0","0","0","0","0","0","0","0","0","0","0","0","0","0","0","0","0","0","0","0","0","0","0","0","0","0","0","0","0","1","202109","202204","3077"
"3355810","530010","70302917","03288908001102","3","1","00000000000000","","","","","","0","E","","","04","","03","22","04","","99","","","","","","","","03952-01","20210225","1","","","","","","0","0","1","0","0","0","1","0","0","0","0","0","0","0",0,0,0,"0",0,0,0,0,0,0,0,0,0,0,0,0,0,0,"0",8,0,0,0,0,0,0,0,5,0,0,0,0,0,0,0,"1",0,0,0,"0",0,0,0,0,"0",0,0,0,0,0,0,0,0,0,0,0,0,0,0,0,"0","0","1","0","0","0","0","0","1","0","0","0","0","0","0","0","0","0","0","1","0","0","0","0","1","1","1","0","1","1","1","0","0","0","0","0","0","0","0","0","0","0","1","0","0","0","0","0","0","0","0","1","0","0","0","0","0","0","0","0","0","0","0","0","0","0","0","0","0","0","0","0","0","0","0","0","0","0","0","0","0","0","0","0","0","0","0","0","0","0","0","0","1","202108","202204","3077"
"3361446","530010","71010613","03288908000211","3","1","00000000000000","","","","0070","","0","E","","","04","","01","22","03","","99","","","","","","","","EAS 00088-10","20201207","","","","","","","0","0","1","0","0","0","1","0","0","0","0","0","0","0",0,0,0,"0",0,0,0,0,0,0,0,0,0,0,0,0,0,0,"0",1,0,0,3,0,0,0,0,2,0,0,0,0,0,0,0,"1",0,0,0,"0",0,0,0,0,"0",0,0,0,0,0,0,0,0,0,0,0,0,0,0,0,"0","0","1","0","0","0","0","0","1","0","0","0","0","0","0","0","0","0","0","0","0","0","0","0","1","1","0","0","1","1","0","0","0","0","0","0","0","0","0","0","0","0","0","0","0","0","0","0","0","0","0","1","0","0","0","0","0","0","0","0","0","0","0","0","0","0","0","0","0","0","0","0","0","0","0","0","0","0","0","0","0","0","0","0","0","0","0","0","0","0","0","0","1","202107","202204","3077"
"3362159","530010","70390150","72593742000189","3","1","00000000000000","","","","","","0","E","","","04","","03","04","03","","99","","","","","","","","CERTIFICADO RLE","20200109","1","","","","","","0","0","1","0","0","0","1","0","0","0","0","0","0","0",0,0,0,"0",0,0,0,0,0,0,0,0,0,0,0,0,0,0,"0",1,1,0,1,0,0,0,0,0,0,0,0,0,0,0,0,"1",0,0,0,"0",0,0,0,0,"0",0,0,0,0,0,0,0,0,0,0,0,0,0,0,0,"0","0","1","0","0","0","0","0","0","0","0","0","0","0","0","0","0","0","0","0","0","0","0","0","1","0","0","0","1","1","0","0","0","0","0","0","0","0","0","0","0","0","0","0","0","0","0","0","0","0","0","1","0","0","0","1","0","0","0","0","0","0","0","0","0","0","0","0","0","0","0","0","0","0","0","0","0","0","0","0","0","0","0","0","0","0","0","0","0","0","0","0","1","202203","202204","2305"
"3363996","530010","70711900","06142212000190","3","1","00000000000000","","","","","","0","E","","","04","","03","36","03","","99","","","","","","","","EAS 254102/02","20210310","1","","","","","","0","0","1","0","0","0","1","0","0","0","0","0","0","0",0,0,0,"0",0,0,0,0,0,0,0,0,0,0,0,0,0,0,"0",0,2,0,0,0,0,0,0,0,0,0,0,0,0,0,0,"1",0,0,0,"0",0,0,0,0,"0",0,0,0,0,0,0,0,0,0,0,0,0,0,0,0,"0","0","1","0","0","0","0","0","0","0","0","0","0","0","0","0","0","0","0","0","0","0","0","0","1","0","0","0","1","1","0","0","0","0","0","0","0","0","0","0","0","0","0","0","0","0","0","0","0","0","0","1","0","0","0","1","0","0","0","0","0","0","0","0","0","0","0","0","0","0","0","0","0","0","0","0","0","0","0","0","0","0","0","0","0","0","0","0","0","0","0","0","1","202108","202204","2062"
"3364003","530010","70390900","37113891000100","3","1","00000000000000","","","","0015","","0","E","","","04","","03","36","03","","99","","","","","","","","EAS 0220501","20200720","1","","","","","","0","0","1","0","0","0","1","0","0","0","0","0","0","0",0,0,0,"0",0,0,0,0,0,0,0,0,0,0,0,0,0,1,"1",0,1,0,0,0,0,0,0,0,0,0,0,0,0,0,0,"1",0,0,0,"0",0,0,0,0,"0",0,0,0,0,0,0,0,0,0,0,0,0,0,0,0,"0","0","1","0","0","0","0","0","0","0","0","0","0","0","0","0","0","0","0","0","0","0","0","0","1","0","0","0","1","1","0","0","0","0","0","0","0","0","0","0","0","0","0","0","0","0","0","0","0","0","0","1","0","0","0","1","0","0","0","0","0","0","0","0","0","1","0","0","0","1","0","0","0","0","0","0","0","0","0","0","0","0","0","0","0","0","0","0","0","0","0","0","1","202008","202204","2240"
"3364011","530010","70390145","02987420000139","3","1","00000000000000","","","","0015","","0","E","","","04","","01","36","04","","99","","","","","","","","","","","","","","","","0","0","1","0","0","0","1","0","0","0","0","0","0","0",0,0,0,"0",0,0,0,0,0,0,0,0,0,0,0,0,0,0,"0",0,0,0,1,0,0,0,0,0,0,0,0,0,0,0,0,"1",0,0,0,"0",0,0,0,0,"0",0,0,0,0,0,0,0,0,0,0,0,0,0,0,0,"0","0","1","0","0","0","0","0","0","0","0","0","0","0","0","0","0","0","0","0","0","0","0","0","1","0","0","0","1","1","0","0","0","0","0","0","0","0","0","0","0","0","0","0","0","0","0","0","0","0","0","1","0","0","0","1","0","0","0","0","0","0","0","0","0","0","0","0","0","0","0","0","0","0","0","0","0","0","0","0","0","0","0","0","0","0","0","0","0","0","0","0","1","202107","202204","2062"
"3364178","530010","70390700","37100583000132","3","1","00000000000000","","","","0010","","0","E","","","04","","01","04","03","","99","","","","","","","","EAS 0219001","20190607","1","","","","","","0","0","1","0","0","0","1","0","0","0","0","0","0","0",0,0,0,"0",0,0,0,0,0,0,0,0,0,0,0,0,0,0,"0",4,4,0,0,0,0,0,0,0,0,0,0,0,0,0,0,"1",0,0,0,"0",0,0,0,0,"0",0,0,0,0,0,0,0,0,0,0,0,0,0,0,0,"0","0","1","0","0","0","0","0","1","0","0","0","0","0","0","0","0","0","0","0","0","0","0","0","1","1","0","0","1","1","0","0","0","0","0","0","0","0","0","0","0","0","0","0","0","0","0","0","0","0","0","1","0","0","0","1","0","0","0","0","0","0","0","0","0","0","0","0","0","0","0","0","0","0","0","0","0","0","0","0","0","0","0","0","0","0","0","0","0","0","0","0","1","202010","202204","2062"
"3364216","530010","70390700","97496715000119","3","1","00000000000000","","","","","","0","E","","","04","","01","36","03","","99","","","","","","","","EAS.02247-01","20210618","1","","","","","","0","0","1","0","0","0","1","0","0","0","0","0","0","0",0,0,0,"0",0,0,0,0,0,0,0,0,0,0,0,0,0,0,"0",0,3,0,0,0,0,0,0,0,0,0,0,0,0,0,0,"1",0,0,0,"0",0,0,0,0,"0",0,0,0,0,0,0,0,0,0,0,0,0,0,0,0,"0","0","1","0","0","0","0","0","0","0","0","0","0","0","0","0","0","0","0","0","0","0","0","0","1","0","0","0","1","1","0","0","0","0","0","0","0","0","0","0","0","0","0","0","0","0","0","0","0","0","0","1","0","0","0","0","0","0","0","0","0","0","0","0","0","0","0","0","0","0","0","0","0","0","0","0","0","0","0","0","0","0","0","0","0","0","0","0","0","0","0","0","1","202201","202204","2062"
"3364224","530010","70200700","01082980000181","3","1","00000000000000","","","","","","0","E","","","04","","01","04","03","","99","","","","","","","","EAS.02231-01","20210506","1","","","","","","0","0","1","0","0","0","1","0","0","0","0","0","0","0",0,0,0,"0",0,0,0,0,0,0,0,0,0,0,0,0,0,0,"0",0,2,0,0,0,0,0,0,0,0,0,0,0,0,0,0,"1",0,0,0,"0",0,0,0,0,"0",0,0,0,0,0,0,0,0,0,0,0,0,0,0,0,"0","0","1","0","0","0","0","0","0","0","0","0","0","0","0","0","0","0","0","0","0","0","0","0","1","1","0","0","0","1","0","0","0","0","0","0","0","0","0","0","0","0","0","0","0","0","0","0","0","0","0","1","0","0","0","1","0","0","0","0","0","0","0","0","0","0","0","0","0","0","0","0","0","0","0","0","0","0","0","0","0","0","0","0","0","0","0","0","0","0","0","0","1","202204","202204","2062"
"3364267","530010","70390700","01258804000158","3","1","00000000000000","","","","","","0","E","","","04","","01","36","03","","99","","","","","","","","ODO.01091-01","20210617","1","","","","","","0","0","1","0","0","0","1","0","0","0","0","0","0","0",0,0,0,"0",0,0,0,0,0,0,0,0,0,0,0,0,0,0,"0",0,1,0,0,0,0,0,0,0,0,0,0,0,0,0,0,"1",0,0,0,"0",0,0,0,0,"0",0,0,0,0,0,0,0,0,0,0,0,0,0,0,0,"0","0","1","0","0","0","0","0","0","0","0","0","0","0","0","0","0","0","0","0","0","0","0","0","1","0","0","0","1","1","0","0","0","0","0","0","0","0","0","0","0","0","0","0","0","0","0","0","0","0","0","1","0","0","0","1","0","0","0","0","0","0","0","0","0","0","0","0","0","0","0","0","0","0","0","0","0","0","0","0","0","0","0","0","0","0","0","0","0","0","0","0","1","202109","202204","2062"
"3364283","530010","70200700","01641103000101","3","1","00000000000000","","","","0015","","0","E","","","04","","03","04","03","","99","","","","","","","","EAS 02597-01","20210303","1","","","","","","0","0","1","0","0","0","1","0","0","0","0","0","0","0",0,0,0,"0",0,0,0,0,0,0,0,0,0,0,0,0,0,0,"0",0,6,0,0,0,0,0,0,0,0,0,0,0,0,0,0,"1",0,0,0,"0",0,0,0,0,"0",0,0,0,0,0,0,0,0,0,0,0,0,0,0,0,"0","0","1","0","0","0","0","0","0","0","0","0","0","0","0","0","0","0","0","0","0","0","0","0","1","1","0","0","1","1","0","0","0","0","0","0","0","0","0","0","0","0","0","0","0","0","0","0","0","0","0","1","0","0","0","1","0","0","0","0","0","0","0","0","0","0","0","0","0","0","0","0","0","0","0","0","0","0","0","0","0","0","0","0","0","0","0","0","0","0","0","0","1","202201","202204","2062"
"3372375","530010","71025000","00000000000000","3","3","00394700000108","","01","","0070","","1","E","","","04","","03","70","03","","99","","","","","","","","","","","","","","","","0","0","1","0","0","0","1","0","0","0","0","0","0","0",0,0,0,"0",0,0,0,0,0,0,0,0,0,0,0,0,0,0,"0",1,7,0,1,1,1,0,0,0,0,1,0,0,0,0,0,"1",0,0,0,"0",0,0,0,0,"0",0,0,0,0,0,0,0,0,0,0,0,0,0,0,0,"0","0","1","0","1","0","1","0","0","0","0","1","0","0","0","0","0","0","0","0","0","0","0","0","1","0","0","0","1","1","0","0","0","0","0","0","0","0","0","0","0","0","0","0","0","0","0","0","0","0","1","0","0","0","0","0","0","0","0","0","0","0","0","0","0","0","0","0","0","0","0","0","0","0","0","0","0","0","0","0","0","0","0","0","0","0","0","0","0","0","0","0","1","202204","202204","1023"
"3373177","530010","70670010","06214793000128","3","1","00000000000000","","","","9931","","0","E","","","04","","03","36","03","","99","","","","","","","","EAS 00087-07/2021/2021","20210805","1","","","","","","0","0","1","0","0","0","1","0","0","0","0","0","0","0",0,0,0,"0",0,0,0,0,0,0,0,0,0,0,0,0,0,0,"0",0,5,0,0,0,0,0,0,0,1,0,0,0,0,0,0,"1",0,0,0,"0",0,0,0,0,"0",0,0,0,0,0,0,0,0,0,0,0,0,0,0,0,"0","0","1","0","0","0","0","0","1","0","0","0","0","0","0","0","0","0","0","0","0","0","0","0","1","1","0","0","1","1","0","0","0","0","0","0","0","0","0","0","0","0","0","0","0","0","0","0","0","0","0","1","0","0","0","1","0","0","0","0","0","0","0","0","0","0","0","0","0","0","0","0","0","0","0","0","0","0","0","0","0","0","0","0","0","0","0","0","0","0","0","0","1","202110","202204","2062"
"3373290","530010","70390145","01080451000149","3","1","00000000000000","","","","","","0","E","","","04","","01","36","03","","99","","","","","","","","RLE","20200715","1","","","","","","0","0","1","0","0","0","1","0","0","0","0","0","0","0",0,0,0,"0",0,0,0,0,0,0,0,0,0,0,0,0,0,0,"0",0,1,0,0,0,0,0,0,0,0,0,0,0,0,0,0,"1",0,0,0,"0",0,0,0,0,"0",0,0,0,0,0,0,0,0,0,0,0,0,0,0,0,"0","0","1","0","0","0","0","0","0","0","0","0","0","0","0","0","0","0","0","0","0","0","0","0","1","0","0","0","1","1","0","0","0","0","0","0","0","0","0","0","0","0","0","0","0","0","0","0","0","0","0","1","0","0","0","1","0","0","0","0","0","0","0","0","0","0","0","0","0","0","0","0","0","0","0","0","0","0","0","0","0","0","0","0","0","0","0","0","0","0","0","0","1","202103","202204","2240"
"3373312","530010","70830300","37114444000168","3","1","00000000000000","","","","","","0","E","","","04","","01","36","03","","99","","","","","","","","EAS 0 218-02","20201019","1","","","","","","0","0","1","0","0","0","1","0","0","0","0","0","0","0",0,0,0,"0",0,0,0,0,0,0,0,0,0,0,0,0,0,0,"0",0,2,0,0,0,0,0,0,0,0,0,0,0,0,0,0,"1",0,0,0,"0",0,0,0,0,"0",0,0,0,0,0,0,0,0,0,0,0,0,0,0,0,"0","0","1","0","0","0","0","0","0","0","0","0","0","0","0","0","0","0","0","0","0","0","0","0","1","0","0","0","1","1","0","0","0","0","0","0","0","0","0","0","0","0","0","0","0","0","0","0","0","0","0","1","0","0","0","1","0","0","0","0","0","0","0","0","0","0","0","0","0","0","0","0","0","0","0","0","0","0","0","0","0","0","0","0","0","0","0","0","0","0","0","0","1","202111","202204","2240"
"3373320","530010","70390150","03716197000158","3","1","00000000000000","","","","","","0","E","","","04","","01","36","03","","99","","","","","","","","EAS.05329-01","20201215","1","","","","","","0","0","1","0","0","0","1","0","0","0","0","0","0","0",0,0,0,"0",0,0,0,0,0,0,0,0,0,0,0,0,0,0,"0",0,3,0,0,0,0,0,0,0,0,0,0,0,0,0,0,"1",0,0,0,"0",0,0,0,0,"0",0,0,0,0,0,0,0,0,0,0,0,0,0,0,0,"0","0","1","0","0","0","0","0","0","0","0","0","0","0","0","0","0","0","0","0","0","0","0","0","1","0","0","0","1","1","0","0","0","0","0","0","0","0","0","0","0","0","0","0","0","0","0","0","0","0","0","1","0","0","0","1","0","0","0","0","0","0","0","0","0","0","0","0","0","0","0","0","0","0","0","0","0","0","0","0","0","0","0","0","0","0","0","0","0","0","0","0","1","202106","202204","2062"
"3373347","530010","70077000","37071404000186","3","1","00000000000000","","","","","","0","E","","","04","","03","36","03","","99","","","","","","","","ODO 1705-01","20210226","1","","","","","","0","0","1","0","0","0","1","0","0","0","0","0","0","0",0,0,0,"0",0,0,0,0,0,0,0,0,0,0,0,0,0,0,"0",0,0,0,0,0,0,0,0,2,0,0,0,0,0,0,0,"1",0,0,0,"0",0,0,0,0,"0",0,0,0,0,0,0,0,0,0,0,0,0,0,0,0,"0","0","1","0","0","0","0","0","1","0","0","0","0","0","0","0","0","0","0","0","0","0","0","0","1","1","0","1","1","1","0","0","0","0","0","0","0","0","0","0","0","0","0","0","0","0","0","0","0","0","0","1","0","0","0","1","0","0","0","0","0","0","0","0","0","0","0","0","0","0","0","0","0","0","0","0","0","0","0","0","0","0","0","0","0","0","0","0","0","0","0","0","1","202112","202204","2062"
"3373355","530010","70390108","38078036000160","3","1","00000000000000","","","","0010","","0","E","","","04","","03","36","03","","99","","","","","","","","ODO.01241-01","20210822","1","","","","","","0","0","1","0","0","0","1","0","0","0","0","0","0","0",0,0,0,"0",0,0,0,0,0,0,0,0,0,0,0,0,0,0,"0",0,0,0,0,0,0,0,0,2,0,0,0,0,0,0,0,"1",0,0,0,"0",0,0,0,0,"0",0,0,0,0,0,0,0,0,0,0,0,0,0,0,0,"0","0","1","0","0","0","0","0","1","0","0","0","0","0","0","0","0","0","0","0","0","0","0","0","1","1","0","0","1","1","0","0","0","0","0","0","0","0","0","0","0","0","0","0","0","0","0","0","0","0","0","1","0","0","0","1","0","0","0","0","0","0","0","0","0","0","0","0","0","0","0","0","0","0","0","0","0","0","0","0","0","0","0","0","0","0","0","0","0","0","0","0","1","202203","202204","2062"
"3373371","530010","70200740","07006655000116","3","1","00000000000000","","","","0015","","0","E","","","04","","03","36","03","","99","","","","","","","","EAS 02599-01","20211123","1","","","","","","0","0","1","0","0","0","1","0","0","0","0","0","0","0",0,0,0,"0",0,0,0,0,0,0,0,0,0,0,0,0,0,0,"0",0,1,0,0,0,0,0,0,0,0,0,0,0,0,0,0,"1",0,0,0,"0",0,0,0,0,"0",0,0,0,0,0,0,0,0,0,0,0,0,0,0,0,"0","0","1","0","0","0","0","0","0","0","0","0","0","0","0","0","0","0","0","0","0","0","0","0","1","1","0","0","1","1","0","0","0","0","0","0","0","0","0","0","0","0","0","0","0","0","0","0","0","0","0","1","0","0","0","0","0","0","0","0","0","0","0","0","0","0","0","0","0","0","0","0","0","0","0","0","0","0","0","0","0","0","0","0","0","0","0","0","0","0","0","0","1","202112","202204","2062"
"3373428","530010","70390700","03625563000163","3","1","00000000000000","","","","","","0","E","","","04","","01","36","03","","99","","","","","","","","EAS.02179-01","20211011","1","","","","","","0","0","1","0","0","0","1","0","0","0","0","0","0","0",0,0,0,"0",0,0,0,0,0,0,0,0,0,0,0,0,0,0,"0",0,3,0,0,0,0,0,0,0,0,0,0,0,0,0,0,"1",0,0,0,"0",0,0,0,0,"0",0,0,0,0,0,0,0,0,0,0,0,0,0,0,0,"0","0","1","0","0","0","0","0","0","0","0","0","0","0","0","0","0","0","0","0","0","0","0","0","1","0","0","0","1","1","0","0","0","0","0","0","0","0","0","0","0","0","0","0","0","0","0","0","0","0","0","1","0","0","0","1","0","0","0","0","0","0","0","0","0","0","0","0","0","0","0","0","0","0","0","0","0","0","0","0","0","0","0","0","0","0","0","0","0","0","0","0","1","202201","202204","2062"
"3373487","530010","70340000","00680962000139","3","1","00000000000000","","","","","","0","E","","","04","","01","36","03","","99","","","","","","","","ODO.01170-01","20210820","1","","","","","","0","0","1","0","0","0","1","0","0","0","0","0","0","0",0,0,0,"0",0,0,0,0,0,0,0,0,0,0,0,0,0,0,"0",0,0,0,0,0,0,0,0,2,0,0,0,0,0,0,0,"1",0,0,0,"0",0,0,0,0,"0",0,0,0,0,0,0,0,0,0,0,0,0,0,0,0,"0","0","1","0","0","0","0","0","0","0","0","0","0","0","0","0","0","0","0","0","0","0","0","0","1","1","0","0","1","1","0","0","0","0","0","0","0","0","0","0","0","0","0","0","0","0","0","0","0","0","0","1","0","0","0","1","0","0","0","0","0","0","0","0","0","0","0","0","0","0","0","0","0","0","0","0","0","0","0","0","0","0","0","0","0","0","0","0","0","0","0","0","1","202202","202204","2062"
"3375978","530010","71950550","02949053000189","3","1","00000000000000","","","","9901","","0","E","","","04","","03","36","03","","99","","","","","","","","LICENCA SANITARIA","20210512","1","","","","","","0","0","1","0","0","0","1","0","0","0","0","0","0","0",0,0,0,"0",0,0,0,0,0,0,0,0,0,0,0,0,0,0,"0",0,0,0,0,0,0,0,0,3,0,0,0,0,0,0,0,"1",0,0,0,"0",0,0,0,0,"0",0,0,0,0,0,0,0,0,0,0,0,0,0,0,0,"0","0","1","0","0","0","0","0","1","0","0","0","0","0","0","0","0","0","0","0","0","0","0","0","1","1","0","0","1","1","0","0","0","0","0","0","0","0","0","0","0","0","0","0","0","0","0","0","0","0","0","1","0","0","0","1","0","0","0","0","0","0","0","0","0","0","0","0","0","0","0","0","0","0","0","0","0","0","0","0","0","0","0","0","0","0","0","0","0","0","0","0","1","202108","202204","2062"
"3382486","530010","70390700","00718528002659","3","1","00000000000000","","","","0010","","0","E","","","04","","03","39","03","","99","","","","","","","","LAB 05662-01","20210503","1","","","","","","0","0","1","0","0","0","1","0","0","0","0","0","0","0",0,0,0,"0",0,0,0,0,0,0,0,0,0,0,0,0,0,0,"0",0,0,0,0,0,0,0,0,0,0,0,0,0,0,0,0,"0",0,0,0,"0",0,0,0,0,"0",0,0,0,0,0,0,0,0,0,0,0,0,0,0,0,"0","0","1","0","0","0","0","0","0","0","0","0","0","0","0","0","0","0","0","0","0","0","0","0","1","1","0","0","1","1","0","0","0","0","0","0","0","0","0","0","0","0","0","0","0","0","0","0","0","0","0","0","0","0","0","0","0","0","1","0","0","1","1","0","0","0","0","0","0","0","0","0","0","0","0","0","0","0","0","0","0","0","0","0","0","0","0","0","0","0","0","0","1","202108","202204","2054"
"3387410","530010","70770560","02224529000114","3","1","00000000000000","","","","","","0","E","","","04","","01","22","01","","99","","","","","","","","RLE","20180913","1","","","","","","0","0","1","0","0","0","1","0","0","0","0","0","0","0",0,0,0,"0",0,0,0,0,0,0,0,0,0,0,0,0,0,0,"0",0,1,0,0,0,0,0,0,0,0,0,0,0,0,0,0,"1",0,0,0,"0",0,0,0,0,"0",0,0,0,0,0,0,0,0,0,0,0,0,0,0,0,"0","0","0","0","0","0","0","0","0","0","0","0","0","0","0","0","0","0","0","0","1","0","0","0","1","1","1","0","1","1","0","0","0","0","0","0","0","0","0","0","0","0","0","0","0","0","0","0","0","0","0","1","0","0","0","0","0","0","0","0","0","0","0","0","0","0","0","0","0","0","0","0","0","0","0","0","0","0","0","0","0","0","0","0","0","0","0","0","0","0","0","0","1","201906","202204","2062"
"3388026","530010","70390100","05572306000136","3","1","00000000000000","","","","","","0","E","","","04","","01","04","03","","99","","","","","","","","EAS05083-01","20210901","","","","","","","0","0","1","0","0","0","1","0","0","0","0","0","0","0",0,0,0,"0",0,0,0,0,0,0,0,0,0,0,0,0,0,0,"0",1,1,0,0,0,0,0,0,0,0,0,0,0,0,0,0,"1",0,0,0,"0",0,0,0,0,"0",0,0,0,0,0,0,0,0,0,0,0,0,0,0,0,"0","0","1","0","0","0","0","0","0","1","0","0","0","0","0","0","0","1","0","1","0","1","0","0","1","1","0","0","1","1","0","0","0","0","0","0","0","0","0","0","0","0","0","0","0","0","0","0","0","0","0","1","0","0","0","1","0","0","0","0","0","0","0","0","0","0","0","0","0","0","0","0","0","0","0","0","0","0","0","0","0","0","0","0","0","0","0","0","0","0","0","0","1","202204","202204","2062"
"3388425","530010","70340000","02796184000173","3","1","00000000000000","","","","0010","","0","E","","","04","","01","36","03","","99","","","","","","","","004915","20200519","1","","","","","","0","0","1","0","0","0","1","0","0","0","0","0","0","0",0,0,0,"0",0,0,0,0,0,0,0,0,0,0,0,0,0,0,"0",0,4,0,0,0,0,0,0,0,0,0,0,0,0,0,0,"1",0,0,0,"0",0,0,0,0,"0",0,0,0,0,0,0,0,0,0,0,0,0,0,0,0,"0","0","1","0","0","0","0","0","0","0","0","0","0","0","0","0","0","0","0","0","0","0","0","0","1","0","0","0","1","1","0","0","0","0","0","0","0","0","0","0","0","0","0","0","0","0","0","0","0","0","0","1","0","0","0","1","0","0","0","0","0","0","0","0","0","0","0","0","0","0","0","0","0","0","0","0","0","0","0","0","0","0","0","0","0","0","0","0","0","0","0","0","1","202202","202204","2240"
"3388514","530010","72125020","02576577000171","3","1","00000000000000","","","","0015","","0","E","","","04","","03","36","03","","99","","","","","","","","EAS 0396201","20200309","1","","","","","","0","0","1","0","0","0","1","0","0","0","0","0","0","0",0,0,0,"0",0,0,0,0,0,0,0,0,0,0,0,0,0,0,"0",0,1,0,0,0,0,0,0,0,0,0,0,0,0,0,0,"1",0,0,0,"0",0,0,0,0,"0",0,0,0,0,0,0,0,0,0,0,0,0,0,0,0,"0","0","1","0","0","0","0","0","0","0","0","0","0","0","0","0","0","0","0","0","0","0","0","0","1","1","0","0","1","1","0","0","0","0","0","0","0","0","0","0","0","0","0","0","0","0","0","0","0","0","0","1","0","0","0","1","0","0","0","0","0","0","0","0","0","0","0","0","0","0","0","0","0","0","0","0","0","0","0","0","0","0","0","0","0","0","0","0","0","0","0","0","1","202009","202204","2240"
"3391426","530010","70390125","06096571000158","3","1","00000000000000","","","","","","0","E","","","04","","01","36","03","","99","","","","","","","","RLE","20210108","1","","","","","","0","0","1","0","0","0","1","0","0","0","0","0","0","0",0,0,0,"0",0,0,0,0,0,0,0,0,0,0,0,0,0,0,"0",0,0,0,3,0,0,0,0,0,0,0,0,0,0,0,0,"1",0,0,0,"0",0,0,0,0,"0",0,0,0,0,0,0,0,0,0,0,0,0,0,0,0,"0","0","1","0","0","0","0","0","0","0","0","0","0","0","0","0","0","0","0","0","0","0","0","0","1","0","0","0","1","1","0","0","0","0","0","0","0","0","0","0","0","0","0","0","0","0","0","0","0","0","0","0","0","0","0","1","0","0","0","0","0","0","0","0","0","0","0","0","0","0","0","0","0","0","0","0","0","0","0","0","0","0","0","0","0","0","0","0","0","0","0","0","1","202111","202204","2062"
"3391450","530010","72220280","05241143000109","3","1","00000000000000","","","","","","0","E","","","04","","03","04","03","","99","","","","","","","","EAS.00237-16","20200226","1","","","","","","0","0","1","0","0","0","1","0","0","0","0","0","0","0",0,0,0,"0",0,0,0,0,0,0,0,0,0,0,0,0,0,0,"0",0,3,0,0,0,0,0,0,0,0,0,0,0,0,0,0,"1",0,0,0,"0",0,0,0,0,"0",0,0,0,0,0,0,0,0,0,0,0,0,0,0,0,"0","0","1","0","0","0","0","0","0","0","0","0","0","0","0","0","0","0","0","0","0","0","0","0","1","0","0","0","1","1","0","0","0","0","0","0","0","0","0","0","0","0","0","0","0","0","0","0","0","0","0","1","0","0","0","1","0","0","1","0","0","0","1","0","0","0","0","0","0","0","0","0","0","0","0","0","0","0","0","0","0","0","0","0","0","0","0","0","0","0","0","0","1","202005","202204","2240"
"3400891","530010","70390055","04982009000104","3","1","00000000000000","","","","","","0","E","","","04","","03","22","03","","99","","","","","","","","","","","","","","","","0","0","1","0","0","0","1","0","0","0","0","0","0","0",0,0,0,"0",0,0,0,0,0,0,0,0,0,0,0,0,0,0,"0",0,0,0,2,0,0,0,0,0,0,0,0,0,0,0,0,"1",0,0,0,"0",0,0,0,0,"0",0,0,0,0,0,0,0,0,0,0,0,0,0,0,0,"0","0","1","0","0","0","0","0","0","0","0","0","0","0","0","0","0","0","0","0","0","0","0","0","1","0","0","0","1","1","0","0","0","0","0","0","0","0","0","0","0","0","0","0","0","0","0","0","0","0","0","1","0","0","0","0","0","0","0","0","0","0","0","0","0","0","0","0","0","0","0","0","0","0","0","0","0","0","0","0","0","0","0","0","0","0","0","0","0","0","0","0","1","202110","202204","2305"
"3400905","530010","70390700","05274848000122","3","1","00000000000000","","","","","","0","E","","","04","","03","36","03","","99","","","","","","","","EAS-02607-01","20200714","1","","","","","","0","0","1","0","0","0","1","0","0","0","0","0","0","0",0,0,0,"0",0,0,0,0,0,0,0,0,0,0,0,0,0,0,"0",0,1,0,0,0,0,0,0,0,0,0,0,0,0,0,0,"1",0,0,0,"0",0,0,0,0,"0",0,0,0,0,0,0,0,0,0,0,0,0,0,0,0,"0","0","1","0","0","0","0","0","0","0","0","0","0","0","0","0","0","0","0","0","0","0","0","0","1","0","0","0","1","1","0","0","0","0","0","0","0","0","0","0","0","0","0","0","0","0","0","0","0","0","0","1","0","0","0","1","0","0","0","0","0","0","0","0","0","0","0","0","0","0","0","0","0","0","0","0","0","0","0","0","0","0","0","0","0","0","0","0","0","0","0","0","1","202011","202204","2062"
"3400948","530010","70390100","00021163359220","1","1","00000000000000","","","","","","0","E","","","04","","02","22","03","","99","","","","","","","","2021068291","20210312","1","","","","","","0","0","1","0","0","0","1","0","0","0","0","0","0","0",0,0,0,"0",0,0,0,0,0,0,0,0,0,0,0,0,0,0,"0",0,0,0,1,0,0,0,0,0,0,0,0,0,0,0,0,"1",0,0,0,"0",0,0,0,0,"0",0,0,0,0,0,0,0,0,0,0,0,0,0,0,0,"0","0","1","0","0","0","0","0","0","0","0","0","0","0","0","0","0","0","0","0","0","0","0","0","1","0","0","0","1","1","0","0","0","0","0","0","0","0","0","0","0","0","0","0","0","0","0","0","0","0","0","1","0","0","0","1","0","0","0","0","0","0","0","0","0","0","0","0","0","0","0","0","0","0","0","0","0","0","0","0","0","0","0","0","0","0","0","0","0","0","0","0","1","202103","202204","4000"
"3401642","530010","70710100","00931670000121","3","1","00000000000000","","","","0005","","0","E","","","04","","03","22","03","","99","","","","","","","","EAS0264-02","20200301","1","","","","","","0","0","1","0","0","0","1","0","0","0","0","0","0","0",0,0,0,"0",0,0,0,0,0,0,0,0,0,0,0,0,0,0,"0",0,2,0,0,0,0,0,0,0,0,0,0,0,0,0,0,"1",0,0,0,"0",0,0,0,0,"0",0,0,0,0,0,0,0,0,0,0,0,0,0,0,0,"0","0","1","0","0","0","0","0","0","0","0","0","0","0","0","0","0","0","0","0","0","0","0","0","1","0","0","0","1","1","0","0","0","0","0","0","0","0","0","0","0","0","0","0","0","0","0","0","0","0","0","1","0","0","0","0","0","0","0","0","0","0","0","0","0","0","0","0","0","0","0","0","0","0","0","0","0","0","0","0","0","0","0","0","0","0","0","0","0","0","0","0","1","202101","202204","2062"
"3401669","530010","70310500","37174794000110","3","1","00000000000000","","","","","","0","E","","","04","","03","22","03","","99","","","","","","","","EAS.00395-02","20191129","1","","","","","","0","0","1","0","0","0","1","0","0","0","0","0","0","0",0,0,0,"0",0,0,0,0,0,0,0,0,0,0,0,0,0,0,"0",1,0,0,0,0,0,0,0,0,0,0,0,0,0,0,0,"1",0,0,0,"0",0,0,0,0,"0",0,0,0,0,0,0,0,0,0,0,0,0,0,0,0,"0","0","1","0","0","0","0","0","0","0","0","0","0","0","0","0","0","0","0","0","0","0","0","0","1","0","0","0","1","1","0","0","0","0","0","0","0","0","0","0","0","0","0","0","0","0","0","0","0","0","0","1","0","0","0","0","0","0","0","0","0","0","0","0","0","0","0","0","0","0","0","0","0","0","0","0","0","0","0","0","0","0","0","0","0","0","0","0","0","0","0","0","1","202010","202204","2305"
"3401685","530010","70711000","05007728000169","3","1","00000000000000","","","","","","0","E","","","04","","03","36","03","","99","","","","","","","","20210025078","20210530","1","","","","","","0","0","1","0","0","0","1","0","0","0","0","0","0","0",0,0,0,"0",0,0,0,0,0,0,0,0,0,0,0,0,0,0,"0",0,0,0,0,0,0,0,0,2,0,0,0,0,0,0,0,"1",0,0,0,"0",0,0,0,0,"0",0,0,0,0,0,0,0,0,0,0,0,0,0,0,0,"0","0","1","0","0","0","0","0","1","0","0","0","0","0","0","0","0","0","0","0","0","0","0","0","1","1","0","0","1","1","0","0","0","0","0","0","0","0","0","0","0","0","0","0","0","0","0","0","0","0","0","0","0","0","1","0","0","0","0","0","0","0","0","0","0","0","0","0","0","0","0","0","0","0","0","0","0","0","0","0","0","0","0","0","0","0","0","0","0","0","0","0","1","202202","202204","2240"
"3401731","530010","70770560","04977555000149","3","1","00000000000000","","","","","","0","E","","","04","","01","36","03","","99","","","","","","","","EAS.00202-02","20200615","1","","","","","","0","0","1","0","0","0","1","0","0","0","0","0","0","0",0,0,0,"0",0,0,0,0,0,0,0,0,0,0,0,0,0,0,"0",0,1,0,0,0,0,0,0,0,0,0,0,0,0,0,0,"1",0,0,0,"0",0,0,0,0,"0",0,0,0,0,0,0,0,0,0,0,0,0,0,0,0,"0","0","1","0","0","0","0","0","0","0","0","0","0","0","0","0","0","0","0","0","0","0","0","0","1","0","0","0","1","1","0","0","0","0","0","0","0","0","0","0","0","0","0","0","0","0","0","0","0","0","0","1","0","0","0","1","0","0","0","0","0","0","0","0","0","0","0","0","0","0","0","0","0","0","0","0","0","0","0","0","0","0","0","0","0","0","0","0","0","0","0","0","1","202106","202204","2062"
"3401758","530010","70310500","02902493000180","3","1","00000000000000","","","","0010","","0","E","","","04","","03","36","03","","99","","","","","","","","EAS- 0336-02","20210614","2","","","","","","0","0","1","0","0","0","1","0","0","0","0","0","0","0",0,0,0,"0",0,0,0,0,0,0,0,0,0,0,0,0,0,0,"0",0,3,0,0,0,0,0,0,0,0,0,0,0,0,0,0,"1",0,0,0,"0",0,0,0,0,"0",0,0,0,0,0,0,0,0,0,0,0,0,0,0,0,"0","0","1","0","0","0","0","0","0","0","0","0","0","0","0","0","0","0","0","0","0","0","0","0","1","1","0","0","0","1","0","0","0","0","0","0","0","0","0","0","0","0","0","0","0","0","0","0","0","0","0","1","0","0","0","1","0","0","0","0","0","0","0","0","0","0","0","0","0","0","0","0","0","0","0","0","0","0","0","0","0","0","0","0","0","0","0","0","0","0","0","0","1","202107","202204","2062"
"3401774","530010","70719900","03750503000172","3","1","00000000000000","","","","0010","","0","E","","","04","","03","36","03","","99","","","","","","","","RLE 20171501018691","20200925","1","","","","","","0","0","1","0","0","0","1","0","0","0","0","0","0","0",0,0,0,"0",0,0,0,0,0,0,0,0,0,0,0,0,0,0,"0",0,0,0,12,0,0,0,0,0,0,0,0,0,0,0,0,"1",0,0,0,"0",0,0,0,0,"0",0,0,0,0,0,0,0,0,0,0,0,0,0,0,0,"0","0","1","0","0","0","0","0","0","0","0","0","0","0","0","0","0","0","0","0","0","0","0","0","1","0","0","0","1","1","0","0","0","0","0","0","0","0","0","0","0","0","0","0","0","0","0","0","0","0","0","1","0","0","0","1","0","0","0","0","0","0","0","0","0","0","0","0","0","0","0","0","0","0","0","0","0","0","0","0","0","0","0","0","0","0","0","0","0","0","0","0","1","202010","202204","2062"
"3401839","530010","70077900","00003096063818","1","1","00000000000000","","","","0005","","0","E","","","04","","03","22","03","","99","","","","","","","","ODO-00203-02","20190726","1","","","","","","0","0","1","0","0","0","1","0","0","0","0","0","0","0",0,0,0,"0",0,0,0,0,0,0,0,0,0,0,0,0,0,0,"0",0,0,0,0,0,0,0,0,1,0,0,0,0,0,0,0,"1",0,0,0,"0",0,0,0,0,"0",0,0,0,0,0,0,0,0,0,0,0,0,0,0,0,"0","0","1","0","0","0","0","0","1","0","0","0","0","0","0","0","0","0","0","0","0","0","0","0","1","1","0","0","1","1","0","0","0","0","0","0","0","0","0","0","0","0","0","0","0","0","0","0","0","0","0","1","0","0","1","1","0","0","0","0","0","0","0","0","0","0","0","0","0","0","0","0","0","0","0","0","0","0","0","0","0","0","0","0","0","0","0","0","0","0","0","0","1","201907","202204","4000"
"3401898","530010","70770560","01822570000120","3","1","00000000000000","","","","0005","","0","E","","","04","","01","36","03","","99","","","","","","","","CERTIFICADO DE LICENCIAME","20200213","1","","","","","","0","0","1","0","0","0","1","0","0","0","0","0","0","0",0,0,0,"0",0,0,0,0,0,0,0,0,0,0,0,0,0,0,"0",0,2,0,0,0,0,0,0,0,0,0,0,0,0,0,0,"1",0,0,0,"0",0,0,0,0,"0",0,0,0,0,0,0,0,0,0,0,0,0,0,0,0,"0","0","1","0","0","0","0","0","0","0","0","0","0","0","0","0","0","0","0","0","0","0","0","0","1","0","0","0","1","1","0","0","0","0","0","0","0","0","0","0","0","0","0","0","0","0","0","0","0","0","0","1","0","0","0","0","0","0","0","0","0","0","0","0","0","0","0","0","0","0","0","0","0","0","0","0","0","0","0","0","0","0","0","0","0","0","0","0","0","0","0","0","1","202008","202204","2062"
"3404374","530010","70390700","24942732000169","3","1","00000000000000","","","","0015","","0","E","","","04","","03","39","03","","99","","","","","","","","0542301","20190318","1","","","","","","0","0","1","0","0","0","1","0","0","0","0","0","0","0",0,0,0,"0",0,0,0,0,0,0,0,0,0,0,0,0,0,0,"0",0,0,0,4,0,0,0,0,0,0,0,0,0,0,0,0,"1",0,0,0,"0",0,0,0,0,"0",0,0,0,0,0,0,0,0,0,0,0,0,0,0,0,"0","0","0","0","0","0","0","0","0","0","0","0","0","0","0","0","0","0","0","0","0","1","0","0","1","0","0","0","1","1","0","0","0","0","0","0","0","0","0","0","0","0","0","0","0","0","0","0","0","0","0","0","0","0","0","0","0","0","0","0","0","0","1","0","0","0","0","0","0","0","0","0","0","0","0","0","0","0","0","0","0","0","0","0","0","0","0","0","0","0","0","0","1","201909","202204","2062"
"3410196","530010","71880100","00000000000000","3","3","00394700000108","","01","","0135","","1","E","","","04","","03","02","03","","99","","","","","","","","","","1","","","","","","1","0","0","0","0","0","1","0","0","0","0","0","0","0",0,0,0,"0",0,0,0,0,0,0,0,0,0,0,0,0,0,0,"0",2,0,0,1,0,0,0,0,0,0,1,1,0,0,0,0,"1",0,0,0,"0",0,0,0,0,"0",0,0,0,0,0,0,0,0,0,0,0,0,0,0,0,"0","0","1","0","0","0","0","0","0","0","0","0","0","0","0","0","0","0","0","0","0","0","0","0","1","1","0","0","1","1","0","0","0","0","0","0","0","0","0","0","0","0","0","0","0","0","0","0","0","0","1","0","0","0","0","0","0","0","0","0","0","0","0","0","0","0","0","0","0","0","0","0","0","0","0","0","0","0","0","0","0","0","0","0","0","0","0","0","0","0","0","0","1","202104","202204","1023"
"3415465","530010","70390905","37164746000140","3","1","00000000000000","","","","","","0","E","","","04","","03","04","03","","99","","","","","","","","2019008321","20190909","1","","","","","","0","0","1","0","0","0","1","0","0","0","0","0","0","0",0,0,0,"0",0,0,0,0,0,0,0,0,0,0,0,0,0,0,"0",0,1,0,0,0,0,0,0,0,0,0,0,0,0,0,0,"1",0,0,0,"0",0,0,0,0,"0",0,0,0,0,0,0,0,0,0,0,0,0,0,0,0,"0","0","1","0","0","0","0","0","0","0","0","0","0","0","0","0","0","0","0","0","0","0","0","0","1","0","0","0","1","1","0","0","0","0","0","0","0","0","0","0","0","0","0","0","0","0","0","0","0","0","0","1","0","0","0","0","0","0","0","0","0","0","0","0","0","0","0","0","0","0","0","0","0","0","0","0","0","0","0","0","0","0","0","0","0","0","0","0","0","0","0","0","1","202002","202204","2062"
"3415473","530010","70390145","06905968000143","3","1","00000000000000","","","","","","0","E","","","04","","03","04","03","","99","","","","","","","","DFP","20210126","1","","","","","","0","0","1","0","0","0","1","0","0","0","0","0","0","0",0,0,0,"0",0,0,0,0,0,0,0,0,0,0,0,0,0,0,"0",1,1,0,0,0,0,0,0,0,0,0,0,0,0,0,0,"1",0,0,0,"0",0,0,0,0,"0",0,0,0,0,0,0,0,0,0,0,0,0,0,0,0,"0","0","1","0","0","0","0","0","0","0","0","0","0","0","0","0","0","0","0","0","0","0","0","0","1","0","0","0","1","1","0","0","0","0","0","0","0","0","0","0","0","0","0","0","0","0","0","0","0","0","0","1","0","0","1","1","0","0","0","0","0","0","0","0","0","0","0","0","0","0","0","0","0","0","0","0","0","0","0","0","0","0","0","0","0","0","0","0","0","0","0","0","1","202101","202204","2232"
"3416682","530010","72115125","03288908000726","3","1","00000000000000","","","","0180","","0","E","","","04","","03","22","04","","99","","","","","","","","EAS.00165-15","20210202","1","","","","","","0","0","1","0","0","0","1","0","0","0","0","0","0","0",0,0,0,"0",0,0,0,0,0,0,0,0,0,0,0,0,0,0,"0",2,0,0,0,0,0,0,0,4,0,0,0,0,0,0,0,"1",0,0,0,"0",0,0,0,0,"0",0,0,0,0,0,0,0,0,0,0,0,0,0,0,0,"0","0","1","0","0","0","0","0","1","0","0","0","0","0","0","0","0","0","0","0","0","0","0","0","1","1","0","0","1","1","1","0","0","0","0","0","0","0","0","0","0","0","1","0","0","0","0","0","0","0","0","1","0","0","0","0","0","0","0","0","0","0","0","0","0","0","0","0","0","0","0","0","0","0","0","0","0","0","0","0","0","0","0","0","0","0","0","0","0","0","0","0","1","202108","202204","3077"
"3418200","530010","70390902","03859001000184","3","1","00000000000000","","","","0015","","0","E","","","04","","03","22","03","","99","","","","","","","","EAS.02444-01","20180426","1","","","","","","0","0","1","0","0","0","1","0","0","0","0","0","0","0",0,0,0,"0",0,0,0,0,0,0,0,0,0,0,0,0,0,0,"0",1,0,0,0,0,0,0,0,0,0,0,0,0,0,0,0,"1",0,0,0,"0",0,0,0,0,"0",0,0,0,0,0,0,0,0,0,0,0,0,0,0,0,"0","0","1","0","0","0","0","0","0","0","0","0","0","0","0","0","0","0","0","0","0","0","0","0","1","1","0","0","1","1","0","0","0","0","0","0","0","0","0","0","0","0","0","0","0","0","0","0","0","0","0","0","0","0","0","1","0","0","0","0","0","0","0","0","0","0","0","0","0","0","0","0","0","0","0","0","0","0","0","0","0","0","0","0","0","0","0","0","0","0","0","0","1","201812","202204","2240"
"3420256","530010","70670522","06188330000139","3","1","00000000000000","","","","","","0","E","","","04","","01","22","03","","99","","","","","","","","ODO.00039-07","20210826","1","","","","","","0","0","1","0","0","0","1","0","0","0","0","0","0","0",0,0,0,"0",0,0,0,0,0,0,0,0,0,0,0,0,0,0,"0",0,0,0,0,0,0,0,0,1,0,0,0,0,0,0,0,"1",0,0,0,"0",0,0,0,0,"0",0,0,0,0,0,0,0,0,0,0,0,0,0,0,0,"0","0","1","0","0","0","0","0","1","0","0","0","0","0","0","0","0","0","0","0","0","0","0","0","1","1","0","0","1","1","0","0","0","0","0","0","0","0","0","0","0","0","0","0","0","0","0","0","0","0","0","1","0","0","0","0","0","0","0","0","0","0","0","0","0","0","0","0","0","0","0","0","0","0","0","0","0","0","0","0","0","0","0","0","0","0","0","0","0","0","0","0","1","202109","202204","2062"
"3421643","530010","70390700","37127800000188","3","1","00000000000000","","","","0010","","0","E","","","04","","03","22","04","","99","","","","","","","","","","","","","","","","0","0","1","0","0","0","1","0","0","0","0","0","0","0",0,0,0,"0",0,0,0,0,0,0,0,0,0,0,0,0,0,0,"0",0,2,0,0,0,0,0,0,0,0,0,0,0,0,0,0,"1",0,0,0,"0",0,0,0,0,"0",0,0,0,0,0,0,0,0,0,0,0,0,0,0,0,"0","0","1","0","0","0","0","0","0","0","0","0","0","0","0","0","0","0","0","0","0","0","0","0","1","1","1","0","1","1","0","0","0","0","0","0","0","0","0","0","0","0","0","0","0","0","0","0","0","0","0","1","0","0","0","0","0","0","0","0","0","0","0","0","0","0","0","0","0","0","0","0","0","0","0","0","0","0","0","0","0","0","0","0","0","0","0","0","0","0","0","0","1","202108","202204","2062"
"3421821","530010","70390145","01320680000193","3","1","00000000000000","","","","","","0","E","","","04","","01","04","03","","99","","","","","","","","EAS0398901","20210402","1","","","","","","0","0","1","0","0","0","1","0","0","0","0","0","0","0",0,0,0,"0",0,0,0,0,0,0,0,0,0,0,0,0,0,0,"0",0,1,0,1,0,0,0,0,0,0,0,0,0,0,0,0,"1",0,0,0,"0",0,0,0,0,"0",0,0,0,0,0,0,0,0,0,0,0,0,0,0,0,"0","0","1","0","0","0","0","0","0","0","0","0","0","0","0","0","0","0","0","0","0","0","0","0","1","0","0","0","1","1","0","0","0","0","0","0","0","0","0","0","0","0","0","0","0","0","0","0","0","0","0","1","0","0","0","1","0","0","0","0","0","0","0","0","0","0","0","0","0","0","0","0","0","0","0","0","0","0","0","0","0","0","0","0","0","0","0","0","0","0","0","0","1","202107","202204","2062"
"3427749","530010","70200700","06537642000100","3","1","00000000000000","","","","","","0","E","","","04","","01","04","03","","99","","","","","","","","EAS.05221-01","20220110","1","","","","","","0","0","1","0","0","0","1","0","0","0","0","0","0","0",0,0,0,"0",0,0,0,0,0,0,0,0,0,0,0,0,0,0,"0",0,8,0,0,0,0,0,0,0,0,0,0,0,0,0,0,"1",0,0,0,"0",0,0,0,0,"0",0,0,0,0,0,0,0,0,0,0,0,0,0,0,0,"0","0","1","0","0","0","0","0","0","0","0","0","0","0","0","0","0","0","0","0","0","0","0","0","1","1","0","0","1","1","0","0","0","0","0","0","0","0","0","0","0","0","0","0","0","0","0","0","0","0","0","1","0","0","0","1","0","0","0","0","0","0","0","0","0","0","0","0","0","0","0","0","0","0","0","0","0","0","0","0","0","0","0","0","0","0","0","0","0","0","0","0","1","202203","202204","2062"
"3427773","530010","70390150","00823345000145","3","1","00000000000000","","","","","","0","E","","","04","","01","22","03","","99","","","","","","","","RLE DIGITAL","20200916","1","","","","","","0","0","1","0","0","0","1","0","0","0","0","0","0","0",0,0,0,"0",0,0,0,0,0,0,0,0,0,0,0,0,0,0,"0",0,2,0,0,0,0,0,0,0,0,0,0,0,0,0,0,"1",0,0,0,"0",0,0,0,0,"0",0,0,0,0,0,0,0,0,0,0,0,0,0,0,0,"0","0","0","0","0","0","0","0","0","0","0","0","0","0","0","0","0","0","0","0","0","0","0","0","0","0","0","0","1","1","0","0","0","0","0","0","0","0","0","0","0","0","0","0","0","0","0","0","0","0","0","1","0","0","0","0","0","0","0","0","0","0","0","0","0","0","0","0","0","0","0","0","0","0","0","0","0","0","0","0","0","0","0","0","0","0","0","0","0","0","0","0","1","202011","202204","2062"
"3427900","530010","70390155","00610380000186","3","1","00000000000000","","","","0015","","0","E","","","04","","03","04","03","","99","","","","","","","","CERTIFICADO RLE","20220201","1","","","","","","0","0","1","0","0","0","1","0","0","0","0","0","0","0",0,0,0,"0",0,0,0,0,0,0,0,0,0,0,0,0,0,0,"0",0,2,0,1,0,0,0,0,0,0,0,0,0,0,0,0,"1",0,0,0,"0",0,0,0,0,"0",0,0,0,0,0,0,0,0,0,0,0,0,0,0,0,"0","0","1","0","0","0","0","0","0","0","0","0","0","0","0","0","0","0","0","0","0","0","0","0","1","0","0","0","1","1","0","0","0","0","0","0","0","0","0","0","0","0","0","0","0","0","0","0","0","0","0","1","0","0","0","1","0","0","0","0","0","0","0","0","0","0","0","0","0","0","0","0","0","0","0","0","0","0","0","0","0","0","0","0","0","0","0","0","0","0","0","0","1","202202","202204","2062"
"3429997","530010","70340906","05313098000150","3","1","00000000000000","","","","0010","","0","E","","","04","","03","36","03","","99","","","","","","","","ODO.01556-01","20210324","1","","","","","","0","0","1","0","0","0","1","0","0","0","0","0","0","0",0,0,0,"0",0,0,0,0,0,0,0,0,0,0,0,0,0,0,"0",0,0,0,0,0,0,0,0,3,0,0,0,0,0,0,0,"1",0,0,0,"0",0,0,0,0,"0",0,0,0,0,0,0,0,0,0,0,0,0,0,0,0,"0","0","1","0","0","0","0","0","1","0","0","0","0","0","0","0","0","0","0","0","0","0","0","0","1","1","0","0","1","1","0","0","0","0","0","0","0","0","0","0","0","0","0","0","0","0","0","0","0","0","0","1","0","0","0","1","0","0","0","0","0","0","0","0","0","0","0","0","0","0","0","0","0","0","0","0","0","0","0","0","0","0","0","0","0","0","0","0","0","0","0","0","1","202201","202204","2062"
"3431398","530010","70715900","06277104000124","3","1","00000000000000","","","","0010","","0","E","","","04","","03","22","03","","99","","","","","","","","ODO-0027-02","20200814","1","","","","","","0","0","1","0","0","0","1","0","0","0","0","0","0","0",0,0,0,"0",0,0,0,0,0,0,0,0,0,0,0,0,0,0,"0",0,0,0,0,0,0,0,0,1,0,0,0,0,0,0,0,"1",0,0,0,"0",0,0,0,0,"0",0,0,0,0,0,0,0,0,0,0,0,0,0,0,0,"0","0","1","0","0","0","0","0","1","0","0","0","0","0","0","0","0","0","0","0","0","0","0","0","1","1","0","0","1","1","0","0","0","0","0","0","0","0","0","0","0","0","0","0","0","0","0","0","0","0","0","1","0","0","0","1","0","0","0","0","0","0","0","0","0","0","0","0","0","0","0","0","0","0","0","0","0","0","0","0","0","0","0","0","0","0","0","0","0","0","0","0","1","202108","202204","2240"
"3438600","530010","70390700","01281570000160","3","1","00000000000000","","","","","","0","E","","","04","","03","22","03","","99","","","","","","","","532022101123","20220304","2","","","","","","0","0","1","0","0","0","1","0","0","0","0","0","0","0",0,0,0,"0",0,0,0,0,0,0,0,0,0,0,0,0,0,0,"0",0,1,0,0,0,0,0,0,0,0,0,0,0,0,0,0,"1",0,0,0,"0",0,0,0,0,"0",0,0,0,0,0,0,0,0,0,0,0,0,0,0,0,"0","0","1","0","0","0","0","0","0","0","0","0","0","0","0","0","0","0","0","0","0","0","0","0","1","1","0","0","1","1","0","0","0","0","0","0","0","0","0","0","0","0","0","0","0","0","0","0","0","0","0","1","0","0","0","1","0","0","0","0","0","0","0","0","0","0","0","0","0","0","0","0","0","0","0","0","0","0","0","0","0","0","0","0","0","0","0","0","0","0","0","0","1","202204","202204","2240"
"3438619","530010","70390700","00624445000142","3","1","00000000000000","","","","","","0","E","","","04","","01","36","03","","99","","","","","","","","EAS 227201/2022","20220116","","","","","","","0","0","1","0","0","0","1","0","0","0","0","0","0","0",0,0,0,"0",0,0,0,0,0,0,0,0,0,0,0,0,0,0,"0",1,1,0,0,0,0,0,0,0,0,0,0,0,0,0,0,"1",0,0,0,"0",0,0,0,0,"0",0,0,0,0,0,0,0,0,0,0,0,0,0,0,0,"0","0","1","0","0","0","0","0","0","0","0","0","0","0","0","0","0","0","0","0","0","0","0","0","1","0","0","0","1","1","0","0","0","0","0","0","0","0","0","0","0","0","0","0","0","0","0","0","0","0","0","1","0","0","0","1","0","0","0","0","0","0","0","0","0","0","0","0","0","0","0","0","0","0","0","0","0","0","0","0","0","0","0","0","0","0","0","0","0","0","0","0","1","202202","202204","2062"
"3438678","530010","70390108","07173047000104","3","1","00000000000000","","","","","","0","E","","","04","","01","04","03","","99","","","","","","","","EAS.02611-01","20200526","","","","","","","0","0","1","0","0","0","1","0","0","0","0","0","0","0",0,0,0,"0",0,0,0,0,0,0,0,0,0,0,0,0,0,0,"0",0,2,0,0,0,0,0,0,0,0,0,0,0,0,0,0,"1",0,0,0,"0",0,0,0,0,"0",0,0,0,0,0,0,0,0,0,0,0,0,0,0,0,"0","0","1","0","0","0","0","0","0","0","0","0","0","0","0","0","0","0","0","0","0","0","0","0","1","0","0","0","1","1","0","0","0","0","0","0","0","0","0","0","0","0","0","0","0","0","0","0","0","0","0","1","0","0","0","1","0","0","0","0","0","0","0","0","0","0","0","0","0","0","0","0","0","0","0","0","0","0","0","0","0","0","0","0","0","0","0","0","0","0","0","0","1","202009","202204","2062"
"3444104","530010","70390108","07206702000175","3","1","00000000000000","","","","","","0","E","","","04","","01","04","04","","99","","","","","","","","EAS 2025601","20201123","1","","","","","","0","0","1","0","0","0","1","0","0","0","0","0","0","0",0,0,0,"0",0,0,0,0,0,0,0,0,0,0,0,0,0,0,"0",0,1,0,0,0,0,0,0,0,0,0,0,0,0,0,0,"1",0,0,0,"0",0,0,0,0,"0",0,0,0,0,0,0,0,0,0,0,0,0,0,0,0,"0","0","0","1","0","0","0","0","0","0","0","0","0","0","0","0","0","0","0","0","0","0","0","0","1","0","0","0","1","1","0","0","0","0","0","0","0","0","0","0","0","0","0","0","0","0","0","0","0","0","0","1","0","0","0","0","0","0","0","0","0","0","0","0","0","0","0","0","0","0","0","0","0","0","0","0","0","0","0","0","0","0","0","0","0","0","0","0","0","0","0","0","1","202110","202204","2062"
"3448614","530010","72410201","04069367000384","3","1","00000000000000","","","","","","0","E","","","04","","02","36","03","","99","","","","","","","","ODO.00057-20","20200309","1","","","","","","0","0","1","0","0","0","1","0","0","0","0","0","0","0",0,0,0,"0",0,0,0,0,0,0,0,0,0,0,0,0,0,0,"0",0,0,0,0,0,0,0,0,2,0,0,0,0,0,0,0,"1",0,0,0,"0",0,0,0,0,"0",0,0,0,0,0,0,0,0,0,0,0,0,0,0,0,"0","0","1","0","0","0","0","0","0","0","0","0","0","0","0","0","0","0","0","1","0","0","0","0","1","0","0","0","1","1","0","0","0","0","0","0","0","0","0","0","0","0","0","0","0","0","0","0","0","0","0","1","0","0","0","1","0","0","0","0","0","0","0","0","0","0","0","0","0","0","0","0","0","0","0","0","0","0","0","0","0","0","0","0","0","0","0","0","0","0","0","0","1","202010","202204","2062"
"3448622","530010","72445000","03288908000300","3","1","00000000000000","","","","0060","","0","E","","","04","","01","22","03","","99","","","","","","","","EAS 00052-20;2020","20201209","1","","","","","","0","0","1","0","0","0","1","0","0","0","0","0","0","0",0,0,0,"0",0,0,0,0,0,0,0,0,0,0,0,0,0,0,"0",3,0,0,0,0,0,0,0,4,0,0,0,0,0,0,0,"1",0,0,0,"0",0,0,0,0,"0",0,0,0,0,0,0,0,0,0,0,0,0,0,0,0,"0","0","1","0","0","0","0","0","1","0","0","0","0","0","0","0","0","0","0","0","0","0","0","0","1","1","1","0","1","1","0","0","0","0","0","0","0","0","0","0","0","0","0","0","0","0","0","0","0","0","0","1","0","0","0","0","0","0","0","0","0","0","0","0","0","0","0","0","0","0","0","0","0","0","0","0","0","0","0","0","0","0","0","0","0","0","0","0","0","0","0","0","1","202108","202204","3077"
"3448983","530010","70390145","05699876000191","3","1","00000000000000","","","","0010","","0","E","","","04","","03","36","03","","99","","","","","","","","EAS 0314601","20220401","1","","","","","","0","0","1","0","0","0","1","0","0","0","0","0","0","0",0,0,0,"0",0,0,0,0,0,0,0,0,0,0,0,0,0,0,"0",0,0,0,2,0,0,0,0,0,0,0,0,0,0,0,0,"1",0,0,0,"0",0,0,0,0,"0",0,0,0,0,0,0,0,0,0,0,0,0,0,0,0,"0","0","1","0","0","0","0","0","0","0","0","0","0","0","0","0","0","0","0","0","0","0","0","0","1","0","0","0","1","1","0","0","0","0","0","0","0","0","0","0","0","0","0","0","0","0","0","0","0","0","0","1","0","0","1","1","0","0","0","0","0","0","0","0","0","0","0","0","0","0","0","0","0","0","0","0","0","0","0","0","0","0","0","0","0","0","0","0","0","0","0","0","1","202204","202204","2062"
"3449009","530010","70333900","26981423000123","3","1","00000000000000","","","","0015","","0","E","","","04","","","36","04","","99","","","","","","","","","","","","","","","","0","0","1","0","0","0","1","0","0","0","0","0","0","0",0,0,0,"0",0,0,0,0,0,0,0,0,0,0,0,0,0,0,"0",1,0,0,5,0,0,0,0,0,0,0,0,0,0,0,0,"1",0,0,0,"0",0,0,0,0,"0",0,0,0,0,0,0,0,0,0,0,0,0,0,0,0,"0","0","1","0","0","0","0","0","0","0","0","0","0","0","0","0","0","0","0","0","0","0","0","0","1","0","0","0","0","0","0","0","0","0","0","0","0","0","0","0","0","0","0","0","0","0","0","0","0","0","0","1","0","0","1","1","0","0","0","0","0","0","0","0","0","0","0","0","0","0","0","0","0","0","0","0","0","0","0","0","0","0","0","0","0","0","0","0","0","0","0","0","1","202108","202204","2062"
"3449114","530010","70770909","06036563000116","3","1","00000000000000","","","","","61","0","E","","","04","","03","22","03","","99","","","","","","","","ODO 0004002/2021","20210304","1","","","","","","0","0","1","0","0","0","1","0","0","0","0","0","0","0",0,0,0,"0",0,0,0,0,0,0,0,0,0,0,0,0,0,0,"0",0,0,0,0,0,0,0,0,2,0,0,0,0,0,0,0,"1",0,0,0,"0",0,0,0,0,"0",0,0,0,0,0,0,0,0,0,0,0,0,0,0,0,"0","0","1","0","0","0","0","0","1","0","0","0","0","0","0","0","0","0","0","0","0","0","0","0","1","0","0","0","1","1","0","0","0","0","0","0","0","0","0","0","0","0","0","0","0","0","0","0","0","0","0","1","0","0","1","1","0","0","0","0","0","0","0","0","0","0","0","0","0","0","0","0","0","0","0","0","0","0","0","0","0","0","0","0","0","0","0","0","0","0","0","0","1","202105","202204","2062"
"3449130","530010","70310500","01307061000169","3","1","00000000000000","","","","0005","","0","E","","","04","","01","22","03","","99","","","","","","","","ALVARA DE FUNCIONAMENTO","20041021","1","","","","","","0","0","1","0","0","0","1","0","0","0","0","0","0","0",0,0,0,"0",0,0,0,0,0,0,0,0,0,0,0,0,0,0,"0",0,0,0,0,0,0,0,0,1,0,0,0,0,0,0,0,"1",0,0,0,"0",0,0,0,0,"0",0,0,0,0,0,0,0,0,0,0,0,0,0,0,0,"0","0","1","0","0","0","0","0","0","0","0","0","0","0","0","0","0","0","0","0","0","0","0","0","1","0","0","0","1","1","0","0","0","0","0","0","0","0","0","0","0","0","0","0","0","0","0","0","0","0","0","1","0","0","0","0","0","0","0","0","0","0","0","0","0","0","0","0","0","0","0","0","0","0","0","0","0","0","0","0","0","0","0","0","0","0","0","0","0","0","0","0","1","202103","202204","2062"
"3451860","530010","70715900","15323393000141","3","1","00000000000000","","","","","","0","E","","","04","","03","36","03","","99","","","","","","","","LS15667555","20190301","1","","","","","","0","0","1","0","0","0","1","0","0","0","0","0","0","0",0,0,0,"0",0,0,0,0,0,0,0,0,0,0,0,0,0,0,"0",0,0,0,0,0,0,0,0,1,0,0,0,0,0,0,0,"1",0,0,0,"0",0,0,0,0,"0",0,0,0,0,0,0,0,0,0,0,0,0,0,0,0,"0","0","1","0","0","0","0","0","0","0","0","0","0","0","0","0","0","0","0","1","0","0","0","0","1","1","0","0","1","1","0","0","0","0","0","0","0","0","0","0","0","0","0","0","0","0","0","0","0","0","0","1","0","0","0","1","0","0","0","0","0","0","0","0","0","0","0","0","0","0","0","0","0","0","0","0","0","0","0","0","0","0","0","0","0","0","0","0","0","0","0","0","1","201906","202204","2062"
"3452093","530010","70390903","00046185000175","3","1","00000000000000","","","","0015","","0","E","","","04","","03","36","03","","99","","","","","","","","EAS 02336","20190614","","","","","","","0","0","1","0","0","0","1","0","0","0","0","0","0","0",0,0,0,"0",0,0,0,0,0,0,0,0,0,0,0,0,0,0,"0",0,1,0,0,0,0,0,0,0,0,0,0,0,0,0,0,"1",0,0,0,"0",0,0,0,0,"0",0,0,0,0,0,0,0,0,0,0,0,0,0,0,0,"0","0","0","0","0","0","0","0","0","0","0","0","0","0","0","0","0","0","0","0","0","0","0","0","0","0","0","0","1","1","0","0","0","0","0","0","0","0","0","0","0","0","0","0","0","0","0","0","0","0","0","1","0","0","0","1","0","0","0","0","0","0","0","0","0","0","0","0","0","0","0","0","0","0","0","0","0","0","0","0","0","0","0","0","0","0","0","0","0","0","0","0","1","201909","202204","2062"
"3452107","530010","70200730","04607201000102","3","1","00000000000000","","","","0015","","0","E","","","04","","03","36","03","","99","","","","","","","","EAS.03818-01","20190121","1","","","","","","0","0","1","0","0","0","1","0","0","0","0","0","0","0",0,0,0,"0",0,0,0,0,0,0,0,0,0,0,0,0,0,0,"0",0,0,0,3,0,0,0,0,0,0,0,0,0,0,0,0,"1",0,0,0,"0",0,0,0,0,"0",0,0,0,0,0,0,0,0,0,0,0,0,0,0,0,"0","0","1","0","0","0","0","0","0","0","0","0","0","0","0","0","0","0","0","0","0","0","0","0","1","0","0","0","1","1","0","0","0","0","0","0","0","0","0","0","0","0","0","0","0","0","0","0","0","0","0","1","0","0","1","1","0","0","0","0","0","0","0","0","0","0","0","0","0","0","0","0","0","0","0","0","0","0","0","0","0","0","0","0","0","0","0","0","0","0","0","0","1","202110","202204","2062"
"3454746","530010","70710200","01306857000105","3","1","00000000000000","","","","0010","","0","E","","","04","","03","36","03","","99","","","","","","","","ODO.0325-02","20210911","1","","","","","","0","0","1","0","0","0","1","0","0","0","0","0","0","0",0,0,0,"0",0,0,0,0,0,0,0,0,0,0,0,0,0,0,"0",0,0,0,0,0,0,0,0,2,0,0,0,0,0,0,0,"1",0,0,0,"0",0,0,0,0,"0",0,0,0,0,0,0,0,0,0,0,0,0,0,0,0,"0","0","1","0","0","0","0","0","1","0","0","0","0","0","0","0","0","0","0","0","0","0","0","0","1","1","0","0","1","1","0","0","0","0","0","0","0","0","0","0","0","0","0","0","0","0","0","0","0","0","0","1","0","0","0","1","0","0","0","0","0","0","0","0","0","0","0","0","0","0","0","0","0","0","0","0","0","0","0","0","0","0","0","0","0","0","0","0","0","0","0","0","1","202203","202204","2240"
"3454851","530010","70773580","24942732000592","3","1","00000000000000","","","","0010","","0","E","","","04","","03","39","03","","99","","","","","","","","RAD 00015-02","20190605","1","","","","","","0","0","1","0","0","0","1","0","0","0","0","0","0","0",0,0,0,"0",0,0,0,0,0,0,0,0,0,0,0,0,0,0,"0",0,0,0,4,0,0,0,0,0,0,0,0,0,0,0,0,"1",0,0,0,"0",0,0,0,0,"0",0,0,0,0,0,0,0,0,0,0,0,0,0,0,0,"0","0","0","0","0","0","0","0","0","0","0","0","0","0","0","0","0","0","0","0","1","0","0","0","1","0","0","1","1","1","0","0","0","0","0","0","0","0","0","0","0","0","0","0","0","0","0","0","0","0","0","0","0","0","0","1","0","0","0","0","0","0","0","0","0","0","0","0","0","0","0","0","0","0","0","0","0","0","0","0","0","0","0","0","0","0","0","0","0","0","0","0","1","201909","202204","2062"
"3454878","530010","70712903","02382619000133","3","1","00000000000000","","","","","","0","E","","","04","","03","22","03","","99","","","","","","","","53354220401","20210506","1","","","","","","0","0","1","0","0","0","1","0","0","0","0","0","0","0",0,0,0,"0",0,0,0,0,0,0,0,0,0,0,0,0,0,0,"0",0,0,0,0,0,0,0,0,2,0,0,0,0,0,0,0,"1",0,0,0,"0",0,0,0,0,"0",0,0,0,0,0,0,0,0,0,0,0,0,0,0,0,"0","0","1","0","0","0","0","0","0","0","0","0","0","0","0","0","0","0","0","0","0","0","0","0","1","0","0","0","1","1","0","0","0","0","0","0","0","0","0","0","0","0","0","0","0","0","0","0","0","0","0","1","0","0","0","1","0","0","0","0","0","0","0","0","0","0","0","0","0","0","0","0","0","0","0","0","0","0","0","0","0","0","0","0","0","0","0","0","0","0","0","0","1","202111","202204","2062"
"3455386","530010","70770560","24942732000401","3","1","00000000000000","","","","0010","","0","E","","","04","","03","39","03","","99","","","","","","","","00018-02","20180905","1","","","","","","0","0","1","0","0","0","1","0","0","0","0","0","0","0",0,0,0,"0",0,0,0,0,0,0,0,0,0,0,0,0,0,0,"0",0,0,0,2,0,0,0,0,0,0,0,0,0,0,0,0,"1",0,0,0,"0",0,0,0,0,"0",0,0,0,0,0,0,0,0,0,0,0,0,0,0,0,"0","0","0","0","0","0","0","0","0","0","0","0","0","0","0","0","0","0","0","0","0","0","0","0","0","0","0","1","1","1","0","0","0","0","0","0","0","0","0","0","0","0","0","0","0","0","0","0","0","0","0","0","0","0","0","0","0","0","0","0","0","0","1","0","0","0","0","0","0","0","0","0","0","0","0","0","0","0","0","0","0","0","0","0","0","0","0","0","0","0","0","0","1","201909","202204","2062"
"3459918","530010","72035505","32911992000103","3","1","00000000000000","","","","0180","","1","E","","","04","","03","36","03","","99","001","10049","403318","","","","","EAS.00010-14/2022","20220117","1","","","","","","0","0","1","0","0","0","1","0","0","0","0","0","0","0",0,0,0,"0",0,0,0,0,0,0,0,0,0,0,0,0,0,1,"1",1,1,0,2,0,0,0,0,0,0,0,0,0,0,0,0,"1",0,0,0,"0",0,0,0,0,"0",0,0,0,0,0,0,0,0,0,0,0,0,0,0,0,"0","0","1","0","0","0","1","0","0","0","1","0","0","0","0","0","0","1","0","0","0","1","0","0","1","1","0","0","1","1","0","0","0","0","0","0","0","0","0","0","0","0","0","0","0","0","0","0","0","0","1","1","0","0","0","0","0","1","0","0","0","0","0","0","1","1","0","0","0","0","0","0","0","0","0","0","0","0","0","0","0","0","0","0","0","0","0","0","0","0","0","0","1","202205","202204","2062"
"3462323","530010","70390145","01661922000102","3","1","00000000000000","","","","","","0","E","","","04","","03","22","03","","99","","","","","","","","RLE","20190318","1","","","","","","0","0","1","0","0","0","1","0","0","0","0","0","0","0",0,0,0,"0",0,0,0,0,0,0,0,0,0,0,0,0,0,0,"0",0,0,0,1,0,0,0,0,0,0,0,0,0,0,0,0,"1",0,0,0,"0",0,0,0,0,"0",0,0,0,0,0,0,0,0,0,0,0,0,0,0,0,"0","0","0","0","0","0","0","0","0","0","0","0","0","0","0","0","0","0","0","0","0","0","0","0","0","0","0","0","1","1","0","0","0","0","0","0","0","0","0","0","0","0","0","0","0","0","0","0","0","0","0","1","0","0","0","0","0","0","0","0","0","0","0","0","0","0","0","0","0","0","0","0","0","0","0","0","0","0","0","0","0","0","0","0","0","0","0","0","0","0","0","0","1","202204","202204","2240"
"3462420","530010","70390904","00509281000102","3","1","00000000000000","","","","","","0","E","","","04","","02","22","03","","99","","","","","","","","EAS.02290-01","20200911","2","","","","","","0","0","1","0","0","0","1","0","0","0","0","0","0","0",0,0,0,"0",0,0,0,0,0,0,0,0,0,0,0,0,0,0,"0",0,3,0,0,0,0,0,0,0,0,0,0,0,0,0,0,"1",0,0,0,"0",0,0,0,0,"0",0,0,0,0,0,0,0,0,0,0,0,0,0,0,0,"0","0","0","0","0","0","0","0","0","0","0","0","0","0","0","0","0","0","0","0","0","0","0","0","0","1","0","0","1","1","0","0","0","0","0","0","0","0","0","0","0","0","0","0","0","0","0","0","0","0","0","1","0","0","0","0","0","0","0","0","0","0","0","0","0","0","0","0","0","0","0","0","0","0","0","0","0","0","0","0","0","0","0","0","0","0","0","0","0","0","0","0","1","202104","202204","2062"
"3462447","530010","70390155","04060384000199","3","1","00000000000000","","","","","","0","E","","","04","","01","22","03","","99","","","","","","","","LICENCA SANITARIA","20180713","1","","","","","","0","0","1","0","0","0","1","0","0","0","0","0","0","0",0,0,0,"0",0,0,0,0,0,0,0,0,0,0,0,0,0,0,"0",0,1,0,0,0,0,0,0,0,0,0,0,0,0,0,0,"1",0,0,0,"0",0,0,0,0,"0",0,0,0,0,0,0,0,0,0,0,0,0,0,0,0,"0","0","0","0","0","0","0","0","0","0","0","0","0","0","0","0","0","0","0","0","0","0","0","0","0","0","0","0","1","1","0","0","0","0","0","0","0","0","0","0","0","0","0","0","0","0","0","0","0","0","0","1","0","0","0","1","0","0","0","0","0","0","0","0","0","0","0","0","0","0","0","0","0","0","0","0","0","0","0","0","0","0","0","0","0","0","0","0","0","0","0","0","1","202004","202204","2062"
"3462528","530010","70390100","37099405000139","3","1","00000000000000","",",,,,","","","","0","E","","","04","","03","04","03","","99","","","","","","","","EAS 0225001","20200712","1","","","","","","0","0","1","0","0","0","1","0","0","0","0","0","0","0",0,0,0,"0",0,0,0,0,0,0,0,0,0,0,0,0,0,0,"0",0,2,0,0,0,0,0,0,0,0,0,0,0,0,0,0,"1",0,0,0,"0",0,0,0,0,"0",0,0,0,0,0,0,0,0,0,0,0,0,0,0,0,"0","0","1","0","0","0","0","0","0","0","0","0","0","0","0","0","0","0","0","0","0","0","0","0","1","1","0","0","1","1","0","0","0","0","0","0","0","0","0","0","0","0","0","0","0","0","0","0","0","0","0","1","0","0","0","1","0","0","0","0","0","0","0","0","0","0","0","0","0","0","0","0","0","0","0","0","0","0","0","0","0","0","0","0","0","0","0","0","0","0","0","0","1","202008","202204","2062"
"3463354","530010","72215010","00096630698649","1","1","00000000000000","","","","0040","","0","E","","","04","","01","22","03","","99","","","","","","","","01625/2010","20100823","1","","","","","","0","0","1","0","0","0","1","0","0","0","0","0","0","0",0,0,0,"0",0,0,0,0,0,0,0,0,0,0,0,0,0,0,"0",0,0,0,0,0,0,0,0,1,0,0,0,0,0,0,0,"1",0,0,0,"0",0,0,0,0,"0",0,0,0,0,0,0,0,0,0,0,0,0,0,0,0,"0","0","0","0","0","0","0","0","0","0","0","0","0","0","0","0","0","0","0","0","0","0","0","0","0","1","0","0","1","1","0","0","0","0","0","0","0","0","0","0","0","0","0","0","0","0","0","0","0","0","0","1","0","0","0","0","0","0","0","0","0","0","0","0","0","0","0","0","0","0","0","0","0","0","0","0","0","0","0","0","0","0","0","0","0","0","0","0","0","0","0","0","1","201909","202204","4000"
"3464822","530010","70390700","03494203000170","3","1","00000000000000","","","","0015","","0","E","","","04","","01","22","03","","99","","","","","","","","EAS 02127-01","20180510","1","","","","","","0","0","1","0","0","0","1","0","0","0","0","0","0","0",0,0,0,"0",0,0,0,0,0,0,0,0,0,0,0,0,0,0,"0",0,1,0,0,0,0,0,0,0,0,0,0,0,0,0,0,"1",0,0,0,"0",0,0,0,0,"0",0,0,0,0,0,0,0,0,0,0,0,0,0,0,0,"0","0","1","0","0","0","0","0","0","0","0","0","0","0","0","0","0","0","0","0","0","0","0","0","1","0","0","0","1","1","0","0","0","0","0","0","0","0","0","0","0","0","0","0","0","0","0","0","0","0","0","1","0","0","0","0","0","0","0","0","0","0","0","0","0","0","0","0","0","0","0","0","0","0","0","0","0","0","0","0","0","0","0","0","0","0","0","0","0","0","0","0","1","202104","202204","2062"
"3464865","530010","70710100","03954875000110","3","1","00000000000000","","","","","","0","E","","","04","","01","22","03","","99","","","","","","","","RLE","20200809","1","","","","","","0","0","1","0","0","0","1","0","0","0","0","0","0","0",0,0,0,"0",0,0,0,0,0,0,0,0,0,0,0,0,0,0,"0",0,1,0,0,0,0,0,0,0,0,0,0,0,0,0,0,"1",0,0,0,"0",0,0,0,0,"0",0,0,0,0,0,0,0,0,0,0,0,0,0,0,0,"0","0","1","0","0","0","0","0","0","0","0","0","0","0","0","0","0","0","0","0","0","0","0","0","1","0","0","0","1","1","0","0","0","0","0","0","0","0","0","0","0","0","0","0","0","0","0","0","0","0","0","1","0","0","0","1","0","0","0","0","0","0","0","0","0","0","0","0","0","0","0","0","0","0","0","0","0","0","0","0","0","0","0","0","0","0","0","0","0","0","0","0","1","202101","202204","2062"
"3464903","530010","70390150","03497674000131","3","1","00000000000000","","","","","","0","E","","","04","","01","22","03","","99","","","","","","","","","20180801","1","","","","","","1","0","0","0","0","0","1","0","0","0","0","0","0","0",0,0,0,"0",0,0,0,0,0,0,0,0,0,0,0,0,0,0,"0",1,0,0,0,0,0,0,0,0,0,0,0,0,0,0,0,"1",0,0,0,"0",0,0,0,0,"0",0,0,0,0,0,0,0,0,0,0,0,0,0,0,0,"0","0","1","0","0","0","0","0","1","0","0","0","0","0","0","0","0","0","0","1","0","0","0","0","1","1","1","0","1","1","0","0","0","0","0","0","0","0","0","0","0","0","0","0","0","0","0","0","0","0","0","1","0","0","0","0","0","0","0","0","0","0","0","0","0","0","0","0","0","0","0","0","0","0","0","0","0","0","0","0","0","0","0","0","0","0","0","0","0","0","0","0","1","202002","202204","2232"
"3464938","530010","70711000","00021347140425","1","1","00000000000000","","","","","","0","E","","","04","","01","22","03","","99","","","","","","","","02084","20190909","1","","","","","","0","0","1","0","0","0","1","0","0","0","0","0","0","0",0,0,0,"0",0,0,0,0,0,0,0,0,0,0,0,0,0,0,"0",0,0,0,0,0,0,0,0,1,0,0,0,0,0,0,0,"1",0,0,0,"0",0,0,0,0,"0",0,0,0,0,0,0,0,0,0,0,0,0,0,0,0,"0","0","0","0","0","0","0","0","1","0","0","0","0","0","0","0","0","0","0","0","0","0","0","0","1","1","0","0","0","1","0","0","0","0","0","0","0","0","0","0","0","0","0","0","0","0","0","0","0","0","0","1","0","0","0","0","0","0","0","0","0","0","0","0","0","0","0","0","0","0","0","0","0","0","0","0","0","0","0","0","0","0","0","0","0","0","0","0","0","0","0","0","1","202201","202204","4000"
"3467546","530010","72025500","03288908000807","3","1","00000000000000","","","","0180","","0","E","","","04","","01","22","04","","99","","","","","","","","EAS.00214-14","20200929","","","","","","","0","0","1","0","0","0","1","0","0","0","0","0","0","0",0,0,0,"0",0,0,0,0,0,0,0,0,0,0,0,0,0,0,"0",1,0,0,0,0,0,0,0,0,0,0,0,0,0,0,0,"1",0,0,0,"0",0,0,0,0,"0",0,0,0,0,0,0,0,0,0,0,0,0,0,0,0,"0","0","1","0","0","0","0","0","0","0","0","0","0","0","0","0","0","0","0","0","0","0","0","0","1","1","0","0","1","1","0","0","0","0","0","0","0","0","0","0","0","0","0","0","0","0","0","0","0","0","0","1","0","0","0","0","0","0","0","0","0","0","0","0","0","0","0","0","0","0","0","0","0","0","0","0","0","0","0","0","0","0","0","0","0","0","0","0","0","0","0","0","1","202108","202204","3077"
"3467570","530010","70755530","04702129000100","3","1","00000000000000","","","","0005","","0","E","","","04","","01","22","04","","99","","","","","","","","LICENCA SANITARIA","20200306","1","","","","","","0","0","1","0","0","0","1","0","0","0","0","0","0","0",0,0,0,"0",0,0,0,0,0,0,0,0,0,0,0,0,0,0,"0",0,0,0,1,0,0,0,0,0,0,0,0,0,0,0,0,"1",0,0,0,"0",0,0,0,0,"0",0,0,0,0,0,0,0,0,0,0,0,0,0,0,0,"0","0","1","0","0","0","0","0","0","0","0","0","0","0","0","0","0","0","0","0","0","0","0","0","1","0","0","0","1","1","0","0","0","0","0","0","0","0","0","0","0","0","0","0","0","0","0","0","0","0","0","1","0","0","0","1","0","0","0","0","0","0","0","0","0","0","0","0","0","0","0","0","0","0","0","0","0","0","0","0","0","0","0","0","0","0","0","0","0","0","0","0","1","202004","202204","2062"
"3470067","530010","70390904","01481024000172","3","1","00000000000000","","","","","","0","E","","","04","","03","22","03","","99","","","","","","","","ODO-0117901","20180716","1","","","","","","0","0","1","0","0","0","1","0","0","0","0","0","0","0",0,0,0,"0",0,0,0,0,0,0,0,0,0,0,0,0,0,0,"0",0,0,0,0,0,0,0,0,1,0,0,0,0,0,0,0,"1",0,0,0,"0",0,0,0,0,"0",0,0,0,0,0,0,0,0,0,0,0,0,0,0,0,"0","0","0","0","0","0","0","0","0","0","0","0","0","0","0","0","0","0","0","0","0","0","0","0","0","1","1","0","1","1","0","0","0","0","0","0","0","0","0","0","0","0","0","0","0","0","0","0","0","0","0","1","0","0","0","1","0","0","0","0","0","0","0","0","0","0","0","0","0","0","0","0","0","0","0","0","0","0","0","0","0","0","0","0","0","0","0","0","0","0","0","0","1","201907","202204","2240"
"3470121","530010","70390095","01679618000192","3","1","00000000000000","","","","0015","","0","E","","","04","","03","22","03","","99","","","","","","","","EAS.02189-01","20180417","1","","","","","","0","0","1","0","0","0","1","0","0","0","0","0","0","0",0,0,0,"0",0,0,0,0,0,0,0,0,0,0,0,0,0,0,"0",0,1,0,0,0,0,0,0,0,0,0,0,0,0,0,0,"1",0,0,0,"0",0,0,0,0,"0",0,0,0,0,0,0,0,0,0,0,0,0,0,0,0,"0","0","0","0","0","0","0","0","0","0","0","0","0","0","0","0","0","0","0","0","0","0","0","0","0","0","0","0","1","1","0","0","0","0","0","0","0","0","0","0","0","0","0","0","0","0","0","0","0","0","0","0","0","0","0","1","0","0","0","0","0","0","0","0","0","0","0","0","0","0","0","0","0","0","0","0","0","0","0","0","0","0","0","0","0","0","0","0","0","0","0","0","1","202105","202204","2062"
"3470148","530010","70390700","04300636000100","3","1","00000000000000","","","","0015","","0","E","","","04","","03","04","03","","99","","","","","","","","EAS.02042-01","20210115","1","","","","","","0","0","1","0","0","0","1","0","0","0","0","0","0","0",0,0,0,"0",0,0,0,0,0,0,0,0,0,0,0,0,0,0,"0",1,0,0,0,0,0,0,0,0,0,0,0,0,0,0,0,"1",0,0,0,"0",0,0,0,0,"0",0,0,0,0,0,0,0,0,0,0,0,0,0,0,0,"0","0","1","0","0","0","0","0","0","0","0","0","0","0","0","0","0","0","0","0","0","0","0","0","1","1","0","0","0","1","0","0","0","0","0","0","0","0","0","0","0","0","0","0","0","0","0","0","0","0","0","1","0","0","0","1","0","0","0","0","0","0","0","0","0","0","0","0","0","0","0","0","0","0","0","0","0","0","0","0","0","0","0","0","0","0","0","0","0","0","0","0","1","202101","202204","2062"
"3470156","530010","70200730","06894189000190","3","1","00000000000000","","","","","","0","E","","","04","","03","22","03","","99","","","","","","","","01403-04","20190527","1","","","","","","0","0","1","0","0","0","1","0","0","0","0","0","0","0",0,0,0,"0",0,0,0,0,0,0,0,0,0,0,0,0,0,0,"0",0,0,0,0,0,0,0,0,6,0,0,0,0,0,0,0,"1",0,0,0,"0",0,0,0,0,"0",0,0,0,0,0,0,0,0,0,0,0,0,0,0,0,"0","0","0","0","0","0","0","0","0","0","0","0","0","0","0","0","0","0","0","0","0","0","0","0","0","0","0","0","1","1","0","0","0","0","0","0","0","0","0","0","0","0","0","0","0","0","0","0","0","0","0","1","0","0","0","1","0","0","0","0","0","0","0","0","0","0","0","0","0","0","0","0","0","0","0","0","0","0","0","0","0","0","0","0","0","0","0","0","0","0","0","0","1","202004","202204","2240"
"3479234","530010","70200740","03270347000142","3","1","00000000000000","","","","","","0","E","","","04","","03","36","03","","99","","","","","","","","DFP1900063350","20211008","1","","","","","","0","0","1","0","0","0","1","0","0","0","0","0","0","0",0,0,0,"0",0,0,0,0,0,0,0,0,0,0,0,0,0,0,"0",0,1,0,0,0,0,0,0,0,0,0,0,0,0,0,0,"1",0,0,0,"0",0,0,0,0,"0",0,0,0,0,0,0,0,0,0,0,0,0,0,0,0,"0","0","1","0","0","0","0","0","0","0","0","0","0","0","0","0","0","0","0","0","0","0","0","0","1","1","0","0","1","1","0","0","0","0","0","0","0","0","0","0","0","0","0","0","0","0","0","0","0","0","0","1","0","0","0","1","0","0","0","0","0","0","0","0","0","0","0","0","0","0","0","0","0","0","0","0","0","0","0","0","0","0","0","0","0","0","0","0","0","0","0","0","1","202109","202204","2062"
"3480259","530010","70390095","03078104000107","3","1","00000000000000","","","","0015","","0","E","","","04","","01","22","03","","99","","","","","","","","EAS 12546","20190129","1","","","","","","0","0","1","0","0","0","1","0","0","0","0","0","0","0",0,0,0,"0",0,0,0,0,0,0,0,0,0,0,0,0,0,0,"0",0,2,0,2,0,0,0,0,0,0,0,0,0,0,0,0,"1",0,0,0,"0",0,0,0,0,"0",0,0,0,0,0,0,0,0,0,0,0,0,0,0,0,"0","0","1","0","0","0","0","0","1","0","0","0","0","0","0","0","0","0","0","0","0","1","0","0","1","0","0","0","1","1","0","0","0","0","0","0","0","0","0","0","0","0","0","0","0","0","0","0","0","0","0","1","0","0","1","1","0","0","0","0","0","0","0","0","0","0","0","0","0","0","0","0","0","0","0","0","0","0","0","0","0","0","0","0","0","0","0","0","0","0","0","0","1","202109","202204","2062"
"3484440","530010","70390145","37085636000193","3","1","00000000000000","","","","","","0","E","","","04","","03","36","04","","99","","","","","","","","LICENCA SANITARIA","20190531","1","","","","","","0","0","1","0","0","0","1","0","0","0","0","0","0","0",0,0,0,"0",0,0,0,0,0,0,0,0,0,0,0,0,0,0,"0",2,0,0,0,0,0,0,0,0,0,0,0,0,0,0,0,"1",0,0,0,"0",0,0,0,0,"0",0,0,0,0,0,0,0,0,0,0,0,0,0,0,0,"0","0","1","0","0","0","0","0","0","0","0","0","0","0","0","0","0","0","0","0","0","0","0","0","1","1","0","0","1","1","0","0","0","0","0","0","0","0","0","0","0","0","0","0","0","0","0","0","0","0","0","1","0","0","0","1","0","0","0","0","0","0","0","0","0","0","0","0","0","0","0","0","0","0","0","0","0","0","0","0","0","0","0","0","0","0","0","0","0","0","0","0","1","201906","202204","2062"
"3493415","530010","70390700","07135223000105","3","1","00000000000000","","","","","","0","E","","","04","","01","22","03","","99","","","","","","","","53201275639","20220203","1","","","","","","0","0","1","0","0","0","1","0","0","0","0","0","0","0",0,0,0,"0",0,0,0,0,0,0,0,0,0,0,0,0,0,0,"0",0,0,0,0,0,0,0,0,1,0,0,0,0,0,0,0,"1",0,0,0,"0",0,0,0,0,"0",0,0,0,0,0,0,0,0,0,0,0,0,0,0,0,"0","0","0","0","0","0","0","0","0","0","0","0","0","0","0","0","0","0","0","0","0","0","0","0","0","1","0","0","1","1","0","0","0","0","0","0","0","0","0","0","0","0","0","0","0","0","0","0","0","0","0","1","0","0","0","1","0","0","0","0","0","0","0","0","0","0","0","0","0","0","0","0","0","0","0","0","0","0","0","0","0","0","0","0","0","0","0","0","0","0","0","0","1","202202","202204","2062"
"3494640","530010","70712904","06056327000161","3","1","00000000000000","","","","0015","","0","E","","","04","","03","36","03","","99","","","","","","","","RAD 00022-02","20200928","1","","","","","","0","0","1","0","0","0","1","0","0","0","0","0","0","0",0,0,0,"0",0,0,0,0,0,0,0,0,0,0,0,0,0,0,"0",0,0,0,2,0,0,0,0,0,0,0,0,0,0,0,0,"1",0,0,0,"0",0,0,0,0,"0",0,0,0,0,0,0,0,0,0,0,0,0,0,0,0,"0","0","1","0","0","0","0","0","0","0","0","0","0","0","0","0","0","0","0","0","0","0","0","0","1","0","0","0","1","1","0","0","0","0","0","0","0","0","0","0","0","0","0","0","0","0","0","0","0","0","0","1","0","0","0","1","0","0","0","0","0","0","0","0","0","0","0","0","0","0","0","0","0","0","0","0","0","0","0","0","0","0","0","0","0","0","0","0","0","0","0","0","1","202010","202204","2062"
"3494691","530010","70770904","05354596000141","3","1","00000000000000","","","","0010","","0","E","","","04","","03","04","03","","99","","","","","","","","RLE@DIGITAL","20211231","1","","","","","","0","0","1","0","0","0","1","0","0","0","0","0","0","0",0,0,0,"0",0,0,0,0,0,0,0,0,0,0,0,0,0,0,"0",6,0,0,0,0,0,0,0,0,0,0,0,0,0,0,0,"1",0,0,0,"0",0,0,0,0,"0",0,0,0,0,0,0,0,0,0,0,0,0,0,0,0,"0","0","1","0","0","0","0","0","0","0","0","0","0","0","0","0","0","0","1","0","0","0","0","0","1","0","1","0","1","1","0","0","0","0","0","0","0","0","0","0","0","0","0","0","0","0","0","0","0","0","0","1","0","0","0","1","0","0","0","0","0","0","0","0","0","0","0","0","0","0","0","0","0","0","0","0","0","0","0","0","0","0","0","0","0","0","0","0","0","0","0","0","1","202202","202204","2062"
"3494861","530010","70770100","01027495000105","3","1","00000000000000","","","","0005","","0","E","","","04","","01","22","03","","99","","","","","","","","EAS 21002","20210401","1","","","","","","0","0","1","0","0","0","1","0","0","0","0","0","0","0",0,0,0,"0",0,0,0,0,0,0,0,0,0,0,0,0,0,0,"0",0,2,0,1,0,0,0,0,0,0,0,0,0,0,0,0,"1",0,0,0,"0",0,0,0,0,"0",0,0,0,0,0,0,0,0,0,0,0,0,0,0,0,"0","0","1","0","0","0","0","0","1","0","0","0","0","0","0","0","0","0","0","0","0","0","0","0","1","0","0","0","1","1","0","0","0","0","0","0","0","0","0","0","0","0","0","0","0","0","0","0","0","0","0","1","0","0","0","1","0","0","0","0","0","0","0","0","0","0","0","0","0","0","0","0","0","0","0","0","0","0","0","0","0","0","0","0","0","0","0","0","0","0","0","0","1","202107","202204","2062"
"3495868","530010","70200700","06277905000190","3","1","00000000000000","","","","","","0","E","","","04","","01","04","03","","99","","","","","","","","EAS 02592-01","20180510","1","","","","","","0","0","1","0","0","0","1","0","0","0","0","0","0","0",0,0,0,"0",0,0,0,0,0,0,0,0,0,0,0,0,0,0,"0",0,1,0,0,0,0,0,0,0,0,0,0,0,0,0,0,"1",0,0,0,"0",0,0,0,0,"0",0,0,0,0,0,0,0,0,0,0,0,0,0,0,0,"0","0","1","0","0","0","0","0","0","0","0","0","0","0","0","0","0","0","0","0","0","0","0","0","1","0","0","0","1","1","0","0","0","0","0","0","0","0","0","0","0","0","0","0","0","0","0","0","0","0","0","1","0","0","0","0","0","0","0","0","0","0","0","0","0","0","0","0","0","0","0","0","0","0","0","0","0","0","0","0","0","0","0","0","0","0","0","0","0","0","0","0","1","202010","202204","2062"
"3504026","530010","70712904","03563114000138","3","1","00000000000000","","","","","","0","E","","","04","","03","22","03","","99","","","","","","","","259-ODO","20211006","1","","","","","","0","0","1","0","0","0","1","0","0","0","0","0","0","0",0,0,0,"0",0,0,0,0,0,0,0,0,0,0,0,0,0,0,"0",0,0,0,0,0,0,0,0,2,0,0,0,0,0,0,0,"1",0,0,0,"0",0,0,0,0,"0",0,0,0,0,0,0,0,0,0,0,0,0,0,0,0,"0","0","1","0","0","0","0","0","1","0","0","0","0","0","0","0","0","0","0","0","0","0","0","0","1","1","0","0","1","1","0","0","0","0","0","0","0","0","0","0","0","0","0","0","0","0","0","0","0","0","0","1","0","0","0","1","0","0","0","0","0","0","0","0","0","0","0","0","0","0","0","0","0","0","0","0","0","0","0","0","0","0","0","0","0","0","0","0","0","0","0","0","1","202112","202204","2062"
"3504166","530010","70390100","02480142000129","3","1","00000000000000","","","","","","0","E","","","04","","03","36","03","","99","","","","","","","","EAS 0224501","20200706","1","","","","","","0","0","1","0","0","0","1","0","0","0","0","0","0","0",0,0,0,"0",0,0,0,0,0,0,0,0,0,0,0,0,0,0,"0",1,0,0,0,0,0,0,0,0,0,0,0,0,0,0,0,"1",0,0,0,"0",0,0,0,0,"0",0,0,0,0,0,0,0,0,0,0,0,0,0,0,0,"0","0","1","0","0","0","0","0","0","0","0","0","0","0","0","0","0","0","0","0","0","0","0","0","1","0","0","0","1","1","0","0","0","0","0","0","0","0","0","0","0","0","0","0","0","0","0","0","0","0","0","1","0","0","0","1","0","0","0","0","0","0","0","0","0","0","0","0","0","0","0","0","0","0","0","0","0","0","0","0","0","0","0","0","0","0","0","0","0","0","0","0","1","202009","202204","2062"
"3504395","530010","70711905","01277612000199","3","1","00000000000000","","","","0010","","0","E","","","04","","03","36","03","","99","","","","","","","","ODO.00026-02","20210723","1","","","","","","0","0","1","0","0","0","1","0","0","0","0","0","0","0",0,0,0,"0",0,0,0,0,0,0,0,0,0,0,0,0,0,0,"0",0,0,0,0,0,0,0,0,2,0,0,0,0,0,0,0,"1",0,0,0,"0",0,0,0,0,"0",0,0,0,0,0,0,0,0,0,0,0,0,0,0,0,"0","0","1","0","0","0","0","0","1","0","0","0","0","0","0","0","0","0","0","0","0","0","0","0","1","1","0","0","1","1","0","0","0","0","0","0","0","0","0","0","0","0","0","0","0","0","0","0","0","0","0","1","0","0","1","0","0","0","0","0","0","0","0","0","0","0","0","0","0","0","0","0","0","0","0","0","0","0","0","0","0","0","0","0","0","0","0","0","0","0","0","0","1","202202","202204","2062"
"3504522","530010","70316902","02241910000191","3","1","00000000000000","","","","0010","","0","E","","","04","","03","36","03","","99","","","","","","","","ODO.01277-01","20191213","1","","","","","","0","0","1","0","0","0","1","0","0","0","0","0","0","0",0,0,0,"0",0,0,0,0,0,0,0,0,0,0,0,0,0,0,"0",0,0,0,0,0,0,0,0,3,0,0,0,0,0,0,0,"1",0,0,0,"0",0,0,0,0,"0",0,0,0,0,0,0,0,0,0,0,0,0,0,0,0,"0","0","1","0","0","0","0","0","1","0","0","0","0","0","0","0","0","0","0","0","0","0","0","0","1","1","0","0","1","1","0","0","0","0","0","0","0","0","0","0","0","0","0","0","0","0","0","0","0","0","0","1","0","0","0","1","0","0","0","0","0","0","0","0","0","0","0","0","0","0","0","0","0","0","0","0","0","0","0","0","0","0","0","0","0","0","0","0","0","0","0","0","1","202108","202204","2240"
"3507351","530010","72115700","05096513000161","3","1","00000000000000","","","","0180","","0","E","","","04","","03","36","03","","99","","","","","","","","EAS.00142-15","20210722","1","","","","","","0","0","1","0","0","0","1","0","0","0","0","0","0","0",0,0,0,"0",0,0,0,0,0,0,0,0,0,0,0,0,0,0,"0",2,2,0,0,0,0,0,0,0,0,0,0,0,0,0,0,"1",0,0,0,"0",0,0,0,0,"0",0,0,0,0,0,0,0,0,0,0,0,0,0,0,0,"0","0","1","0","0","0","0","0","1","0","0","0","0","0","0","0","0","0","0","0","0","0","0","0","1","1","0","0","1","1","0","0","0","0","0","0","0","0","0","0","0","0","0","0","0","0","0","0","0","0","0","1","0","0","0","1","0","0","0","0","0","0","0","0","0","0","0","0","0","0","0","0","0","0","0","0","0","0","0","0","0","0","0","0","0","0","0","0","0","0","0","0","1","202203","202204","2062"
"3513564","530010","71255230","00000000000000","3","3","00394700000108","","01","","0070","","1","E","","","04","","03","02","03","","99","","","","","","","","","","","","","","","","1","0","0","0","0","0","1","0","0","0","0","0","0","0",0,0,0,"0",0,0,0,0,0,0,0,0,0,0,0,0,0,0,"0",4,0,0,0,0,0,0,0,0,0,0,1,0,0,0,0,"1",0,0,0,"0",0,0,0,0,"0",0,0,0,0,0,0,0,0,0,0,0,0,0,0,0,"0","0","1","0","1","0","0","0","0","0","1","0","0","0","0","0","0","0","0","0","0","0","0","0","1","1","0","0","1","1","0","0","0","0","0","0","0","0","0","0","0","0","0","0","0","0","0","0","0","0","1","0","0","0","0","0","0","0","0","0","0","0","0","0","0","0","0","0","0","0","0","0","0","0","0","0","0","0","0","0","0","0","0","0","0","0","0","0","0","0","0","0","1","202012","202204","1023"
"3514692","530010","70390700","06236942000150","3","1","00000000000000","","","","","","0","E","","","04","","03","22","03","","99","","","","","","","","LICENCA SANITARIA","20200501","1","","","","","","0","0","1","0","0","0","1","0","0","0","0","0","0","0",0,0,0,"0",0,0,0,0,0,0,0,0,0,0,0,0,0,0,"0",0,0,0,1,0,0,0,0,0,0,0,0,0,0,0,0,"1",0,0,0,"0",0,0,0,0,"0",0,0,0,0,0,0,0,0,0,0,0,0,0,0,0,"0","0","1","0","0","0","0","0","0","0","0","0","0","0","0","0","0","0","0","0","0","0","0","0","1","0","0","0","1","1","0","0","0","0","0","0","0","0","0","0","0","0","0","0","0","0","0","0","0","0","0","1","0","0","0","1","0","0","0","0","0","0","0","0","0","0","0","0","0","0","0","0","0","0","0","0","0","0","0","0","0","0","0","0","0","0","0","0","0","0","0","0","1","202012","202204","2062"
"3514730","530010","70710146","05145860000137","3","1","00000000000000","","","","","","0","E","","","04","","01","22","04","","99","","","","","","","","RLE","20180704","1","","","","","","0","0","1","0","0","0","1","0","0","0","0","0","0","0",0,0,0,"0",0,0,0,0,0,0,0,0,0,0,0,0,0,0,"0",0,2,0,0,0,0,0,0,0,0,0,0,0,0,0,0,"1",0,0,0,"0",0,0,0,0,"0",0,0,0,0,0,0,0,0,0,0,0,0,0,0,0,"0","0","0","1","0","0","0","0","0","0","0","0","0","0","0","0","0","0","0","0","0","0","0","0","1","0","0","0","1","1","0","0","0","0","0","0","0","0","0","0","0","0","0","0","0","0","0","0","0","0","0","1","0","0","0","0","0","0","0","0","0","0","0","0","0","0","0","0","0","0","0","0","0","0","0","0","0","0","0","0","0","0","0","0","0","0","0","0","0","0","0","0","1","202112","202204","2240"
"3514757","530010","70390055","04224681000122","3","1","00000000000000","","","","0015","","0","E","","","04","","01","36","04","","99","","","","","","","","","20180627","1","","","","","","0","0","1","0","0","0","1","0","0","0","0","0","0","0",0,0,0,"0",0,0,0,0,0,0,0,0,0,0,0,0,0,0,"0",0,0,0,3,0,0,0,0,0,0,0,0,0,0,0,0,"1",0,0,0,"0",0,0,0,0,"0",0,0,0,0,0,0,0,0,0,0,0,0,0,0,0,"0","0","1","0","0","0","0","0","0","0","0","0","0","0","0","0","0","0","0","0","0","0","0","0","1","0","0","0","1","1","0","0","0","0","0","0","0","0","0","0","0","0","0","0","0","0","0","0","0","0","0","1","0","0","0","0","0","0","0","0","0","0","0","0","0","0","0","0","0","0","0","0","0","0","0","0","0","0","0","0","0","0","0","0","0","0","0","0","0","0","0","0","1","202001","202204","2062"
"3514765","530010","70390145","01209417000121","3","1","00000000000000","","","","0015","","0","E","","","04","","03","36","03","","99","","","","","","","","LICENCA SANITARIA","20180327","1","","","","","","0","0","1","0","0","0","1","0","0","0","0","0","0","0",0,0,0,"0",0,0,0,0,0,0,0,0,0,0,0,0,0,0,"0",3,0,0,0,0,0,0,0,0,0,0,0,0,0,0,0,"1",0,0,0,"0",0,0,0,0,"0",0,0,0,0,0,0,0,0,0,0,0,0,0,0,0,"0","0","1","0","0","0","0","0","0","0","0","0","0","0","0","0","0","0","0","0","0","0","0","0","1","0","0","0","1","1","0","0","0","0","0","0","0","0","0","0","0","0","0","0","0","0","0","0","0","0","0","1","0","0","0","1","0","0","0","0","0","0","0","0","0","0","0","0","0","0","0","0","0","0","0","0","0","0","0","0","0","0","0","0","0","0","0","0","0","0","0","0","1","201909","202204","2062"
"3514773","530010","70390700","02250206000103","3","1","00000000000000","","","","0010","","0","E","","","04","","03","22","03","","99","","","","","","","","ODO.0108401","20210903","1","","","","","","0","0","1","0","0","0","1","0","0","0","0","0","0","0",0,0,0,"0",0,0,0,0,0,0,0,0,0,0,0,0,0,0,"0",0,0,0,1,0,0,0,0,1,0,0,0,0,0,0,0,"1",0,0,0,"0",0,0,0,0,"0",0,0,0,0,0,0,0,0,0,0,0,0,0,0,0,"0","0","1","0","0","0","0","0","1","0","0","0","0","0","0","0","0","0","0","0","0","0","0","0","1","1","0","0","1","1","0","0","0","0","0","0","0","0","0","0","0","0","0","0","0","0","0","0","0","0","0","1","0","0","0","1","0","0","0","0","0","0","0","0","0","0","0","0","0","0","0","0","0","0","0","0","0","0","0","0","0","0","0","0","0","0","0","0","0","0","0","0","1","202201","202204","2062"
"3514838","530010","70340908","33519349000193","3","1","00000000000000","","","","0010","","0","E","","","04","","03","22","03","","99","","","","","","","","ODO.01226-01","20211104","1","","","","","","0","0","1","0","0","0","1","0","0","0","0","0","0","0",0,0,0,"0",0,0,0,0,0,0,0,0,0,0,0,0,0,0,"0",0,0,0,0,0,0,0,0,3,0,0,0,0,0,0,0,"1",0,0,0,"0",0,0,0,0,"0",0,0,0,0,0,0,0,0,0,0,0,0,0,0,0,"0","0","1","0","0","0","0","0","1","0","0","0","0","0","0","0","0","0","0","0","0","0","0","0","1","1","0","0","1","1","0","0","0","0","0","0","0","0","0","0","0","0","0","0","0","0","0","0","0","0","0","1","0","0","0","1","0","0","0","0","0","0","0","0","0","0","0","0","0","0","0","0","0","0","0","0","0","0","0","0","0","0","0","0","0","0","0","0","0","0","0","0","1","202202","202204","2240"
"3514854","530010","70200740","10327560000109","3","1","00000000000000","","","","0015","","0","E","","","04","","03","36","03","","99","","","","","","","","RLE VISA-DF","20201028","1","","","","","","0","0","1","0","0","0","1","0","0","0","0","0","0","0",0,0,0,"0",0,0,0,0,0,0,0,0,0,0,0,0,0,0,"0",0,2,0,0,0,0,0,0,0,0,0,0,0,0,0,0,"1",0,0,0,"0",0,0,0,0,"0",0,0,0,0,0,0,0,0,0,0,0,0,0,0,0,"0","0","1","0","0","0","0","0","0","0","0","0","0","0","0","0","0","0","0","0","0","0","0","0","1","0","0","0","1","1","0","0","0","0","0","0","0","0","0","0","0","0","0","0","0","0","0","0","0","0","0","1","0","0","0","1","0","0","0","0","0","0","0","0","0","0","0","0","0","0","0","0","0","0","0","0","0","0","0","0","0","0","0","0","0","0","0","0","0","0","0","0","1","202111","202204","2062"
"3517179","530010","72220280","04279157000159","3","1","00000000000000","","","","0040","","0","E","","","04","","01","36","03","","99","","","","","","","","697/2010","20100618","1","","","","","","0","0","1","0","0","0","1","0","0","0","0","0","0","0",0,0,0,"0",0,0,0,0,0,0,0,0,0,0,0,0,0,0,"0",0,1,0,0,0,0,0,0,0,0,0,0,0,0,0,0,"1",0,0,0,"0",0,0,0,0,"0",0,0,0,0,0,0,0,0,0,0,0,0,0,0,0,"0","0","1","0","0","0","0","0","0","0","0","0","0","0","0","0","0","0","0","0","0","0","0","0","1","0","0","0","1","1","0","0","0","0","0","0","0","0","0","0","0","0","0","0","0","0","0","0","0","0","0","1","0","0","0","0","0","0","0","0","0","0","0","0","0","0","0","0","0","0","0","0","0","0","0","0","0","0","0","0","0","0","0","0","0","0","0","0","0","0","0","0","1","202107","202204","2062"
"3517705","530010","70673416","39621923000104","3","1","00000000000000","","","","9931","","0","E","","","04","","03","36","03","","99","","","","","","","","EAS.00097-07/2021","20210115","1","","","","","","0","0","1","0","0","0","1","0","0","0","0","0","0","0",0,0,0,"0",0,0,0,0,0,0,0,0,0,0,0,0,0,0,"0",0,1,0,1,0,0,0,0,0,0,0,0,0,0,0,0,"1",0,0,0,"0",0,0,0,0,"0",0,0,0,0,0,0,0,0,0,0,0,0,0,0,0,"0","0","1","0","0","0","0","0","1","0","0","0","0","0","0","0","0","0","1","0","0","0","0","0","1","1","0","0","1","1","0","0","0","0","0","0","0","0","0","0","0","0","0","0","0","0","0","0","0","0","0","1","0","0","0","1","0","0","0","0","0","0","0","0","0","0","0","0","0","0","0","0","0","0","0","0","0","0","0","0","0","0","0","0","0","0","0","0","0","0","0","0","1","202101","202204","2062"
"3521842","530010","70390700","00623106000141","3","1","00000000000000","","","","0015","","0","E","","","04","","03","04","03","","99","001","34789","4058585","","","","","RAD. 05433-01","20210901","1","","","","","","0","0","1","0","1","0","1","0","0","0","0","0","0","0",0,0,0,"0",0,0,0,0,0,0,0,0,0,0,0,0,0,0,"0",5,8,0,0,0,0,0,0,0,0,0,0,0,0,0,0,"1",0,0,0,"0",0,0,0,0,"0",0,0,0,0,0,0,0,0,0,0,0,0,0,0,0,"0","0","1","0","0","0","0","0","0","1","0","0","0","0","0","0","0","1","0","1","0","1","0","0","1","1","1","0","1","1","1","0","0","0","0","1","0","0","0","0","0","0","1","0","0","0","0","0","0","0","0","1","0","0","1","1","0","0","0","0","0","0","0","0","0","0","0","0","0","0","0","0","0","0","0","0","0","0","0","0","0","0","0","0","0","0","0","0","0","0","0","0","1","202110","202204","2062"
"3521915","530010","72115700","05803850000141","3","1","00000000000000","","","","0180","","0","E","","","04","","03","36","03","","99","","","","","","","","RLE N° 53201205797","20220418","1","","","","","","0","0","1","0","0","0","1","0","0","0","0","0","0","0",0,0,0,"0",0,0,0,0,0,0,0,0,0,0,0,0,0,0,"0",0,1,0,0,0,0,0,0,0,0,0,0,0,0,0,0,"1",0,0,0,"0",0,0,0,0,"0",0,0,0,0,0,0,0,0,0,0,0,0,0,0,0,"0","0","1","0","0","0","0","0","0","0","0","0","0","0","0","0","0","0","0","0","0","0","0","0","1","1","0","0","1","1","0","0","0","0","0","0","0","0","0","0","0","0","0","0","0","0","0","0","0","0","0","1","0","0","1","1","0","0","0","0","0","0","0","0","0","0","0","0","0","0","0","0","0","0","0","0","0","0","0","0","0","0","0","0","0","0","0","0","0","0","0","0","1","202204","202204","2062"
"3521990","530010","70200730","00718528002578","3","1","00000000000000","","","","0010","","0","E","","","04","","03","39","03","","99","","","","","","","","LAB 05657-01","20210804","1","","","","","","0","0","1","0","0","0","1","0","0","0","0","0","0","0",0,0,0,"0",0,0,0,0,0,0,0,0,0,0,0,0,0,0,"0",0,0,0,0,0,0,0,0,0,0,0,1,0,0,0,0,"1",0,0,0,"0",0,0,0,0,"0",0,0,0,0,0,0,0,0,0,0,0,0,0,0,0,"0","0","1","0","0","0","0","0","0","0","0","0","0","0","0","0","0","0","0","0","0","0","0","0","1","1","0","0","1","1","0","0","0","0","0","0","0","0","0","0","0","0","0","0","0","0","0","0","0","0","0","0","0","0","0","0","0","0","1","0","0","1","1","0","0","0","0","0","0","0","0","0","0","0","0","0","0","0","0","0","0","0","0","0","0","0","0","0","0","0","0","0","1","202109","202204","2054"
"3522644","530010","70077900","03714707000158","3","1","00000000000000","","","","0005","","0","E","","","04","","03","22","03","","99","","","","","","","","LICENCA SANITARIA","20201110","1","","","","","","0","0","1","0","0","0","1","0","0","0","0","0","0","0",0,0,0,"0",0,0,0,0,0,0,0,0,0,0,0,0,0,0,"0",0,0,0,0,0,0,0,0,1,0,0,0,0,0,0,0,"1",0,0,0,"0",0,0,0,0,"0",0,0,0,0,0,0,0,0,0,0,0,0,0,0,0,"0","0","1","0","0","0","0","0","1","0","0","0","0","0","0","0","0","0","0","0","0","0","0","0","1","1","0","0","1","1","0","0","0","0","0","0","0","0","0","0","0","0","0","0","0","0","0","0","0","0","0","1","0","0","0","1","0","0","0","0","0","0","0","0","0","0","0","0","0","0","0","0","0","0","0","0","0","0","0","0","0","0","0","0","0","0","0","0","0","0","0","0","1","202110","202204","2240"
"3522865","530010","71635610","01034221000143","3","1","00000000000000","","","","","","0","E","","","04","","03","22","03","","99","","","","","","","","EAS.02682-05","20210103","1","","","","","","0","0","1","0","0","0","1","0","0","0","0","0","0","0",0,0,0,"0",0,0,0,0,0,0,0,0,0,0,0,0,0,0,"0",0,1,0,0,0,0,0,0,0,0,0,0,0,0,0,0,"1",0,0,0,"0",0,0,0,0,"0",0,0,0,0,0,0,0,0,0,0,0,0,0,0,0,"0","0","1","0","0","0","0","0","0","0","0","0","0","0","0","0","0","0","0","0","0","0","0","0","1","0","0","0","1","1","0","0","0","0","0","0","0","0","0","0","0","0","0","0","0","0","0","0","0","0","0","1","0","0","0","0","0","0","0","0","0","0","0","0","0","0","0","0","0","0","0","0","0","0","0","0","0","0","0","0","0","0","0","0","0","0","0","0","0","0","0","0","1","202103","202204","2062"
"3525473","530010","70390700","00579789000187","3","1","00000000000000","","","","0015","","0","E","","","04","","01","22","03","","99","","","","","","","","EAS 0236301","20181205","1","","","","","","0","0","1","0","0","0","1","0","0","0","0","0","0","0",0,0,0,"0",0,0,0,0,0,0,0,0,0,0,0,0,0,0,"0",0,1,0,0,0,0,0,0,0,0,0,0,0,0,0,0,"1",0,0,0,"0",0,0,0,0,"0",0,0,0,0,0,0,0,0,0,0,0,0,0,0,0,"0","0","1","0","0","0","0","0","0","0","0","0","0","0","0","0","0","0","0","0","0","0","0","0","1","0","0","0","1","1","0","0","0","0","0","0","0","0","0","0","0","0","0","0","0","0","0","0","0","0","0","1","0","0","0","0","0","0","0","0","0","0","0","0","0","0","0","0","0","0","0","0","0","0","0","0","0","0","0","0","0","0","0","0","0","0","0","0","0","0","0","0","1","202009","202204","2240"
"3525538","530010","71635610","06025879000102","3","1","00000000000000","","","","0010","","0","E","","","04","","01","22","03","","99","","","","","","","","LICENCA SANITARIA","20191106","1","","","","","","0","0","1","0","0","0","1","0","0","0","0","0","0","0",0,0,0,"0",0,0,0,0,0,0,0,0,0,0,0,0,0,0,"0",0,1,0,0,0,0,0,0,0,0,0,0,0,0,0,0,"1",0,0,0,"0",0,0,0,0,"0",0,0,0,0,0,0,0,0,0,0,0,0,0,0,0,"0","0","1","0","0","0","0","0","0","0","1","0","0","0","0","0","0","0","0","0","0","0","0","0","1","0","0","0","1","1","0","0","0","0","0","0","0","0","0","0","0","0","0","0","0","0","0","0","0","0","0","1","0","0","0","0","0","0","0","0","0","0","0","0","0","0","0","0","0","0","0","0","0","0","0","0","0","0","0","0","0","0","0","0","0","0","0","0","0","0","0","0","1","202010","202204","2062"
"3530744","530010","72220280","07426351000108","3","1","00000000000000","","","","","","0","E","","","04","","03","36","03","","99","","","","","","","","EAS 00337-16","20210511","1","","","","","","0","0","1","0","0","0","1","0","0","0","0","0","0","0",0,0,0,"0",0,0,0,0,0,0,0,0,0,0,0,0,0,0,"0",0,1,0,0,0,0,0,0,0,0,0,0,0,0,0,0,"1",0,0,0,"0",0,0,0,0,"0",0,0,0,0,0,0,0,0,0,0,0,0,0,0,0,"0","0","1","0","0","0","0","0","1","0","0","0","0","0","0","0","0","0","0","0","0","0","0","0","1","1","0","0","1","1","0","0","0","0","0","0","0","0","0","0","0","0","0","0","0","0","0","0","0","0","0","1","0","0","0","1","0","0","0","0","0","0","0","0","0","0","0","0","0","0","0","0","0","0","0","0","0","0","0","0","0","0","0","0","0","0","0","0","0","0","0","0","1","202203","202204","2062"
"3530957","530010","70390904","05289294000137","3","1","00000000000000","","","","","","0","E","","","04","","01","22","03","","99","","","","","","","","RLE","20180403","1","","","","","","0","0","1","0","0","0","1","0","0","0","0","0","0","0",0,0,0,"0",0,0,0,0,0,0,0,0,0,0,0,0,0,0,"0",0,0,0,2,0,0,0,0,0,0,0,0,0,0,0,0,"1",0,0,0,"0",0,0,0,0,"0",0,0,0,0,0,0,0,0,0,0,0,0,0,0,0,"0","0","1","0","0","0","0","0","0","0","0","0","0","0","0","0","0","0","0","0","0","0","0","0","1","0","0","0","1","1","0","0","0","0","0","0","0","0","0","0","0","0","0","0","0","0","0","0","0","0","0","1","0","0","0","1","0","0","0","0","0","0","0","0","0","0","0","0","0","0","0","0","0","0","0","0","0","0","0","0","0","0","0","0","0","0","0","0","0","0","0","0","1","202002","202204","2062"
"3530973","530010","70200740","01912781000153","3","1","00000000000000","","","","0010","","0","E","","","04","","01","36","03","","99","","","","","","","","EAS 02262-01","20180321","1","","","","","","0","0","1","0","0","0","1","0","0","0","0","0","0","0",0,0,0,"0",0,0,0,0,0,0,0,0,0,0,0,0,0,0,"0",0,6,0,0,0,0,0,0,0,0,0,0,0,0,0,0,"1",0,0,0,"0",0,0,0,0,"0",0,0,0,0,0,0,0,0,0,0,0,0,0,0,0,"0","0","1","0","0","0","0","0","0","0","0","0","0","0","0","0","0","0","0","0","0","0","0","0","1","0","0","0","1","1","0","0","0","0","0","0","0","0","0","0","0","0","0","0","0","0","0","0","0","0","0","1","0","0","0","1","0","0","0","0","0","0","0","0","0","0","0","0","0","0","0","0","0","0","0","0","0","0","0","0","0","0","0","0","0","0","0","0","0","0","0","0","1","201910","202204","2062"
"3531007","530010","70701060","00036133302615","1","1","00000000000000","","","","","","0","E","","","04","","03","22","03","","99","","","","","","","","EAS 000151 - 02","20200428","1","","","","","","0","0","1","0","0","0","1","0","0","0","0","0","0","0",0,0,0,"0",0,0,0,0,0,0,0,0,0,0,0,0,0,0,"0",0,0,0,0,0,0,0,0,1,0,0,0,0,0,0,0,"1",0,0,0,"0",0,0,0,0,"0",0,0,0,0,0,0,0,0,0,0,0,0,0,0,0,"0","0","1","0","0","0","0","0","0","0","0","0","0","0","0","0","0","0","0","0","0","0","0","0","1","1","0","0","1","1","0","0","0","0","0","0","0","0","0","0","0","0","0","0","0","0","0","0","0","0","0","1","0","0","0","1","0","0","0","0","0","0","0","0","0","0","0","0","0","0","0","0","0","0","0","0","0","0","0","0","0","0","0","0","0","0","0","0","0","0","0","0","1","202009","202204","4000"
"3535339","530010","70200670","07379387000188","3","1","00000000000000","","","","0015","","0","E","","","04","","03","36","03","","99","","","","","","","","EAS 02664901","20200705","1","","","","","","0","0","1","0","0","0","1","0","0","0","0","0","0","0",0,0,0,"0",0,0,0,0,0,0,0,0,0,0,0,0,0,0,"0",0,2,0,0,0,0,0,0,0,0,0,0,0,0,0,0,"1",0,0,0,"0",0,0,0,0,"0",0,0,0,0,0,0,0,0,0,0,0,0,0,0,0,"0","0","1","0","0","0","0","0","0","0","0","0","0","0","0","0","0","0","0","1","0","0","0","0","1","1","1","0","1","1","0","0","0","0","0","0","0","0","0","0","0","0","0","0","0","0","0","0","0","0","0","1","0","0","0","1","0","0","0","0","0","0","0","0","0","0","0","0","0","0","0","0","0","0","0","0","0","0","0","0","0","0","0","0","0","0","0","0","0","0","0","0","1","202103","202204","2062"
"3535363","530010","70340000","00054815991634","1","1","00000000000000","","","","","","0","E","","","04","","03","22","03","","99","","","","","","","","EAS 00458-03","20180810","1","","","","","","0","0","1","0","0","0","1","0","0","0","0","0","0","0",0,0,0,"0",0,0,0,0,0,0,0,0,0,0,0,0,0,0,"0",0,0,0,0,0,0,0,0,1,0,0,0,0,0,0,0,"1",0,0,0,"0",0,0,0,0,"0",0,0,0,0,0,0,0,0,0,0,0,0,0,0,0,"0","0","0","0","0","0","0","0","1","0","0","0","0","0","0","0","0","0","0","0","0","0","0","0","1","1","0","0","1","1","0","0","0","0","0","0","0","0","0","0","0","0","0","0","0","0","0","0","0","0","0","1","0","0","0","1","0","0","0","0","0","0","0","0","0","0","0","0","0","0","0","0","0","0","0","0","0","0","0","0","0","0","0","0","0","0","0","0","0","0","0","0","1","201907","202204","4000"
"3535428","530010","70390700","07183119000196","3","1","00000000000000","","","","0015","","0","E","","","04","","01","04","04","","99","","","","","","","","369852","20180901","1","","","","","","0","0","1","0","0","0","1","0","0","0","0","0","0","0",0,0,0,"0",0,0,0,0,0,0,0,0,0,0,0,0,0,0,"0",0,1,0,0,0,0,0,0,0,0,0,0,0,0,0,0,"1",0,0,0,"0",0,0,0,0,"0",0,0,0,0,0,0,0,0,0,0,0,0,0,0,0,"0","0","0","0","0","0","0","0","0","0","0","0","0","0","0","0","0","0","0","1","0","0","0","0","1","1","0","0","1","1","0","0","0","0","0","0","0","0","0","0","0","0","0","0","0","0","0","0","0","0","0","1","0","0","0","0","0","0","0","0","0","0","0","0","0","0","0","0","0","0","0","0","0","0","0","0","0","0","0","0","0","0","0","0","0","0","0","0","0","0","0","0","1","202002","202204","2240"
"3539946","530010","72215508","07179833000100","3","1","00000000000000","","","","","","0","E","","","04","","03","36","04","","99","","","","","","","","IX-3490-2019","20190709","2","","","","","","0","0","1","0","0","0","1","0","0","0","0","0","0","0",0,0,0,"0",0,0,0,0,0,0,0,0,0,0,0,0,0,0,"0",0,0,0,0,0,0,0,0,1,0,0,0,0,0,0,0,"1",0,0,0,"0",0,0,0,0,"0",0,0,0,0,0,0,0,0,0,0,0,0,0,0,0,"0","0","1","0","0","0","0","0","0","0","0","0","0","0","0","0","0","0","0","1","0","0","0","0","1","1","0","0","1","1","0","0","0","0","0","0","0","0","0","0","0","0","0","0","0","0","0","0","0","0","0","1","0","0","0","1","0","0","0","0","0","0","0","0","0","0","0","0","0","0","0","0","0","0","0","0","0","0","0","0","0","0","0","0","0","0","0","0","0","0","0","0","1","202006","202204","2062"
"3546187","530010","70390150","37125259000179","3","1","00000000000000","","","","","","0","E","","","04","","01","36","03","","99","","","","","","","","EAS.02523-01","20201110","1","","","","","","0","0","1","0","0","0","1","0","0","0","0","0","0","0",0,0,0,"0",0,0,0,0,0,0,0,0,0,0,0,0,0,0,"0",0,4,0,0,0,0,0,0,0,0,0,0,0,0,0,0,"1",0,0,0,"0",0,0,0,0,"0",0,0,0,0,0,0,0,0,0,0,0,0,0,0,0,"0","0","1","0","0","0","0","0","0","0","0","0","0","0","0","0","0","0","0","0","0","0","0","0","1","0","0","0","1","1","0","0","0","0","0","0","0","0","0","0","0","0","0","0","0","0","0","0","0","0","0","1","0","0","0","1","0","0","0","0","0","0","0","0","0","0","0","0","0","0","0","0","0","0","0","0","0","0","0","0","0","0","0","0","0","0","0","0","0","0","0","0","1","202109","202204","2062"
"3546209","530010","70390700","03009431000107","3","1","00000000000000","","","","0015","","0","E","","","04","","03","36","03","","99","","","","","","","","EAS.05308-01","20210223","1","","","","","","0","0","1","0","0","0","1","0","0","0","0","0","0","0",0,0,0,"0",0,0,0,0,0,0,0,0,0,0,0,0,0,0,"0",0,3,0,0,0,0,0,0,0,0,2,0,0,0,1,1,"1",0,0,0,"0",0,0,0,0,"0",0,0,0,0,0,0,0,0,0,0,0,0,0,0,0,"0","0","1","0","0","0","0","0","0","0","0","0","0","0","0","0","0","0","0","0","0","0","0","0","1","0","0","0","1","1","0","0","0","0","0","0","0","0","0","0","0","0","0","0","0","0","0","0","0","0","0","0","0","0","0","1","0","0","0","0","0","0","0","0","0","0","0","0","0","0","0","0","0","0","0","0","0","0","0","0","0","0","0","0","0","0","0","0","0","0","0","0","1","202103","202204","2062"
"3546284","530010","70390108","05363107000118","3","1","00000000000000","","","","0015","","0","E","","","04","","01","04","03","","99","","","","","","","","EAS.03883-01","20190208","1","","","","","","0","0","1","0","0","0","1","0","0","0","0","0","0","0",0,0,0,"0",0,0,0,0,0,0,0,0,0,0,0,0,0,0,"0",3,0,0,0,0,0,0,0,0,0,0,0,0,0,0,0,"1",0,0,0,"0",0,0,0,0,"0",0,0,0,0,0,0,0,0,0,0,0,0,0,0,0,"0","0","1","0","0","0","0","0","0","0","0","0","0","0","0","0","0","0","0","0","0","0","0","0","1","0","0","0","1","1","0","0","0","0","0","0","0","0","0","0","0","0","0","0","0","0","0","0","0","0","0","1","0","0","0","0","0","0","0","0","0","0","0","0","0","0","0","0","0","0","0","0","0","0","0","0","0","0","0","0","0","0","0","0","0","0","0","0","0","0","0","0","1","201906","202204","2062"
"3546314","530010","70390150","37070612000160","3","1","00000000000000","","","","","","0","E","","","04","","01","22","04","","99","","","","","","","","LICENCIAMENTO","20200805","1","","","","","","0","0","1","0","0","0","1","0","0","0","0","0","0","0",0,0,0,"0",0,0,0,0,0,0,0,0,0,0,0,0,0,0,"0",1,0,0,0,0,0,0,0,0,0,0,0,0,0,0,0,"1",0,0,0,"0",0,0,0,0,"0",0,0,0,0,0,0,0,0,0,0,0,0,0,0,0,"0","0","0","0","0","0","0","0","0","0","0","0","0","0","0","0","0","0","0","0","0","0","0","0","0","0","0","0","1","1","0","0","0","0","0","0","0","0","0","0","0","0","0","0","0","0","0","0","0","0","0","0","0","0","0","1","0","0","0","0","0","0","0","0","0","0","0","0","0","0","0","0","0","0","0","0","0","0","0","0","0","0","0","0","0","0","0","0","0","0","0","0","1","202012","202204","2062"
"3548104","530010","72015020","07338983000110","3","1","00000000000000","","","","0180","","0","E","","","04","","01","36","03","","99","001","28959","9100008","","","","","EAS0007914","20181031","1","","","","","","0","0","1","0","0","0","1","0","0","0","0","0","0","0",0,0,0,"0",0,0,0,0,0,0,0,0,0,0,0,0,0,0,"0",0,2,0,0,0,0,0,0,0,0,0,0,0,0,0,1,"1",0,0,0,"0",0,0,0,0,"0",0,0,0,0,0,0,0,0,0,0,0,0,0,0,0,"0","0","1","0","0","0","0","0","1","1","0","0","0","0","0","0","0","1","0","1","0","1","0","0","1","1","0","0","1","1","0","0","0","0","0","0","0","0","0","0","0","0","0","0","0","0","0","0","0","0","0","1","0","0","0","1","0","0","1","0","0","0","1","0","0","0","0","0","0","0","0","0","0","0","0","0","0","0","0","0","0","0","0","0","0","0","0","0","0","0","0","0","1","201910","202204","2062"
"3548309","530010","70719903","72593114000101","3","1","00000000000000","","","","0010","","0","E","","","04","","03","22","03","","99","","","","","","","","OBO 04202","20161229","1","","","","","","0","0","1","0","0","0","1","0","0","0","0","0","0","0",0,0,0,"0",0,0,0,0,0,0,0,0,0,0,0,0,0,0,"0",0,0,0,0,0,0,0,0,3,0,0,0,0,0,0,0,"1",0,0,0,"0",0,0,0,0,"0",0,0,0,0,0,0,0,0,0,0,0,0,0,0,0,"0","0","1","0","0","0","0","0","1","0","0","0","0","0","0","0","0","0","0","0","0","0","0","0","1","1","0","0","1","1","0","0","0","0","0","0","0","0","0","0","0","0","0","0","0","0","0","0","0","0","0","1","0","0","0","1","0","0","0","0","0","0","0","0","0","0","0","0","0","0","0","0","0","0","0","0","0","0","0","0","0","0","0","0","0","0","0","0","0","0","0","0","1","202010","202204","2062"
"3548317","530010","70711905","01964551000138","3","1","00000000000000","","","","","","0","E","","","04","","01","04","03","","99","","","","","","","","EAS.00337-02","20200218","1","","","","","","0","0","1","0","0","0","1","0","0","0","0","0","0","0",0,0,0,"0",0,0,0,0,0,0,0,0,0,0,0,0,0,0,"0",0,2,0,0,0,0,0,0,0,0,0,0,0,0,0,0,"1",0,0,0,"0",0,0,0,0,"0",0,0,0,0,0,0,0,0,0,0,0,0,0,0,0,"0","0","1","0","0","0","0","0","0","0","0","0","0","0","0","0","0","0","0","0","0","0","0","0","1","0","0","0","1","1","0","0","0","0","0","0","0","0","0","0","0","0","0","0","0","0","0","0","0","0","0","1","0","0","0","1","0","0","0","0","0","0","0","0","0","0","0","0","0","0","0","0","0","0","0","0","0","0","0","0","0","0","0","0","0","0","0","0","0","0","0","0","1","202201","202204","2062"
"3548376","530010","70310500","37160645000100","3","1","00000000000000","","","","0005","","0","E","","","04","","03","36","03","","99","","","","","","","","00191-02/2020","20201125","1","","","","","","0","0","1","0","0","0","1","0","0","0","0","0","0","0",0,0,0,"0",0,0,0,0,0,0,0,0,0,0,0,0,0,0,"0",0,1,0,0,0,0,0,0,0,0,0,0,0,0,0,0,"1",0,0,0,"0",0,0,0,0,"0",0,0,0,0,0,0,0,0,0,0,0,0,0,0,0,"0","0","1","0","0","0","0","0","0","0","0","0","0","0","0","0","0","0","0","0","0","0","0","0","1","0","0","0","1","1","0","0","0","0","0","0","0","0","0","0","0","0","0","0","0","0","0","0","0","0","0","1","0","0","0","0","0","0","0","0","0","0","0","0","0","0","0","0","0","0","0","0","0","0","0","0","0","0","0","0","0","0","0","0","0","0","0","0","0","0","0","0","1","202101","202204","2305"
"3548457","530010","70719903","00033335311191","1","1","00000000000000","","","","","","0","E","","","04","","03","22","03","","99","","","","","","","","","","","","","","","","0","0","1","0","0","0","1","0","0","0","0","0","0","0",0,0,0,"0",0,0,0,0,0,0,0,0,0,0,0,0,0,0,"0",0,1,0,0,0,0,0,0,0,0,0,0,0,0,0,0,"1",0,0,0,"0",0,0,0,0,"0",0,0,0,0,0,0,0,0,0,0,0,0,0,0,0,"0","0","1","0","0","0","0","0","0","0","0","0","0","0","0","0","0","0","0","0","0","0","0","0","1","1","0","0","1","1","0","0","0","0","0","0","0","0","0","0","0","0","0","0","0","0","0","0","0","0","0","1","0","0","0","0","0","0","0","0","0","0","0","0","0","0","0","0","0","0","0","0","0","0","0","0","0","0","0","0","0","0","0","0","0","0","0","0","0","0","0","0","1","202010","202204","4000"
"3551539","530010","70712903","03388828000157","3","1","00000000000000","","","","","","0","E","","","04","","03","22","03","","99","","","","","","","","EAS 00199-02","20211123","1","","","","","","0","0","1","0","0","0","1","0","0","0","0","0","0","0",0,0,0,"0",0,0,0,0,0,0,0,0,0,0,0,0,0,0,"0",0,1,0,0,0,0,0,0,0,0,0,0,0,0,0,0,"1",0,0,0,"0",0,0,0,0,"0",0,0,0,0,0,0,0,0,0,0,0,0,0,0,0,"0","0","1","0","0","0","0","0","0","0","0","0","0","0","0","0","0","0","0","0","0","0","0","0","1","1","0","0","1","1","0","0","0","0","0","0","0","0","0","0","0","0","0","0","0","0","0","0","0","0","0","1","0","0","0","1","0","0","0","0","0","0","0","0","0","0","0","0","0","0","0","0","0","0","0","0","0","0","0","0","0","0","0","0","0","0","0","0","0","0","0","0","1","202201","202204","2240"
"3553566","530010","70775050","07196243000196","3","1","00000000000000","","","","0005","","1","E","","","04","","01","39","03","","99","209","209","0289842","","","","","00622-02/2020","20201208","1","","","","","","0","0","1","0","0","0","1","0","0","0","0","0","0","0",0,0,0,"0",0,0,0,0,0,0,0,0,0,0,0,0,0,0,"0",0,0,0,0,0,0,0,0,0,0,0,0,0,0,0,0,"0",0,0,0,"0",0,0,0,0,"0",0,0,0,0,0,0,0,0,0,0,0,0,0,0,0,"0","0","0","1","0","0","0","0","0","0","0","0","0","0","0","0","0","0","0","0","0","0","0","0","1","1","1","0","1","1","0","0","0","0","0","0","0","0","0","0","0","0","0","0","0","0","0","0","0","0","0","0","0","0","0","0","0","1","1","0","0","1","1","0","0","0","0","0","0","0","0","0","0","0","0","0","0","0","0","0","0","0","0","0","0","0","0","0","0","0","0","0","1","202110","202204","2062"
"3558894","530010","70770532","06315096000163","3","1","00000000000000","","","","","","0","E","","","04","","01","22","03","","99","","","","","","","","0008502","20200624","1","","","","","","0","0","1","0","0","0","1","0","0","0","0","0","0","0",0,0,0,"0",0,0,0,0,0,0,0,0,0,0,0,0,0,0,"0",0,0,0,1,0,0,0,0,0,0,0,0,0,0,0,0,"1",0,0,0,"0",0,0,0,0,"0",0,0,0,0,0,0,0,0,0,0,0,0,0,0,0,"0","0","1","0","0","0","0","0","0","0","0","0","0","0","0","0","0","0","0","0","0","0","0","0","1","0","0","0","1","1","0","0","0","0","0","0","0","0","0","0","0","0","0","0","0","0","0","0","0","0","0","1","0","0","0","1","0","0","0","0","0","0","0","0","0","0","0","0","0","0","0","0","0","0","0","0","0","0","0","0","0","0","0","0","0","0","0","0","0","0","0","0","1","202111","202204","2062"
"3558983","530010","70310500","01963293000175","3","1","00000000000000","","","","","","0","E","","","04","","03","22","03","","99","","","","","","","","CERT LICENCIAMENTO","20200820","1","","","","","","0","0","1","0","0","0","1","0","0","0","0","0","0","0",0,0,0,"0",0,0,0,0,0,0,0,0,0,0,0,0,0,0,"0",0,0,0,0,0,0,0,0,1,0,0,0,0,0,0,0,"1",0,0,0,"0",0,0,0,0,"0",0,0,0,0,0,0,0,0,0,0,0,0,0,0,0,"0","0","0","0","0","0","0","0","0","0","0","0","0","0","0","0","0","0","0","0","0","0","0","0","0","0","0","0","1","1","0","0","0","0","0","0","0","0","0","0","0","0","0","0","0","0","0","0","0","0","0","1","0","0","0","1","0","0","0","0","0","0","0","0","0","0","0","0","0","0","0","0","0","0","0","0","0","0","0","0","0","0","0","0","0","0","0","0","0","0","0","0","1","202108","202204","2062"
"3564541","530010","70770574","02886314000169","3","1","00000000000000","","","","","","0","E","","","04","","03","04","03","","99","","","","","","","","20171400200117","20170412","1","","","","","","0","0","1","0","0","0","1","0","0","0","0","0","0","0",0,0,0,"0",0,0,0,0,0,0,0,0,0,0,0,0,0,0,"0",0,1,0,0,0,0,0,0,0,0,0,0,0,0,0,0,"1",0,0,0,"0",0,0,0,0,"0",0,0,0,0,0,0,0,0,0,0,0,0,0,0,0,"0","0","1","0","0","0","0","0","0","0","0","0","0","0","0","0","0","0","0","1","0","0","0","0","1","0","0","0","1","1","0","0","0","0","0","0","0","0","0","0","0","0","0","0","0","0","0","0","0","0","0","1","0","0","0","1","0","0","0","0","0","0","0","0","0","0","0","0","0","0","0","0","0","0","0","0","0","0","0","0","0","0","0","0","0","0","0","0","0","0","0","0","1","202005","202204","2240"
"3575748","530010","70390700","05358642000180","3","1","00000000000000","","","","0015","","0","E","","","04","","03","36","03","","99","","","","","","","","EAS . 02657 - 01","20200312","1","","","","","","0","0","1","0","0","0","1","0","0","0","0","0","0","0",0,0,0,"0",0,0,0,0,0,0,0,0,0,0,0,0,0,0,"0",0,2,0,0,0,0,0,0,0,0,0,0,0,0,0,0,"1",0,0,0,"0",0,0,0,0,"0",0,0,0,0,0,0,0,0,0,0,0,0,0,0,0,"0","0","1","0","0","0","0","0","0","0","0","0","0","0","0","0","0","0","0","0","0","0","0","0","1","1","0","0","1","1","0","0","0","0","0","0","0","0","0","0","0","0","0","0","0","0","0","0","0","0","0","1","0","0","0","1","0","0","0","0","0","0","0","0","0","0","0","0","0","0","0","0","0","0","0","0","0","0","0","0","0","0","0","0","0","0","0","0","0","0","0","0","1","202003","202204","2062"
"3575764","530010","70390145","01835645000107","3","1","00000000000000","","","","0010","","0","E","","","04","","03","39","03","","99","001","34770","78654","","","","","LAB.05668-01","20200923","1","","","","","","0","0","1","0","0","0","1","0","0","0","0","0","0","0",0,0,0,"0",0,0,0,0,0,0,0,0,0,0,0,0,0,0,"0",0,1,0,0,0,0,0,0,0,0,0,0,0,0,0,0,"1",0,0,0,"0",0,0,0,0,"0",0,0,0,0,0,0,0,0,0,0,0,0,0,0,0,"0","0","0","0","0","0","0","0","0","0","0","0","0","0","0","0","0","0","0","1","0","0","0","0","1","1","0","0","1","1","0","0","0","0","0","0","0","0","0","0","0","0","0","0","0","0","0","0","0","0","0","1","0","0","1","0","0","0","0","0","0","0","1","0","0","0","0","0","0","0","0","0","0","0","0","0","0","0","0","0","0","0","0","0","0","0","0","0","0","0","0","0","1","202106","202204","2062"
"3575802","530010","70390145","05686368000179","3","1","00000000000000","","","","0015","","0","E","","","04","","01","22","04","","99","","","","","","","","EAS 02576-01","20190528","1","","","","","","0","0","1","0","0","0","1","0","0","0","0","0","0","0",0,0,0,"0",0,0,0,0,0,0,0,0,0,0,0,0,0,0,"0",1,0,0,0,0,0,0,0,0,0,0,0,0,0,0,0,"1",0,0,0,"0",0,0,0,0,"0",0,0,0,0,0,0,0,0,0,0,0,0,0,0,0,"0","0","1","0","0","0","0","0","0","0","0","0","0","0","0","0","0","0","0","0","0","0","0","0","1","1","0","0","1","1","0","0","0","0","0","0","0","0","0","0","0","0","0","0","0","0","0","0","0","0","0","1","0","0","0","1","0","0","0","0","0","0","0","0","0","0","0","0","0","0","0","0","0","0","0","0","0","0","0","0","0","0","0","0","0","0","0","0","0","0","0","0","1","201907","202204","2062"
"3575845","530010","70200760","01138538000120","3","1","00000000000000","","","","0015","","0","E","","","04","","01","22","03","","99","","","","","","","","","","","","","","","","0","0","1","0","0","0","1","0","0","0","0","0","0","0",0,0,0,"0",0,0,0,0,0,0,0,0,0,0,0,0,0,0,"0",0,0,0,0,0,0,0,0,1,0,0,0,0,0,0,0,"1",0,0,0,"0",0,0,0,0,"0",0,0,0,0,0,0,0,0,0,0,0,0,0,0,0,"0","0","1","0","0","0","0","0","0","0","0","0","0","0","0","0","0","0","0","0","0","0","0","0","1","0","0","0","1","1","0","0","0","0","0","0","0","0","0","0","0","0","0","0","0","0","0","0","0","0","0","1","0","0","0","0","0","0","0","0","0","0","0","0","0","0","0","0","0","0","0","0","0","0","0","0","0","0","0","0","0","0","0","0","0","0","0","0","0","0","0","0","1","202201","202204","2062"
"3575861","530010","70340908","05238797000183","3","1","00000000000000","","","","","","0","E","","","04","","03","22","03","","99","","","","","","","","530210831111","20210421","2","","","","","","0","0","1","0","0","0","1","0","0","0","0","0","0","0",0,0,0,"0",0,0,0,0,0,0,0,0,0,0,0,0,0,0,"0",0,1,0,0,0,0,0,0,0,1,0,0,0,0,0,0,"1",0,0,0,"0",0,0,0,0,"0",0,0,0,0,0,0,0,0,0,0,0,0,0,0,0,"0","0","1","0","0","0","0","0","0","0","0","0","0","0","0","0","0","0","0","0","0","0","0","0","1","1","0","0","1","1","0","0","0","0","0","0","0","0","0","0","0","0","0","0","0","0","0","0","0","0","0","1","0","0","0","1","0","0","0","0","0","0","0","0","0","0","0","0","0","0","0","0","0","0","0","0","0","0","0","0","0","0","0","0","0","0","0","0","0","0","0","0","1","202107","202204","2062"
"3576027","530010","70310500","00664441000198","3","1","00000000000000","","","","0010","","0","E","","","04","","03","36","03","","99","","","","","","","","EM FASE DE RENOVACAO","20190824","1","","","","","","0","0","1","0","0","0","1","0","0","0","0","0","0","0",0,0,0,"0",0,0,0,0,0,0,0,0,0,0,0,0,0,0,"0",0,0,0,0,0,0,0,0,2,0,0,0,0,0,0,0,"1",0,0,0,"0",0,0,0,0,"0",0,0,0,0,0,0,0,0,0,0,0,0,0,0,0,"0","0","1","0","0","0","0","0","1","0","0","0","0","0","0","0","0","0","0","0","0","0","0","0","1","0","1","0","1","1","0","0","0","0","0","0","0","0","0","0","0","0","0","0","0","0","0","0","0","0","0","1","0","0","1","0","0","0","0","0","0","0","0","0","0","0","0","0","0","0","0","0","0","0","0","0","0","0","0","0","0","0","0","0","0","0","0","0","0","0","0","0","1","201909","202204","2062"
"3576051","530010","70390904","04315881000190","3","1","00000000000000","","","","0010","","0","E","","","04","","01","22","03","","99","","","","","","","","EAS.02265-01","20180312","1","","","","","","0","0","1","0","0","0","1","0","0","0","0","0","0","0",0,0,0,"0",0,0,0,0,0,0,0,0,0,0,0,0,0,0,"0",1,0,0,0,0,0,0,0,0,0,0,0,0,0,0,0,"1",0,0,0,"0",0,0,0,0,"0",0,0,0,0,0,0,0,0,0,0,0,0,0,0,0,"0","0","1","0","0","0","0","0","0","0","0","0","0","0","0","0","0","0","0","0","0","0","0","0","1","0","0","0","1","1","0","0","0","0","0","0","0","0","0","0","0","0","0","0","0","0","0","0","0","0","0","1","0","0","0","1","0","0","0","0","0","0","0","0","0","0","0","0","0","0","0","0","0","0","0","0","0","0","0","0","0","0","0","0","0","0","0","0","0","0","0","0","1","201908","202204","2240"
"3576124","530010","70390700","72608508000188","3","1","00000000000000","","","","0015","","0","E","","","04","","01","36","03","","99","","","","","","","","RLE DIGITAL","20190129","1","","","","","","0","0","1","0","0","0","1","0","0","0","0","0","0","0",0,0,0,"0",0,0,0,0,0,0,0,0,0,0,0,0,0,0,"0",1,0,0,0,0,0,0,0,0,0,0,0,0,0,0,0,"1",0,0,0,"0",0,0,0,0,"0",0,0,0,0,0,0,0,0,0,0,0,0,0,0,0,"0","0","1","0","0","0","0","0","0","0","0","0","0","0","0","0","0","0","0","0","0","0","0","0","1","0","0","0","1","1","0","0","0","0","0","0","0","0","0","0","0","0","0","0","0","0","0","0","0","0","0","1","0","0","0","1","0","0","0","0","0","0","0","0","0","0","0","0","0","0","0","0","0","0","0","0","0","0","0","0","0","0","0","0","0","0","0","0","0","0","0","0","1","202002","202204","2062"
"3578380","530010","70770560","04783102000181","3","1","00000000000000","","","","","","0","E","","","04","","","22","03","","99","","","","","","","","","","","","","","","","0","0","1","0","0","0","1","0","0","0","0","0","0","0",0,0,0,"0",0,0,0,0,0,0,0,0,0,0,0,0,0,0,"0",0,0,0,1,0,0,0,0,0,0,0,0,0,0,0,0,"1",0,0,0,"0",0,0,0,0,"0",0,0,0,0,0,0,0,0,0,0,0,0,0,0,0,"0","0","0","0","0","0","0","0","0","0","0","0","0","0","0","0","0","0","0","0","0","0","0","0","0","0","0","0","1","1","0","0","0","0","0","0","0","0","0","0","0","0","0","0","0","0","0","0","0","0","0","1","0","0","0","0","0","0","0","0","0","0","0","0","0","0","0","0","0","0","0","0","0","0","0","0","0","0","0","0","0","0","0","0","0","0","0","0","0","0","0","0","1","202202","202204","2062"
"3578488","530010","70775560","01483600000110","3","1","00000000000000","","","","0005","","0","E","","","04","","01","36","04","","99","","","","","","","","","20191003","1","","","","","","0","0","1","0","0","0","1","0","0","0","0","0","0","0",0,0,0,"0",0,0,0,0,0,0,0,0,0,0,0,0,0,0,"0",0,0,0,7,0,0,0,0,0,0,0,0,0,0,0,0,"1",0,0,0,"0",0,0,0,0,"0",0,0,0,0,0,0,0,0,0,0,0,0,0,0,0,"0","0","1","0","0","0","0","0","0","0","0","0","0","0","0","0","0","0","0","0","0","0","0","0","1","0","0","0","1","1","0","0","0","0","0","0","0","0","0","0","0","0","0","0","0","0","0","0","0","0","0","1","0","0","0","0","0","0","0","0","0","0","0","0","0","0","0","0","0","0","0","0","0","0","0","0","0","0","0","0","0","0","0","0","0","0","0","0","0","0","0","0","1","202002","202204","3999"
"3588610","530010","70390900","01297734000147","3","1","00000000000000","","","","","","0","E","","","04","","01","22","03","","99","","","","","","","","EAS.02420-01","20190319","1","","","","","","0","0","1","0","0","0","1","0","0","0","0","0","0","0",0,0,0,"0",0,0,0,0,0,0,0,0,0,0,0,0,0,0,"0",1,0,0,0,0,0,0,0,0,0,0,0,0,0,0,0,"1",0,0,0,"0",0,0,0,0,"0",0,0,0,0,0,0,0,0,0,0,0,0,0,0,0,"0","0","1","0","0","0","0","0","0","0","0","0","0","0","0","0","0","0","0","0","0","0","0","0","1","0","0","0","1","1","0","0","0","0","0","0","0","0","0","0","0","0","0","0","0","0","0","0","0","0","0","1","0","0","0","0","0","0","0","0","0","0","0","0","0","0","0","0","0","0","0","0","0","0","0","0","0","0","0","0","0","0","0","0","0","0","0","0","0","0","0","0","1","202203","202204","2062"
"3599590","530010","72115700","03989821000190","3","1","00000000000000","","","","0180","","0","E","","","04","","03","04","03","","99","","","","","","","","EAS 00073-15","20210712","1","","","","","","0","0","1","0","0","0","1","0","0","0","0","0","0","0",0,0,0,"0",0,0,0,0,0,0,0,0,0,0,0,0,0,0,"0",0,10,0,1,0,0,0,0,0,0,4,0,0,0,0,0,"1",0,0,0,"0",0,0,0,0,"0",0,0,0,0,0,0,0,0,0,0,0,0,0,0,0,"0","0","1","0","0","0","0","0","0","0","0","0","0","0","0","0","0","0","0","0","0","0","0","0","1","0","0","0","1","1","0","0","0","0","0","0","0","0","0","0","0","0","0","0","0","0","0","0","0","0","0","1","0","0","0","1","0","0","0","0","0","0","0","0","0","0","0","0","0","0","0","0","0","0","0","0","0","0","0","0","0","0","0","0","0","0","0","0","0","0","0","0","1","202204","202204","2054"
"3599655","530010","72110025","03624129000592","3","1","00000000000000","","","","0180","","0","E","","","04","","03","04","03","","99","","","","","","","","EAS.00034-15","20180507","1","","","","","","0","0","1","0","0","0","1","0","0","0","0","0","0","0",0,0,0,"0",0,0,0,0,0,0,0,0,0,0,0,0,0,0,"0",0,0,0,4,0,0,0,0,0,0,0,0,0,0,0,0,"1",0,0,0,"0",0,0,0,0,"0",0,0,0,0,0,0,0,0,0,0,0,0,0,0,0,"0","0","1","0","0","0","0","0","0","0","0","0","0","0","0","0","0","0","0","0","0","0","0","0","1","0","0","0","1","1","0","0","0","0","0","0","0","0","0","0","0","0","0","0","0","0","0","0","0","0","0","1","0","0","1","1","0","0","0","0","0","0","0","0","0","0","0","0","0","0","0","0","0","0","0","0","0","0","0","0","0","0","0","0","0","0","0","0","0","0","0","0","1","201904","202204","2232"
"3599663","530010","72115700","04868115000153","3","1","00000000000000","","","","","","0","E","","","04","","01","36","03","","99","","","","","","","","EAS00027-15/2021","20210526","1","","","","","","0","0","1","0","0","0","1","0","0","0","0","0","0","0",0,0,0,"0",0,0,0,0,0,0,0,0,0,0,0,0,0,0,"0",0,2,0,0,0,0,0,0,0,0,0,0,0,0,0,0,"1",0,0,0,"0",0,0,0,0,"0",0,0,0,0,0,0,0,0,0,0,0,0,0,0,0,"0","0","1","0","0","0","0","0","0","0","0","0","0","0","0","0","0","0","0","0","0","0","0","0","1","0","0","0","1","1","0","0","0","0","0","0","0","0","0","0","0","0","0","0","0","0","0","0","0","0","0","0","0","0","0","1","0","0","0","0","0","0","0","0","0","0","0","0","0","0","0","0","0","0","0","0","0","0","0","0","0","0","0","0","0","0","0","0","0","0","0","0","1","202110","202204","2062"
"3605574","530010","70715900","01273183000181","3","1","00000000000000","","","","0010","","0","E","","","04","","03","36","03","","99","","","","","","","","ODO.0090-02","20180524","1","","","","","","0","0","1","0","0","0","1","0","0","0","0","0","0","0",0,0,0,"0",0,0,0,0,0,0,0,0,0,0,0,0,0,0,"0",0,0,0,0,0,0,0,0,3,0,0,0,0,0,0,0,"1",0,0,0,"0",0,0,0,0,"0",0,0,0,0,0,0,0,0,0,0,0,0,0,0,0,"0","0","1","0","0","0","0","0","1","0","0","0","0","0","0","0","0","0","0","0","0","0","0","0","1","1","1","1","1","1","0","0","0","0","0","0","0","0","0","0","0","0","0","0","0","0","0","0","0","0","0","1","0","0","1","1","0","0","0","0","0","0","0","0","0","0","0","0","0","0","0","0","0","0","0","0","0","0","0","0","0","0","0","0","0","0","0","0","0","0","0","0","1","201904","202204","2240"
"3612902","530010","70712903","07415387000196","3","1","00000000000000","","","","0005","","0","E","","","04","","01","36","03","","99","","","","","","","","ODO 0146-02","20180412","1","","","","","","0","0","1","0","0","0","1","0","0","0","0","0","0","0",0,0,0,"0",0,0,0,0,0,0,0,0,0,0,0,0,0,0,"0",0,0,0,0,0,0,0,0,2,0,0,0,0,0,0,0,"1",0,0,0,"0",0,0,0,0,"0",0,0,0,0,0,0,0,0,0,0,0,0,0,0,0,"0","0","1","0","0","0","0","0","1","0","0","0","0","0","0","0","0","0","0","0","0","0","0","0","1","1","0","0","1","1","0","0","0","0","0","0","0","0","0","0","0","0","0","0","0","0","0","0","0","0","0","1","0","0","0","1","0","0","0","0","0","0","0","0","0","0","0","0","0","0","0","0","0","0","0","0","0","0","0","0","0","0","0","0","0","0","0","0","0","0","0","0","1","201908","202204","2062"
"3612988","530010","70316902","07036474000132","3","1","00000000000000","","","","0010","","0","E","","","04","","03","36","03","","99","","","","","","","","ODO.01474-01","20210529","1","","","","","","0","0","1","0","0","0","1","0","0","0","0","0","0","0",0,0,0,"0",0,0,0,0,0,0,0,0,0,0,0,0,0,0,"0",0,0,0,0,0,0,0,0,2,0,0,0,0,0,0,0,"1",0,0,0,"0",0,0,0,0,"0",0,0,0,0,0,0,0,0,0,0,0,0,0,0,0,"0","0","1","0","0","0","0","0","1","0","0","0","0","0","0","0","0","0","0","0","0","0","0","0","1","1","0","0","1","1","0","0","0","0","0","0","0","0","0","0","0","0","0","0","0","0","0","0","0","0","0","1","0","0","0","1","0","0","0","0","0","0","0","0","0","0","0","0","0","0","0","0","0","0","0","0","0","0","0","0","0","0","0","0","0","0","0","0","0","0","0","0","1","202110","202204","2062"
"3613003","530010","70390145","07415362000192","3","1","00000000000000","","","","","","0","E","","","04","","01","22","03","","99","","","","","","","","53201298876","20210809","","","","","","","0","0","0","0","0","0","0","0","0","0","0","0","0","0",0,0,0,"0",0,0,0,0,0,0,0,0,0,0,0,0,0,0,"0",1,0,0,0,0,0,0,0,0,0,0,0,0,0,0,0,"1",0,0,0,"0",0,0,0,0,"0",0,0,0,0,0,0,0,0,0,0,0,0,0,0,0,"0","0","0","0","0","0","0","0","0","0","0","0","0","0","0","0","0","0","0","0","0","0","0","0","0","0","0","0","1","1","0","0","0","0","0","0","0","0","0","0","0","0","0","0","0","0","0","0","0","0","0","1","0","0","0","0","0","0","0","0","0","0","0","0","0","0","0","0","0","0","0","0","0","0","0","0","0","0","0","0","0","0","0","0","0","0","0","0","0","0","0","0","1","202108","202204","2062"
"3613070","530010","70390108","07304133000109","3","1","00000000000000","","","","0015","","0","E","","","04","","01","04","03","","99","","","","","","","","EAS0265401","20200714","1","","","","","","0","0","1","0","0","0","1","0","0","0","0","0","0","0",0,0,0,"0",0,0,0,0,0,0,0,0,0,0,0,0,0,0,"0",0,2,0,0,0,0,0,0,0,0,0,0,0,0,0,0,"1",0,0,0,"0",0,0,0,0,"0",0,0,0,0,0,0,0,0,0,0,0,0,0,0,0,"0","0","1","0","0","0","0","0","1","0","0","0","0","0","0","0","0","0","0","1","0","0","0","0","1","1","0","0","1","1","0","0","0","0","0","0","0","0","0","0","0","0","0","0","0","0","0","0","0","0","0","1","0","0","0","1","0","0","0","0","0","0","0","0","0","0","0","0","0","0","0","0","0","0","0","0","0","0","0","0","0","0","0","0","0","0","0","0","0","0","0","0","1","202008","202204","2062"
"3628183","530010","70673632","05499509000144","3","1","00000000000000","","","","9931","","0","E","","","04","","03","36","03","","99","","","","","","","","RLE","20211126","1","","","","","","0","0","1","0","0","0","1","0","0","0","0","0","0","0",0,0,0,"0",0,0,0,0,0,0,0,0,0,0,0,0,0,0,"0",0,0,0,1,0,0,0,0,0,0,0,0,0,0,0,0,"1",0,0,0,"0",0,0,0,0,"0",0,0,0,0,0,0,0,0,0,0,0,0,0,0,0,"0","0","1","0","0","0","0","0","0","0","0","0","0","0","0","0","0","0","0","0","0","0","0","0","1","0","0","0","1","1","0","0","0","0","0","0","0","0","0","0","0","0","0","0","0","0","0","0","0","0","0","1","0","0","0","0","0","0","0","0","0","0","0","0","0","0","0","0","0","0","0","0","0","0","0","0","0","0","0","0","0","0","0","0","0","0","0","0","0","0","0","0","1","202112","202204","2305"
"3633845","530010","72311207","00000000000000","3","3","00394700000108","","04","","0140","","1","E","","","04","","03","02","03","","99","","","","","","","","","","","","","","","","1","0","1","0","0","0","1","0","0","0","0","0","0","0",0,0,0,"0",0,0,0,0,0,0,0,0,0,0,0,0,0,0,"0",1,0,0,0,0,0,0,0,0,0,0,0,0,0,0,0,"1",0,0,0,"0",0,0,0,0,"0",0,0,0,0,0,0,0,0,0,0,0,0,0,0,0,"0","0","1","0","0","0","0","0","0","0","0","0","0","0","0","0","0","0","0","0","0","0","0","0","1","1","0","0","1","1","0","0","0","0","0","0","0","0","0","0","0","0","0","0","0","0","0","0","0","0","1","0","0","0","0","0","0","0","0","0","0","0","0","0","0","0","0","0","0","0","0","0","0","0","0","0","0","0","0","0","0","0","0","0","0","0","0","0","0","0","0","0","1","202205","202204","1023"
"3634574","530010","70390155","04386511000144","3","1","00000000000000","","","","0010","","0","E","","","04","","01","22","03","","99","","","","","","","","ODO1201-01","20201007","1","","","","","","0","0","1","0","0","0","1","0","0","0","0","0","0","0",0,0,0,"0",0,0,0,0,0,0,0,0,0,0,0,0,0,0,"0",0,0,0,0,0,0,0,0,1,0,0,0,0,0,0,0,"1",0,0,0,"0",0,0,0,0,"0",0,0,0,0,0,0,0,0,0,0,0,0,0,0,0,"0","0","0","0","0","0","0","0","0","0","0","0","0","0","0","0","0","0","0","0","0","0","0","0","0","1","0","0","1","1","0","0","0","0","0","0","0","0","0","0","0","0","0","0","0","0","0","0","0","0","0","1","0","0","0","0","0","0","0","0","0","0","0","0","0","0","0","0","0","0","0","0","0","0","0","0","0","0","0","0","0","0","0","0","0","0","0","0","0","0","0","0","1","202111","202204","2240"
"3635945","530010","70710100","00520237000101","3","1","00000000000000","","","","0010","","0","E","","","04","","01","36","03","","99","","","","","","","","EAS 00117-02/2021","20210902","1","","","","","","0","0","1","0","1","0","1","0","0","0","0","0","0","0",0,0,0,"0",0,0,0,0,0,0,0,0,0,0,0,0,0,0,"0",0,13,0,0,0,0,0,3,0,0,0,0,0,0,0,0,"1",0,0,0,"0",0,0,0,0,"0",0,0,0,0,0,0,0,0,3,0,0,0,0,0,0,"0","0","1","0","0","0","0","0","0","0","0","0","0","0","0","0","0","0","0","0","0","0","0","0","1","0","1","0","1","1","0","0","0","0","0","0","0","0","0","0","0","0","0","0","0","0","0","0","0","0","0","1","0","0","1","1","0","0","0","0","0","0","0","0","0","0","0","0","0","0","0","0","0","0","0","0","0","0","0","0","0","0","0","0","0","0","0","0","0","0","0","0","1","202203","202204","2062"
"3650146","530010","70770560","05373654000184","3","1","00000000000000","","","","0005","","0","E","","","04","","03","36","03","","99","","","","","","","","EAS.00247-02","20200306","1","","","","","","0","0","1","0","0","0","1","0","0","0","0","0","0","0",0,0,0,"0",0,0,0,0,0,0,0,0,0,0,0,0,0,0,"0",4,4,0,3,0,0,0,0,0,0,0,0,0,0,0,0,"1",0,0,0,"0",0,0,0,0,"0",0,0,0,0,0,0,0,0,0,0,0,0,0,0,0,"0","0","1","0","0","0","0","0","0","0","0","0","0","0","0","0","0","0","0","0","0","0","0","0","1","1","0","0","1","1","0","0","0","0","0","0","0","0","0","0","0","0","0","0","0","0","0","0","0","0","0","1","0","0","0","1","0","0","0","0","0","0","0","0","0","0","0","0","0","0","0","0","0","0","0","0","0","0","0","0","0","0","0","0","0","0","0","0","0","0","0","0","1","202012","202204","2062"
"3650154","530010","71200260","05115513000161","3","1","00000000000000","","","","","","0","E","","","04","","03","36","03","","99","","","","","","","","53201147461","20190925","1","","","","","","0","0","1","0","0","0","1","0","0","0","0","0","0","0",0,0,0,"0",0,0,0,0,0,0,0,0,0,0,0,0,0,0,"0",0,1,0,1,0,0,0,0,0,0,0,0,0,0,0,0,"1",0,0,0,"0",0,0,0,0,"0",0,0,0,0,0,0,0,0,0,0,0,0,0,0,0,"0","0","1","0","0","0","0","0","0","0","0","0","0","0","0","0","0","0","0","1","0","0","0","0","1","0","0","0","1","1","0","0","0","0","0","0","0","0","0","0","0","0","0","0","0","0","0","0","0","0","0","1","0","0","0","0","0","0","0","0","0","0","0","0","0","0","0","0","0","0","0","0","0","0","0","0","0","0","0","0","0","0","0","0","0","0","0","0","0","0","0","0","1","201910","202204","2062"
"3650383","530010","70390155","05673105000125","3","1","00000000000000","","","","","","0","E","","","04","","01","36","03","","99","","","","","","","","CERTIFICADO DE LICENCIAME","20200921","1","","","","","","0","0","1","0","0","0","1","0","0","0","0","0","0","0",0,0,0,"0",0,0,0,0,0,0,0,0,0,0,0,0,0,0,"0",0,0,0,2,0,0,0,0,0,0,0,0,0,0,0,0,"1",0,0,0,"0",0,0,0,0,"0",0,0,0,0,0,0,0,0,0,0,0,0,0,0,0,"0","0","0","1","0","0","0","0","0","0","0","0","0","0","0","0","0","0","0","0","0","0","0","0","1","0","0","0","1","1","0","0","0","0","0","0","0","0","0","0","0","0","0","0","0","0","0","0","0","0","0","1","0","0","0","0","0","0","0","0","0","0","0","0","0","0","0","0","0","0","0","0","0","0","0","0","0","0","0","0","0","0","0","0","0","0","0","0","0","0","0","0","1","202104","202204","2062"
"3667219","530010","70390145","05814142000106","3","1","00000000000000","","","","","","0","E","","","04","","03","22","03","","99","","","","","","","","20215600252","20210408","1","","","","","","0","0","1","0","0","0","1","0","0","0","0","0","0","0",0,0,0,"0",0,0,0,0,0,0,0,0,0,0,0,0,0,0,"0",0,0,0,0,0,0,0,0,1,0,0,0,0,0,0,0,"1",0,0,0,"0",0,0,0,0,"0",0,0,0,0,0,0,0,0,0,0,0,0,0,0,0,"0","0","1","0","0","0","0","0","1","0","0","0","0","0","0","0","0","0","0","0","0","0","0","0","1","1","0","0","1","1","0","0","0","0","0","0","0","0","0","0","0","0","0","0","0","0","0","0","0","0","0","1","0","0","0","0","0","0","0","0","0","0","0","0","0","0","0","0","0","0","0","0","0","0","0","0","0","0","0","0","0","0","0","0","0","0","0","0","0","0","0","0","1","202202","202204","2062"
"3667235","530010","70340000","07492384000156","3","1","00000000000000","","","","","","0","E","","","04","","03","22","03","","99","","","","","","","","EAS.02905-01","20210723","1","","","","","","0","0","1","0","0","0","1","0","0","0","0","0","0","0",0,0,0,"0",0,0,0,0,0,0,0,0,0,0,0,0,0,0,"0",0,1,0,0,0,0,0,0,0,0,0,0,0,0,0,0,"1",0,0,0,"0",0,0,0,0,"0",0,0,0,0,0,0,0,0,0,0,0,0,0,0,0,"0","0","1","0","0","0","0","0","0","0","0","0","0","0","0","0","0","0","0","0","0","0","0","0","1","1","0","0","1","1","0","0","0","0","0","0","0","0","0","0","0","0","0","0","0","0","0","0","0","0","0","1","0","0","0","0","0","0","0","0","0","0","0","0","0","0","0","0","0","0","0","0","0","0","0","0","0","0","0","0","0","0","0","0","0","0","0","0","0","0","0","0","1","202109","202204","2062"
"3677044","530010","72268000","00000000000000","3","3","00394700000108","","05","","0040","","1","E","","","04","","01","02","03","","99","","","","","","","","","","","","","","","","1","0","0","0","0","0","1","0","0","0","0","0","0","0",0,0,0,"0",0,0,0,0,0,0,0,0,0,0,0,0,0,0,"0",3,0,0,1,0,0,0,0,1,0,1,0,1,0,0,0,"1",0,0,0,"0",0,0,0,0,"0",0,0,0,0,0,0,0,0,0,0,0,0,0,0,0,"0","0","1","0","0","0","1","0","1","0","0","0","0","0","0","0","0","0","0","0","0","0","0","0","1","1","0","0","1","1","0","0","0","0","0","0","0","0","0","0","0","0","0","0","0","0","0","0","0","0","1","0","0","0","0","0","0","0","0","0","0","0","0","0","0","0","0","0","0","0","0","0","0","0","0","0","0","0","1","0","0","0","0","0","0","0","0","0","0","0","0","0","1","202204","202204","1023"
"3681920","530010","70770574","01088732000148","3","1","00000000000000","","","","","","0","E","","","04","","01","04","03","","99","","","","","","","","EAS-00353-02","20200908","1","","","","","","0","0","1","0","0","0","1","0","0","0","0","0","0","0",0,0,0,"0",0,0,0,0,0,0,0,0,0,0,0,0,0,0,"0",1,0,0,0,0,0,0,0,0,0,0,0,0,0,0,0,"1",0,0,0,"0",0,0,0,0,"0",0,0,0,0,0,0,0,0,0,0,0,0,0,0,0,"0","0","1","0","0","0","0","0","0","0","0","0","0","0","0","0","0","0","0","0","0","0","0","0","1","0","0","0","1","1","0","0","0","0","0","0","0","0","0","0","0","0","0","0","0","0","0","0","0","0","0","1","0","0","0","1","0","0","0","0","0","0","0","0","0","0","0","0","0","0","0","0","0","0","0","0","0","0","0","0","0","0","0","0","0","0","0","0","0","0","0","0","1","202012","202204","2062"
"3717801","530010","71020115","04947496000166","3","1","00000000000000","","","","0070","","0","E","","","04","","03","22","03","","99","","","","","","","","ODO 00100-10/2021","20210714","1","","","","","","0","0","1","0","0","0","1","0","0","0","0","0","0","0",0,0,0,"0",0,0,0,0,0,0,0,0,0,0,0,0,0,0,"0",0,0,0,0,0,0,0,0,1,0,0,0,0,0,0,0,"1",0,0,0,"0",0,0,0,0,"0",0,0,0,0,0,0,0,0,0,0,0,0,0,0,0,"0","0","1","0","0","0","0","0","0","0","0","0","0","0","0","0","0","0","0","0","0","0","0","0","1","1","1","0","1","1","0","0","0","0","0","0","0","0","0","0","0","0","0","0","0","0","0","0","0","0","0","1","0","0","0","1","0","0","0","0","0","0","0","0","0","0","0","0","0","0","0","0","0","0","0","0","0","0","0","0","0","0","0","0","0","0","0","0","0","0","0","0","1","202111","202204","2062"
"3719952","530010","70712000","03116946000106","3","1","00000000000000","","","","0010","","0","E","","","04","","01","36","01","","99","","","","","","","","EAS00519-02","20200101","1","","","","","","0","0","1","0","0","0","1","0","0","0","0","0","0","0",0,0,0,"0",0,0,0,0,0,0,0,0,0,0,0,0,0,0,"0",0,0,0,1,0,0,0,0,0,0,0,0,0,0,0,0,"1",0,0,0,"0",0,0,0,0,"0",0,0,0,0,0,0,0,0,0,0,0,0,0,0,0,"0","0","1","0","0","0","0","0","0","0","0","0","0","0","0","0","0","0","0","0","0","0","0","0","1","1","0","0","1","1","0","0","0","0","0","0","0","0","0","0","0","0","0","0","0","0","0","0","0","0","0","1","0","0","0","1","0","0","0","0","0","0","0","0","0","0","0","0","0","0","0","0","0","0","0","0","0","0","0","0","0","0","0","0","0","0","0","0","0","0","0","0","1","202008","202204","2062"
"3737543","530010","70390911","07637917000140","3","1","00000000000000","","","","","","0","E","","","04","","03","73","03","","99","","","","","","","","LICENCA SANITARIA","20210506","1","","","","","","0","0","1","0","0","0","1","0","0","0","0","0","0","0",0,0,0,"0",0,0,0,0,0,0,0,0,0,0,0,0,0,0,"0",0,17,0,0,0,0,0,0,0,0,0,0,0,0,0,0,"1",0,0,0,"0",0,0,0,0,"0",0,0,0,0,0,0,0,0,0,0,0,0,0,0,0,"0","0","1","0","0","0","0","0","0","0","0","0","0","0","0","0","0","0","0","0","0","0","0","0","1","1","0","0","1","1","0","0","0","0","0","0","0","0","0","0","0","0","0","0","0","0","0","0","0","0","0","1","0","0","0","1","0","0","0","0","0","0","0","0","0","0","0","0","0","0","0","0","0","0","0","0","0","0","0","0","0","0","0","0","0","0","0","0","0","0","0","0","1","202112","202204","2062"
"3742822","530010","72155000","00000000000000","3","3","00394700000108","","04","","0180","","1","E","","","04","","03","02","03","","99","","","","","","","","","","","","","","","","1","0","0","0","0","0","1","0","0","0","0","0","0","0",0,0,0,"0",0,0,0,0,0,0,0,0,0,0,0,0,0,0,"0",1,0,0,2,0,0,0,0,1,0,1,0,1,0,1,0,"1",0,0,0,"0",0,0,0,0,"0",0,0,0,0,0,0,0,0,0,0,0,0,0,0,0,"0","0","1","0","0","0","0","0","0","0","0","0","0","0","0","0","0","0","0","0","0","0","0","0","1","1","0","0","1","1","0","0","0","0","0","0","0","0","0","0","0","0","0","0","0","0","0","0","0","0","1","0","0","0","0","0","0","0","0","0","0","0","0","0","0","0","0","0","0","0","0","0","0","0","0","0","0","0","0","0","0","0","0","0","0","0","0","0","0","0","0","0","1","202204","202204","1023"
"3742857","530010","72307716","00000000000000","3","3","00394700000108","","04","","0140","","1","E","","","04","","03","02","03","","99","","","","","","","","","","","","","","","","1","0","1","0","0","0","1","0","0","0","0","0","0","0",0,0,0,"0",0,0,0,0,0,0,0,0,0,0,0,0,0,0,"0",3,0,0,4,0,0,0,0,0,0,0,0,0,0,0,0,"1",0,0,0,"0",0,0,0,0,"0",0,0,0,0,0,0,0,0,0,0,0,0,0,0,0,"0","0","1","0","0","0","0","0","0","0","0","0","0","0","0","0","0","0","0","0","0","0","0","0","1","1","0","0","1","1","0","0","0","0","0","0","0","0","0","0","0","0","0","0","0","0","0","0","0","0","1","0","0","0","0","0","0","0","0","0","0","0","0","0","0","0","0","0","0","0","0","0","0","0","0","0","0","0","0","0","0","0","0","0","0","0","0","0","0","0","0","0","1","202205","202204","1023"
"3742865","530010","72725100","00000000000000","3","3","00394700000108","","05","","0020","","1","E","","","04","","01","02","03","","99","","","","","","","","","","","","","","","","1","0","0","0","0","0","1","0","0","0","0","0","0","0",0,0,0,"0",0,0,0,0,0,0,0,0,0,0,0,0,0,0,"0",0,0,0,1,0,0,0,0,0,0,1,1,0,0,1,0,"1",0,0,0,"0",0,0,0,0,"0",0,0,0,0,0,0,0,0,0,0,0,0,0,0,0,"0","0","1","0","0","0","0","0","1","0","0","0","0","0","0","0","0","0","0","0","0","0","0","0","1","1","0","0","1","1","0","0","0","0","0","0","0","0","0","0","0","0","0","0","0","0","0","0","0","0","1","0","0","0","0","0","0","0","0","0","0","0","0","0","0","0","0","0","0","0","0","1","0","0","0","0","0","0","1","0","0","0","0","0","0","0","0","0","0","0","0","0","1","202204","202204","1023"
"3742873","530010","71693168","00000000000000","3","3","00394700000108","","07","","0160","","1","E","","","04","","","02","03","","99","","","","","","","","","","","","","","","","1","0","0","0","0","0","1","0","0","0","0","0","0","0",0,0,0,"0",0,0,0,0,0,0,0,0,0,0,0,0,0,0,"0",4,0,0,2,0,0,0,0,1,0,1,1,0,0,0,0,"1",0,0,0,"0",0,0,0,0,"0",0,0,0,0,0,0,0,0,0,0,0,0,0,0,0,"0","0","0","0","0","0","1","0","1","0","0","0","0","0","0","0","0","0","1","0","0","0","0","0","1","1","0","0","1","1","0","0","0","0","0","0","0","0","0","0","0","0","0","0","0","0","0","0","0","0","1","0","0","0","0","0","0","0","0","0","0","0","0","0","0","0","0","0","0","0","0","0","0","0","0","0","0","0","0","0","0","0","0","0","0","0","0","0","0","0","0","0","1","202203","202204","1023"
"3743764","530010","70390135","02820285000132","3","1","00000000000000","","","","0015","","0","E","","","04","","03","36","03","","99","","","","","","","","EAS02677-01","20190510","1","","","","","","0","0","1","0","0","0","1","0","0","0","0","0","0","0",0,0,0,"0",0,0,0,0,0,0,0,0,0,0,0,0,0,0,"0",0,1,0,0,0,0,0,0,0,0,0,0,0,0,0,0,"1",0,0,0,"0",0,0,0,0,"0",0,0,0,0,0,0,0,0,0,0,0,0,0,0,0,"0","0","1","0","0","0","0","0","0","0","0","0","0","0","0","0","0","0","0","0","0","0","0","0","1","0","0","0","1","1","0","0","0","0","0","0","0","0","0","0","0","0","0","0","0","0","0","0","0","0","0","1","0","0","1","1","0","0","0","0","0","0","0","0","0","0","0","0","0","0","0","0","0","0","0","0","0","0","0","0","0","0","0","0","0","0","0","0","0","0","0","0","1","201908","202204","2062"
"3743829","530010","70390100","05504084000114","3","1","00000000000000","","","","","","0","E","","","04","","01","36","04","","99","","","","","","","","EAS.03284-01","20180725","1","","","","","","0","0","1","0","0","0","1","0","0","0","0","0","0","0",0,0,0,"0",0,0,0,0,0,0,0,0,0,0,0,0,0,0,"0",0,1,0,0,0,0,0,0,0,0,0,0,0,0,0,0,"1",0,0,0,"0",0,0,0,0,"0",0,0,0,0,0,0,0,0,0,0,0,0,0,0,0,"0","0","1","0","0","0","0","0","0","0","0","0","0","0","0","0","0","0","0","0","0","0","0","0","1","0","0","0","1","1","0","0","0","0","0","0","0","0","0","0","0","0","0","0","0","0","0","0","0","0","0","1","0","0","0","1","0","0","0","0","0","0","0","0","0","0","0","0","0","0","0","0","0","0","0","0","0","0","0","0","0","0","0","0","0","0","0","0","0","0","0","0","1","201910","202204","2062"
"3743845","530010","70390700","37115615000173","3","1","00000000000000","","","","","","0","E","","","04","","03","36","03","","99","","","","","","","","530022102333","20210529","2","","","","","","0","0","1","0","0","0","1","0","0","0","0","0","0","0",0,0,0,"0",0,0,0,0,0,0,0,0,0,0,0,0,0,0,"0",0,2,0,0,0,0,0,0,0,0,0,0,0,0,0,0,"1",0,0,0,"0",0,0,0,0,"0",0,0,0,0,0,0,0,0,0,0,0,0,0,0,0,"0","0","1","0","0","0","0","0","0","0","0","0","0","0","0","0","0","0","0","1","0","0","0","0","1","1","0","0","1","1","0","0","0","0","0","0","0","0","0","0","0","0","0","0","0","0","0","0","0","0","0","1","0","0","0","1","0","0","0","0","0","0","0","0","0","0","0","0","0","0","0","0","0","0","0","0","0","0","0","0","0","0","0","0","0","0","0","0","0","0","0","0","1","202202","202204","2062"
"3743853","530010","70390108","05388578000180","3","1","00000000000000","","","","0015","","0","E","","","04","","01","04","03","","99","","","","","","","","EAS.03872-01","20190615","1","","","","","","0","0","1","0","0","0","1","0","0","0","0","0","0","0",0,0,0,"0",0,0,0,0,0,0,0,0,0,0,0,0,0,0,"0",0,6,0,0,0,0,0,0,1,0,0,0,0,0,0,0,"1",0,0,0,"0",0,0,0,0,"0",0,0,0,0,0,0,0,0,0,0,0,0,0,0,0,"0","0","1","0","0","0","0","0","0","0","0","0","0","0","0","0","0","0","0","0","0","0","0","0","1","0","0","0","1","1","0","0","0","0","0","0","0","0","0","0","0","0","0","0","0","0","0","0","0","0","0","1","0","0","0","0","0","0","0","0","0","0","0","0","0","0","0","0","0","0","0","0","0","0","0","0","0","0","0","0","0","0","0","0","0","0","0","0","0","0","0","0","1","202008","202204","2305"
"3744035","530010","70390095","05544035000105","3","1","00000000000000","","","","","","0","E","","","04","","01","04","03","","99","","","","","","","","05333-01","20200903","1","","","","","","0","0","1","0","0","0","1","0","0","0","0","0","0","0",0,0,0,"0",0,0,0,0,0,0,0,0,0,0,0,0,0,0,"0",0,8,0,18,0,0,0,0,0,0,0,3,0,0,0,0,"1",0,0,0,"0",0,0,0,0,"0",0,0,0,0,0,0,0,0,0,0,0,0,0,0,0,"0","0","1","0","0","0","0","0","0","0","0","0","0","0","0","0","0","1","0","0","0","1","0","0","1","0","0","1","1","1","0","0","0","0","0","1","0","0","0","0","0","0","1","0","0","0","0","0","0","0","0","1","0","0","0","1","0","0","1","0","0","0","1","0","0","0","0","0","0","0","0","0","0","0","0","0","0","0","0","0","0","0","0","0","0","0","0","0","0","0","0","0","1","202108","202204","2062"
"3744205","530010","70340000","07541715000109","3","1","00000000000000","","","","0010","","0","E","","","03","","03","22","03","","99","","","","","","","","ODO.01490-01","20191012","1","","","","","","0","0","1","0","0","0","1","0","0","0","0","0","0","0",0,0,0,"0",0,0,0,0,0,0,0,0,0,0,0,0,0,0,"0",0,0,0,0,0,0,0,0,1,0,0,0,0,0,0,0,"1",0,0,0,"0",0,0,0,0,"0",0,0,0,0,0,0,0,0,0,0,0,0,0,0,0,"0","0","1","0","0","0","0","0","1","0","0","0","0","0","0","0","0","0","0","0","0","0","0","0","1","1","0","0","1","1","0","0","0","0","0","0","0","0","0","0","0","0","0","0","0","0","0","0","0","0","0","1","0","0","0","0","0","0","0","0","0","0","0","0","0","0","0","0","0","0","0","0","0","0","0","0","0","0","0","0","0","0","0","0","0","0","0","0","0","0","0","0","1","202001","202204","2305"
"3744221","530010","70390700","00421800000186","3","1","00000000000000","","","","","","0","E","","","04","","03","39","03","","99","","","","","","","","LAB 05635-01","20210105","1","","","","","","0","0","1","0","0","0","1","0","0","0","0","0","0","0",0,0,0,"0",0,0,0,0,0,0,0,0,0,0,0,0,0,0,"0",0,0,0,0,0,0,0,0,0,0,0,0,0,0,0,0,"0",0,0,0,"0",0,0,0,0,"0",0,0,0,0,0,0,0,0,0,0,0,0,0,0,0,"0","0","1","0","0","0","0","0","0","0","0","0","0","0","0","0","0","0","0","0","0","0","0","0","1","1","1","0","1","1","0","0","0","0","0","0","0","0","0","0","0","0","0","0","0","0","0","0","0","0","0","0","0","0","0","0","0","0","1","0","0","0","1","0","0","0","0","0","0","0","0","0","0","0","0","0","0","0","0","0","0","0","0","0","0","0","0","0","0","0","0","0","1","202104","202204","2062"
"3774791","530010","71020001","03011333000104","3","1","00000000000000","","","","","","0","E","","","04","","01","36","03","","99","","","","","","","","ODO.00412-05","20220315","1","","","","","","0","0","1","0","0","0","1","0","0","0","0","0","0","0",0,0,0,"0",0,0,0,0,0,0,0,0,0,0,0,0,0,0,"0",1,0,0,0,0,0,0,0,2,0,0,0,0,0,0,0,"1",0,0,0,"0",0,0,0,0,"0",0,0,0,0,0,0,0,0,0,0,0,0,0,0,0,"0","0","1","0","0","0","0","0","1","0","0","0","0","0","0","0","0","0","0","1","0","0","0","0","1","1","0","0","1","1","0","0","0","0","0","0","0","0","0","0","0","0","0","0","0","0","0","0","0","0","0","1","0","0","0","0","0","0","0","0","0","0","0","0","0","0","0","0","0","0","0","0","0","0","0","0","0","0","0","0","0","0","0","0","0","0","0","0","0","0","0","0","1","202204","202204","2062"
"3781402","530010","71693500","00000000000000","3","3","00394700000108","","07","","0160","","1","E","","","04","","03","02","03","","99","","","","","","","","","","","","","","","","1","0","0","0","0","0","1","0","0","0","0","0","0","0",0,0,0,"0",0,0,0,0,0,0,0,0,0,0,0,0,0,0,"0",1,0,0,1,0,0,0,0,0,0,1,1,0,0,0,0,"1",0,0,0,"0",0,0,0,0,"0",0,0,0,0,0,0,0,0,0,0,0,0,0,0,0,"0","0","1","0","0","0","0","0","0","0","0","0","0","0","0","0","0","0","0","0","0","0","0","0","1","1","0","0","1","1","0","0","0","0","0","0","0","0","0","0","0","0","0","0","0","0","0","0","0","0","1","0","0","0","0","0","0","0","0","0","0","0","0","0","0","0","0","0","0","0","0","0","0","0","0","0","0","0","0","0","0","0","0","0","0","0","0","0","0","0","0","0","1","202203","202204","1023"
"3781437","530010","71805132","00000000000000","3","3","00394700000108","","01","","0135","","1","E","","","04","","03","02","03","","99","","","","","","","","","","","","","","","","1","0","1","0","0","0","1","0","0","0","0","0","0","0",0,0,0,"0",0,0,0,0,0,0,0,0,0,0,0,0,0,0,"0",2,0,0,0,0,0,0,0,1,0,1,1,0,0,1,0,"1",0,0,0,"0",0,0,0,0,"0",0,0,0,0,0,0,0,0,0,0,0,0,0,0,0,"0","0","1","0","0","0","1","0","0","0","0","0","0","0","0","0","0","0","0","0","0","0","0","0","1","0","1","0","1","1","0","0","0","0","0","0","0","0","0","0","0","0","0","0","0","0","0","0","0","0","1","0","0","0","0","0","0","0","0","0","0","0","0","0","0","0","0","0","0","0","0","0","0","0","0","0","0","0","1","0","0","0","0","0","0","0","0","0","0","0","0","0","1","202012","202204","1023"
"3786803","530010","70770904","05457089000133","3","1","00000000000000","","","","","","0","E","","","04","","03","22","03","","99","","","","","","","","LICENCIAMENTO","20220214","1","","","","","","0","0","1","0","0","0","1","0","0","0","0","0","0","0",0,0,0,"0",0,0,0,0,0,0,0,0,0,0,0,0,0,0,"0",0,1,0,0,0,0,0,0,0,0,0,0,0,0,0,0,"1",0,0,0,"0",0,0,0,0,"0",0,0,0,0,0,0,0,0,0,0,0,0,0,0,0,"0","0","0","0","0","0","0","0","0","0","0","0","0","0","0","0","0","0","0","0","0","0","0","0","0","0","0","0","1","1","0","0","0","0","0","0","0","0","0","0","0","0","0","0","0","0","0","0","0","0","0","1","0","0","0","0","0","0","0","0","0","0","0","0","0","0","0","0","0","0","0","0","0","0","0","0","0","0","0","0","0","0","0","0","0","0","0","0","0","0","0","0","1","202203","202204","2240"
"3792072","530010","70390108","03447267000110","3","1","00000000000000","","","","0010","","0","E","","","04","","03","36","03","","99","","","","","","","","EM FASE DE RENOVACAO","20201211","1","","","","","","0","0","1","0","0","0","1","0","0","0","0","0","0","0",0,0,0,"0",0,0,0,0,0,0,0,0,0,0,0,0,0,0,"0",0,0,0,0,0,0,0,0,6,0,0,0,0,0,0,0,"1",0,0,0,"0",0,0,0,0,"0",0,0,0,0,0,0,0,0,0,0,0,0,0,0,0,"0","0","1","0","0","0","0","0","1","0","0","0","0","0","0","0","0","0","0","0","0","0","0","0","1","1","1","0","1","1","0","0","0","0","0","0","0","0","0","0","0","0","0","0","0","0","0","0","0","0","0","1","0","0","1","1","0","0","0","0","0","0","0","0","0","0","0","0","0","0","0","0","0","0","0","0","0","0","0","0","0","0","0","0","0","0","0","0","0","0","0","0","1","202103","202204","2240"
"3792099","530010","70390700","00876924000156","3","1","00000000000000","","","","","","0","E","","","04","","03","22","03","","99","","","","","","","","","","","","","","","","0","0","1","0","0","0","1","0","0","0","0","0","0","0",0,0,0,"0",0,0,0,0,0,0,0,0,0,0,0,0,0,0,"0",0,1,0,0,0,0,0,0,0,0,0,0,0,0,0,0,"1",0,0,0,"0",0,0,0,0,"0",0,0,0,0,0,0,0,0,0,0,0,0,0,0,0,"0","0","1","0","0","0","0","0","0","0","0","0","0","0","0","0","0","0","0","0","0","0","0","0","1","0","0","0","1","1","0","0","0","0","0","0","0","0","0","0","0","0","0","0","0","0","0","0","0","0","0","1","0","0","1","1","0","0","0","0","0","0","0","0","0","0","0","0","0","0","0","0","0","0","0","0","0","0","0","0","0","0","0","0","0","0","0","0","0","0","0","0","1","202107","202204","2062"
"3792110","530010","70390095","02781387000196","3","1","00000000000000","","","","0010","","0","E","","","04","","03","36","03","","99","","","","","","","","EAS 02068-01","20210609","1","","","","","","0","0","1","0","0","0","1","0","0","0","0","0","0","0",0,0,0,"0",0,0,0,0,0,0,0,0,0,0,0,0,0,0,"0",0,1,0,0,0,0,0,0,0,0,0,0,0,0,0,0,"1",0,0,0,"0",0,0,0,0,"0",0,0,0,0,0,0,0,0,0,0,0,0,0,0,0,"0","0","1","0","0","0","0","0","0","0","0","0","0","0","0","0","0","0","0","0","0","0","0","0","1","0","0","0","1","1","0","0","0","0","0","0","0","0","0","0","0","0","0","0","0","0","0","0","0","0","0","1","0","0","0","0","0","0","0","0","0","0","0","0","0","0","0","0","0","0","0","0","0","0","0","0","0","0","0","0","0","0","0","0","0","0","0","0","0","0","0","0","1","202108","202204","2062"
"3806472","530010","70310500","03618253000111","3","1","00000000000000","","","","","","0","E","","","04","","03","36","03","","99","","","","","","","","2019005914","20190728","1","","","","","","0","0","1","0","0","0","1","0","0","0","0","0","0","0",0,0,0,"0",0,0,0,0,0,0,0,0,0,0,0,0,0,0,"0",0,0,0,0,0,0,0,0,3,0,0,0,0,0,0,0,"1",0,0,0,"0",0,0,0,0,"0",0,0,0,0,0,0,0,0,0,0,0,0,0,0,0,"0","0","1","0","0","0","0","0","1","0","0","0","0","0","0","0","0","0","1","0","0","0","0","0","1","1","0","0","1","1","0","0","0","0","0","0","0","0","0","0","0","0","0","0","0","0","0","0","0","0","0","1","0","0","0","0","0","0","0","0","0","0","0","0","0","0","0","0","0","0","0","0","0","0","0","0","0","0","0","0","0","0","0","0","0","0","0","0","0","0","0","0","1","202003","202204","2062"
"3806707","530010","70390907","07623827000109","3","1","00000000000000","","","","","","0","E","","","04","","02","36","03","","99","","","","","","","","","","","","","","","","0","0","1","0","0","0","1","0","0","0","0","0","0","0",0,0,0,"0",0,0,0,0,0,0,0,0,0,0,0,0,0,0,"0",0,4,0,0,0,0,0,0,0,0,0,0,0,0,0,0,"1",0,0,0,"0",0,0,0,0,"0",0,0,0,0,0,0,0,0,0,0,0,0,0,0,0,"0","0","1","0","0","0","0","0","0","0","0","0","0","0","0","0","0","0","0","0","0","0","0","0","1","0","0","0","1","1","0","0","0","0","0","0","0","0","0","0","0","0","0","0","0","0","0","0","0","0","0","1","0","0","0","1","0","0","0","0","0","0","0","0","0","0","0","0","0","0","0","0","0","0","0","0","0","0","0","0","0","0","0","0","0","0","0","0","0","0","0","0","1","202107","202204","2062"
"3806723","530010","70200670","04490338000120","3","1","00000000000000","","","","0015","","0","E","","","04","","03","36","03","","99","","","","","","","","EAS 0269101","20210803","1","","","","","","0","0","1","0","0","0","1","0","0","0","0","0","0","0",0,0,0,"0",0,0,0,0,0,0,0,0,0,0,0,0,0,0,"0",0,2,0,0,0,0,0,0,0,1,0,0,0,0,1,0,"1",1,0,0,"1",0,0,0,0,"0",0,0,0,0,0,0,0,0,0,0,0,0,0,0,0,"0","1","1","0","0","0","0","0","0","1","0","0","0","0","0","0","0","1","0","1","0","1","0","0","1","0","0","0","1","1","0","0","0","0","0","0","0","0","0","0","0","0","0","0","0","0","0","0","0","0","0","1","0","0","0","0","0","0","0","0","0","0","0","0","0","0","0","0","0","0","0","0","0","0","0","0","0","0","0","0","0","0","0","0","0","0","0","0","0","0","0","0","1","202108","202204","2062"
"3816109","530010","72310108","03377661000129","3","1","00000000000000","","","","","","0","E","","","04","","01","36","03","","99","","","","","","","","EAS0002918","20190208","1","","","","","","0","0","1","0","0","0","1","0","0","0","0","0","0","0",0,0,0,"0",0,0,0,0,0,0,0,0,0,0,0,0,0,0,"0",0,1,0,0,0,0,0,0,0,0,0,0,0,0,0,0,"1",0,0,0,"0",0,0,0,0,"0",0,0,0,0,0,0,0,0,0,0,0,0,0,0,0,"0","0","0","0","0","0","0","0","0","0","0","0","0","0","0","0","0","0","1","0","0","0","0","0","1","1","0","0","1","1","0","0","0","0","0","0","0","0","0","0","0","0","0","0","0","0","0","0","0","0","0","1","0","0","0","0","0","0","0","0","0","0","0","0","0","0","0","0","0","0","0","0","0","0","0","0","0","0","0","0","0","0","0","0","0","0","0","0","0","0","0","0","1","201907","202204","2062"
"3816613","530010","70310500","01278470000184","3","1","00000000000000","","","","","","0","E","","","04","","","22","03","","99","","","","","","","","","20170502","1","","","","","","0","0","1","0","0","0","1","0","0","0","0","0","0","0",0,0,0,"0",0,0,0,0,0,0,0,0,0,0,0,0,0,0,"0",1,0,0,0,0,0,0,0,0,0,0,0,0,0,0,0,"1",0,0,0,"0",0,0,0,0,"0",0,0,0,0,0,0,0,0,0,0,0,0,0,0,0,"0","0","0","0","0","0","0","0","0","0","0","0","0","0","0","0","0","0","0","0","0","0","0","0","0","0","0","0","1","1","0","0","0","0","0","0","0","0","0","0","0","0","0","0","0","0","0","0","0","0","0","1","0","0","0","1","0","0","0","0","0","0","0","0","0","0","0","0","0","0","0","0","0","0","0","0","0","0","0","0","0","0","0","0","0","0","0","0","0","0","0","0","1","202004","202204","2062"
"3816672","530010","72220215","00063263000492","3","1","00000000000000","","","","0040","","0","E","","","04","","02","39","03","","99","","","","","","","","LAB.00675.16","20220110","1","","","","","","0","0","1","0","0","0","1","0","0","0","0","0","0","0",0,0,0,"0",0,0,0,0,0,0,0,0,0,0,0,0,0,0,"0",0,0,0,0,0,0,0,0,0,0,0,0,0,0,0,0,"0",0,0,0,"0",0,0,0,0,"0",0,0,0,0,0,0,0,0,0,0,0,0,0,0,0,"0","0","0","0","0","0","0","0","0","0","0","0","0","0","0","0","0","0","0","0","0","0","0","0","0","1","0","0","1","1","0","0","0","0","0","0","0","0","0","0","0","0","0","0","0","0","0","0","0","0","0","0","0","0","0","0","0","0","1","0","0","1","1","0","0","0","0","0","0","0","0","0","0","0","0","0","0","0","0","0","0","0","0","0","0","0","0","0","0","0","0","0","1","202203","202204","2054"
"3830373","530010","72502400","05975334000102","3","1","00000000000000","","","","","","0","E","","","04","","01","22","03","","99","","","","","","","","ODO.00042-19","20220203","1","","","","","","0","0","1","0","0","0","1","0","0","0","0","0","0","0",0,0,0,"0",0,0,0,0,0,0,0,0,0,0,0,0,0,0,"0",0,0,0,0,0,0,0,0,1,0,0,0,0,0,0,0,"1",0,0,0,"0",0,0,0,0,"0",0,0,0,0,0,0,0,0,0,0,0,0,0,0,0,"0","0","1","0","0","0","0","0","1","0","0","0","0","0","0","0","0","0","0","0","0","0","0","0","1","1","0","0","1","1","0","0","0","0","0","0","0","0","0","0","0","0","0","0","0","0","0","0","0","0","0","1","0","0","0","0","0","0","0","0","0","0","0","0","0","0","0","0","0","0","0","0","0","0","0","0","0","0","0","0","0","0","0","0","0","0","0","0","0","0","0","0","1","202205","202204","2062"
"3836339","530010","72215178","05641445000174","3","1","00000000000000","","","","0040","","0","E","","","04","","03","04","03","","99","","","","","","","","EAS.00164-16","20210405","1","","","","","","0","0","1","0","0","0","1","0","0","0","0","0","0","0",0,0,0,"0",0,0,0,0,0,0,0,0,0,0,0,0,0,0,"0",2,3,0,1,0,0,0,0,0,0,0,0,0,0,0,0,"1",0,0,0,"0",0,0,0,0,"0",0,0,0,0,0,0,0,0,0,0,0,0,0,0,0,"0","0","1","0","0","0","0","0","0","1","0","0","0","0","0","0","0","0","0","1","0","0","0","0","1","1","0","0","1","1","0","0","0","0","0","0","0","0","0","0","0","0","0","0","0","0","0","0","0","0","0","1","0","0","0","1","0","0","0","0","0","0","0","0","0","0","0","0","0","0","0","0","0","0","0","0","0","0","0","0","0","0","0","0","0","0","0","0","0","0","0","0","1","202108","202204","2062"
"3837998","530010","72015020","07267209000165","3","1","00000000000000","","","","0010","","0","E","","","04","","01","36","03","","99","","","","","","","","LICENCA SANIT Nº 00062-14","20201118","1","","","","","","0","0","1","0","0","0","1","0","0","0","0","0","0","0",0,0,0,"0",0,0,0,0,0,0,0,0,0,0,0,0,0,0,"0",1,0,0,0,0,0,0,0,0,0,0,0,0,0,0,0,"1",0,0,0,"0",0,0,0,0,"0",0,0,0,0,0,0,0,0,0,0,0,0,0,0,0,"0","0","0","1","0","0","0","0","0","0","0","0","0","0","0","0","0","0","0","0","0","0","0","0","1","0","0","0","1","1","0","0","0","0","0","0","0","0","0","0","0","0","0","0","0","0","0","0","0","0","0","1","0","0","0","0","0","0","0","0","0","0","0","0","0","0","0","0","0","0","0","0","0","0","0","0","0","0","0","0","0","0","0","0","0","0","0","0","0","0","0","0","1","202102","202204","2062"
"3860639","530010","72115700","05529465000158","3","1","00000000000000","","","","0180","","0","E","","","04","","03","36","03","","99","","","","","","","","EAS 00074-15/2021","20210329","1","","","","","","0","0","1","0","0","0","1","0","0","0","0","0","0","0",0,0,0,"0",0,0,0,0,0,0,0,0,0,0,0,0,0,0,"0",0,1,0,0,0,0,0,0,0,0,0,0,0,0,0,0,"1",0,0,0,"0",0,0,0,0,"0",0,0,0,0,0,0,0,0,0,0,0,0,0,0,0,"0","0","1","0","0","0","0","0","0","0","0","0","0","0","0","0","0","0","0","0","0","0","0","0","1","1","0","0","1","1","0","0","0","0","0","0","0","0","0","0","0","0","0","0","0","0","0","0","0","0","0","1","0","0","0","1","0","0","0","0","0","0","0","0","0","0","0","0","0","0","0","0","0","0","0","0","0","0","0","0","0","0","0","0","0","0","0","0","0","0","0","0","1","202110","202204","2240"
"3860744","530010","72115700","07607754000153","3","1","00000000000000","","","","","","0","E","","","04","","03","36","04","","99","","","","","","","","EAS 00087-15","20210729","1","","","","","","0","0","1","0","0","0","1","0","0","0","0","0","0","0",0,0,0,"0",0,0,0,0,0,0,0,0,0,0,0,0,0,0,"0",0,4,0,0,0,0,0,0,0,0,0,0,0,0,0,0,"1",0,0,0,"0",0,0,0,0,"0",0,0,0,0,0,0,0,0,0,0,0,0,0,0,0,"0","0","1","0","0","0","0","0","0","0","0","0","0","0","0","0","0","0","0","0","0","0","0","0","1","1","0","0","0","1","0","0","0","0","0","0","0","0","0","0","0","0","0","0","0","0","0","0","0","0","0","1","0","0","0","1","0","0","0","0","0","0","0","0","0","0","0","0","0","0","0","0","0","0","0","0","0","0","0","0","0","0","0","0","0","0","0","0","0","0","0","0","1","202202","202204","2240"
"3860841","530010","72025001","07610739000164","3","1","00000000000000","","","","0180","","0","E","","","04","","03","36","04","","99","","","","","","","","07.610.739/0001-64","20190301","1","","","","","","0","0","1","0","0","0","1","0","0","0","0","0","0","0",0,0,0,"0",0,0,0,0,0,0,0,0,0,0,0,0,0,0,"0",0,0,0,5,0,0,0,0,0,0,0,0,0,0,0,0,"1",0,0,0,"0",0,0,0,0,"0",0,0,0,0,0,0,0,0,0,0,0,0,0,0,0,"0","0","0","1","0","0","0","0","0","0","0","0","0","0","0","0","0","0","0","0","0","0","0","0","1","0","0","0","1","1","0","0","0","0","0","0","0","0","0","0","0","0","0","0","0","0","0","0","0","0","0","1","0","0","1","1","0","0","0","0","0","0","0","0","0","0","0","0","0","0","0","0","0","0","0","0","0","0","0","0","0","0","0","0","0","0","0","0","0","0","0","0","1","202011","202204","2062"
"3862658","530010","70292530","07121251000173","3","1","00000000000000","","","","0015","","0","E","","","04","","03","36","03","","99","","","","","","","","LICENCA SANITARIA","20210219","1","","","","","","0","0","1","0","0","0","1","0","0","0","0","0","0","0",0,0,0,"0",0,0,0,0,0,0,0,0,0,0,0,0,0,0,"0",0,0,0,9,0,0,0,0,0,0,0,0,0,0,0,0,"1",0,0,0,"0",0,0,0,0,"0",0,0,0,0,0,0,0,0,0,0,0,0,0,0,0,"0","0","1","0","0","0","0","0","0","0","0","0","0","0","0","0","0","0","0","0","0","0","0","0","1","0","0","0","1","1","0","0","0","0","0","0","0","0","0","0","0","0","0","0","0","0","0","0","0","0","0","1","0","0","0","1","0","0","0","0","0","0","0","0","0","0","0","0","0","0","0","0","0","0","0","0","0","0","0","0","0","0","0","0","0","0","0","0","0","0","0","0","1","202203","202204","2062"
"3868168","530010","70390150","07405594000160","3","1","00000000000000","","","","0015","","0","E","","","04","","02","36","03","","99","","","","","","","","CERTIFICADO RLE","20190715","1","","","","","","0","0","1","0","0","0","1","0","0","0","0","0","0","0",0,0,0,"0",0,0,0,0,0,0,0,0,0,0,0,0,0,0,"0",0,0,0,8,0,0,0,0,0,0,0,0,0,0,0,0,"1",0,0,0,"0",0,0,0,0,"0",0,0,0,0,0,0,0,0,0,0,0,0,0,0,0,"0","0","1","0","0","0","0","0","0","0","0","0","0","0","0","0","0","0","0","0","0","0","0","0","1","0","0","0","1","1","0","0","0","0","0","0","0","0","0","0","0","0","0","0","0","0","0","0","0","0","0","1","0","0","0","0","0","0","0","0","0","0","0","0","0","0","0","0","0","0","0","0","0","0","0","0","0","0","0","0","0","0","0","0","0","0","0","0","0","0","0","0","1","202201","202204","2062"
"3868389","530010","70390095","04947395000195","3","1","00000000000000","","","","","","0","E","","","04","","03","22","03","","99","","","","","","","","EAS 2026601","20180417","","","","","","","0","0","1","0","0","0","1","0","0","0","0","0","0","0",0,0,0,"0",0,0,0,0,0,0,0,0,0,0,0,0,0,0,"0",0,1,0,0,0,0,0,0,0,0,0,0,0,0,0,0,"1",0,0,0,"0",0,0,0,0,"0",0,0,0,0,0,0,0,0,0,0,0,0,0,0,0,"0","0","0","0","0","0","0","0","0","0","0","0","0","0","0","0","0","0","0","0","0","0","0","0","0","0","0","0","1","1","0","0","0","0","0","0","0","0","0","0","0","0","0","0","0","0","0","0","0","0","0","1","0","0","0","0","0","0","0","0","0","0","0","0","0","0","0","0","0","0","0","0","0","0","0","0","0","0","0","0","0","0","0","0","0","0","0","0","0","0","0","0","1","202001","202204","2305"
"3888274","530010","70390095","07725325000180","3","1","00000000000000","","","","0015","","0","E","","","04","","03","36","03","","99","","","","","","","","LICENCA SANITARIA","20210712","1","","","","","","0","0","1","0","0","0","1","0","0","0","0","0","0","0",0,0,0,"0",0,0,0,0,0,0,0,0,0,0,0,0,0,0,"0",0,1,0,0,0,0,0,0,0,0,0,0,0,0,0,0,"1",0,0,0,"0",0,0,0,0,"0",0,0,0,0,0,0,0,0,0,0,0,0,0,0,0,"0","0","1","0","0","0","0","0","0","1","0","0","0","0","0","0","0","0","0","0","0","0","0","0","1","0","0","0","1","1","0","0","0","0","0","0","0","0","0","0","0","0","0","0","0","0","0","0","0","0","0","1","0","0","0","1","0","0","0","0","0","0","0","0","0","0","0","0","0","0","0","0","0","0","0","0","0","0","0","0","0","0","0","0","0","0","0","0","0","0","0","0","1","202203","202204","2062"
"3908585","530010","70390108","05364882000198","3","1","00000000000000","","","","0015","","0","E","","","04","","03","36","03","","99","","","","","","","","ODO 01005-01","20210623","1","","","","","","0","0","1","0","0","0","1","0","0","0","0","0","0","0",0,0,0,"0",0,0,0,0,0,0,0,0,0,0,0,0,0,0,"0",0,1,0,0,0,0,0,0,0,0,0,0,0,0,0,0,"1",0,0,0,"0",0,0,0,0,"0",0,0,0,0,0,0,0,0,0,0,0,0,0,0,0,"0","0","1","0","0","0","0","0","0","0","0","0","0","0","0","0","0","0","0","0","0","0","0","0","1","1","0","0","1","1","0","0","0","0","0","0","0","0","0","0","0","0","0","0","0","0","0","0","0","0","0","1","0","0","0","1","0","0","0","0","0","0","0","0","0","0","0","0","0","0","0","0","0","0","0","0","0","0","0","0","0","0","0","0","0","0","0","0","0","0","0","0","1","202111","202204","2062"
"3908623","530010","70340908","01661922000293","3","1","00000000000000","","","","","","0","E","","","04","","03","22","03","","99","","","","","","","","CERT. DE LICENCIAMENTO","20200108","1","","","","","","0","0","1","0","0","0","1","0","0","0","0","0","0","0",0,0,0,"0",0,0,0,0,0,0,0,0,0,0,0,0,0,0,"0",0,0,0,1,0,0,0,0,0,0,0,0,0,0,0,0,"1",0,0,0,"0",0,0,0,0,"0",0,0,0,0,0,0,0,0,0,0,0,0,0,0,0,"0","0","0","0","0","0","0","0","0","0","0","0","0","0","0","0","0","0","0","0","0","0","0","0","0","0","0","0","1","1","0","0","0","0","0","0","0","0","0","0","0","0","0","0","0","0","0","0","0","0","0","1","0","0","0","0","0","0","0","0","0","0","0","0","0","0","0","0","0","0","0","0","0","0","0","0","0","0","0","0","0","0","0","0","0","0","0","0","0","0","0","0","1","202204","202204","2240"
"3908704","530010","70200730","02447285000139","3","1","00000000000000","","","","","","0","E","","","04","","03","36","03","","99","","","","","","","","RLE VISADF","20200813","1","","","","","","0","0","1","0","0","0","1","0","0","0","0","0","0","0",0,0,0,"0",0,0,0,0,0,0,0,0,0,0,0,0,0,0,"0",0,1,0,0,0,0,0,0,0,0,0,0,0,0,0,0,"1",0,0,0,"0",0,0,0,0,"0",0,0,0,0,0,0,0,0,0,0,0,0,0,0,0,"0","0","1","0","0","0","0","0","0","0","0","0","0","0","0","0","0","0","0","0","0","0","0","0","1","1","0","0","1","1","0","0","0","0","0","0","0","0","0","0","0","0","0","0","0","0","0","0","0","0","0","1","0","0","0","1","0","0","0","0","0","0","0","0","0","0","0","0","0","0","0","0","0","0","0","0","0","0","0","0","0","0","0","0","0","0","0","0","0","0","0","0","1","202111","202204","2062"
"3908747","530010","70711000","37991254000129","3","1","00000000000000","","","","0010","","0","E","","","04","","03","22","03","","99","","","","","","","","ODO.0139-02","20200601","1","","","","","","0","0","1","0","0","0","1","0","0","0","0","0","0","0",0,0,0,"0",0,0,0,0,0,0,0,0,0,0,0,0,0,0,"0",0,0,0,0,0,0,0,0,3,0,0,0,0,0,0,0,"1",0,0,0,"0",0,0,0,0,"0",0,0,0,0,0,0,0,0,0,0,0,0,0,0,0,"0","0","1","0","0","0","0","0","1","0","0","0","0","0","0","0","0","0","0","0","0","0","0","0","1","1","0","0","1","1","0","0","0","0","0","0","0","0","0","0","0","0","0","0","0","0","0","0","0","0","0","1","0","0","0","1","0","0","0","0","0","0","0","0","0","0","0","0","0","0","0","0","0","0","0","0","0","0","0","0","0","0","0","0","0","0","0","0","0","0","0","0","1","202010","202204","2062"
"3908801","530010","70390095","05131865000100","3","1","00000000000000","","","","","","0","E","","","04","","03","04","03","","99","","","","","","","","RAD05355.01","20210913","1","","","","","","0","0","1","0","0","0","1","0","0","0","0","0","0","0",0,0,0,"0",0,0,0,0,0,0,0,0,0,0,0,0,0,0,"0",2,1,0,0,0,0,0,0,0,0,0,0,0,0,0,0,"1",0,0,0,"0",0,0,0,0,"0",0,0,0,0,0,0,0,0,0,0,0,0,0,0,0,"0","0","1","0","0","0","0","0","0","0","0","0","0","0","0","0","0","0","0","0","0","0","0","0","1","0","0","0","1","1","0","0","0","0","0","0","0","0","0","0","0","0","0","0","0","0","0","0","0","0","0","1","0","0","0","1","0","0","0","0","0","0","0","0","0","0","0","0","0","0","0","0","0","0","0","0","0","0","0","0","0","0","0","0","0","0","0","0","0","0","0","0","1","202203","202204","2240"
"3908895","530010","70390907","03907119000130","3","1","00000000000000","","","","0015","","0","E","","","04","","01","04","04","","99","","","","","","","","LICENCA SANITARIA","20180320","1","","","","","","0","0","1","0","0","0","1","0","0","0","0","0","0","0",0,0,0,"0",0,0,0,0,0,0,0,0,0,0,0,0,0,0,"0",0,1,0,0,0,0,0,0,0,0,0,0,0,0,0,0,"1",0,0,0,"0",0,0,0,0,"0",0,0,0,0,0,0,0,0,0,0,0,0,0,0,0,"0","0","1","0","0","0","0","0","0","0","0","0","0","0","0","0","0","0","0","0","0","0","0","0","1","1","0","0","1","1","0","0","0","0","0","0","0","0","0","0","0","0","0","0","0","0","0","0","0","0","0","1","0","0","0","1","0","0","0","0","0","0","0","0","0","0","0","0","0","0","0","0","0","0","0","0","0","0","0","0","0","0","0","0","0","0","0","0","0","0","0","0","1","202106","202204","2062"
"3911810","530010","70673632","61486650038237","3","1","00000000000000","","","","","","0","E","","","04","","02","39","03","","99","","","","","","","","","","","","","","","","0","0","1","0","0","0","1","0","0","0","0","0","0","0",0,0,0,"0",0,0,0,0,0,0,0,0,0,0,0,0,0,0,"0",0,0,0,0,0,0,0,0,0,0,0,1,0,0,0,0,"1",0,0,0,"0",0,0,0,0,"0",0,0,0,0,0,0,0,0,0,0,0,0,0,0,0,"0","0","0","0","0","0","0","0","0","0","0","0","0","0","0","0","0","0","1","0","0","0","0","0","1","1","0","0","1","1","0","0","0","0","0","0","0","0","0","0","0","0","0","0","0","0","0","0","0","0","0","0","0","0","0","0","0","0","1","0","0","0","1","0","0","0","0","0","0","0","0","0","0","0","0","0","0","0","0","0","0","0","0","0","0","0","0","0","0","0","0","0","1","202010","202204","2046"
"3911837","530010","70670010","05637408000354","3","1","00000000000000","","","","","","0","E","","","04","","03","04","04","","99","","","","","","","","0008407EAS","20191205","2","","","","","","0","0","1","0","0","0","1","0","0","0","0","0","0","0",0,0,0,"0",0,0,0,0,0,0,0,0,0,0,0,0,0,0,"1",0,1,0,0,0,0,0,0,0,0,0,0,0,1,0,0,"1",0,0,0,"0",0,0,0,0,"0",0,0,1,0,0,0,0,0,0,0,0,0,0,0,0,"0","0","1","0","0","0","0","0","0","0","0","0","0","0","0","0","0","0","0","0","0","0","0","0","1","0","0","0","1","1","0","0","0","0","0","0","0","0","0","0","0","0","0","0","0","0","0","0","0","0","0","1","0","0","1","1","0","0","1","0","0","1","1","0","0","0","0","0","0","0","0","0","0","0","0","0","0","0","0","0","0","0","0","0","0","0","0","0","0","0","0","0","1","202105","202204","2305"
"3920275","530010","71600700","37993474000191","3","1","00000000000000","","","","","","0","E","","","04","","03","36","03","","99","","","","","","","","0142-03","20210405","1","","","","","","0","0","1","0","0","0","1","0","0","0","0","0","0","0",0,0,0,"0",0,0,0,0,0,0,0,0,0,0,0,0,0,6,"1",6,0,0,0,0,0,0,1,0,0,0,0,0,0,0,0,"1",0,0,0,"0",0,0,0,0,"0",0,0,0,0,0,0,0,0,0,0,0,0,0,0,0,"0","0","1","0","0","0","0","0","0","0","0","0","0","0","0","0","0","0","0","0","0","0","0","0","1","0","0","0","1","1","0","0","0","0","0","0","0","0","0","0","0","0","0","0","0","0","0","0","0","0","0","1","0","0","1","1","0","0","0","0","0","0","0","0","0","0","0","0","0","0","0","0","0","0","0","0","0","0","0","0","0","0","0","0","0","0","0","0","0","0","0","0","1","202107","202204","2062"
"3921662","530010","70719900","00081172508100","1","1","00000000000000","","","","","","0","E","","","04","","03","22","04","","99","","","","","","","","","","","","","","","","0","0","1","0","0","0","1","0","0","0","0","0","0","0",0,0,0,"0",0,0,0,0,0,0,0,0,0,0,0,0,0,0,"0",0,0,0,1,0,0,0,0,0,0,0,0,0,0,0,0,"1",0,0,0,"0",0,0,0,0,"0",0,0,0,0,0,0,0,0,0,0,0,0,0,0,0,"0","0","0","0","0","0","0","0","0","0","0","0","0","0","0","0","0","0","0","0","0","0","0","0","0","0","0","0","1","1","0","0","0","0","0","0","0","0","0","0","0","0","0","0","0","0","0","0","0","0","0","1","0","0","0","0","0","0","0","0","0","0","0","0","0","0","0","0","0","0","0","0","0","0","0","0","0","0","0","0","0","0","0","0","0","0","0","0","0","0","0","0","1","202008","202204","4000"
"3921816","530010","70770574","07317088000119","3","1","00000000000000","","","","","","0","E","","","04","","03","04","03","","99","","","","","","","","SPP2030811861","20190108","2","","","","","","0","0","1","0","0","0","1","0","0","0","0","0","0","0",0,0,0,"0",0,0,0,0,0,0,0,0,0,0,0,0,0,0,"0",0,0,0,5,0,0,0,0,0,0,0,0,0,0,0,0,"1",0,0,0,"0",0,0,0,0,"0",0,0,0,0,0,0,0,0,0,0,0,0,0,0,0,"0","0","1","0","0","0","0","0","0","0","0","0","0","0","0","0","0","0","0","1","0","0","0","0","1","1","0","0","1","1","0","0","0","0","0","0","0","0","0","0","0","0","0","0","0","0","0","0","0","0","0","1","0","0","0","1","0","0","0","0","0","0","0","0","0","0","0","0","0","0","0","0","0","0","0","0","0","0","0","0","0","0","0","0","0","0","0","0","0","0","0","0","1","202107","202204","2062"
"3921883","530010","71070514","61486650037508","3","1","00000000000000","","","","","","0","E","","","04","","03","39","03","","99","","","","","","","","","","","","","","","","0","0","1","0","0","0","1","0","0","0","0","0","0","0",0,0,0,"0",0,0,0,0,0,0,0,0,0,0,0,0,0,0,"0",0,0,0,0,0,0,0,1,0,0,0,0,0,0,0,0,"1",0,0,0,"0",0,0,0,0,"0",0,0,0,0,0,0,0,0,1,0,0,0,0,0,0,"0","0","0","0","0","0","0","0","0","0","0","0","0","0","0","0","0","0","1","0","0","0","0","0","1","1","0","0","1","1","0","0","0","0","0","0","0","0","0","0","0","0","0","0","0","0","0","0","0","0","0","0","0","0","0","0","0","0","1","0","0","0","1","0","0","0","0","0","0","0","0","0","0","0","0","0","0","0","0","0","0","0","0","0","0","0","0","0","0","0","0","0","1","202010","202204","2046"
"3923185","530010","70390108","26499483000104","3","1","00000000000000","","","","0015","","0","E","","","04","","03","22","03","","99","","","","","","","","EAS02438-01","20200913","1","","","","","","0","0","1","0","0","0","1","0","0","0","0","0","0","0",0,0,0,"0",0,0,0,0,0,0,0,0,0,0,0,0,0,0,"0",1,0,0,0,0,0,0,0,0,0,0,0,0,0,0,0,"1",0,0,0,"0",0,0,0,0,"0",0,0,0,0,0,0,0,0,0,0,0,0,0,0,0,"0","0","1","0","0","0","0","0","0","0","0","0","0","0","0","0","0","0","0","0","0","0","0","0","1","0","0","0","1","1","0","0","0","0","0","0","0","0","0","0","0","0","0","0","0","0","0","0","0","0","0","1","0","0","0","1","0","0","0","0","0","0","0","0","0","0","0","0","0","0","0","0","0","0","0","0","0","0","0","0","0","0","0","0","0","0","0","0","0","0","0","0","1","202107","202204","2062"
"3932303","530010","70340907","07400900000175","3","1","00000000000000","","","","0015","","0","E","","","04","","02","22","03","","99","","","","","","","","EM ESTUDO","","","","","","","","0","0","1","0","0","0","1","0","0","0","0","0","0","0",0,0,0,"0",0,0,0,0,0,0,0,0,0,0,0,0,0,0,"0",0,0,0,0,0,0,0,0,1,0,0,0,0,0,0,0,"1",0,0,0,"0",0,0,0,0,"0",0,0,0,0,0,0,0,0,0,0,0,0,0,0,0,"0","0","1","0","0","0","0","0","0","0","0","0","0","0","0","0","0","0","0","0","0","0","0","0","1","0","0","0","1","1","0","0","0","0","0","0","0","0","0","0","0","0","0","0","0","0","0","0","0","0","0","1","0","0","0","0","0","0","0","0","0","0","0","0","0","0","0","0","0","0","0","0","0","0","0","0","0","0","0","0","0","0","0","0","0","0","0","0","0","0","0","0","1","202203","202204","2062"
"3932923","530010","70390108","05557454000181","3","1","00000000000000","","","","0015","","0","E","","","04","","01","36","03","","99","001","34789","193860","","","","","EAS 02465-01","20190829","1","","","","","","0","0","1","0","0","0","1","0","0","0","0","0","0","0",0,0,0,"0",0,0,0,0,0,0,0,0,0,0,0,0,0,0,"0",0,3,0,0,0,0,0,0,0,0,0,0,0,0,0,0,"1",0,0,0,"0",0,0,0,0,"0",0,0,0,0,0,0,0,0,0,0,0,0,0,0,0,"0","0","0","0","0","0","0","0","1","0","0","0","0","0","0","0","0","0","0","0","0","1","0","0","1","0","0","0","1","1","1","0","0","0","0","0","0","0","0","0","0","0","1","0","0","0","0","0","0","0","0","1","0","0","0","1","0","0","0","0","0","0","0","0","0","0","0","0","0","0","0","0","0","0","0","0","0","0","0","0","0","0","0","0","0","0","0","0","0","0","0","0","1","201911","202204","2232"
"3932958","530010","70390150","02659286000147","3","1","00000000000000","","","","","","0","E","","","04","","01","04","04","","99","","","","","","","","EAS.20189-01","20220121","","","","","","","0","0","1","0","0","0","1","0","0","0","0","0","0","0",0,0,0,"0",0,0,0,0,0,0,0,0,0,0,0,0,0,0,"0",0,4,0,0,0,0,0,0,0,0,0,0,0,0,0,0,"1",0,0,0,"0",0,0,0,0,"0",0,0,0,0,0,0,0,0,0,0,0,0,0,0,0,"0","0","1","0","0","0","0","0","0","0","0","0","0","0","0","0","0","0","0","1","0","0","0","0","1","0","0","0","1","1","0","0","0","0","0","0","0","0","0","0","0","0","0","0","0","0","0","0","0","0","0","1","0","0","0","1","0","0","0","0","0","0","0","0","0","0","0","0","0","0","0","0","0","0","0","0","0","0","0","0","0","0","0","0","0","0","0","0","0","0","0","0","1","202202","202204","2062"
"3932982","530010","70390907","02777949000209","3","1","00000000000000","","","","","","0","E","","","04","","01","39","03","","99","","","","","","","","20161400539840","20180621","1","","","","","","0","0","1","0","0","0","1","0","0","0","0","0","0","0",0,0,0,"0",0,0,0,0,0,0,0,0,0,0,0,0,0,0,"0",0,2,0,0,0,0,0,0,0,0,0,0,0,0,0,0,"1",0,0,0,"0",0,0,0,0,"0",0,0,0,0,0,0,0,0,0,0,0,0,0,0,0,"0","0","1","0","0","0","0","0","0","0","0","0","0","0","0","0","0","0","1","0","0","0","0","0","1","1","0","0","1","1","0","0","0","0","0","0","0","0","0","0","0","0","0","0","0","0","0","0","0","0","0","0","0","0","0","0","0","0","1","0","0","0","1","0","0","0","0","0","0","0","0","0","0","0","0","0","0","0","0","0","0","0","0","0","0","0","0","0","0","0","0","0","1","201905","202204","2062"
"3934772","530010","72115700","07563672000154","3","1","00000000000000","","","","0180","","0","E","","","04","","03","36","03","","99","","","","","","","","EAS.0003-15","20190131","1","","","","","","0","0","1","0","0","0","1","0","0","0","0","0","0","0",0,0,0,"0",0,0,0,0,0,0,0,0,0,0,0,0,0,0,"0",1,0,0,0,0,0,0,0,0,0,0,0,0,0,0,0,"1",0,0,0,"0",0,0,0,0,"0",0,0,0,0,0,0,0,0,0,0,0,0,0,0,0,"0","0","1","0","0","0","0","0","1","0","0","0","0","0","0","0","0","0","0","1","0","0","0","0","1","1","0","0","1","1","0","0","0","0","0","0","0","0","0","0","0","0","0","0","0","0","0","0","0","0","0","1","0","0","1","1","0","0","0","0","0","0","0","0","0","0","0","0","0","0","0","0","0","0","0","0","0","0","0","0","0","0","0","0","0","0","0","0","0","0","0","0","1","202001","202204","2062"
"3937402","530010","70390108","04177289000170","3","1","00000000000000","","","","","","0","E","","","04","","03","22","03","","99","","","","","","","","RLE@DIGITAL","20220101","1","","","","","","0","0","1","0","0","0","1","0","0","0","0","0","0","0",0,0,0,"0",0,0,0,0,0,0,0,0,0,0,0,0,0,0,"0",0,2,0,0,0,0,0,0,0,0,0,0,0,0,0,0,"1",0,0,0,"0",0,0,0,0,"0",0,0,0,0,0,0,0,0,0,0,0,0,0,0,0,"0","0","0","0","0","0","0","0","0","0","0","0","0","0","0","0","0","0","0","0","0","0","0","0","0","1","0","0","1","1","0","0","0","0","0","0","0","0","0","0","0","0","0","0","0","0","0","0","0","0","0","1","0","0","0","1","0","0","0","0","0","0","0","0","0","0","0","0","0","0","0","0","0","0","0","0","0","0","0","0","0","0","0","0","0","0","0","0","0","0","0","0","1","202202","202204","2062"
"3938042","530010","70711000","04401387000220","3","1","00000000000000","","","","0005","","0","E","","","04","","01","22","03","","99","","","","","","","","LICENCA SANITARIA","20210112","1","","","","","","0","0","1","0","0","0","1","0","0","0","0","0","0","0",0,0,0,"0",0,0,0,0,0,0,0,0,0,0,0,0,0,0,"0",0,0,0,0,0,0,0,0,1,0,0,0,0,0,0,0,"1",0,0,0,"0",0,0,0,0,"0",0,0,0,0,0,0,0,0,0,0,0,0,0,0,0,"0","0","1","0","0","0","0","0","1","0","0","0","0","0","0","0","0","0","0","0","0","0","0","0","1","1","0","0","1","1","0","0","0","0","0","0","0","0","0","0","0","0","0","0","0","0","0","0","0","0","0","1","0","0","0","0","0","0","0","0","0","0","0","0","0","0","0","0","0","0","0","0","0","0","0","0","0","0","0","0","0","0","0","0","0","0","0","0","0","0","0","0","1","202107","202204","2062"
"3938077","530010","72115115","07714826000161","3","1","00000000000000","","","","","","0","E","","","04","","01","36","03","","99","","","","","","","","00186/2016","20160518","1","","","","","","0","0","1","0","0","0","1","0","0","0","0","0","0","0",0,0,0,"0",0,0,0,0,0,0,0,0,0,0,0,0,0,0,"0",0,0,0,0,0,0,0,0,1,0,0,0,0,0,0,0,"1",0,0,0,"0",0,0,0,0,"0",0,0,0,0,0,0,0,0,0,0,0,0,0,0,0,"0","0","1","0","0","0","0","0","1","0","0","0","0","0","0","0","0","0","0","0","0","0","0","0","1","0","0","0","1","1","0","0","0","0","0","0","0","0","0","0","0","0","0","0","0","0","0","0","0","0","0","1","0","0","1","1","0","0","0","0","0","0","0","0","0","0","0","0","0","0","0","0","0","0","0","0","0","0","0","0","0","0","0","0","0","0","0","0","0","0","0","0","1","201906","202204","2062"
"3941973","530010","72015020","07388015000118","3","1","00000000000000","","","","0180","","0","E","","","04","","03","36","03","","99","","","","","","","","ODO.00060-14","20200411","1","","","","","","0","0","1","0","0","0","1","0","0","0","0","0","0","0",0,0,0,"0",0,0,0,0,0,0,0,0,0,0,0,0,0,0,"0",0,0,0,0,0,0,0,0,2,0,0,0,0,0,0,0,"1",0,0,0,"0",0,0,0,0,"0",0,0,0,0,0,0,0,0,0,0,0,0,0,0,0,"0","0","1","0","0","0","0","0","1","0","0","0","0","0","0","0","0","0","0","0","0","0","0","0","1","1","0","0","1","1","0","0","0","0","0","0","0","0","0","0","0","0","0","0","0","0","0","0","0","0","0","1","0","0","0","1","0","0","0","0","0","0","0","0","0","0","0","0","0","0","0","0","0","0","0","0","0","0","0","0","0","0","0","0","0","0","0","0","0","0","0","0","1","202008","202204","2062"
"3951936","530010","72314701","02753841000103","3","1","00000000000000","","","","0140","","0","E","","","04","","01","22","03","","99","","","","","","","","000818","20190313","1","","","","","","0","0","1","0","0","0","1","0","0","0","0","0","0","0",0,0,0,"0",0,0,0,0,0,0,0,0,0,0,0,0,0,0,"0",0,0,0,0,0,0,0,0,1,0,0,0,0,0,0,0,"1",0,0,0,"0",0,0,0,0,"0",0,0,0,0,0,0,0,0,0,0,0,0,0,0,0,"0","0","1","0","0","0","0","0","1","0","0","0","0","0","0","0","0","0","0","0","0","0","0","0","1","1","0","0","1","1","0","0","0","0","0","0","0","0","0","0","0","0","0","0","0","0","0","0","0","0","0","1","0","0","0","0","0","0","0","0","0","0","0","0","0","0","0","0","0","0","0","0","0","0","0","0","0","0","0","0","0","0","0","0","0","0","0","0","0","0","0","0","1","202001","202204","2062"
"3955249","530010","70710149","03061035000129","3","1","00000000000000","","","","","","0","E","","","04","","03","36","03","","99","","","","","","","","EAS-00021-02","20200917","1","","","","","","0","0","1","0","0","0","1","0","0","0","0","0","0","0",0,0,0,"0",0,0,0,0,0,0,0,0,0,0,0,0,0,0,"0",0,1,0,0,0,0,0,0,0,0,0,0,0,0,0,0,"1",0,0,0,"0",0,0,0,0,"0",0,0,0,0,0,0,0,0,0,0,0,0,0,0,0,"0","0","1","0","0","0","0","0","0","0","0","0","0","0","0","0","0","0","0","0","0","0","0","0","1","1","0","0","1","1","0","0","0","0","0","0","0","0","0","0","0","0","0","0","0","0","0","0","0","0","0","1","0","0","0","0","0","0","0","0","0","0","0","0","0","0","0","0","0","0","0","0","0","0","0","0","0","0","0","0","0","0","0","0","0","0","0","0","0","0","0","0","1","202010","202204","2062"
"3955257","530010","70770100","02902481000156","3","1","00000000000000","","","","","","0","E","","","04","","01","22","03","","99","","","","","","","","02555","20201014","1","","","","","","0","0","1","0","0","0","1","0","0","0","0","0","0","0",0,0,0,"0",0,0,0,0,0,0,0,0,0,0,0,0,0,0,"0",0,0,0,1,0,0,0,0,0,0,0,0,0,0,0,0,"1",0,0,0,"0",0,0,0,0,"0",0,0,0,0,0,0,0,0,0,0,0,0,0,0,0,"0","0","1","0","0","0","0","0","0","0","0","0","0","0","0","0","0","0","0","0","0","0","0","0","1","0","0","0","1","1","0","0","0","0","0","0","0","0","0","0","0","0","0","0","0","0","0","0","0","0","0","1","0","0","0","0","0","0","0","0","0","0","0","0","0","0","0","0","0","0","0","0","0","0","0","0","0","0","0","0","0","0","0","0","0","0","0","0","0","0","0","0","1","202109","202204","2062"
"3955559","530010","72015525","07338610000149","3","1","00000000000000","","","","0180","","0","E","","","04","","01","22","03","","99","","","","","","","","","","","","","","","","0","0","1","0","0","0","1","0","0","0","0","0","0","0",0,0,0,"0",0,0,0,0,0,0,0,0,0,0,0,0,0,0,"0",0,0,0,0,0,0,0,0,1,0,0,0,0,0,0,0,"1",0,0,0,"0",0,0,0,0,"0",0,0,0,0,0,0,0,0,0,0,0,0,0,0,0,"0","0","0","0","0","0","0","0","0","0","0","0","0","0","0","0","0","0","0","0","0","0","0","0","0","0","0","0","1","1","0","0","0","0","0","0","0","0","0","0","0","0","0","0","0","0","0","0","0","0","0","1","0","0","0","1","0","0","0","0","0","0","0","0","0","0","0","0","0","0","0","0","0","0","0","0","0","0","0","0","0","0","0","0","0","0","0","0","0","0","0","0","1","201909","202204","2062"
"3955583","530010","72025001","07829258000144","3","1","00000000000000","","","","0180","","0","E","","","04","","03","36","03","","99","","","","","","","","EAS 00034-14","20210915","1","","","","","","0","0","1","0","0","0","1","0","0","0","0","0","0","0",0,0,0,"0",0,0,0,0,0,0,0,0,0,0,0,0,0,0,"0",0,1,0,0,0,0,0,0,0,0,0,0,0,0,0,0,"1",0,0,0,"0",0,0,0,0,"0",0,0,0,0,0,0,0,0,0,0,0,0,0,0,0,"0","0","1","0","0","0","0","0","0","0","0","0","0","0","0","0","0","0","0","0","0","0","0","0","1","1","0","0","1","1","0","0","0","0","0","0","0","0","0","0","0","0","0","0","0","0","0","0","0","0","0","1","0","0","0","1","0","0","0","0","0","0","0","0","0","0","0","0","0","0","0","0","0","0","0","0","0","0","0","0","0","0","0","0","0","0","0","0","0","0","0","0","1","202112","202204","2062"
"3956555","530010","70390100","04885501000153","3","1","00000000000000","","","","","","0","E","","","04","","03","36","03","","99","","","","","","","","RLE","20200323","1","","","","","","0","0","1","0","0","0","1","0","0","0","0","0","0","0",0,0,0,"0",0,0,0,0,0,0,0,0,0,0,0,0,0,0,"0",0,1,0,0,0,0,0,0,0,0,0,0,0,0,0,0,"1",0,0,0,"0",0,0,0,0,"0",0,0,0,0,0,0,0,0,0,0,0,0,0,0,0,"0","0","1","0","0","0","0","0","0","0","0","0","0","0","0","0","0","0","0","0","0","0","0","0","1","0","0","0","1","1","0","0","0","0","0","0","0","0","0","0","0","0","0","0","0","0","0","0","0","0","0","1","0","0","0","1","0","0","0","0","0","0","0","0","0","0","0","0","0","0","0","0","0","0","0","0","0","0","0","0","0","0","0","0","0","0","0","0","0","0","0","0","1","202009","202204","2062"
"3956768","530010","70710100","07129576000100","3","1","00000000000000","","","","0010","","0","E","","","04","","03","22","03","","99","","","","","","","","RLE","20210524","1","","","","","","0","0","1","0","0","0","1","0","0","0","0","0","0","0",0,0,0,"0",0,0,0,0,0,0,0,0,0,0,0,0,0,0,"0",0,2,0,0,0,0,0,0,0,0,0,0,0,0,0,0,"1",0,0,0,"0",0,0,0,0,"0",0,0,0,0,0,0,0,0,0,0,0,0,0,0,0,"0","0","1","0","0","0","0","0","0","0","0","0","0","0","0","0","0","0","0","0","0","0","0","0","1","0","0","0","1","1","0","0","0","0","0","0","0","0","0","0","0","0","0","0","0","0","0","0","0","0","0","1","0","0","0","1","0","0","0","0","0","0","0","0","0","0","0","0","0","0","0","0","0","0","0","0","0","0","0","0","0","0","0","0","0","0","0","0","0","0","0","0","1","202201","202204","2062"
"3956784","530010","70200700","38045738000148","3","1","00000000000000","","","","0010","","0","E","","","04","","03","36","03","","99","","","","","","","","ODO.01041-01","20210320","1","","","","","","0","0","1","0","0","0","1","0","0","0","0","0","0","0",0,0,0,"0",0,0,0,0,0,0,0,0,0,0,0,0,0,0,"0",0,0,0,0,0,0,0,0,2,0,0,0,0,0,0,0,"1",0,0,0,"0",0,0,0,0,"0",0,0,0,0,0,0,0,0,0,0,0,0,0,0,0,"0","0","1","0","0","0","0","0","1","0","0","0","0","0","0","0","0","0","0","0","0","0","0","0","1","1","0","0","1","1","0","0","0","0","0","0","0","0","0","0","0","0","0","0","0","0","0","0","0","0","0","1","0","0","1","0","0","0","0","0","0","0","0","0","0","0","0","0","0","0","0","0","0","0","0","0","0","0","0","0","0","0","0","0","0","0","0","0","0","0","0","0","1","202203","202204","2062"
"3956792","530010","70390100","07111596000146","3","1","00000000000000","","","","0010","","0","E","","","04","","03","22","03","","99","","","","","","","","RLE53201274179","20210208","1","","","","","","0","0","1","0","0","0","1","0","0","0","0","0","0","0",0,0,0,"0",0,0,0,0,0,0,0,0,0,0,0,0,0,0,"0",0,0,0,3,0,0,0,0,0,0,0,0,0,0,0,0,"1",0,0,0,"0",0,0,0,0,"0",0,0,0,0,0,0,0,0,0,0,0,0,0,0,0,"0","0","1","0","0","0","0","0","0","0","0","0","0","0","0","0","0","0","0","1","0","0","0","0","1","0","0","0","1","1","0","0","0","0","0","0","0","0","0","0","0","0","0","0","0","0","0","0","0","0","0","1","0","0","0","1","0","0","0","0","0","0","0","0","0","0","0","0","0","0","0","0","0","0","0","0","0","0","0","0","0","0","0","0","0","0","0","0","0","0","0","0","1","202202","202204","2062"
"3973042","530010","70701010","07867496000144","3","1","00000000000000","","","","","","0","E","","","04","","03","39","03","","99","","","","","","","","LAB.00001-02","20181107","1","","","","","","0","0","1","0","0","0","1","0","0","0","0","0","0","0",0,0,0,"0",0,0,0,0,0,0,0,0,0,0,0,0,0,0,"0",0,2,0,0,0,0,0,0,0,0,0,0,0,0,0,0,"1",0,0,0,"0",0,0,0,0,"0",0,0,0,0,0,0,0,0,0,0,0,0,0,0,0,"0","0","1","0","0","0","0","0","1","0","0","0","0","0","0","0","0","0","0","0","0","0","0","0","1","1","0","0","1","1","0","0","0","0","0","0","0","0","0","0","0","0","0","0","0","0","0","0","0","0","0","1","0","0","0","0","0","0","0","0","0","0","0","0","0","0","0","0","0","0","0","0","0","0","0","0","0","0","0","0","0","0","0","0","0","0","0","0","0","0","0","0","1","201904","202204","2062"
"3973069","530010","70077900","01623758000149","3","1","00000000000000","","","","0010","","0","E","","","04","","01","36","03","","99","","","","","","","","10050","20181003","1","","","","","","0","0","1","0","0","0","1","0","0","0","0","0","0","0",0,0,0,"0",0,0,0,0,0,0,0,0,0,0,0,0,0,0,"0",0,0,0,5,0,0,0,0,0,0,0,0,0,0,0,0,"1",0,0,0,"0",0,0,0,0,"0",0,0,0,0,0,0,0,0,0,0,0,0,0,0,0,"0","0","1","0","0","0","0","0","0","0","0","0","0","0","0","0","0","0","0","0","0","0","0","0","1","0","0","0","1","1","0","0","0","0","0","0","0","0","0","0","0","0","0","0","0","0","0","0","0","0","0","1","0","0","1","1","0","0","0","0","0","0","0","0","0","0","0","0","0","0","0","0","0","0","0","0","0","0","0","0","0","0","0","0","0","0","0","0","0","0","0","0","1","202105","202204","2240"
"3973077","530010","70390700","02498832000105","3","1","00000000000000","","","","","","0","E","","","04","","01","22","03","","99","","","","","","","","20171400171761","20170329","1","","","","","","0","0","1","0","0","0","1","0","0","0","0","0","0","0",0,0,0,"0",0,0,0,0,0,0,0,0,0,0,0,0,0,0,"0",0,1,0,0,0,0,0,0,0,0,0,0,0,0,0,0,"1",0,0,0,"0",0,0,0,0,"0",0,0,0,0,0,0,0,0,0,0,0,0,0,0,0,"0","0","0","0","0","0","0","0","0","0","0","0","0","0","0","0","0","0","0","0","0","0","0","0","0","0","0","0","1","1","0","0","0","0","0","0","0","0","0","0","0","0","0","0","0","0","0","0","0","0","0","1","0","0","0","0","0","0","0","0","0","0","0","0","0","0","0","0","0","0","0","0","0","0","0","0","0","0","0","0","0","0","0","0","0","0","0","0","0","0","0","0","1","202001","202204","2062"
"3973093","530010","70770561","04030215000106","3","1","00000000000000","","","","0010","","0","E","","","04","","01","36","03","","99","","","","","","","","20161400331300","20160804","1","","","","","","0","0","1","0","0","0","1","0","0","0","0","0","0","0",0,0,0,"0",0,0,0,0,0,0,0,0,0,0,0,0,0,0,"0",0,1,0,0,0,0,0,0,0,0,0,0,0,0,0,0,"1",0,0,0,"0",0,0,0,0,"0",0,0,0,0,0,0,0,0,0,0,0,0,0,0,0,"0","0","0","0","0","0","0","0","0","0","0","0","0","0","0","0","0","0","0","0","0","0","0","0","0","0","0","0","0","0","0","0","0","0","0","0","0","0","0","0","0","0","0","0","0","0","0","0","0","0","0","1","0","0","0","0","0","0","0","0","0","0","0","0","0","0","0","0","0","0","0","0","0","0","0","0","0","0","0","0","0","0","0","0","0","0","0","0","0","0","0","0","1","202110","202204","2062"
"3973182","530010","70340000","02904309000131","3","1","00000000000000","","","","0010","","0","E","","","04","","03","22","03","","99","","","","","","","","EAS.02161-01","20180507","1","","","","","","0","0","1","0","0","0","1","0","0","0","0","0","0","0",0,0,0,"0",0,0,0,0,0,0,0,0,0,0,0,0,0,0,"0",0,1,0,0,0,0,0,0,0,0,0,0,0,0,0,0,"1",0,0,0,"0",0,0,0,0,"0",0,0,0,0,0,0,0,0,0,0,0,0,0,0,0,"0","0","1","0","0","0","0","0","0","0","0","0","0","0","0","0","0","0","0","0","0","0","0","0","1","0","0","0","1","1","0","0","0","0","0","0","0","0","0","0","0","0","0","0","0","0","0","0","0","0","0","1","0","0","0","0","0","0","0","0","0","0","0","0","0","0","0","0","0","0","0","0","0","0","0","0","0","0","0","0","0","0","0","0","0","0","0","0","0","0","0","0","1","201907","202204","2062"
"3975657","530010","70719900","05637381000138","3","1","00000000000000","","","","","","0","E","","","04","","03","36","03","","99","","","","","","","","53201192431","20200318","1","","","","","","0","0","1","0","0","0","1","0","0","0","0","0","0","0",0,0,0,"0",0,0,0,0,0,0,0,0,0,0,0,0,0,0,"0",0,0,0,1,0,0,0,0,0,0,0,0,0,0,0,0,"1",0,0,0,"0",0,0,0,0,"0",0,0,0,0,0,0,0,0,0,0,0,0,0,0,0,"0","0","1","0","0","0","0","0","0","0","0","0","0","0","0","0","0","0","0","0","0","0","0","0","1","0","0","0","1","1","0","0","0","0","0","0","0","0","0","0","0","0","0","0","0","0","0","0","0","0","0","1","0","0","0","0","0","0","0","0","0","0","0","0","0","0","0","0","0","0","0","0","0","0","0","0","0","0","0","0","0","0","0","0","0","0","0","0","0","0","0","0","1","202204","202204","2062"
"3984494","530010","72110100","01431250000220","3","1","00000000000000","","","","0180","","0","E","","","04","","03","62","03","","99","","","","","","","","","","","","","","","","0","0","1","0","0","0","1","0","0","0","0","0","0","0",0,0,0,"0",0,0,0,0,0,0,0,0,0,0,0,0,0,0,"0",0,3,0,2,0,0,0,0,0,0,0,0,0,0,0,0,"1",0,0,0,"0",0,0,0,0,"0",0,0,0,0,0,0,0,0,0,0,0,0,0,0,0,"0","0","1","0","1","0","0","0","0","0","0","0","0","0","0","0","0","0","0","0","1","0","0","0","1","1","0","0","1","1","0","0","0","0","0","0","0","0","0","0","0","0","0","0","0","0","0","0","0","0","0","1","0","0","0","1","0","0","0","0","0","0","0","0","0","0","0","0","0","0","0","0","0","0","0","0","0","0","0","0","0","0","0","0","0","0","0","0","0","0","0","0","1","202101","202204","2305"
"3984648","530010","70390108","07818332000127","3","1","00000000000000","","","","","","0","E","","","04","","03","36","03","","99","","","","","","","","EAS .02703-01","20180409","1","","","","","","0","0","1","0","0","0","1","0","0","0","0","0","0","0",0,0,0,"0",0,0,0,0,0,0,0,0,0,0,0,0,0,0,"0",0,1,0,0,0,0,0,0,0,0,0,0,0,0,0,0,"1",0,0,0,"0",0,0,0,0,"0",0,0,0,0,0,0,0,0,0,0,0,0,0,0,0,"0","0","1","0","0","0","0","0","1","0","0","0","0","0","0","0","0","1","0","1","0","0","0","0","1","1","1","0","1","1","0","0","0","0","0","0","0","0","0","0","0","0","0","0","0","0","0","0","0","0","0","1","0","0","0","1","0","0","0","0","0","0","0","0","0","0","0","0","0","0","0","0","0","0","0","0","0","0","0","0","0","0","0","0","0","0","0","0","0","0","0","0","1","201812","202204","2062"
"5008999","530010","70390095","01397726000172","3","1","00000000000000","","","","0010","","0","E","","","04","","03","36","03","","99","","","","","","","","ODO 01196-01","20190612","1","","","","","","0","0","1","0","0","0","1","0","0","0","0","0","0","0",0,0,0,"0",0,0,0,0,0,0,0,0,0,0,0,0,0,0,"0",0,0,0,0,0,0,0,0,5,0,0,0,0,0,0,0,"1",0,0,0,"0",0,0,0,0,"0",0,0,0,0,0,0,0,0,0,0,0,0,0,0,0,"0","0","1","0","0","0","0","0","0","0","0","0","0","0","0","0","0","0","0","0","0","0","0","0","1","1","0","0","1","1","0","0","0","0","0","0","0","0","0","0","0","0","0","0","0","0","0","0","0","0","0","1","0","0","0","0","0","0","0","0","0","0","0","0","0","0","0","0","0","0","0","0","0","0","0","0","0","0","0","0","0","0","0","0","0","0","0","0","0","0","0","0","1","201909","202204","2240"
"5009073","530010","70310500","37120144000191","3","1","00000000000000","","","","","","0","E","","","04","","03","22","03","","99","","","","","","","","","","","","","","","","0","0","1","0","0","0","1","0","0","0","0","0","0","0",0,0,0,"0",0,0,0,0,0,0,0,0,0,0,0,0,0,0,"0",0,0,0,1,0,0,0,0,0,0,0,0,0,0,0,0,"1",0,0,0,"0",0,0,0,0,"0",0,0,0,0,0,0,0,0,0,0,0,0,0,0,0,"0","0","0","0","0","0","0","0","0","0","0","0","0","0","0","0","0","0","0","0","0","0","0","0","0","0","0","0","1","1","0","0","0","0","0","0","0","0","0","0","0","0","0","0","0","0","0","0","0","0","0","1","0","0","0","0","0","0","0","0","0","0","0","0","0","0","0","0","0","0","0","0","0","0","0","0","0","0","0","0","0","0","0","0","0","0","0","0","0","0","0","0","1","202106","202204","2062"
"5009251","530010","72115700","04385785000208","3","1","00000000000000","","","","0180","","0","E","","","04","","03","36","03","","99","","","","","","","","EAS 00016-15/2020","20210106","1","","","","","","0","0","1","0","0","0","1","0","0","0","0","0","0","0",0,0,0,"0",0,0,0,0,0,0,0,0,0,0,0,0,0,0,"0",0,1,0,0,0,0,0,0,0,0,0,0,0,0,0,0,"1",0,0,0,"0",0,0,0,0,"0",0,0,0,0,0,0,0,0,0,0,0,0,0,0,0,"0","0","1","0","0","0","0","0","0","0","0","0","0","0","0","0","0","0","0","0","0","0","0","0","1","1","0","0","1","1","0","0","0","0","0","0","0","0","0","0","0","0","0","0","0","0","0","0","0","0","0","1","0","0","0","1","0","0","0","0","0","0","0","0","0","0","0","0","0","0","0","0","0","0","0","0","0","0","0","0","0","0","0","0","0","0","0","0","0","0","0","0","1","202112","202204","2062"
"5019362","530010","70712903","00053819888691","1","1","00000000000000","","","","0005","","0","E","","","04","","01","22","03","","99","","","","","","","","LICENCA SANITARIA","20200129","1","","","","","","0","0","1","0","0","0","1","0","0","0","0","0","0","0",0,0,0,"0",0,0,0,0,0,0,0,0,0,0,0,0,0,0,"0",0,1,0,0,0,0,0,0,0,0,0,0,0,0,0,0,"1",0,0,0,"0",0,0,0,0,"0",0,0,0,0,0,0,0,0,0,0,0,0,0,0,0,"0","0","0","1","0","0","0","0","0","0","0","0","0","0","0","0","0","0","0","0","0","0","0","0","1","0","0","0","1","1","0","0","0","0","0","0","0","0","0","0","0","0","0","0","0","0","0","0","0","0","0","1","0","0","0","1","0","0","0","0","0","0","0","0","0","0","0","0","0","0","0","0","0","0","0","0","0","0","0","0","0","0","0","0","0","0","0","0","0","0","0","0","1","202009","202204","4000"
"5019419","530010","72331533","00331769000273","3","1","00000000000000","","","","","","0","E","","","04","","02","36","03","","99","","","","","","","","EAS.00018.18","20200701","1","","","","","","0","0","1","0","0","0","1","0","0","0","0","0","0","0",0,0,0,"0",0,0,0,0,0,0,0,0,0,0,0,0,0,0,"0",1,0,0,0,0,0,0,0,1,0,0,0,0,0,0,0,"1",0,0,0,"0",0,0,0,0,"0",0,0,0,0,0,0,0,0,0,0,0,0,0,0,0,"0","0","1","0","0","0","0","0","0","0","0","0","0","0","0","0","0","0","0","1","0","0","0","0","1","1","0","0","1","1","0","0","0","0","0","0","0","0","0","0","0","0","0","0","0","0","0","0","0","0","0","0","0","0","0","0","1","0","0","0","0","0","0","0","0","0","0","0","0","0","0","0","0","0","0","0","0","0","0","0","0","0","0","0","0","0","0","0","0","0","0","0","1","202010","202204","3220"
"5027411","530010","70390904","38035408000171","3","1","00000000000000","","","","0015","","0","E","","","04","","01","22","03","","99","","","","","","","","EAS.03367-01","20180314","1","","","","","","0","0","1","0","0","0","1","0","0","0","0","0","0","0",0,0,0,"0",0,0,0,0,0,0,0,0,0,0,0,0,0,0,"0",0,0,0,1,0,0,0,0,0,0,0,0,0,0,0,0,"1",0,0,0,"0",0,0,0,0,"0",0,0,0,0,0,0,0,0,0,0,0,0,0,0,0,"0","0","1","0","0","0","0","0","0","0","0","0","0","0","0","0","0","0","0","0","0","0","0","0","1","0","0","0","1","1","0","0","0","0","0","0","0","0","0","0","0","0","0","0","0","0","0","0","0","0","0","1","0","0","1","1","0","0","0","0","0","0","0","0","0","0","0","0","0","0","0","0","0","0","0","0","0","0","0","0","0","0","0","0","0","0","0","0","0","0","0","0","1","201908","202204","2062"
"5027438","530010","70100000","06047087004207","3","1","00000000000000","","","","0010","","0","E","","","04","","03","07","06","","99","","","","","","","","5023-01","20211106","1","","","","","","0","0","1","0","0","0","1","0","0","1","0","1","0","1",15,0,16,"1",0,0,0,0,0,0,0,2,0,1,0,0,0,2,"1",0,0,18,0,0,0,0,0,0,0,0,0,0,0,0,0,"1",0,3,0,"1",0,0,0,0,"0",0,0,0,14,0,0,0,0,0,0,3,0,0,0,0,"0","1","1","0","0","0","1","0","0","1","0","1","0","0","0","0","0","1","1","1","0","1","0","1","1","1","1","1","1","1","1","0","1","1","0","1","1","0","1","0","0","0","1","0","1","0","0","0","0","0","0","1","0","0","0","0","0","0","0","0","0","0","0","0","0","1","0","0","0","0","0","0","0","0","0","0","0","0","0","0","0","0","0","0","0","0","0","0","0","0","0","0","1","202204","202204","2046"
"5032016","530010","70390904","04118703000170","3","1","00000000000000","","","","","","0","E","","","04","","03","36","03","","99","","","","","","","","ODO.01317-01","20200410","","","","","","","0","0","1","0","0","0","1","0","0","0","0","0","0","0",0,0,0,"0",0,0,0,0,0,0,0,0,0,0,0,0,0,0,"0",0,0,0,0,0,0,0,0,2,0,0,0,0,0,0,0,"1",0,0,0,"0",0,0,0,0,"0",0,0,0,0,0,0,0,0,0,0,0,0,0,0,0,"0","0","1","0","0","0","0","0","1","0","0","0","0","0","0","0","0","0","0","0","0","0","0","0","1","0","0","0","1","1","0","0","0","0","0","0","0","0","0","0","0","0","0","0","0","0","0","0","0","0","0","1","0","0","0","0","0","0","0","0","0","0","0","0","0","0","0","0","0","0","0","0","0","0","0","0","0","0","0","0","0","0","0","0","0","0","0","0","0","0","0","0","1","202009","202204","2062"
"5032091","530010","70200700","06185687000163","3","1","00000000000000","","","","0015","","0","E","","","04","","03","36","04","","99","","","","","","","","ODO 0139301","20201014","1","","","","","","0","0","1","0","0","0","1","0","0","0","0","0","0","0",0,0,0,"0",0,0,0,0,0,0,0,0,0,0,0,0,0,0,"0",0,3,0,0,0,0,0,0,0,0,0,0,0,0,0,0,"1",0,0,0,"0",0,0,0,0,"0",0,0,0,0,0,0,0,0,0,0,0,0,0,0,0,"0","0","1","0","0","0","0","0","0","0","0","0","0","0","0","0","0","0","0","0","0","0","0","0","1","0","0","0","1","1","0","0","0","0","0","0","0","0","0","0","0","0","0","0","0","0","0","0","0","0","0","1","0","0","1","1","0","0","0","0","0","0","0","0","0","0","0","0","0","0","0","0","0","0","0","0","0","0","0","0","0","0","0","0","0","0","0","0","0","0","0","0","1","202112","202204","2305"
"5038669","530010","71882266","00000000000000","3","3","00394700000108","","01","","0135","","1","E","","","04","","01","02","04","","99","","","","","","","","","","","","","","","","1","0","1","0","0","0","1","0","0","0","0","0","0","0",0,0,0,"0",0,0,0,0,0,0,0,0,0,0,0,0,0,0,"0",4,2,2,2,0,0,0,0,4,0,1,1,1,0,1,0,"1",0,0,0,"0",0,0,0,0,"0",0,0,0,0,0,0,0,0,0,0,0,0,0,0,0,"0","0","1","0","1","0","1","0","1","0","0","0","0","0","0","0","0","0","0","1","0","0","0","0","1","1","0","0","1","1","0","0","0","0","0","0","0","0","0","1","1","0","1","0","0","0","0","0","0","0","1","0","0","0","0","0","0","0","0","0","0","0","0","0","0","0","0","0","0","0","0","1","0","0","0","0","0","0","1","0","0","0","0","0","0","0","0","0","0","0","0","0","1","202204","202204","1023"
"5039479","530010","70660685","05159302000120","3","1","00000000000000","","","","9931","","0","E","","","04","","01","36","03","","99","","","","","","","","ODO 00041-07","20200701","1","","","","","","0","0","1","0","0","0","1","0","0","0","0","0","0","0",0,0,0,"0",0,0,0,0,0,0,0,0,0,0,0,0,0,0,"0",0,0,0,0,0,0,0,0,3,0,0,0,0,0,0,0,"1",0,0,0,"0",0,0,0,0,"0",0,0,0,0,0,0,0,0,0,0,0,0,0,0,0,"0","0","1","0","0","0","0","0","0","0","0","0","0","0","0","0","0","0","0","0","0","0","0","0","1","1","0","0","1","1","0","0","0","0","0","0","0","0","0","0","0","0","0","0","0","0","0","0","0","0","0","1","0","0","0","1","0","0","0","0","0","0","0","0","0","0","0","0","0","0","0","0","0","0","0","0","0","0","0","0","0","0","0","0","0","0","0","0","0","0","0","0","1","202102","202204","2062"
"5039711","530010","70712904","07815088000149","3","1","00000000000000","","","","0010","","0","E","","","04","","01","36","03","","99","","","","","","","","EM FASE DE RENOVACAO","20200514","1","","","","","","0","0","1","0","0","0","1","0","0","0","0","0","0","0",0,0,0,"0",0,0,0,0,0,0,0,0,0,0,0,0,0,0,"0",0,0,0,0,0,0,0,0,3,0,0,0,0,0,0,0,"1",0,0,0,"0",0,0,0,0,"0",0,0,0,0,0,0,0,0,0,0,0,0,0,0,0,"0","0","1","0","0","0","0","0","0","0","0","0","0","0","0","0","0","0","0","0","0","0","0","0","1","0","0","0","1","1","0","0","0","0","0","0","0","0","0","0","0","0","0","0","0","0","0","0","0","0","0","1","0","0","1","1","0","0","0","0","0","0","0","0","0","0","0","0","0","0","0","0","0","0","0","0","0","0","0","0","0","0","0","0","0","0","0","0","0","0","0","0","1","202103","202204","2062"
"5039738","530010","70719903","03634359000109","3","1","00000000000000","","","","0010","","0","E","","","04","","03","22","03","","99","","","","","","","","ODO.00280-02","20201213","1","","","","","","0","0","1","0","0","0","1","0","0","0","0","0","0","0",0,0,0,"0",0,0,0,0,0,0,0,0,0,0,0,0,0,0,"0",0,0,0,0,0,0,0,0,1,0,0,0,0,0,0,0,"1",0,0,0,"0",0,0,0,0,"0",0,0,0,0,0,0,0,0,0,0,0,0,0,0,0,"0","0","1","0","0","0","0","0","1","0","0","0","0","0","0","0","0","0","0","0","0","0","0","0","1","1","0","0","1","1","0","0","0","0","0","0","0","0","0","0","0","0","0","0","0","0","0","0","0","0","0","1","0","0","0","1","0","0","0","0","0","0","0","0","0","0","0","0","0","0","0","0","0","0","0","0","0","0","0","0","0","0","0","0","0","0","0","0","0","0","0","0","1","202108","202204","2062"
"5039746","530010","70710149","01730940000107","3","1","00000000000000","","","","","","0","E","","","04","","01","36","03","","99","","","","","","","","EAS 0428-02","20210112","1","","","","","","0","0","1","0","0","0","1","0","0","0","0","0","0","0",0,0,0,"0",0,0,0,0,0,0,0,0,0,0,0,0,0,0,"0",0,9,0,0,0,0,0,0,0,0,0,0,0,0,0,0,"1",0,0,0,"0",0,0,0,0,"0",0,0,0,0,0,0,0,0,0,0,0,0,0,0,0,"0","0","1","0","0","0","0","0","0","0","0","0","0","0","0","0","0","0","0","0","0","1","0","0","1","0","0","0","1","1","0","0","0","0","0","0","0","0","0","0","0","0","0","0","0","0","0","0","0","0","0","1","0","0","0","1","0","0","0","0","0","0","0","0","0","0","0","0","0","0","0","0","0","0","0","0","0","0","0","0","0","0","0","0","0","0","0","0","0","0","0","0","1","202202","202204","2240"
"5039894","530010","72010010","03419044000220","3","1","00000000000000","","","","","","0","E","","","04","","","22","03","","99","","","","","","","","DISP. DE LICENCIAMENTO","20210702","1","","","","","","0","0","1","0","0","0","1","0","0","0","0","0","0","0",0,0,0,"0",0,0,0,0,0,0,0,0,0,0,0,0,0,0,"0",0,0,0,1,0,0,0,0,0,0,0,0,0,0,0,0,"1",0,0,0,"0",0,0,0,0,"0",0,0,0,0,0,0,0,0,0,0,0,0,0,0,0,"0","0","0","0","0","0","0","0","0","0","0","0","0","0","0","0","0","0","0","0","0","0","0","0","0","0","0","0","1","1","0","0","0","0","0","0","0","0","0","0","0","0","0","0","0","0","0","0","0","0","0","1","0","0","0","0","0","0","0","0","0","0","0","0","0","0","0","0","0","0","0","0","0","0","0","0","0","0","0","0","0","0","0","0","0","0","0","0","0","0","0","0","1","202203","202204","2062"
"5049520","530010","71900100","04273852000103","3","1","00000000000000","","","","0180","","0","E","","","04","","03","04","04","","99","","","","","","","","EAS.0001722","20210924","1","","","","","","0","0","1","0","0","0","1","0","0","0","0","0","0","0",0,0,0,"0",0,0,0,0,0,0,0,0,0,0,0,0,0,0,"0",0,21,0,1,0,0,0,0,0,0,2,0,0,0,1,0,"1",0,0,0,"0",0,0,0,0,"0",0,0,0,0,0,0,0,0,0,0,0,0,0,0,0,"0","0","1","0","0","0","0","0","0","0","0","0","0","0","0","0","0","0","0","0","0","0","0","0","1","1","0","0","1","1","0","0","0","0","0","0","0","0","0","0","0","0","0","0","0","0","0","0","0","0","0","1","0","0","0","1","0","0","0","0","0","0","0","0","0","0","0","0","0","0","0","0","0","0","0","0","0","0","0","0","0","0","0","0","0","0","0","0","0","0","0","0","1","202204","202204","2062"
"5049547","530010","70390108","05694277000185","3","1","00000000000000","","","","","","0","E","","","04","","03","39","03","","99","","","","","","","","2019000027","20190114","1","","","","","","0","0","1","0","0","0","1","0","0","0","0","0","0","0",0,0,0,"0",0,0,0,0,0,0,0,0,0,0,0,0,0,0,"0",0,0,0,0,0,0,0,0,0,0,0,0,0,0,0,0,"0",0,0,0,"0",0,0,0,0,"0",0,0,0,0,0,0,0,0,0,0,0,0,0,0,0,"0","0","1","0","0","0","0","0","0","0","0","0","0","0","0","0","0","0","0","0","0","0","0","0","1","0","0","1","1","1","0","0","0","0","0","0","0","0","0","0","0","0","0","0","0","0","0","0","0","0","0","0","0","0","0","0","0","0","1","0","0","1","1","0","0","0","0","0","0","0","0","0","0","0","0","0","0","0","0","0","0","0","0","0","0","0","0","0","0","0","0","0","1","201907","202204","2062"
"5049555","530010","70390150","07928409000111","3","1","00000000000000","","","","0010","","0","E","","","04","","03","04","03","","99","","","","","","","","EAS 0336501","20180731","1","","","","","","0","0","1","0","0","0","1","0","0","0","0","0","0","0",0,0,0,"0",0,0,0,0,0,0,0,0,0,0,0,0,0,0,"0",1,1,0,2,0,0,0,0,0,0,0,0,0,0,0,0,"1",0,0,0,"0",0,0,0,0,"0",0,0,0,0,0,0,0,0,0,0,0,0,0,0,0,"0","0","1","0","0","0","0","0","1","0","0","0","0","0","0","0","0","0","0","0","0","0","0","0","1","0","0","0","1","1","0","0","0","0","0","0","0","0","0","0","0","0","0","0","0","0","0","0","0","0","0","1","0","0","1","1","0","0","0","0","0","0","0","0","0","0","0","0","0","0","0","0","0","0","0","0","0","0","0","0","0","0","0","0","0","0","0","0","0","0","0","0","1","202105","202204","2232"
"5049687","530010","70308900","00035108932120","1","1","00000000000000","","","","","","0","E","","","04","","01","22","03","","99","","","","","","","","01412","20180630","1","","","","","","0","0","1","0","0","0","1","0","0","0","0","0","0","0",0,0,0,"0",0,0,0,0,0,0,0,0,0,0,0,0,0,0,"0",0,0,0,0,0,0,0,0,1,0,0,0,0,0,0,0,"1",0,0,0,"0",0,0,0,0,"0",0,0,0,0,0,0,0,0,0,0,0,0,0,0,0,"0","0","0","0","0","0","0","0","1","0","0","0","0","0","0","0","0","0","0","0","0","0","0","0","1","1","0","0","0","1","0","0","0","0","0","0","0","0","0","0","0","0","0","0","0","0","0","0","0","0","0","1","0","0","0","0","0","0","0","0","0","0","0","0","0","0","0","0","0","0","0","0","0","0","0","0","0","0","0","0","0","0","0","0","0","0","0","0","0","0","0","0","1","202201","202204","4000"
"5049717","530010","70307901","04213533000102","3","1","00000000000000","","","","0015","","0","E","","","04","","03","36","03","","99","","","","","","","","ODO.01185-01","20200309","1","","","","","","0","0","1","0","0","0","1","0","0","0","0","0","0","0",0,0,0,"0",0,0,0,0,0,0,0,0,0,0,0,0,0,0,"0",0,0,0,0,0,0,0,0,2,0,0,0,0,0,0,0,"1",0,0,0,"0",0,0,0,0,"0",0,0,0,0,0,0,0,0,0,0,0,0,0,0,0,"0","0","1","0","0","0","0","0","1","0","0","0","0","0","0","0","0","0","0","0","0","0","0","0","1","1","0","0","1","1","0","0","0","0","0","0","0","0","0","0","0","0","0","0","0","0","0","0","0","0","0","1","0","0","0","1","0","0","0","0","0","0","0","0","0","0","0","0","0","0","0","0","0","0","0","0","0","0","0","0","0","0","0","0","0","0","0","0","0","0","0","0","1","202003","202204","2062"
"5050340","530010","73350100","00000000000000","3","3","00394700000108","","06","","0120","","1","E","","","04","","01","02","03","","99","","","","","","","","","","","","","","","","1","0","0","0","0","0","1","0","0","0","0","0","0","0",0,0,0,"0",0,0,0,0,0,0,0,0,0,0,0,0,0,0,"0",3,0,0,1,0,0,0,0,0,0,1,0,0,0,1,0,"1",0,0,0,"0",0,0,0,0,"0",0,0,0,0,0,0,0,0,0,0,0,0,0,0,0,"0","0","1","0","0","0","0","0","0","0","0","0","0","0","0","0","0","0","0","0","0","0","0","0","1","1","1","0","1","1","0","0","0","0","0","0","0","0","0","0","0","0","0","0","0","0","0","0","0","0","1","0","0","0","0","0","0","0","0","0","0","0","0","0","0","0","0","0","0","0","0","0","0","0","0","0","0","0","1","0","0","0","0","0","0","0","0","0","0","0","0","0","1","202204","202204","1023"
"5050359","530010","73370096","00000000000000","3","3","00394700000108","","06","","0120","","1","E","","","04","","01","02","03","","99","","","","","","","","","","","","","","","","1","0","0","0","0","0","1","0","0","0","0","0","0","0",0,0,0,"0",0,0,0,0,0,0,0,0,0,0,0,0,0,0,"0",2,0,0,0,0,0,0,0,1,0,0,1,1,0,1,0,"1",0,0,0,"0",0,0,0,0,"0",0,0,0,0,0,0,0,0,0,0,0,0,0,0,0,"0","0","1","0","0","0","1","0","0","0","0","0","0","0","0","0","0","0","0","0","0","0","0","0","1","1","1","0","1","1","0","0","0","0","0","0","0","0","0","0","0","0","0","0","0","0","0","0","0","0","1","0","0","0","0","0","0","0","0","0","0","0","0","0","0","0","0","0","0","0","0","0","0","0","0","0","0","0","1","0","0","0","0","0","0","0","0","0","0","0","0","0","1","202204","202204","1023"
"5065968","530010","70770560","02607158000150","3","1","00000000000000","","","","0005","","0","E","","","04","","03","36","03","","99","","","","","","","","EAS 0359 - 02","20210820","","","","","","","0","0","1","0","0","0","1","0","0","0","0","0","0","0",0,0,0,"0",0,0,0,0,0,0,0,0,0,0,0,0,0,0,"0",0,0,0,13,0,0,0,0,0,0,0,0,0,0,0,0,"1",0,0,0,"0",0,0,0,0,"0",0,0,0,0,0,0,0,0,0,0,0,0,0,0,0,"0","0","1","0","0","0","0","0","0","0","0","0","0","0","0","0","0","0","0","0","0","0","0","0","1","0","0","0","1","1","0","0","0","0","0","0","0","0","0","0","0","0","0","0","0","0","0","0","0","0","0","1","0","0","0","1","0","0","0","0","0","0","0","0","0","0","0","0","0","0","0","0","0","0","0","0","0","0","0","0","0","0","0","0","0","0","0","0","0","0","0","0","1","202108","202204","2062"
"5078822","530010","70390145","08073742000159","3","1","00000000000000","","","","","","0","E","","","04","","03","22","04","","99","","","","","","","","","","","","","","","","0","0","1","0","0","0","1","0","0","0","0","0","0","0",0,0,0,"0",0,0,0,0,0,0,0,0,0,0,0,0,0,0,"0",0,0,0,1,0,0,0,0,0,0,0,0,0,0,0,0,"1",0,0,0,"0",0,0,0,0,"0",0,0,0,0,0,0,0,0,0,0,0,0,0,0,0,"0","0","0","0","0","0","0","0","0","0","0","0","0","0","0","0","0","0","0","0","0","0","0","0","0","0","0","0","1","1","0","0","0","0","0","0","0","0","0","0","0","0","0","0","0","0","0","0","0","0","0","1","0","0","1","1","0","0","0","0","0","0","0","0","0","0","0","0","0","0","0","0","0","0","0","0","0","0","0","0","0","0","0","0","0","0","0","0","0","0","0","0","1","201906","202204","2062"
"5078865","530010","70390900","07474165000144","3","1","00000000000000","","","","0015","","0","E","","","04","","03","84","03","","99","","","","","","","","RLE VISA - DF","20191003","1","","","","","","0","0","1","0","0","0","1","0","0","0","0","0","0","0",0,0,0,"0",0,0,0,0,0,0,0,0,0,0,0,0,0,0,"0",0,2,0,0,0,0,0,0,0,0,0,0,0,0,0,0,"1",0,0,0,"0",0,0,0,0,"0",0,0,0,0,0,0,0,0,0,0,0,0,0,0,0,"0","0","1","0","0","0","0","0","0","0","0","0","0","0","0","0","0","0","0","0","0","0","0","0","1","1","0","0","1","1","0","0","0","0","0","0","0","0","0","0","0","0","0","0","0","0","0","0","0","0","0","1","0","0","0","1","0","0","0","0","0","0","0","0","0","0","0","0","0","0","0","0","0","0","0","0","0","0","0","0","0","0","0","0","0","0","0","0","0","0","0","0","1","202111","202204","2062"
"5079012","530010","70390108","08078593000110","3","1","00000000000000","","","","","","0","E","","","04","","01","22","03","","99","","","","","","","","ODO 01512-01","20211217","1","","","","","","0","0","1","0","0","0","1","0","0","0","0","0","0","0",0,0,0,"0",0,0,0,0,0,0,0,0,0,0,0,0,0,0,"0",0,0,0,0,0,0,0,0,1,0,0,0,0,0,0,0,"1",0,0,0,"0",0,0,0,0,"0",0,0,0,0,0,0,0,0,0,0,0,0,0,0,0,"0","0","0","0","0","0","0","0","0","0","0","0","0","0","0","0","0","0","0","0","0","0","0","0","0","0","0","0","1","1","0","0","0","0","0","0","0","0","0","0","0","0","0","0","0","0","0","0","0","0","0","1","0","0","0","1","0","0","0","0","0","0","0","0","0","0","0","0","0","0","0","0","0","0","0","0","0","0","0","0","0","0","0","0","0","0","0","0","0","0","0","0","1","202112","202204","2240"
"5083109","530010","73026635","08038155000129","3","1","00000000000000","","","","","","0","E","","","04","","03","36","03","","99","","","","","","","","RAD 0003-09","20200928","1","","","","","","0","0","1","0","0","0","1","0","0","0","0","0","0","0",0,0,0,"0",0,0,0,0,0,0,0,0,0,0,0,0,0,0,"0",0,0,0,5,0,0,0,0,0,0,0,0,0,0,0,0,"1",0,0,0,"0",0,0,0,0,"0",0,0,0,0,0,0,0,0,0,0,0,0,0,0,0,"0","0","1","0","0","0","0","0","0","0","0","0","0","0","0","0","0","0","0","0","0","0","0","0","1","0","0","0","1","1","0","0","0","0","0","0","0","0","0","0","0","0","0","0","0","0","0","0","0","0","0","1","0","0","0","1","0","0","0","0","0","0","0","0","0","0","0","0","0","0","0","0","0","0","0","0","0","0","0","0","0","0","0","0","0","0","0","0","0","0","0","0","1","202010","202204","2062"
"5085020","530010","70390095","07717156000137","3","1","00000000000000","","","","","","0","E","","","04","","03","36","03","","99","","","","","","","","1562/07-EAS","20190926","1","","","","","","0","0","1","0","0","0","1","0","0","0","0","0","0","0",0,0,0,"0",0,0,0,0,0,0,0,0,0,0,0,0,0,0,"0",0,2,0,0,0,0,0,0,0,0,0,0,0,0,0,0,"1",0,0,0,"0",0,0,0,0,"0",0,0,0,0,0,0,0,0,0,0,0,0,0,0,0,"0","0","1","0","0","0","0","0","0","0","0","0","0","0","0","0","0","0","0","0","0","0","0","0","1","0","0","0","1","1","0","0","0","0","0","0","0","0","0","0","0","0","0","0","0","0","0","0","0","0","0","1","0","0","0","1","0","0","0","0","0","0","0","0","0","0","0","0","0","0","0","0","0","0","0","0","0","0","0","0","0","0","0","0","0","0","0","0","0","0","0","0","1","201910","202204","2240"
"5085047","530010","71625175","04887710000136","3","1","00000000000000","","","","0010","","0","E","","","04","","02","05","03","","99","","","","","","","","EAS.00013-03/2021","20211214","1","","","","","","0","0","1","0","0","0","1","0","0","1","0","0","0","1",7,0,0,"1",0,0,0,0,0,0,0,0,0,0,0,0,0,0,"1",0,2,0,0,0,0,0,0,0,0,0,0,0,0,0,0,"1",6,0,0,"1",0,0,0,0,"0",0,0,0,0,1,0,0,0,0,0,0,0,0,0,0,"0","1","1","0","0","1","1","0","1","0","1","0","0","0","0","0","0","1","0","1","0","1","0","0","1","1","1","0","1","1","0","0","0","0","0","0","0","0","0","0","0","0","0","0","1","0","0","0","1","0","0","1","0","0","0","0","0","0","1","0","0","0","1","0","0","0","0","0","0","0","0","0","0","0","0","0","0","0","0","0","0","0","0","0","0","0","0","0","0","0","0","0","1","202204","202204","2062"
"5085055","530010","71625009","00837310000165","3","1","00000000000000","","","","","","0","E","","","04","","03","36","03","","99","","","","","","","","EAS.00153-03","20190702","1","","","","","","0","0","1","0","0","0","1","0","0","0","0","0","0","0",0,0,0,"0",0,0,0,0,0,0,0,0,0,0,0,0,0,0,"0",0,1,0,0,0,0,0,0,0,0,0,0,0,0,0,0,"1",0,0,0,"0",0,0,0,0,"0",0,0,0,0,0,0,0,0,0,0,0,0,0,0,0,"0","0","0","0","0","0","0","0","0","0","1","0","0","0","0","0","0","0","0","0","0","0","0","0","1","1","0","0","1","1","0","0","0","0","0","0","0","0","0","0","0","0","0","0","0","0","0","0","0","0","0","1","0","0","0","0","0","0","0","0","0","0","0","0","0","0","0","0","0","0","0","0","0","0","0","0","0","0","0","0","0","0","0","0","0","0","0","0","0","0","0","0","1","201911","202204","2062"
"5085098","530010","71635610","26462069000120","3","1","00000000000000","","","","","","0","E","","","04","","03","36","03","","99","","","","","","","","EAS-00170-03","20210112","1","","","","","","0","0","1","0","0","0","1","0","0","0","0","0","0","0",0,0,0,"0",0,0,0,0,0,0,0,0,0,0,0,0,0,0,"0",0,2,0,0,0,0,0,0,0,0,0,0,0,0,0,0,"1",0,0,0,"0",0,0,0,0,"0",0,0,0,0,0,0,0,0,0,0,0,0,0,0,0,"0","0","1","0","0","0","0","0","0","0","0","0","0","0","0","0","0","0","0","0","0","0","0","0","1","0","0","0","1","1","0","0","0","0","0","0","0","0","0","0","0","0","0","0","0","0","0","0","0","0","0","1","0","0","0","1","0","0","0","0","0","0","0","0","0","0","0","0","0","0","0","0","0","0","0","0","0","0","0","0","0","0","0","0","0","0","0","0","0","0","0","0","1","202102","202204","2062"
"5085101","530010","71635610","02999975000109","3","1","00000000000000","","","","","","0","E","","","04","","03","36","04","","99","","","","","","","","EAS 043-03/2021","20210204","1","","","","","","0","0","1","0","0","0","1","0","0","0","0","0","0","0",0,0,0,"0",0,0,0,0,0,0,0,0,0,0,0,0,0,0,"0",0,1,0,0,0,0,0,0,0,0,0,0,0,0,0,0,"1",0,0,0,"0",0,0,0,0,"0",0,0,0,0,0,0,0,0,0,0,0,0,0,0,0,"0","0","1","0","0","0","0","0","0","0","0","0","0","0","0","0","0","0","0","0","0","0","0","0","1","1","0","0","1","1","0","0","0","0","0","0","0","0","0","0","0","0","0","0","0","0","0","0","0","0","0","1","0","0","0","1","0","0","0","0","0","0","0","0","0","0","0","0","0","0","0","0","0","0","0","0","0","0","0","0","0","0","0","0","0","0","0","0","0","0","0","0","1","202202","202204","2062"
"5085179","530010","71635610","00718528003469","3","1","00000000000000","","","","0090","","0","E","","","04","","03","39","03","","99","","","","","","","","LAB 165-03","20210516","1","","","","","","0","0","1","0","0","0","1","0","0","0","0","0","0","0",0,0,0,"0",0,0,0,0,0,0,0,0,0,0,0,0,0,0,"0",0,0,0,0,0,0,0,0,0,0,0,0,0,0,0,0,"0",0,0,0,"0",0,0,0,0,"0",0,0,0,0,0,0,0,0,0,0,0,0,0,0,0,"0","0","1","0","0","0","0","0","0","0","0","0","0","0","0","0","0","0","0","0","0","0","0","0","1","1","0","0","1","1","0","0","0","0","0","0","0","0","0","0","0","0","0","0","0","0","0","0","0","0","0","0","0","0","0","0","0","0","1","0","0","1","1","0","0","0","0","0","0","0","0","0","0","0","0","0","0","0","0","0","0","0","0","0","0","0","0","0","0","0","0","0","1","202109","202204","2054"
"5085306","530010","70770560","07832444000132","3","1","00000000000000","","","","0005","","0","E","","","04","","03","36","03","","99","","","","","","","","EAS 00029-02","20190522","1","","","","","","0","0","1","0","0","0","1","0","0","0","0","0","0","0",0,0,0,"0",0,0,0,0,0,0,0,0,0,0,0,0,0,0,"0",0,1,0,0,0,0,0,0,0,0,0,0,0,0,0,0,"1",0,0,0,"0",0,0,0,0,"0",0,0,0,0,0,0,0,0,0,0,0,0,0,0,0,"0","0","1","0","0","0","0","0","0","0","0","0","0","0","0","0","0","0","0","0","0","0","0","0","1","1","0","0","1","1","0","0","0","0","0","0","0","0","0","0","0","0","0","0","0","0","0","0","0","0","0","1","0","0","0","1","0","0","0","0","0","0","0","0","0","0","0","0","0","0","0","0","0","0","0","0","0","0","0","0","0","0","0","0","0","0","0","0","0","0","0","0","1","201905","202204","2062"
"5100216","530010","73005080","61486650017230","3","1","00000000000000","","","","","","0","E","","","04","","","39","03","","99","","","","","","","","","","","","","","","","0","0","1","0","0","0","1","0","0","0","0","0","0","0",0,0,0,"0",0,0,0,0,0,0,0,0,0,0,0,0,0,0,"0",0,0,0,0,0,0,0,1,0,0,0,0,0,0,0,0,"1",0,0,0,"0",0,0,0,0,"0",0,0,0,0,0,0,0,0,1,0,0,0,0,0,0,"0","0","0","0","0","0","0","0","0","0","0","0","0","0","0","0","0","0","1","0","0","0","0","0","1","1","0","0","1","1","0","0","0","0","0","0","0","0","0","0","0","0","0","0","0","0","0","0","0","0","0","0","0","0","0","0","0","0","1","0","0","0","1","0","0","0","0","0","0","0","0","0","0","0","0","0","0","0","0","0","0","0","0","0","0","0","0","0","0","0","0","0","1","202010","202204","2046"
"5108152","530010","72110020","08258737000110","3","1","00000000000000","","","","","","0","E","","","04","","01","36","03","","99","","","","","","","","53201353397","20200623","1","","","","","","0","0","1","0","0","0","1","0","0","0","0","0","0","0",0,0,0,"0",0,0,0,0,0,0,0,0,0,0,0,0,0,0,"0",0,0,0,3,0,0,0,0,0,0,0,0,0,0,0,0,"1",0,0,0,"0",0,0,0,0,"0",0,0,0,0,0,0,0,0,0,0,0,0,0,0,0,"0","0","1","0","0","0","0","0","0","0","0","0","0","0","0","0","0","0","0","0","0","0","0","0","1","0","0","0","1","1","0","0","0","0","0","0","0","0","0","0","0","0","0","0","0","0","0","0","0","0","0","0","0","0","0","1","0","0","0","0","0","0","0","0","0","0","0","0","0","0","0","0","0","0","0","0","0","0","0","0","0","0","0","0","0","0","0","0","0","0","0","0","1","202007","202204","2062"
"5108209","530010","71060250","61486650018120","3","1","00000000000000","","","","","","0","E","","","04","","03","39","03","","99","","","","","","","","","","","","","","","","0","0","1","0","0","0","1","0","0","0","0","0","0","0",0,0,0,"0",0,0,0,0,0,0,0,0,0,0,0,0,0,0,"0",0,0,0,0,0,0,0,1,0,0,0,0,0,0,0,0,"1",0,0,0,"0",0,0,0,0,"0",0,0,0,0,0,0,0,0,1,0,0,0,0,0,0,"0","0","0","0","0","0","0","0","0","0","0","0","0","0","0","0","0","0","1","0","0","0","0","0","1","1","0","0","1","1","0","0","0","0","0","0","0","0","0","0","0","0","0","0","0","0","0","0","0","0","0","0","0","0","0","0","0","0","1","0","0","0","1","0","0","0","0","0","0","0","0","0","0","0","0","0","0","0","0","0","0","0","0","0","0","0","0","0","0","0","0","0","1","202010","202204","2046"
"5108284","530010","70390095","02729260000128","3","1","00000000000000","","","","0010","","0","E","","","04","","01","36","03","","99","","","","","","","","EAS20518 01","20190619","1","","","","","","0","0","1","0","0","0","1","0","0","0","0","0","0","0",0,0,0,"0",0,0,0,0,0,0,0,0,0,0,0,0,0,0,"0",0,1,0,0,0,0,0,0,0,0,0,0,0,0,0,0,"1",0,0,0,"0",0,0,0,0,"0",0,0,0,0,0,0,0,0,0,0,0,0,0,0,0,"0","0","1","0","0","0","0","0","0","0","0","0","0","0","0","0","0","0","0","0","0","0","0","0","1","0","0","0","1","1","0","0","0","0","0","0","0","0","0","0","0","0","0","0","0","0","0","0","0","0","0","1","0","0","0","1","0","0","0","0","0","0","0","0","0","0","0","0","0","0","0","0","0","0","0","0","0","0","0","0","0","0","0","0","0","0","0","0","0","0","0","0","1","201910","202204","2062"
"5108314","530010","70770911","02941216000187","3","1","00000000000000","","","","","","0","E","","","04","","01","22","03","","99","","","","","","","","EAS0025602","20200212","1","","","","","","0","0","1","0","0","0","1","0","0","0","0","0","0","0",0,0,0,"0",0,0,0,0,0,0,0,0,0,0,0,0,0,0,"0",0,0,0,1,0,0,0,0,0,0,0,0,0,0,0,0,"1",0,0,0,"0",0,0,0,0,"0",0,0,0,0,0,0,0,0,0,0,0,0,0,0,0,"0","0","0","0","0","0","0","0","0","0","0","0","0","0","0","0","0","0","0","0","0","0","0","0","0","0","0","0","1","1","0","0","0","0","0","0","0","0","0","0","0","0","0","0","0","0","0","0","0","0","0","1","0","0","0","1","0","0","0","0","0","0","0","0","0","0","0","0","0","0","0","0","0","0","0","0","0","0","0","0","0","0","0","0","0","0","0","0","0","0","0","0","1","202104","202204","2062"
"5117666","530010","70636003","00000000000000","3","3","00394700000108","","02","","0010","","1","E","","","04","","01","02","04","","99","","","","","","","","","","","","","","","","1","0","0","0","0","0","1","0","0","0","0","0","0","0",0,0,0,"0",0,0,0,0,0,0,0,0,0,0,0,0,0,0,"0",3,0,0,2,0,0,0,0,0,0,1,1,1,0,1,0,"1",0,0,0,"0",0,0,0,0,"0",0,0,0,0,0,0,0,0,0,0,0,0,0,0,0,"0","0","1","0","0","0","1","0","0","0","0","0","0","0","0","0","0","0","0","0","0","0","0","0","1","0","0","0","1","1","0","0","0","0","0","0","0","0","0","0","0","0","0","0","0","0","0","0","0","0","1","0","0","0","0","0","0","0","0","0","0","0","0","0","0","0","0","0","0","0","0","0","0","0","0","0","0","0","0","0","0","0","0","0","0","0","0","0","0","0","0","0","1","202201","202204","1023"
"5128757","530010","70390700","33719485002090","3","3","33719485000127","","RA1","","0010","","0","E","","","04","","03","04","03","","99","","","","","","","","EAS-3808-01","20200630","1","","","","","","0","0","1","0","0","0","1","0","0","0","0","0","0","0",0,0,0,"0",0,0,0,0,0,0,0,0,0,0,0,0,0,0,"0",7,6,0,0,0,0,0,1,0,1,1,0,0,0,0,0,"1",0,0,0,"0",0,0,0,0,"0",0,0,0,0,0,0,0,0,2,0,0,0,0,0,0,"0","0","1","0","1","0","0","0","1","0","0","0","0","0","0","0","0","1","0","1","0","0","0","0","1","0","0","0","1","1","0","0","0","0","0","1","0","0","0","0","0","0","1","0","0","0","0","0","0","0","0","0","0","0","0","1","0","0","0","0","0","0","0","0","0","0","0","0","0","0","0","0","0","0","0","0","0","0","0","0","0","0","0","0","0","0","0","0","0","0","0","0","1","202010","202204","3999"
"5128765","530010","70390108","02548797000191","3","1","00000000000000","","","","0010","","0","E","","","04","","03","22","03","","99","","","","","","","","EAS.02469-01","20210216","1","","","","","","0","0","1","0","0","0","1","0","0","0","0","0","0","0",0,0,0,"0",0,0,0,0,0,0,0,0,0,0,0,0,0,0,"0",0,2,0,0,0,0,0,0,0,0,0,0,0,0,0,0,"1",0,0,0,"0",0,0,0,0,"0",0,0,0,0,0,0,0,0,0,0,0,0,0,0,0,"0","0","1","0","0","0","0","0","1","0","0","0","0","0","0","0","0","0","0","0","0","0","0","0","1","1","0","0","1","1","0","0","0","0","0","0","0","0","0","0","0","0","0","0","0","0","0","0","0","0","0","1","0","0","0","0","0","0","0","0","0","0","0","0","0","0","0","0","0","0","0","0","0","0","0","0","0","0","0","0","0","0","0","0","0","0","0","0","0","0","0","0","1","202108","202204","2062"
"5134986","530010","70310500","03499241000115","3","1","00000000000000","","","","0015","","0","E","","","04","","03","04","03","","99","","","","","","","","EAS.03448-01","20210323","1","","","","","","0","0","1","0","0","0","1","0","0","0","0","0","0","0",0,0,0,"0",0,0,0,0,0,0,0,0,0,0,0,0,0,0,"0",1,2,0,1,0,0,0,0,0,0,0,0,0,0,0,0,"1",0,0,0,"0",0,0,0,0,"0",0,0,0,0,0,0,0,0,0,0,0,0,0,0,0,"0","0","1","0","0","0","0","0","0","0","0","0","0","0","0","0","0","0","0","0","0","0","0","0","1","1","0","0","1","1","0","0","0","0","0","0","0","0","0","0","0","0","0","0","0","0","0","0","0","0","0","1","0","0","0","1","0","0","0","0","0","0","0","0","0","0","0","0","0","0","0","0","0","0","0","0","0","0","0","0","0","0","0","0","0","0","0","0","0","0","0","0","1","202108","202204","2062"
"5151066","530010","72010010","00596543000202","3","1","00000000000000","","","","","","0","E","","","04","","03","36","03","","99","","","","","","","","","","","","","","","","0","0","1","0","0","0","1","0","0","0","0","0","0","0",0,0,0,"0",0,0,0,0,0,0,0,0,0,0,0,0,0,0,"0",0,1,0,0,0,0,0,0,0,0,0,0,0,0,0,0,"1",0,0,0,"0",0,0,0,0,"0",0,0,0,0,0,0,0,0,0,0,0,0,0,0,0,"0","0","1","0","0","0","0","0","0","0","0","0","0","0","0","0","0","0","0","1","0","0","0","0","1","1","0","0","1","1","0","0","0","0","0","0","0","0","0","0","0","0","0","0","0","0","0","0","0","0","0","1","0","0","0","0","0","0","0","0","0","0","0","0","0","0","0","0","0","0","0","0","0","0","0","0","0","0","0","0","0","0","0","0","0","0","0","0","0","0","0","0","1","202112","202204","2062"
"5167493","530010","70719903","08211651000132","3","1","00000000000000","","","","","","0","E","","","04","","03","36","03","","99","","","","","","","","RLE DIGITAL 53201348369","20181217","1","","","","","","0","0","1","0","0","0","1","0","0","0","0","0","0","0",0,0,0,"0",0,0,0,0,0,0,0,0,0,0,0,0,0,0,"0",0,0,0,1,0,0,0,0,0,0,0,0,0,0,0,0,"1",0,0,0,"0",0,0,0,0,"0",0,0,0,0,0,0,0,0,0,0,0,0,0,0,0,"0","0","0","0","0","0","0","0","0","0","0","0","0","0","0","0","0","0","0","0","0","0","0","0","0","1","0","0","1","1","0","0","0","0","0","0","0","0","0","0","0","0","0","0","0","0","0","0","0","0","0","1","0","0","1","1","0","0","0","0","0","0","0","0","0","0","0","0","0","0","0","0","0","0","0","0","0","0","0","0","0","0","0","0","0","0","0","0","0","0","0","0","1","202106","202204","2062"
"5167817","530010","73320020","00000000000000","3","3","00394700000108","","06","","0120","","1","E","","","04","","01","02","03","","99","","","","","","","","","","","","","","","","1","0","0","0","0","0","1","0","0","0","0","0","0","0",0,0,0,"0",0,0,0,0,0,0,0,0,0,0,0,0,0,0,"0",5,0,0,0,0,0,0,0,0,0,1,1,0,0,0,0,"1",0,0,0,"0",0,0,0,0,"0",0,0,0,0,0,0,0,0,0,0,0,0,0,0,0,"0","0","1","0","0","0","1","0","0","0","0","0","0","0","0","0","0","0","0","0","0","0","0","0","1","0","1","0","1","1","0","0","0","0","0","0","0","0","0","0","0","0","0","0","0","0","0","0","0","0","1","0","0","0","0","0","0","0","0","0","0","0","0","0","0","0","0","0","0","0","0","0","0","0","0","0","0","0","1","0","0","0","0","0","0","0","0","0","0","0","0","0","1","202204","202204","1023"
"5167892","530010","71570211","00000000000000","3","3","00394700000108","","07","","0110","","1","E","","","04","","03","70","03","","99","","","","","","","","","","","","","","","","0","0","1","0","0","0","1","0","0","0","0","0","0","0",0,0,0,"0",0,0,0,0,0,0,0,0,0,0,0,0,0,0,"0",1,1,0,3,0,0,0,1,0,0,1,0,0,0,0,0,"1",0,0,0,"0",0,0,0,0,"0",0,0,0,0,0,0,0,0,2,0,0,0,0,0,0,"0","0","1","0","0","0","0","0","0","0","1","0","0","0","0","0","0","0","0","0","0","0","0","0","1","1","0","1","0","1","0","0","0","0","0","0","0","0","0","0","0","0","0","0","0","0","0","0","0","0","1","0","0","0","0","0","0","0","0","0","0","0","0","0","0","0","0","0","0","0","0","0","0","0","0","0","0","0","0","0","0","0","0","0","0","0","0","0","0","0","0","0","1","202202","202204","1023"
"5169127","530010","70673416","04859269000260","3","1","00000000000000","","","","9931","","0","E","","","04","","03","36","03","","99","","","","","","","","EAS - 00073-07","20210512","1","","","","","","0","0","1","0","0","0","1","0","0","0","0","0","0","0",0,0,0,"0",0,0,0,0,0,0,0,0,0,0,0,0,0,0,"0",0,1,0,0,0,0,0,0,0,0,0,0,0,0,0,0,"1",0,0,0,"0",0,0,0,0,"0",0,0,0,0,0,0,0,0,0,0,0,0,0,0,0,"0","0","1","0","0","0","0","0","0","0","0","0","0","0","0","0","0","0","0","0","0","0","0","0","1","1","0","0","1","1","0","0","0","0","0","0","0","0","0","0","0","0","0","0","0","0","0","0","0","0","0","1","0","0","0","1","0","0","0","0","0","0","0","0","0","0","0","0","0","0","0","0","0","0","0","0","0","0","0","0","0","0","0","0","0","0","0","0","0","0","0","0","1","202105","202204","2062"
"5242517","530010","72220283","06003002000110","3","1","00000000000000","","","","0040","","0","E","","","04","","03","04","04","","99","","","","","","","","EAS.00338-16","20180815","1","","","","","","0","0","1","0","0","0","1","0","0","0","0","0","0","0",0,0,0,"0",0,0,0,0,0,0,0,0,0,0,0,0,0,0,"0",5,0,0,0,0,0,0,0,0,0,0,0,0,0,0,0,"1",0,0,0,"0",0,0,0,0,"0",0,0,0,0,0,0,0,0,0,0,0,0,0,0,0,"0","0","1","0","0","0","0","0","0","0","0","0","0","0","0","0","0","0","0","0","0","0","0","0","1","1","0","0","1","1","0","0","0","0","0","0","0","0","0","0","0","0","0","0","0","0","0","0","0","0","0","1","0","0","0","1","0","0","0","0","0","0","0","0","0","0","0","0","0","0","0","0","0","0","0","0","0","0","0","0","0","0","0","0","0","0","0","0","0","0","0","0","1","202105","202204","2062"
"5252350","530010","70711000","05893595000175","3","1","00000000000000","","","","0010","","0","E","","","04","","01","36","03","","99","","","","","","","","EAS-00546-02","20190411","1","","","","","","0","0","1","0","0","0","1","0","0","0","0","0","0","0",0,0,0,"0",0,0,0,0,0,0,0,0,0,0,0,0,0,0,"0",0,0,0,1,0,0,0,0,0,0,0,0,0,0,0,0,"1",0,0,0,"0",0,0,0,0,"0",0,0,0,0,0,0,0,0,0,0,0,0,0,0,0,"0","0","1","0","0","0","0","0","0","0","0","0","0","0","0","0","0","0","0","0","0","0","0","0","1","0","0","0","1","1","0","0","0","0","0","0","0","0","0","0","0","0","0","0","0","0","0","0","0","0","0","1","0","0","0","0","0","0","0","0","0","0","0","0","0","0","0","0","0","0","0","0","0","0","0","0","0","0","0","0","0","0","0","0","0","0","0","0","0","0","0","0","1","201910","202204","2240"
"5252431","530010","70770568","05492999000157","3","1","00000000000000","","","","","","0","E","","","04","","03","36","03","","99","","","","","","","","EAS 00419-02","20220211","1","","","","","","0","0","1","0","0","0","1","0","0","0","0","0","0","0",0,0,0,"0",0,0,0,0,0,0,0,0,0,0,0,0,0,0,"0",0,5,0,0,0,0,0,0,0,0,0,0,0,0,0,0,"1",0,0,0,"0",0,0,0,0,"0",0,0,0,0,0,0,0,0,0,0,0,0,0,0,0,"0","0","1","0","0","0","0","0","1","0","0","0","0","0","0","0","0","0","0","0","0","0","0","0","1","1","0","0","1","1","0","0","0","0","0","0","0","0","0","0","0","0","0","0","0","0","0","0","0","0","0","1","0","0","0","1","0","0","0","0","0","0","0","0","0","0","0","0","0","0","0","0","0","0","0","0","0","0","0","0","0","0","0","0","0","0","0","0","0","0","0","0","1","202203","202204","2062"
"5281016","530010","71215550","06163020000160","3","1","00000000000000","","","","0010","","0","E","","","04","","03","36","03","","99","","","","","","","","EAS.00295-02","20200929","1","","","","","","0","0","1","0","0","0","1","0","0","0","0","0","0","0",0,0,0,"0",0,0,0,0,0,0,0,0,0,0,0,0,0,0,"0",0,2,0,0,0,0,0,0,0,0,0,0,0,0,0,0,"1",0,0,0,"0",0,0,0,0,"0",0,0,0,0,0,0,0,0,0,0,0,0,0,0,0,"0","0","0","0","0","0","0","0","1","0","0","0","0","0","0","0","0","1","0","1","0","0","0","0","1","1","1","0","1","1","0","0","0","0","0","0","0","0","0","0","0","0","0","0","0","0","0","0","0","0","0","1","0","0","0","1","0","0","0","0","0","0","0","0","0","0","0","0","0","0","0","0","0","0","0","0","0","0","0","0","0","0","0","0","0","0","0","0","0","0","0","0","1","202010","202204","2062"
"5296668","530010","73006610","08345680000197","3","1","00000000000000","","","","","","0","E","","","04","","01","36","03","","99","","","","","","","","EAS-00048-09","20181117","1","","","","","","0","0","1","0","0","0","1","0","0","0","0","0","0","0",0,0,0,"0",0,0,0,0,0,0,0,0,0,0,0,0,0,0,"0",0,0,0,1,0,0,0,0,0,0,0,0,0,0,0,0,"1",0,0,0,"0",0,0,0,0,"0",0,0,0,0,0,0,0,0,0,0,0,0,0,0,0,"0","0","1","0","0","0","0","0","0","0","0","0","0","0","0","0","0","0","0","0","0","0","0","0","1","0","0","0","1","1","0","0","0","0","0","0","0","0","0","0","0","0","0","0","0","0","0","0","0","0","0","1","0","0","0","1","0","0","0","0","0","0","0","0","0","0","0","0","0","0","0","0","0","0","0","0","0","0","0","0","0","0","0","0","0","0","0","0","0","0","0","0","1","201911","202204","2305"
"5301629","530010","72025110","05508282000156","3","1","00000000000000","","","","0180","","0","E","","","04","","01","04","03","","99","","","","","","","","53201182321","20181016","1","","","","","","0","0","1","0","0","0","1","0","0","0","0","0","0","0",0,0,0,"0",0,0,0,0,0,0,0,0,0,0,0,0,0,0,"0",0,0,0,12,0,0,0,0,0,0,0,0,0,0,0,0,"1",0,0,0,"0",0,0,0,0,"0",0,0,0,0,0,0,0,0,0,0,0,0,0,0,0,"0","0","1","0","0","0","0","0","0","0","0","0","0","0","0","0","0","0","0","0","0","0","0","0","1","0","0","0","1","1","0","0","0","0","0","0","0","0","0","0","0","0","0","0","0","0","0","0","0","0","0","1","0","0","0","1","0","0","0","0","0","0","0","0","0","0","0","0","0","0","0","0","0","0","0","0","0","0","0","0","0","0","0","0","0","0","0","0","0","0","0","0","1","202005","202204","2062"
"5315506","530010","70340000","08329432000152","3","1","00000000000000","","","","","","0","E","","","04","","03","36","03","","99","","","","","","","","ODO.01522-01","20200218","1","","","","","","0","0","1","0","0","0","1","0","0","0","0","0","0","0",0,0,0,"0",0,0,0,0,0,0,0,0,0,0,0,0,0,0,"0",0,0,0,0,0,0,0,0,0,0,0,0,0,0,0,0,"0",0,0,0,"0",0,0,0,0,"0",0,0,0,0,0,0,0,0,0,0,0,0,0,0,0,"0","0","1","0","0","0","0","0","0","0","0","0","0","0","0","0","0","0","0","0","0","0","0","0","1","1","0","0","1","1","0","0","0","0","0","0","0","0","0","0","0","0","0","0","0","0","0","0","0","0","0","1","0","0","0","1","0","0","0","0","0","0","0","0","0","0","0","0","0","0","0","0","0","0","0","0","0","0","0","0","0","0","0","0","0","0","0","0","0","0","0","0","1","202102","202204","2062"
"5315522","530010","70390150","07075235000191","3","1","00000000000000","","","","0010","","0","E","","","04","","03","36","03","","99","","","","","","","","EAS03269-01","20190326","1","","","","","","0","0","1","0","0","0","1","0","0","0","0","0","0","0",0,0,0,"0",0,0,0,0,0,0,0,0,0,0,0,0,0,0,"0",0,0,0,1,0,0,0,0,0,0,0,0,0,0,0,0,"1",0,0,0,"0",0,0,0,0,"0",0,0,0,0,0,0,0,0,0,0,0,0,0,0,0,"0","0","1","0","0","0","0","0","0","0","0","0","0","0","0","0","0","0","0","0","0","0","0","0","1","0","0","0","1","1","0","0","0","0","0","0","0","0","0","0","0","0","0","0","0","0","0","0","0","0","0","0","0","0","0","1","0","0","0","0","0","0","0","0","0","0","0","0","0","0","0","0","0","0","0","0","0","0","0","0","0","0","0","0","0","0","0","0","0","0","0","0","1","202001","202204","2062"
"5315913","530010","70200760","08225386000141","3","1","00000000000000","","","","0015","","0","E","","","04","","03","36","03","","99","","","","","","","","EAS 02724-01","20211005","1","","","","","","0","0","1","0","0","0","1","0","0","0","0","0","0","0",0,0,0,"0",0,0,0,0,0,0,0,0,0,0,0,0,0,0,"0",0,4,0,0,0,0,0,0,0,0,0,0,0,0,0,0,"1",0,0,0,"0",0,0,0,0,"0",0,0,0,0,0,0,0,0,0,0,0,0,0,0,0,"0","0","1","0","0","0","0","0","0","0","0","0","0","0","0","0","0","0","0","0","0","0","0","0","1","1","0","0","1","1","0","0","0","0","0","0","0","0","0","0","0","0","0","0","0","0","0","0","0","0","0","1","0","0","0","1","0","0","0","0","0","0","0","0","0","0","0","0","0","0","0","0","0","0","0","0","0","0","0","0","0","0","0","0","0","0","0","0","0","0","0","0","1","202110","202204","2062"
"5319196","530010","72220283","07653265000138","3","1","00000000000000","","","","0040","","0","E","","","04","","03","36","03","","99","","","","","","","","EAS.00456-16","20190822","1","","","","","","0","0","1","0","0","0","1","0","0","0","0","0","0","0",0,0,0,"0",0,0,0,0,0,0,0,0,0,0,0,0,0,0,"0",0,2,0,0,0,0,0,0,0,0,0,0,0,0,0,0,"1",0,0,0,"0",0,0,0,0,"0",0,0,0,0,0,0,0,0,0,0,0,0,0,0,0,"0","0","1","0","0","0","0","0","0","0","0","0","0","0","0","0","0","0","0","0","0","0","0","0","1","1","0","0","1","1","0","0","0","0","0","0","0","0","0","0","0","0","0","0","0","0","0","0","0","0","0","1","0","0","1","1","0","0","0","0","0","0","0","0","0","0","0","0","0","0","0","0","0","0","0","0","0","0","0","0","0","0","0","0","0","0","0","0","0","0","0","0","1","201910","202204","2062"
"5321271","530010","70200700","08362440000109","3","1","00000000000000","","","","","","0","E","","","04","","01","85","03","","99","001","29122","985236","","","","","02731-01","20200724","1","","","","","","0","0","1","0","0","0","1","0","0","0","0","0","0","0",0,0,0,"0",0,0,0,0,0,0,0,0,0,0,0,0,0,0,"0",0,1,0,0,0,0,0,0,0,0,0,0,0,0,0,0,"1",0,0,0,"0",0,0,0,0,"0",0,0,0,0,0,0,0,0,0,0,0,0,0,0,0,"0","0","0","0","0","0","0","0","0","0","0","0","0","0","0","0","0","0","0","0","0","0","0","0","0","1","0","0","1","1","0","0","0","0","0","0","0","0","0","0","0","0","0","0","0","0","0","0","0","0","0","1","0","0","0","0","0","0","0","0","0","0","0","0","0","0","0","0","0","0","0","0","0","0","0","0","0","0","0","0","0","0","0","0","0","0","0","0","0","0","0","0","1","202105","202204","2062"
"5326044","530010","70673416","09558915000191","3","1","00000000000000","","","","","","0","E","","","04","","01","04","03","","99","","","","","","","","ODO.00045-07","20210304","1","","","","","","0","0","1","0","0","0","1","0","0","0","0","0","0","0",0,0,0,"0",0,0,0,0,0,0,0,0,0,0,0,0,0,0,"0",0,0,0,2,0,0,0,0,1,0,0,0,0,0,0,0,"1",0,0,0,"0",0,0,0,0,"0",0,0,0,0,0,0,0,0,0,0,0,0,0,0,0,"0","0","1","0","0","0","0","0","1","0","1","0","0","0","0","0","0","0","0","1","0","0","0","0","1","1","0","0","1","1","0","0","0","0","0","0","0","0","0","0","0","0","0","0","0","0","0","0","0","0","0","1","0","0","0","1","0","0","0","0","0","0","0","0","0","0","0","0","0","0","0","0","0","0","0","0","0","0","0","0","0","0","0","0","0","0","0","0","0","0","0","0","1","202108","202204","2062"
"5326095","530010","70670511","61486650018040","3","1","00000000000000","","","","","","0","E","","","04","","03","39","03","","99","","","","","","","","","","","","","","","","0","0","1","0","0","0","1","0","0","0","0","0","0","0",0,0,0,"0",0,0,0,0,0,0,0,0,0,0,0,0,0,0,"0",0,0,0,0,0,0,0,1,0,0,0,0,0,0,0,0,"1",0,0,0,"0",0,0,0,0,"0",0,0,0,0,0,0,0,0,1,0,0,0,0,0,0,"0","0","0","0","0","0","0","0","0","0","0","0","0","0","0","0","0","0","1","0","0","0","0","0","1","1","0","0","1","1","0","0","0","0","0","0","0","0","0","0","0","0","0","0","0","0","0","0","0","0","0","0","0","0","0","0","0","0","1","0","0","0","1","0","0","0","0","0","0","0","0","0","0","0","0","0","0","0","0","0","0","0","0","0","0","0","0","0","0","0","0","0","1","202010","202204","2046"
"5332230","530010","72020015","08349343000178","3","1","00000000000000","","","","0180","","0","E","","","04","","01","36","03","","99","","","","","","","","","20200415","1","","","","","","0","0","1","0","0","0","1","0","0","0","0","0","0","0",0,0,0,"0",0,0,0,0,0,0,0,0,0,0,0,0,0,0,"0",0,1,0,0,0,0,0,0,0,0,0,0,0,0,0,0,"1",0,0,0,"0",0,0,0,0,"0",0,0,0,0,0,0,0,0,0,0,0,0,0,0,0,"0","0","1","0","0","0","0","0","0","0","0","0","0","0","0","0","0","0","0","0","0","0","0","0","1","0","0","0","1","1","0","0","0","0","0","0","0","0","0","0","0","0","0","0","0","0","0","0","0","0","0","1","0","0","0","0","0","0","0","0","0","0","0","0","0","0","0","0","0","0","0","0","0","0","0","0","0","0","0","0","0","0","0","0","0","0","0","0","0","0","0","0","1","202005","202204","2062"
"5334233","530010","70770100","08195982000126","3","1","00000000000000","","","","","","0","E","","","04","","03","36","03","","99","","","","","","","","","","","","","","","","0","0","1","0","0","0","1","0","0","0","0","0","0","0",0,0,0,"0",0,0,0,0,0,0,0,0,0,0,0,0,0,0,"0",0,4,0,0,0,0,0,0,0,0,0,0,0,0,0,0,"1",0,0,0,"0",0,0,0,0,"0",0,0,0,0,0,0,0,0,0,0,0,0,0,0,0,"0","0","1","0","0","0","0","0","0","0","0","0","0","0","0","0","0","0","0","0","0","0","0","0","1","0","0","0","1","1","0","0","0","0","0","0","0","0","0","0","0","0","0","0","0","0","0","0","0","0","0","1","0","0","1","1","0","0","0","0","0","0","0","0","0","0","0","0","0","0","0","0","0","0","0","0","0","0","0","0","0","0","0","0","0","0","0","0","0","0","0","0","1","202107","202204","2062"
"5334268","530010","70390907","02239415000148","3","1","00000000000000","","","","","","0","E","","","04","","03","36","03","","99","","","","","","","","LICENCA SANITARIA","20200802","1","","","","","","0","0","1","0","0","0","1","0","0","0","0","0","0","0",0,0,0,"0",0,0,0,0,0,0,0,0,0,0,0,0,0,0,"0",0,1,0,0,0,0,0,0,0,0,0,0,0,0,0,0,"1",0,0,0,"0",0,0,0,0,"0",0,0,0,0,0,0,0,0,0,0,0,0,0,0,0,"0","0","1","0","0","0","0","0","0","0","0","0","0","0","0","0","0","1","0","0","0","0","0","0","1","0","0","0","1","1","0","0","0","0","0","0","0","0","0","0","0","0","0","0","0","0","0","0","0","0","0","1","0","0","0","0","0","0","0","0","0","0","0","0","0","0","0","0","0","0","0","0","0","0","0","0","0","0","0","0","0","0","0","0","0","0","0","0","0","0","0","0","1","202111","202204","2240"
"5334276","530010","70077900","07542136000172","3","1","00000000000000","","","","","","0","E","","","04","","03","36","03","","99","","","","","","","","ODO 00045-02","20190919","1","","","","","","0","0","1","0","0","0","1","0","0","0","0","0","0","0",0,0,0,"0",0,0,0,0,0,0,0,0,0,0,0,0,0,0,"0",0,0,0,0,0,0,0,0,2,0,0,0,0,0,0,0,"1",0,0,0,"0",0,0,0,0,"0",0,0,0,0,0,0,0,0,0,0,0,0,0,0,0,"0","0","1","0","0","0","0","0","1","0","0","0","0","0","0","0","0","0","0","0","0","0","0","0","1","1","0","0","1","1","0","0","0","0","0","0","0","0","0","0","0","0","0","0","0","0","0","0","0","0","0","1","0","0","0","1","0","0","0","0","0","0","0","0","0","0","0","0","0","0","0","0","0","0","0","0","0","0","0","0","0","0","0","0","0","0","0","0","0","0","0","0","1","202002","202204","2062"
"5334330","530010","70077900","00925976000175","3","1","00000000000000","","","","0005","","0","E","","","04","","01","36","04","","99","001","452-9","2062674","","","","","EAS 00282.02/2021","20210218","1","","","","","","0","0","1","0","0","0","1","0","0","0","0","0","0","0",0,0,0,"0",0,0,0,0,0,0,0,0,0,0,0,0,0,0,"0",0,1,0,0,0,0,0,0,0,0,0,0,0,0,0,0,"1",0,0,0,"0",0,0,0,0,"0",0,0,0,0,0,0,0,0,0,0,0,0,0,0,0,"0","0","1","0","0","0","0","0","0","0","0","0","0","0","0","0","0","0","0","0","0","0","0","0","1","0","0","0","1","1","0","0","0","0","0","0","0","0","0","0","0","0","0","0","0","0","0","0","0","0","0","0","0","0","0","1","0","0","0","0","0","0","0","0","0","0","0","0","0","0","0","0","0","0","0","0","0","0","0","0","0","0","0","0","0","0","0","0","0","0","0","0","1","202103","202204","2305"
"5343542","530010","70390108","07365408000106","3","1","00000000000000","","","","","","0","E","","","04","","01","36","06","","99","","","","","","","","EAS 05085-01","20210512","1","","","","","","0","0","1","0","0","0","1","0","0","0","0","0","0","0",0,0,0,"0",0,0,0,0,0,0,0,0,0,0,0,0,0,0,"0",0,1,0,0,0,0,0,0,0,0,0,0,0,0,0,0,"1",0,0,0,"0",0,0,0,0,"0",0,0,0,0,0,0,0,0,0,0,0,0,0,0,0,"0","0","1","0","0","0","0","0","0","0","0","0","0","0","0","0","0","0","0","0","0","0","0","0","1","0","0","0","1","1","0","0","0","0","0","0","0","0","0","0","0","0","0","0","0","0","0","0","0","0","0","1","0","0","0","1","0","0","0","0","0","0","1","0","0","0","0","0","0","0","0","0","0","0","0","0","0","0","0","0","0","0","0","0","0","0","0","0","0","0","0","0","1","202201","202204","2305"
"5349826","530010","73006010","07392891000118","3","1","00000000000000","","","","0010","","0","E","","","04","","01","36","03","","99","","","","","","","","","","","","","","","","0","0","1","0","0","0","1","0","0","0","0","0","0","0",0,0,0,"0",0,0,0,0,0,0,0,0,0,0,0,0,0,0,"0",0,0,0,0,0,0,0,0,4,0,0,0,0,0,0,0,"1",0,0,0,"0",0,0,0,0,"0",0,0,0,0,0,0,0,0,0,0,0,0,0,0,0,"0","0","1","0","0","0","0","0","0","0","0","0","0","0","0","0","0","0","0","0","0","0","0","0","1","0","0","0","1","1","0","0","0","0","0","0","0","0","0","0","0","0","0","0","0","0","0","0","0","0","0","1","0","0","0","0","0","0","0","0","0","0","0","0","0","0","0","0","0","0","0","0","0","0","0","0","0","0","0","0","0","0","0","0","0","0","0","0","0","0","0","0","1","202103","202204","2062"
"5350093","530010","70719030","01036702000198","3","1","00000000000000","","","","","","0","E","","","04","","03","36","03","","99","","","","","","","","ODO.00030-02","20201105","1","","","","","","0","0","1","0","0","0","1","0","0","0","0","0","0","0",0,0,0,"0",0,0,0,0,0,0,0,0,0,0,0,0,0,0,"0",0,0,0,0,0,0,0,0,4,0,0,0,0,0,0,0,"1",0,0,0,"0",0,0,0,0,"0",0,0,0,0,0,0,0,0,0,0,0,0,0,0,0,"0","0","1","0","0","0","0","0","1","0","0","0","0","0","0","0","0","0","0","0","0","0","0","0","1","1","0","0","1","1","0","0","0","0","0","0","0","0","0","0","0","0","0","0","0","0","0","0","0","0","0","1","0","0","0","1","0","0","0","0","0","0","0","0","0","0","0","0","0","0","0","0","0","0","0","0","0","0","0","0","0","0","0","0","0","0","0","0","0","0","0","0","1","202104","202204","2062"
"5350107","530010","70770530","61486650038407","3","1","00000000000000","","","","","","0","E","","","04","","","39","03","","99","","","","","","","","LAB 00018-02/2021","20211125","1","","","","","","0","0","1","0","0","0","1","0","0","0","0","0","0","0",0,0,0,"0",0,0,0,0,0,0,0,0,0,0,0,0,0,0,"0",4,0,0,2,0,0,0,0,0,1,2,1,0,0,0,0,"1",0,0,0,"0",0,0,0,0,"0",0,0,0,0,0,0,0,0,0,0,0,0,0,0,0,"0","0","0","0","0","0","0","0","0","0","0","0","0","0","0","0","0","0","1","0","0","0","0","0","1","1","0","0","1","1","0","0","0","0","0","0","0","0","0","0","0","0","0","0","0","0","0","0","0","0","0","0","0","0","0","0","0","0","1","0","0","0","1","0","0","0","0","0","0","0","0","0","0","0","0","0","0","0","0","0","0","0","0","0","0","0","0","0","0","0","0","0","1","202112","202204","2046"
"5353106","530010","72125110","08342650000127","3","1","00000000000000","","","","","","0","E","","","04","","03","04","04","","99","","","","","","","","RLE 20171400669913","20170705","1","","","","","","0","0","1","0","0","0","1","0","0","0","0","0","0","0",0,0,0,"0",0,0,0,0,0,0,0,0,0,0,0,0,0,0,"0",1,4,0,2,0,0,0,0,0,0,0,0,0,0,0,0,"1",0,0,0,"0",0,0,0,0,"0",0,0,0,0,0,0,0,0,0,0,0,0,0,0,0,"0","0","1","0","0","0","0","0","0","0","0","0","0","0","0","0","0","0","0","0","0","0","0","0","1","0","0","0","1","1","0","0","0","0","0","0","0","0","0","0","0","0","0","0","0","0","0","0","0","0","0","1","0","0","0","1","0","0","0","0","0","0","0","0","0","0","0","0","0","0","0","0","0","0","0","0","0","0","0","0","0","0","0","0","0","0","0","0","0","0","0","0","1","202108","202204","2305"
"5353114","530010","72115525","08439436000193","3","1","00000000000000","","","","","","0","E","","","04","","01","36","03","","99","","","","","","","","","","","","","","","","0","0","1","0","0","0","1","0","0","0","0","0","0","0",0,0,0,"0",0,0,0,0,0,0,0,0,0,0,0,0,0,0,"0",0,0,0,2,0,0,0,0,0,0,0,0,0,0,0,0,"1",0,0,0,"0",0,0,0,0,"0",0,0,0,0,0,0,0,0,0,0,0,0,0,0,0,"0","0","1","0","0","0","0","0","0","0","0","0","0","0","0","0","0","0","0","0","0","0","0","0","1","1","0","0","1","1","0","0","0","0","0","0","0","0","0","0","0","0","0","0","0","0","0","0","0","0","0","1","0","0","0","0","0","0","0","0","0","0","0","0","0","0","0","0","0","0","0","0","0","0","0","0","0","0","0","0","0","0","0","0","0","0","0","0","0","0","0","0","1","202011","202204","2062"
"5359309","530010","72025110","08329752000102","3","1","00000000000000","","","","0180","","0","E","","","04","","01","04","03","","99","","","","","","","","EAS-0009714","20211023","1","","","","","","0","0","1","0","0","0","1","0","0","0","0","0","0","0",0,0,0,"0",0,0,0,0,0,0,0,0,0,0,0,0,0,0,"0",0,0,0,3,0,0,0,0,0,0,0,0,0,0,0,0,"1",0,0,0,"0",0,0,0,0,"0",0,0,0,0,0,0,0,0,0,0,0,0,0,0,0,"0","0","0","1","0","0","0","0","0","0","0","0","0","0","0","0","0","0","0","0","0","0","0","0","1","1","0","0","1","1","0","0","0","0","0","0","0","0","0","0","0","0","0","0","0","0","0","0","0","0","0","1","0","0","0","1","0","0","0","0","0","0","0","0","0","0","0","0","0","0","0","0","0","0","0","0","0","0","0","0","0","0","0","0","0","0","0","0","0","0","0","0","1","202203","202204","2062"
"5359333","530010","72015020","05668458000137","3","1","00000000000000","","","","0180","","0","E","","","04","","01","36","03","","99","001","08265","42174X","","","","","8720-4/01","20190605","1","","","","","","0","0","1","0","0","0","1","0","0","0","0","0","0","0",0,0,0,"0",0,0,0,0,0,0,0,0,0,0,0,0,0,0,"0",0,1,0,0,0,0,0,0,0,0,0,0,0,0,0,0,"1",0,0,0,"0",0,0,0,0,"0",0,0,0,0,0,0,0,0,0,0,0,0,0,0,0,"0","0","1","0","0","0","0","0","0","0","0","0","0","0","0","0","0","0","0","0","0","0","0","0","1","0","0","0","1","1","0","0","0","0","0","0","0","0","0","0","0","0","0","0","0","0","0","0","0","0","0","0","0","0","0","1","0","0","0","0","0","0","0","0","0","0","0","0","0","0","0","0","0","0","0","0","0","0","0","0","0","0","0","0","0","0","0","0","0","0","0","0","1","201908","202204","2305"
"5368847","530010","71503501","00718528003620","3","1","00000000000000","","","","0080","","0","E","","","04","","03","39","03","","99","","","","","","","","LAB 0000204","20210426","1","","","","","","0","0","1","0","0","0","1","0","0","0","0","0","0","0",0,0,0,"0",0,0,0,0,0,0,0,0,0,0,0,0,0,0,"0",0,0,0,0,0,0,0,0,0,0,0,0,0,0,0,0,"0",0,0,0,"0",0,0,0,0,"0",0,0,0,0,0,0,0,0,0,0,0,0,0,0,0,"0","0","1","0","0","0","0","0","0","0","0","0","0","0","0","0","0","0","0","0","0","0","0","0","1","1","0","0","1","1","0","0","0","0","0","0","0","0","0","0","0","0","0","0","0","0","0","0","0","0","0","0","0","0","0","0","0","0","1","0","0","1","1","0","0","0","0","0","0","0","0","0","0","0","0","0","0","0","0","0","0","0","0","0","0","0","0","0","0","0","0","0","1","202201","202204","2054"
"5370108","530010","70390700","03626796000180","3","1","00000000000000","","","","0015","","0","E","","","04","","03","36","03","","99","","","","","","","","EAS - 02019-01","20220128","1","","","","","","0","0","1","0","0","0","1","0","0","0","0","0","0","0",0,0,0,"0",0,0,0,0,0,0,0,0,0,0,0,0,0,0,"0",0,2,0,0,0,0,0,0,0,0,0,0,0,0,0,0,"1",0,0,0,"0",0,0,0,0,"0",0,0,0,0,0,0,0,0,0,0,0,0,0,0,0,"0","0","1","0","0","0","0","0","0","0","0","0","0","0","0","0","0","0","0","0","0","0","0","0","1","1","0","0","1","1","0","0","0","0","0","0","0","0","0","0","0","0","0","0","0","0","0","0","0","0","0","1","0","0","0","1","0","0","0","0","0","0","0","0","0","0","0","0","0","0","0","0","0","0","0","0","0","0","0","0","0","0","0","0","0","0","0","0","0","0","0","0","1","202204","202204","2062"
"5370191","530010","70390700","07592441000179","3","1","00000000000000","","","","","","0","E","","","04","","01","36","03","","99","","","","","","","","EAS.20262-01","20210527","1","","","","","","0","0","1","0","0","0","1","0","0","0","0","0","0","0",0,0,0,"0",0,0,0,0,0,0,0,0,0,0,0,0,0,0,"0",0,4,0,0,0,0,0,0,0,0,0,0,0,0,0,0,"1",0,0,0,"0",0,0,0,0,"0",0,0,0,0,0,0,0,0,0,0,0,0,0,0,0,"0","0","1","0","0","0","0","0","0","0","0","0","0","0","0","0","0","0","0","0","0","0","0","0","1","0","0","0","1","1","0","0","0","0","0","0","0","0","0","0","0","0","0","0","0","0","0","0","0","0","0","1","0","0","0","1","0","0","0","0","0","0","0","0","0","0","0","0","0","0","0","0","0","0","0","0","0","0","0","0","0","0","0","0","0","0","0","0","0","0","0","0","1","202202","202204","2062"
"5371112","530010","70711000","08303230000131","3","1","00000000000000","","","","","","0","E","","","04","","03","36","03","","99","","","","","","","","20210014114","20210614","1","","","","","","0","0","1","0","0","0","1","0","0","0","0","0","0","0",0,0,0,"0",0,0,0,0,0,0,0,0,0,0,0,0,0,0,"0",1,1,0,0,0,0,0,0,0,0,0,0,0,0,0,0,"1",0,0,0,"0",0,0,0,0,"0",0,0,0,0,0,0,0,0,0,0,0,0,0,0,0,"0","0","0","0","0","0","0","0","0","0","0","0","0","0","0","0","0","0","0","0","0","0","0","0","0","0","0","0","1","1","0","0","0","0","0","0","0","0","0","0","0","0","0","0","0","0","0","0","0","0","0","1","0","0","1","1","0","0","0","0","0","0","0","0","0","0","0","0","0","0","0","0","0","0","0","0","0","0","0","0","0","0","0","0","0","0","0","0","0","0","0","0","1","202202","202204","2062"
"5371147","530010","70310500","00610527000138","3","1","00000000000000","","","","","","0","E","","","04","","01","22","03","","99","","","","","","","","20171401046944","20170814","1","","","","","","0","0","1","0","0","0","1","0","0","0","0","0","0","0",0,0,0,"0",0,0,0,0,0,0,0,0,0,0,0,0,0,0,"0",0,0,0,1,0,0,0,0,0,0,0,0,0,0,0,0,"1",0,0,0,"0",0,0,0,0,"0",0,0,0,0,0,0,0,0,0,0,0,0,0,0,0,"0","0","0","0","0","0","0","0","0","0","0","0","0","0","0","0","0","0","0","0","0","0","0","0","0","0","0","0","1","1","0","0","0","0","0","0","0","0","0","0","0","0","0","0","0","0","0","0","0","0","0","0","0","0","0","1","0","0","0","0","0","0","0","0","0","0","0","0","0","0","0","0","0","0","0","0","0","0","0","0","0","0","0","0","0","0","0","0","0","0","0","0","1","202108","202204","2062"
"5375037","530010","70077900","08361896000146","3","1","00000000000000","","","","","","0","E","","","04","","03","36","04","","99","","","","","","","","53201365719","20190417","2","","","","","","0","0","1","0","0","0","1","0","0","0","0","0","0","0",0,0,0,"0",0,0,0,0,0,0,0,0,0,0,0,0,0,0,"0",0,0,0,6,0,0,0,0,0,0,0,0,0,0,0,0,"1",0,0,0,"0",0,0,0,0,"0",0,0,0,0,0,0,0,0,0,0,0,0,0,0,0,"0","0","0","0","0","0","0","0","0","0","0","0","0","0","0","0","0","0","1","0","0","0","0","0","1","1","0","0","1","1","0","0","0","0","0","0","0","0","0","0","0","0","0","0","0","0","0","0","0","0","0","1","0","0","0","1","0","0","0","0","0","0","0","0","0","0","0","0","0","0","0","0","0","0","0","0","0","0","0","0","0","0","0","0","0","0","0","0","0","0","0","0","1","202111","202204","2305"
"5391296","530010","72215017","04558329000204","3","1","00000000000000","","","","","","0","E","","","04","","03","22","03","","99","","","","","","","","","20190220","1","","","","","","0","0","1","0","0","0","1","0","0","0","0","0","0","0",0,0,0,"0",0,0,0,0,0,0,0,0,0,0,0,0,0,0,"0",0,0,0,0,0,0,0,0,1,0,0,0,0,0,0,0,"1",0,0,0,"0",0,0,0,0,"0",0,0,0,0,0,0,0,0,0,0,0,0,0,0,0,"0","0","0","0","0","0","0","0","1","0","0","0","0","0","0","0","0","0","0","0","0","0","0","0","1","0","0","0","1","1","0","0","0","0","0","0","0","0","0","0","0","0","0","0","0","0","0","0","0","0","0","1","0","0","1","1","0","0","0","0","0","0","0","0","0","0","0","0","0","0","0","0","0","0","0","0","0","0","0","0","0","0","0","0","0","0","0","0","0","0","0","0","1","201910","202204","2062"
"5396859","530010","70770560","04561323000105","3","1","00000000000000","","","","0005","","0","E","","","04","","01","36","03","","99","","","","","","","","EAS 00245-02/2021","20210407","1","","","","","","0","0","1","0","0","0","1","0","0","0","0","0","0","0",0,0,0,"0",0,0,0,0,0,0,0,0,0,0,0,0,0,0,"0",0,1,0,0,0,0,0,1,0,0,0,0,0,0,0,0,"1",0,0,0,"0",0,0,0,0,"0",0,0,0,0,0,0,0,0,0,0,0,0,0,0,0,"0","0","1","0","0","0","0","0","1","0","0","0","0","0","0","0","0","0","0","0","0","0","0","0","1","1","0","0","1","1","0","0","0","0","0","0","0","0","0","0","0","0","0","0","0","0","0","0","0","0","0","1","0","0","1","1","0","0","0","0","0","0","0","0","0","0","0","0","0","0","0","0","0","0","0","0","0","0","0","0","0","0","0","0","0","0","0","0","0","0","0","0","1","202201","202204","2062"
"5402603","530010","70390100","05204046000146","3","1","00000000000000","","","","","","0","E","","","04","","03","36","03","","99","","","","","","","","20210041002","20210904","1","","","","","","0","0","1","0","0","0","1","0","0","0","0","0","0","0",0,0,0,"0",0,0,0,0,0,0,0,0,0,0,0,0,0,0,"0",0,1,0,0,0,0,0,0,0,0,0,0,0,0,0,0,"1",0,0,0,"0",0,0,0,0,"0",0,0,0,0,0,0,0,0,0,0,0,0,0,0,0,"0","0","1","0","0","0","0","0","0","0","0","0","0","0","0","0","0","0","0","0","0","0","0","0","1","0","0","0","1","1","0","0","0","0","0","0","0","0","0","0","0","0","0","0","0","0","0","0","0","0","0","1","0","0","0","0","0","0","0","0","0","0","0","0","0","0","0","0","0","0","0","0","0","0","0","0","0","0","0","0","0","0","0","0","0","0","0","0","0","0","0","0","1","202201","202204","2305"
"5402670","530010","70390108","08509988000120","3","1","00000000000000","","","","0015","","0","E","","","04","","01","36","03","","99","","","","","","","","EAS.02747-01","20191121","1","","","","","","0","0","1","0","0","0","1","0","0","0","0","0","0","0",0,0,0,"0",0,0,0,0,0,0,0,0,0,0,0,0,0,0,"0",0,1,0,0,0,0,0,0,0,0,0,0,0,0,0,0,"1",0,0,0,"0",0,0,0,0,"0",0,0,0,0,0,0,0,0,0,0,0,0,0,0,0,"0","0","1","0","0","0","0","0","0","0","0","0","0","0","0","0","0","0","0","0","0","0","0","0","1","0","0","0","1","1","0","0","0","0","0","0","0","0","0","0","0","0","0","0","0","0","0","0","0","0","0","1","0","0","0","1","0","0","0","0","0","0","0","0","0","0","0","0","0","0","0","0","0","0","0","0","0","0","0","0","0","0","0","0","0","0","0","0","0","0","0","0","1","202005","202204","2062"
"5402921","530010","70390700","38057923000152","3","1","00000000000000","","","","","","0","E","","","04","","03","36","03","","99","","","","","","","","2021010044","20210503","1","","","","","","0","0","1","0","0","0","1","0","0","0","0","0","0","0",0,0,0,"0",0,0,0,0,0,0,0,0,0,0,0,0,0,0,"0",0,2,0,0,0,0,0,0,0,0,0,0,0,0,0,0,"1",0,0,0,"0",0,0,0,0,"0",0,0,0,0,0,0,0,0,0,0,0,0,0,0,0,"0","0","1","0","0","0","0","0","0","0","0","0","0","0","0","0","0","0","0","0","0","0","0","0","1","0","0","0","1","1","0","0","0","0","0","0","0","0","0","0","0","0","0","0","0","0","0","0","0","0","0","0","0","0","0","1","0","0","0","0","0","0","0","0","0","0","0","0","0","0","0","0","0","0","0","0","0","0","0","0","0","0","0","0","0","0","0","0","0","0","0","0","1","202203","202204","2062"
"5403200","530010","70680350","08599795000108","3","1","00000000000000","","","","0050","","0","E","","","04","","01","36","04","","99","","","","","","","","124567","20190228","1","","","","","","0","0","1","0","0","0","1","0","0","0","0","0","0","0",0,0,0,"0",0,0,0,0,0,0,0,0,0,0,0,0,0,0,"0",0,3,0,0,0,0,0,0,0,0,0,0,0,0,0,0,"1",0,0,0,"0",0,0,0,0,"0",0,0,0,0,0,0,0,0,0,0,0,0,0,0,0,"0","0","1","0","0","0","0","0","1","0","0","0","0","0","0","0","0","0","0","0","0","0","0","0","1","0","0","0","1","1","0","0","0","0","0","0","0","0","0","0","0","0","0","0","0","0","0","0","0","0","0","1","0","0","0","0","0","0","0","0","0","0","0","0","0","0","0","0","0","0","0","0","0","0","0","0","0","0","0","0","0","0","0","0","0","0","0","0","0","0","0","0","1","201905","202204","2062"
"5403936","530010","70712904","07144608000139","3","1","00000000000000","","","","0005","","0","E","","","04","","03","36","03","","99","","","","","","","","EAS 00424-02/2020","20211208","1","","","","","","0","0","1","0","0","0","1","0","0","0","0","0","0","0",0,0,0,"0",0,0,0,0,0,0,0,0,0,0,0,0,0,0,"0",0,1,0,0,0,0,0,0,0,0,0,0,0,0,0,0,"1",0,0,0,"0",0,0,0,0,"0",0,0,0,0,0,0,0,0,0,0,0,0,0,0,0,"0","0","1","0","0","0","0","0","0","0","0","0","0","0","0","0","0","0","0","0","0","0","0","0","1","1","0","0","1","1","0","0","0","0","0","0","0","0","0","0","0","0","0","0","0","0","0","0","0","0","0","1","0","0","0","1","0","0","0","0","0","0","0","0","0","0","0","0","0","0","0","0","0","0","0","0","0","0","0","0","0","0","0","0","0","0","0","0","0","0","0","0","1","202204","202204","2240"
"5403987","530010","72115070","07470426000158","3","1","00000000000000","","","","","","0","E","","","04","","01","36","03","","99","","","","","","","","RLE","20191119","1","","","","","","0","0","1","0","0","0","1","0","0","0","0","0","0","0",0,0,0,"0",0,0,0,0,0,0,0,0,0,0,0,0,0,0,"0",0,0,0,5,0,0,0,0,0,0,0,0,0,0,0,0,"1",0,0,0,"0",0,0,0,0,"0",0,0,0,0,0,0,0,0,0,0,0,0,0,0,0,"0","0","1","0","0","0","0","0","0","0","0","0","0","0","0","0","0","0","0","0","0","0","0","0","1","0","0","0","1","1","0","0","0","0","0","0","0","0","0","0","0","0","0","0","0","0","0","0","0","0","0","1","0","0","0","1","0","0","0","0","0","0","0","0","0","0","0","0","0","0","0","0","0","0","0","0","0","0","0","0","0","0","0","0","0","0","0","0","0","0","0","0","1","202202","202204","2062"
"5406684","530010","72405135","08687093000186","3","1","00000000000000","","","","0030","","0","E","","","04","","01","04","03","","99","","","","","","","","RLE DIGITAL","20200204","1","","","","","","0","0","1","0","0","0","1","0","0","0","0","0","0","0",0,0,0,"0",0,0,0,0,0,0,0,0,0,0,0,0,0,0,"0",0,0,0,1,0,0,0,0,2,0,0,0,0,0,0,0,"1",0,0,0,"0",0,0,0,0,"0",0,0,0,0,0,0,0,0,0,0,0,0,0,0,0,"0","0","1","0","0","0","0","0","0","0","0","0","0","0","0","0","0","0","0","0","0","0","0","0","1","1","0","0","1","1","0","0","0","0","0","0","0","0","0","0","0","0","0","0","0","0","0","0","0","0","0","1","0","0","0","1","0","0","0","0","0","0","0","0","0","0","0","0","0","0","0","0","0","0","0","0","0","0","0","0","0","0","0","0","0","0","0","0","0","0","0","0","1","202002","202204","2062"
"5419204","530010","70322915","08580740000156","3","1","00000000000000","","","","0015","","0","E","","","04","","03","22","03","","99","","","","","","","","0D0.01533-01","20190415","1","","","","","","0","0","1","0","0","0","1","0","0","0","0","0","0","0",0,0,0,"0",0,0,0,0,0,0,0,0,0,0,0,0,0,0,"0",0,0,0,0,0,0,0,0,1,0,0,0,0,0,0,0,"1",0,0,0,"0",0,0,0,0,"0",0,0,0,0,0,0,0,0,0,0,0,0,0,0,0,"0","0","1","0","0","0","0","0","0","0","0","0","0","0","0","0","0","0","0","0","0","0","0","0","1","0","0","0","1","1","0","0","0","0","0","0","0","0","0","0","0","0","0","0","0","0","0","0","0","0","0","1","0","0","0","0","0","0","0","0","0","0","0","0","0","0","0","0","0","0","0","0","0","0","0","0","0","0","0","0","0","0","0","0","0","0","0","0","0","0","0","0","1","201908","202204","2062"
"5424038","530010","70390100","05026724000128","3","1","00000000000000","","","","","","0","E","","","04","","01","22","03","","99","","","","","","","","EAS.00658-01","20220310","1","","","","","","0","0","1","0","0","0","1","0","0","0","0","0","0","0",0,0,0,"0",0,0,0,0,0,0,0,0,0,0,0,0,0,0,"0",0,0,0,1,0,0,0,0,0,0,0,0,0,0,0,0,"1",0,0,0,"0",0,0,0,0,"0",0,0,0,0,0,0,0,0,0,0,0,0,0,0,0,"0","0","1","0","0","0","0","0","0","0","0","0","0","0","0","0","0","0","0","0","0","0","0","0","1","0","0","0","1","1","0","0","0","0","0","0","0","0","0","0","0","0","0","0","0","0","0","0","0","0","0","1","0","0","0","0","0","0","0","0","0","0","0","0","0","0","0","0","0","0","0","0","0","0","0","0","0","0","0","0","0","0","0","0","0","0","0","0","0","0","0","0","1","202204","202204","2062"
"5431808","530010","72110300","61486650020028","3","1","00000000000000","","","","","","0","E","","","04","","03","39","04","","99","","","","","","","","","","","","","","","","0","0","1","0","0","0","1","0","0","0","0","0","0","0",0,0,0,"0",0,0,0,0,0,0,0,0,0,0,0,0,0,0,"0",0,0,0,0,0,0,0,1,0,0,0,0,0,0,0,0,"1",0,0,0,"0",0,0,0,0,"0",0,0,0,0,0,0,0,0,1,0,0,0,0,0,0,"0","0","0","0","0","0","0","0","0","0","0","0","0","0","0","0","0","0","1","0","0","0","0","0","1","1","0","1","1","1","0","0","0","0","0","0","0","0","0","0","0","0","0","0","0","0","0","0","0","0","0","0","0","0","0","0","0","0","1","0","0","0","1","0","0","0","0","0","0","0","0","0","0","0","0","0","0","0","0","0","0","0","0","0","0","0","0","0","0","0","0","0","1","202010","202204","2046"
"5437407","530010","70390135","03585411000184","3","1","00000000000000","","","","0015","","0","E","","","04","","03","22","03","","99","","","","","","","","EAS 00049-1","20220302","1","","","","","","0","0","1","0","0","0","1","0","0","0","0","0","0","0",0,0,0,"0",0,0,0,0,0,0,0,0,0,0,0,0,0,0,"0",0,0,0,2,0,0,0,0,0,0,0,0,0,0,0,0,"1",0,0,0,"0",0,0,0,0,"0",0,0,0,0,0,0,0,0,0,0,0,0,0,0,0,"0","0","1","0","0","0","0","0","0","0","0","0","0","0","0","0","0","0","0","0","0","0","0","0","1","1","0","0","1","1","0","0","0","0","0","0","0","0","0","0","0","0","0","0","0","0","0","0","0","0","0","1","0","0","1","1","0","0","0","0","0","0","0","0","0","0","0","0","0","0","0","0","0","0","0","0","0","0","0","0","0","0","0","0","0","0","0","0","0","0","0","0","1","202203","202204","2062"
"5437415","530010","70390155","08725695000180","3","1","00000000000000","","","","0015","","0","E","","","04","","03","22","03","","99","001","34789","335487","","","","","EAS.02755-01","20210723","1","","","","","","1","0","0","0","0","0","1","0","0","0","0","0","0","0",0,0,0,"0",0,0,0,0,0,0,0,0,0,0,0,0,0,0,"0",0,4,0,0,0,0,0,0,0,0,0,0,0,0,0,0,"1",0,0,0,"0",0,0,0,0,"0",0,0,0,0,0,0,0,0,0,0,0,0,0,0,0,"0","0","0","0","0","0","0","0","0","0","0","0","0","0","0","0","0","0","0","0","0","0","0","0","0","0","0","0","1","1","0","0","0","0","0","0","0","0","0","0","0","0","0","0","0","0","0","0","0","0","0","1","0","0","0","1","0","0","0","0","0","0","0","0","0","0","0","0","0","0","0","0","0","0","0","0","0","0","0","0","0","0","0","0","0","0","0","0","0","0","0","0","1","202108","202204","2062"
"5437520","530010","72425080","08084025000122","3","1","00000000000000","","","","","","0","E","","","04","","01","36","04","","99","","","","","","","","53201817351","20200117","1","","","","","","0","0","1","0","0","0","1","0","0","0","0","0","0","0",0,0,0,"0",0,0,0,0,0,0,0,0,0,0,0,0,0,0,"0",0,1,0,0,0,0,0,0,0,0,0,0,0,0,0,0,"1",0,0,0,"0",0,0,0,0,"0",0,0,0,0,0,0,0,0,0,0,0,0,0,0,0,"0","0","1","0","0","0","0","0","0","0","0","0","0","0","0","0","0","0","1","0","0","0","0","0","1","0","0","0","1","1","0","0","0","0","0","0","0","0","0","0","0","0","0","0","0","0","0","0","0","0","0","1","0","0","0","1","0","0","0","0","0","0","0","0","0","0","0","0","0","0","0","0","0","0","0","0","0","0","0","0","0","0","0","0","0","0","0","0","0","0","0","0","1","202003","202204","2062"
"5440688","530010","70673622","08519032000100","3","1","00000000000000","","","","","","0","E","","","04","","01","36","03","","99","","","","","","","","ODO.00040-07","20190320","1","","","","","","0","0","1","0","0","0","1","0","0","0","0","0","0","0",0,0,0,"0",0,0,0,0,0,0,0,0,0,0,0,0,0,0,"0",0,0,0,0,0,0,0,0,2,0,0,0,0,0,0,0,"1",0,0,0,"0",0,0,0,0,"0",0,0,0,0,0,0,0,0,0,0,0,0,0,0,0,"0","0","1","0","0","0","0","0","1","0","0","0","0","0","0","0","0","0","0","1","0","0","0","0","1","1","0","0","1","1","0","0","0","0","0","0","0","0","0","0","0","0","0","0","0","0","0","0","0","0","0","1","0","0","0","0","0","0","0","0","0","0","0","0","0","0","0","0","0","0","0","0","0","0","0","0","0","0","0","0","0","0","0","0","0","0","0","0","0","0","0","0","1","202005","202204","2062"
"5440874","530010","70390155","08797899000127","3","1","00000000000000","","","","0010","","0","E","","","04","","03","36","03","","99","","","","","","","","EAS.20272-01","20220124","1","","","","","","0","0","1","0","0","0","1","0","0","0","0","0","0","0",0,0,0,"0",0,0,0,0,0,0,0,0,0,0,0,0,0,0,"0",0,3,0,2,0,0,0,0,0,0,0,0,0,0,0,0,"1",0,0,0,"0",0,0,0,0,"0",0,0,0,0,0,0,0,0,0,0,0,0,0,0,0,"0","0","1","0","0","0","0","0","0","0","0","0","0","0","0","0","0","0","0","0","0","0","0","0","1","0","0","0","1","1","0","0","0","0","0","0","0","0","0","0","0","0","0","0","0","0","0","0","0","0","0","1","0","0","0","1","0","0","0","0","0","0","0","0","0","0","0","0","0","0","0","0","0","0","0","0","0","0","0","0","0","0","0","0","0","0","0","0","0","0","0","0","1","202203","202204","2062"
"5442885","530010","70200700","08266610000143","3","1","00000000000000","","","","0010","","0","E","","","04","","03","36","05","","99","","","","","","","","EAS.0274401","20210812","1","","","","","","0","0","1","0","0","0","1","0","0","0","0","0","0","0",0,0,0,"0",0,0,0,0,0,0,0,0,0,0,0,0,0,0,"0",0,2,0,0,0,0,0,0,0,0,0,0,0,0,0,0,"1",0,0,0,"0",0,0,0,0,"0",0,0,0,0,0,0,0,0,0,0,0,0,0,0,0,"0","0","1","0","0","0","0","0","0","0","0","0","0","0","0","0","0","0","0","0","0","0","0","0","1","1","0","0","1","1","0","0","0","0","0","0","0","0","0","0","0","0","0","0","0","0","0","0","0","0","0","1","0","0","0","1","0","0","0","0","0","0","0","0","0","0","0","0","0","0","0","0","0","0","0","0","0","0","0","0","0","0","0","0","0","0","0","0","0","0","0","0","1","202203","202204","2240"
"5447410","530010","72110390","00000000000000","3","3","00394700000108","","04","","0180","","1","E","","","04","","03","70","03","","99","","","","","","","","","","","","","","","","0","0","1","0","0","0","1","0","0","0","0","0","0","0",0,0,0,"0",0,0,0,0,0,0,0,0,0,0,0,0,0,0,"0",0,1,1,5,0,0,0,0,0,0,0,0,0,0,0,0,"1",0,0,0,"0",0,0,0,0,"0",0,0,0,0,0,0,0,0,0,0,0,0,0,0,0,"0","0","1","0","1","0","1","0","0","0","0","0","0","0","0","0","0","0","0","0","0","0","0","0","1","0","0","0","0","0","0","0","0","0","0","0","0","0","0","0","0","0","0","0","0","0","0","0","0","0","1","0","0","0","0","0","0","0","0","0","0","0","0","0","0","0","0","0","0","0","0","0","0","0","0","0","0","0","0","0","0","0","0","0","0","0","0","0","0","0","0","0","1","202204","202204","1023"
"5449685","530010","71503505","61486650037346","3","1","00000000000000","","","","","","0","E","","","04","","03","39","03","","99","","","","","","","","","","","","","","","","0","0","1","0","0","0","1","0","0","0","0","0","0","0",0,0,0,"0",0,0,0,0,0,0,0,0,0,0,0,0,0,0,"0",0,0,0,0,0,0,0,1,0,0,0,0,0,0,0,0,"1",0,0,0,"0",0,0,0,0,"0",0,0,0,0,0,0,0,0,1,0,0,0,0,0,0,"0","0","0","0","0","0","0","0","0","0","0","0","0","0","0","0","0","0","1","0","0","0","0","0","1","1","0","0","1","1","0","0","0","0","0","0","0","0","0","0","0","0","0","0","0","0","0","0","0","0","0","0","0","0","0","0","0","0","1","0","0","0","1","0","0","0","0","0","0","0","0","0","0","0","0","0","0","0","0","0","0","0","0","0","0","0","0","0","0","0","0","0","1","202010","202204","2046"
"5456584","530010","70340000","02729456000112","3","1","00000000000000","","","","","","0","E","","","04","","03","22","03","","99","","","","","","","","EAS 0030502","20200205","1","","","","","","0","0","1","0","0","0","1","0","0","0","0","0","0","0",0,0,0,"0",0,0,0,0,0,0,0,0,0,0,0,0,0,0,"0",0,0,0,0,0,0,0,0,2,0,0,0,0,0,0,0,"1",0,0,0,"0",0,0,0,0,"0",0,0,0,0,0,0,0,0,0,0,0,0,0,0,0,"0","0","1","0","0","0","0","0","0","0","0","0","0","0","0","0","0","0","0","0","0","0","0","0","1","0","0","0","1","1","0","0","0","0","0","0","0","0","0","0","0","0","0","0","0","0","0","0","0","0","0","0","0","0","0","1","0","0","0","0","0","0","0","0","0","0","0","0","0","0","0","0","0","0","0","0","0","0","0","0","0","0","0","0","0","0","0","0","0","0","0","0","1","202010","202204","2305"
"5464560","530010","70852520","08830495000198","3","1","00000000000000","","","","0010","","0","E","","","04","","03","36","03","","99","","","","","","","","EAS.0099-02","20210419","1","","","","","","0","0","1","0","0","0","1","0","0","0","0","0","0","0",0,0,0,"0",0,0,0,0,0,0,0,0,0,0,0,0,0,0,"0",0,0,0,2,0,0,0,0,0,0,0,0,0,0,0,0,"1",0,0,0,"0",0,0,0,0,"0",0,0,0,0,0,0,0,0,0,0,0,0,0,0,0,"0","0","1","0","0","0","0","0","0","0","0","0","0","0","0","0","0","0","0","0","0","0","0","0","1","0","0","0","1","1","0","0","0","0","0","0","0","0","0","0","0","0","0","0","0","0","0","0","0","0","0","1","0","0","1","1","0","0","0","0","0","0","0","0","0","0","0","0","0","0","0","0","0","0","0","0","0","0","0","0","0","0","0","0","0","0","0","0","0","0","0","0","1","202202","202204","2062"
"5464579","530010","70710100","00510149000110","3","1","00000000000000","","","","","","0","E","","","04","","03","36","04","","99","","","","","","","","EAS 00377-02","20200815","1","","","","","","0","0","1","0","0","0","1","0","0","0","0","0","0","0",0,0,0,"0",0,0,0,0,0,0,0,0,0,0,0,0,0,0,"0",0,11,0,0,0,0,0,0,0,0,0,0,0,0,0,0,"1",0,0,0,"0",0,0,0,0,"0",0,0,0,0,0,0,0,0,0,0,0,0,0,0,0,"0","0","1","0","0","0","0","0","0","0","0","0","0","0","0","0","0","0","0","0","0","0","0","0","1","1","0","0","1","1","0","0","0","0","0","0","0","0","0","0","0","0","0","0","0","0","0","0","0","0","0","1","0","0","0","1","0","0","0","0","0","0","0","0","0","0","0","0","0","0","0","0","0","0","0","0","0","0","0","0","0","0","0","0","0","0","0","0","0","0","0","0","1","202010","202204","2240"
"5464587","530010","70770560","07685967000101","3","1","00000000000000","","","","0010","","0","E","","","04","","03","36","03","","99","","","","","","","","RLE@DIGITAL","20210119","1","","","","","","0","0","1","0","0","0","1","0","0","0","0","0","0","0",0,0,0,"0",0,0,0,0,0,0,0,0,0,0,0,0,0,0,"0",0,1,0,0,0,0,0,0,0,0,0,0,0,0,0,0,"1",0,0,0,"0",0,0,0,0,"0",0,0,0,0,0,0,0,0,0,0,0,0,0,0,0,"0","0","1","0","0","0","0","0","1","0","0","0","0","0","0","0","0","0","0","0","0","0","0","0","1","0","0","0","1","1","0","0","0","0","0","0","0","0","0","0","0","0","0","0","0","0","0","0","0","0","0","1","0","0","0","0","0","0","0","0","0","0","0","0","0","0","0","0","0","0","0","0","0","0","0","0","0","0","0","0","0","0","0","0","0","0","0","0","0","0","0","0","1","202105","202204","2062"
"5464668","530010","73330015","08762484000118","3","1","00000000000000","","","","0120","","0","E","","","03","","01","36","03","","99","","","","","","","","20171400118836","20170309","1","","","","","","0","0","1","0","0","0","1","0","0","0","0","0","0","0",0,0,0,"0",0,0,0,0,0,0,0,0,0,0,0,0,0,0,"0",0,1,0,1,0,0,0,0,0,0,0,0,0,0,0,0,"1",0,0,0,"0",0,0,0,0,"0",0,0,0,0,0,0,0,0,0,0,0,0,0,0,0,"0","0","1","0","0","0","0","0","0","0","0","0","0","0","0","0","0","0","0","0","0","0","0","0","1","0","0","0","1","1","0","0","0","0","0","0","0","0","0","0","0","0","0","0","0","0","0","0","0","0","0","1","0","0","0","0","0","0","0","0","0","0","0","0","0","0","0","0","0","0","0","0","0","0","0","0","0","0","0","0","0","0","0","0","0","0","0","0","0","0","0","0","1","201905","202204","2062"
"5468256","530010","70712000","08809445000129","3","1","00000000000000","","","","","","0","E","","","04","","03","36","03","","99","","","","","","","","2021004798","20210722","1","","","","","","0","0","1","0","0","0","1","0","0","0","0","0","0","0",0,0,0,"0",0,0,0,0,0,0,0,0,0,0,0,0,0,0,"0",0,0,0,1,0,0,0,0,0,0,0,0,0,0,0,0,"1",0,0,0,"0",0,0,0,0,"0",0,0,0,0,0,0,0,0,0,0,0,0,0,0,0,"0","0","1","0","0","0","0","0","0","0","0","0","0","0","0","0","0","0","0","0","0","0","0","0","1","0","0","0","1","1","0","0","0","0","0","0","0","0","0","0","0","0","0","0","0","0","0","0","0","0","0","1","0","0","0","0","0","0","0","0","0","0","0","0","0","0","0","0","0","0","0","0","0","0","0","0","0","0","0","0","0","0","0","0","0","0","0","0","0","0","0","0","1","202203","202204","2062"
"5468310","530010","70719903","06234792000145","3","1","00000000000000","","","","0005","","0","E","","","04","","01","36","03","","99","","","","","","","","ODO 0375 02","20220130","1","","","","","","0","0","1","0","0","0","1","0","0","0","0","0","0","0",0,0,0,"0",0,0,0,0,0,0,0,0,0,0,0,0,0,0,"0",0,0,0,0,0,0,0,0,1,0,0,0,0,0,0,0,"1",0,0,0,"0",0,0,0,0,"0",0,0,0,0,0,0,0,0,0,0,0,0,0,0,0,"0","0","1","0","0","0","0","0","1","0","0","0","0","0","0","0","0","0","0","0","0","0","0","0","1","1","0","0","1","1","0","0","0","0","0","0","0","0","0","0","0","0","0","0","0","0","0","0","0","0","0","1","0","0","0","1","0","0","0","0","0","0","0","0","0","0","0","0","0","0","0","0","0","0","0","0","0","0","0","0","0","0","0","0","0","0","0","0","0","0","0","0","1","202202","202204","2062"
"5478693","530010","72310007","05271461000112","3","1","00000000000000","","","","","","0","E","","","04","","03","36","03","","99","","","","","","","","LICENCA SANITARIA","20211025","1","","","","","","0","0","1","0","0","0","1","0","0","0","0","0","0","0",0,0,0,"0",0,0,0,0,0,0,0,0,0,0,0,0,0,0,"0",0,1,0,0,0,0,0,0,0,0,0,0,0,0,0,0,"1",0,0,0,"0",0,0,0,0,"0",0,0,0,0,0,0,0,0,0,0,0,0,0,0,0,"0","0","1","0","0","0","0","0","0","0","0","0","0","0","0","0","0","0","0","0","0","0","0","0","1","0","0","0","1","1","0","0","0","0","0","0","0","0","0","0","0","0","0","0","0","0","0","0","0","0","0","1","0","0","0","1","0","0","0","0","0","0","0","0","0","0","0","0","0","0","0","0","0","0","0","0","0","0","0","0","0","0","0","0","0","0","0","0","0","0","0","0","1","202111","202204","2062"
"5478715","530010","70390095","08744231000111","3","1","00000000000000","","","","0015","","0","E","","","04","","01","36","03","","99","","","","","","","","EAS.02764-01","20190628","1","","","","","","0","0","1","0","0","0","1","0","0","0","0","0","0","0",0,0,0,"0",0,0,0,0,0,0,0,0,0,0,0,0,0,0,"0",0,1,0,0,0,0,0,0,0,0,0,0,0,0,0,0,"1",0,0,0,"0",0,0,0,0,"0",0,0,0,0,0,0,0,0,0,0,0,0,0,0,0,"0","0","1","0","0","0","0","0","0","0","0","0","0","0","0","0","0","0","0","0","0","0","0","0","1","0","0","0","1","1","0","0","0","0","0","0","0","0","0","0","0","0","0","0","0","0","0","0","0","0","0","1","0","0","0","1","0","0","0","0","0","0","0","0","0","0","0","0","0","0","0","0","0","0","0","0","0","0","0","0","0","0","0","0","0","0","0","0","0","0","0","0","1","202005","202204","2062"
"5479878","530010","73025040","23097104002105","3","1","00000000000000","","","","0170","","1","E","","","04","","01","04","04","","99","001","34770","29378","","","","","EAS-01268-09","20210629","1","","","","","","0","0","1","0","1","0","1","0","0","0","0","0","0","0",0,0,0,"0",0,0,0,1,0,0,0,1,0,0,0,0,0,0,"1",0,1,0,1,0,0,0,1,0,0,0,0,0,0,0,0,"1",0,0,0,"0",0,0,0,0,"0",0,0,0,1,0,0,0,0,1,0,0,0,0,0,0,"0","0","1","0","1","0","0","0","0","1","1","0","0","0","0","0","0","1","0","1","0","1","0","1","1","1","1","0","1","1","0","0","0","0","0","0","0","0","0","0","0","0","0","0","0","0","0","0","0","0","1","1","0","0","1","1","0","0","0","0","0","0","0","0","0","0","0","0","0","0","0","0","0","0","0","0","0","0","0","0","0","0","0","0","0","0","0","0","0","0","0","0","1","202202","202204","2062"
"5483409","530010","71900100","08685236000110","3","1","00000000000000","","","","9901","","0","E","","","04","","03","04","01","","99","","","","","","","","RLE","20211101","1","","","","","","0","0","1","0","0","0","1","0","0","0","0","0","0","0",0,0,0,"0",0,0,0,0,0,0,0,0,0,0,0,0,0,0,"0",0,8,0,13,0,0,0,0,0,0,0,0,0,0,0,0,"1",0,0,0,"0",0,0,0,0,"0",0,0,0,0,0,0,0,0,0,0,0,0,0,0,0,"0","0","0","1","0","0","0","0","0","1","0","0","0","0","0","0","0","0","0","0","0","0","0","0","1","0","0","0","1","1","0","0","0","0","0","0","0","0","0","0","0","0","0","0","0","0","0","0","0","0","0","1","0","0","0","1","0","0","0","0","0","0","0","0","0","0","0","0","0","0","0","0","0","0","0","0","0","0","0","0","0","0","0","0","0","0","0","0","0","0","0","0","1","202201","202204","2062"
"5490804","530010","70670307","04026538000126","3","1","00000000000000","","","","9931","","0","E","","","04","","03","22","03","","99","","","","","","","","OD O00062-07/2021","20210716","1","","","","","","0","0","1","0","0","0","1","0","0","0","0","0","0","0",0,0,0,"0",0,0,0,0,0,0,0,0,0,0,0,0,0,0,"0",0,0,0,0,0,0,0,0,2,0,0,0,0,0,0,0,"1",0,0,0,"0",0,0,0,0,"0",0,0,0,0,0,0,0,0,0,0,0,0,0,0,0,"0","0","1","0","0","0","0","0","0","0","0","0","0","0","0","0","0","0","0","0","0","0","0","0","1","1","1","0","1","1","0","0","0","0","0","0","0","0","0","0","0","0","0","0","0","0","0","0","0","0","0","1","0","0","0","1","0","0","0","0","0","0","0","0","0","0","0","0","0","0","0","0","0","0","0","0","0","0","0","0","0","0","0","0","0","0","0","0","0","0","0","0","1","202111","202204","2232"
"5493013","530010","72010120","07451824000127","3","1","00000000000000","","","","0180","","0","E","","","04","","01","04","03","","99","","","","","","","","00003-14","20210519","1","","","","","","0","0","1","0","0","0","1","0","0","0","0","0","0","0",0,0,0,"0",0,0,0,0,0,0,0,0,0,0,0,0,0,0,"0",1,0,1,3,0,0,0,0,0,0,0,0,0,0,0,0,"1",0,0,0,"0",0,0,0,0,"0",0,0,0,0,0,0,0,0,0,0,0,0,0,0,0,"0","0","0","0","0","0","0","0","0","1","0","0","0","0","0","0","0","1","0","1","0","0","0","0","1","1","0","0","1","1","0","0","0","0","0","0","0","0","0","0","0","0","0","0","0","0","0","0","0","0","0","1","0","0","1","1","0","0","0","0","0","0","0","0","0","0","0","0","0","0","0","0","0","0","0","0","0","0","0","0","0","0","0","0","0","0","0","0","0","0","0","0","1","202106","202204","2062"
"5493110","530010","70770525","03634318000112","3","1","00000000000000","","","","","","0","E","","","04","","03","77","04","","99","","","","","","","","EAS-00329-02/2021","20210525","1","","","","","","0","0","0","0","0","0","0","0","0","0","0","1","0","1",0,0,0,"0",0,0,0,0,0,0,0,0,0,0,0,0,0,0,"0",0,0,0,0,0,0,0,0,0,0,0,0,0,0,0,0,"0",0,0,0,"0",0,0,0,0,"0",0,0,0,0,0,0,0,0,0,0,0,0,0,0,0,"0","0","1","0","0","0","1","0","0","0","0","0","0","0","0","0","0","0","0","0","1","0","0","0","1","0","1","0","1","1","0","0","0","0","0","0","0","0","0","0","0","0","0","0","1","0","0","0","1","0","0","0","0","0","0","0","0","0","0","0","0","0","0","0","0","0","0","0","0","0","0","0","0","0","0","0","0","0","0","0","0","0","0","0","0","0","0","0","0","0","0","0","1","202106","202204","2062"
"5499577","530010","70390900","08888214000158","3","1","00000000000000","","","","","","0","E","","","04","","03","04","06","","99","","","","","","","","LICENCA SANITARIA","20211028","1","","","","","","0","0","1","0","0","0","1","0","0","0","0","0","0","0",0,0,0,"0",0,0,0,0,0,0,0,0,0,0,0,0,0,0,"0",0,1,0,0,0,0,0,0,1,0,0,0,0,0,0,0,"1",0,0,0,"0",0,0,0,0,"0",0,0,0,0,0,0,0,0,0,0,0,0,0,0,0,"0","0","1","0","0","0","0","0","0","0","0","0","0","0","0","0","0","0","0","0","0","0","0","0","1","1","1","0","1","1","0","0","0","0","0","0","0","0","0","0","0","0","0","0","0","0","0","0","0","0","0","1","0","0","1","1","0","0","1","0","0","1","1","0","0","0","0","0","0","0","0","0","0","0","0","0","0","0","0","0","0","0","0","0","0","0","0","0","0","0","0","0","1","202111","202204","2062"
"5499593","530010","70390145","08680495000159","3","1","00000000000000","","","","0010","","0","E","","","04","","03","36","03","","99","","","","","","","","","","","","","","","","0","0","1","0","0","0","1","0","0","0","0","0","0","0",0,0,0,"0",0,0,0,0,0,0,0,0,0,0,0,0,0,0,"0",0,1,0,0,0,0,0,0,0,0,0,0,0,0,0,0,"1",0,0,0,"0",0,0,0,0,"0",0,0,0,0,0,0,0,0,0,0,0,0,0,0,0,"0","0","1","0","0","0","0","0","0","0","0","0","0","0","0","0","0","0","0","0","0","0","0","0","1","0","0","0","1","1","0","0","0","0","0","0","0","0","0","0","0","0","0","0","0","0","0","0","0","0","0","1","0","0","0","0","0","0","0","0","0","0","0","0","0","0","0","0","0","0","0","0","0","0","0","0","0","0","0","0","0","0","0","0","0","0","0","0","0","0","0","0","1","202009","202204","2062"
"5510686","530010","70775510","08454601000186","3","1","00000000000000","","","","","","0","E","","","04","","03","36","03","","99","","","","","","","","RLE","20210504","1","","","","","","0","0","1","0","0","0","1","0","0","0","0","0","0","0",0,0,0,"0",0,0,0,0,0,0,0,0,0,0,0,0,0,0,"0",1,0,0,0,0,0,0,0,0,0,0,0,0,0,0,0,"1",0,0,0,"0",0,0,0,0,"0",0,0,0,0,0,0,0,0,0,0,0,0,0,0,0,"0","0","1","0","0","0","0","0","0","0","0","0","0","0","0","0","0","0","0","0","0","0","0","0","1","0","0","0","1","1","0","0","0","0","0","0","0","0","0","0","0","0","0","0","0","0","0","0","0","0","0","1","0","0","0","0","0","0","0","0","0","0","0","0","0","0","0","0","0","0","0","0","0","0","0","0","0","0","0","0","0","0","0","0","0","0","0","0","0","0","0","0","1","202106","202204","2062"
"5517680","530010","70077900","00709014000189","3","1","00000000000000","","","","","","0","E","","","04","","03","36","03","","99","","","","","","","","2019105070","20190714","1","","","","","","0","0","1","0","0","0","1","0","0","0","0","0","0","0",0,0,0,"0",0,0,0,0,0,0,0,0,0,0,0,0,0,0,"0",0,0,0,0,0,0,0,0,1,0,0,0,0,0,0,0,"1",0,0,0,"0",0,0,0,0,"0",0,0,0,0,0,0,0,0,0,0,0,0,0,0,0,"0","0","1","0","0","0","0","0","1","0","0","0","0","0","0","0","0","0","0","0","0","0","0","0","1","0","1","0","1","1","0","0","0","0","0","0","0","0","0","0","0","0","0","0","0","0","0","0","0","0","0","1","0","0","0","0","0","0","0","0","0","0","0","0","0","0","0","0","0","0","0","0","0","0","0","0","0","0","0","0","0","0","0","0","0","0","0","0","0","0","0","0","1","202003","202204","2062"
"5517702","530010","70077900","00718528003892","3","1","00000000000000","","","","0010","","0","E","","","04","","03","39","03","","99","","","","","","","","LAB 0011-02","20210303","1","","","","","","0","0","1","0","0","0","1","0","0","0","0","0","0","0",0,0,0,"0",0,0,0,0,0,0,0,0,0,0,0,0,0,0,"0",0,0,0,0,0,0,0,0,0,0,0,0,0,0,0,0,"0",0,0,0,"0",0,0,0,0,"0",0,0,0,0,0,0,0,0,0,0,0,0,0,0,0,"0","0","1","0","0","0","0","0","0","0","0","0","0","0","0","0","0","0","0","0","0","0","0","0","1","1","0","0","1","1","0","0","0","0","0","0","0","0","0","0","0","0","0","0","0","0","0","0","0","0","0","0","0","0","0","0","0","0","1","0","0","1","1","0","0","0","0","0","0","0","0","0","0","0","0","0","0","0","0","0","0","0","0","0","0","0","0","0","0","0","0","0","1","202108","202204","2054"
"5526795","530010","70390908","07738570000122","3","1","00000000000000","","","","0015","","0","E","","","04","","03","04","03","","99","","","","","","","","EAS 2760/2020","20200203","1","","","","","","0","0","1","0","0","0","1","0","0","0","0","0","0","0",0,0,0,"0",0,0,0,0,0,0,0,0,0,0,0,0,0,0,"0",1,1,0,0,0,0,0,0,0,0,0,0,0,0,0,0,"1",0,0,0,"0",0,0,0,0,"0",0,0,0,0,0,0,0,0,0,0,0,0,0,0,0,"0","0","1","0","0","0","0","0","0","0","0","0","0","0","0","0","0","0","0","0","0","0","0","0","1","0","0","0","1","1","0","0","0","0","0","0","0","0","0","0","0","0","0","0","0","0","0","0","0","0","0","1","0","0","0","1","0","0","0","0","0","0","0","0","0","0","0","0","0","0","0","0","0","0","0","0","0","0","0","0","0","0","0","0","0","0","0","0","0","0","0","0","1","202003","202204","2062"
"5526833","530010","70770560","08587683000137","3","1","00000000000000","","","","0005","","0","E","","","04","","03","36","03","","99","","","","","","","","EAS 00677-02/2021","20210617","1","","","","","","0","0","1","0","0","0","1","0","0","0","0","0","0","0",0,0,0,"0",0,0,0,0,0,0,0,0,0,0,0,0,0,0,"0",0,2,0,0,0,0,0,0,0,0,0,0,0,0,0,0,"1",0,0,0,"0",0,0,0,0,"0",0,0,0,0,0,0,0,0,0,0,0,0,0,0,0,"0","0","1","0","0","0","0","0","0","0","0","0","0","0","0","0","0","0","0","0","0","0","0","0","1","1","0","0","1","1","0","0","0","0","0","0","0","0","0","0","0","0","0","0","0","0","0","0","0","0","0","1","0","0","0","1","0","0","0","0","0","0","0","0","0","0","0","0","0","0","0","0","0","0","0","0","0","0","0","0","0","0","0","0","0","0","0","0","0","0","0","0","1","202204","202204","2062"
"5549906","530010","70710100","08071127000103","3","1","00000000000000","","","","","","0","E","","","04","","03","04","03","","99","","","","","","","","EAS-00130-02","20200811","1","","","","","","0","0","1","0","0","0","1","0","0","0","0","0","0","0",0,0,0,"0",0,0,0,0,0,0,0,0,0,0,0,0,0,0,"0",0,3,0,0,0,0,0,0,0,0,0,0,0,0,0,0,"1",0,0,0,"0",0,0,0,0,"0",0,0,0,0,0,0,0,0,0,0,0,0,0,0,0,"0","0","0","0","0","0","0","0","0","0","0","0","0","0","0","0","0","0","0","0","0","1","0","0","1","1","0","0","1","1","0","0","0","0","0","0","0","0","0","0","0","0","0","0","0","0","0","0","0","0","0","1","0","0","0","0","0","0","0","0","0","0","0","0","0","0","0","0","0","0","0","0","0","0","0","0","0","0","0","0","0","0","0","0","0","0","0","0","0","0","0","0","1","202012","202204","2232"
"5554349","530010","73062700","00000000000000","3","3","00394700000108","","06","","0170","","1","E","","","04","","02","70","03","","99","","","","","","","","","","","","","","","","0","0","1","0","0","0","1","0","0","0","0","0","0","0",0,0,0,"0",0,0,0,0,0,0,0,0,0,0,0,0,0,0,"0",2,1,0,2,1,1,0,0,0,0,1,0,0,0,0,0,"1",0,0,0,"0",0,0,0,0,"0",0,0,0,0,0,1,1,0,0,0,0,0,0,0,0,"0","0","0","0","0","0","0","0","0","0","0","0","0","0","0","0","0","0","0","0","0","0","0","0","0","0","0","0","1","1","0","0","0","0","0","0","0","0","0","0","0","0","0","0","0","0","0","0","0","0","1","0","0","0","0","0","0","0","0","0","0","0","0","0","0","0","0","0","0","0","0","0","0","0","0","0","0","0","0","0","0","0","0","0","0","0","0","0","0","0","0","0","1","202204","202204","1023"
"5582199","530010","72215500","61486650021857","3","1","00000000000000","","","","","","0","E","","","04","","03","39","03","","99","","","","","","","","","","","","","","","","0","0","1","0","0","0","1","0","0","0","0","0","0","0",0,0,0,"0",0,0,0,0,0,0,0,0,0,0,0,0,0,0,"0",0,0,0,0,0,0,0,1,0,0,0,0,0,0,0,0,"1",0,0,0,"0",0,0,0,0,"0",0,0,0,0,0,0,0,0,1,0,0,0,0,0,0,"0","0","0","0","0","0","0","0","0","0","0","0","0","0","0","0","0","0","1","0","0","0","0","0","1","1","0","0","1","1","0","0","0","0","0","0","0","0","0","0","0","0","0","0","0","0","0","0","0","0","0","0","0","0","0","0","0","0","1","0","0","0","1","0","0","0","0","0","0","0","0","0","0","0","0","0","0","0","0","0","0","0","0","0","0","0","0","0","0","0","0","0","1","202010","202204","2046"
"5598575","530010","72405901","00000000000000","3","3","00394700000108","","03","","0060","","1","E","","","04","","01","04","03","","99","","","","","","","","","","","","","","","","0","0","1","0","0","0","1","0","0","0","0","0","0","0",0,0,0,"0",0,0,0,0,0,0,0,0,0,0,0,0,0,0,"0",0,20,4,2,0,0,0,0,0,0,2,0,0,0,0,0,"1",0,0,0,"0",0,0,0,0,"0",0,0,0,0,0,0,0,0,0,0,0,0,0,0,0,"0","0","0","0","0","0","0","0","1","0","1","0","0","0","0","0","0","0","1","0","0","0","0","0","1","0","0","0","1","1","0","0","0","0","0","0","1","0","0","0","0","0","1","0","0","0","0","0","0","0","1","0","0","0","0","0","0","0","0","0","0","0","0","0","0","0","0","0","0","0","0","0","0","0","0","0","0","0","0","0","0","0","0","0","0","1","0","0","0","0","0","0","1","202107","202204","1023"
"5601622","530010","70390095","07903626000157","3","1","00000000000000","","","","0015","","0","E","","","04","","03","04","03","","99","","","","","","","","EAS.20550-01","20210205","1","","","","","","0","0","1","0","0","0","1","0","0","0","0","0","0","0",0,0,0,"0",0,0,0,0,0,0,0,0,0,0,0,0,0,0,"0",0,3,0,0,0,0,0,0,0,0,2,0,0,0,0,0,"1",0,0,0,"0",0,0,0,0,"0",0,0,0,0,0,0,0,0,0,0,0,0,0,0,0,"0","0","1","0","0","0","0","0","0","1","0","0","0","0","0","0","0","0","0","0","0","0","0","0","1","1","0","0","1","1","0","0","0","0","0","0","0","0","0","0","0","0","0","0","0","0","0","0","0","0","0","1","0","0","0","1","0","0","0","0","0","0","0","0","0","0","0","0","0","0","0","0","0","0","0","0","0","0","0","0","0","0","0","0","0","0","0","0","0","0","0","0","1","202112","202204","2062"
"5611946","530010","70712000","08961178000100","3","1","00000000000000","","","","0010","","0","E","","","04","","03","22","03","","99","","","","","","","","503/2021","20210329","1","","","","","","0","0","1","0","0","0","1","0","0","0","0","0","0","0",0,0,0,"0",0,0,0,0,0,0,0,0,0,0,0,0,0,0,"0",0,0,0,0,0,0,0,0,2,0,0,0,0,0,0,0,"1",0,0,0,"0",0,0,0,0,"0",0,0,0,0,0,0,0,0,0,0,0,0,0,0,0,"0","0","1","0","0","0","0","0","0","0","0","0","0","0","0","0","0","0","0","0","0","0","0","0","1","0","0","0","1","1","0","0","0","0","0","0","0","0","0","0","0","0","0","0","0","0","0","0","0","0","0","1","0","0","0","1","0","0","0","0","0","0","0","0","0","0","0","0","0","0","0","0","0","0","0","0","0","0","0","0","0","0","0","0","0","0","0","0","0","0","0","0","1","202111","202204","2240"
"5611970","530010","70077000","08929334000156","3","1","00000000000000","","","","0005","","0","E","","","04","","01","36","03","","99","","","","","","","","","","","","","","","","0","0","1","0","0","0","1","0","0","0","0","0","0","0",0,0,0,"0",0,0,0,0,0,0,0,0,0,0,0,0,0,0,"0",0,0,0,0,0,0,0,0,1,0,0,0,0,0,0,0,"1",0,0,0,"0",0,0,0,0,"0",0,0,0,0,0,0,0,0,0,0,0,0,0,0,0,"0","0","1","0","0","0","0","0","0","0","0","0","0","0","0","0","0","0","0","0","0","0","0","0","1","0","0","0","1","1","0","0","0","0","0","0","0","0","0","0","0","0","0","0","0","0","0","0","0","0","0","1","0","0","0","0","0","0","0","0","0","0","0","0","0","0","0","0","0","0","0","0","0","0","0","0","0","0","0","0","0","0","0","0","0","0","0","0","0","0","0","0","1","202110","202204","2062"
"5617022","530010","70070120","07729326000101","3","1","00000000000000","","","","","","0","E","","","04","","01","04","03","","99","","","","","","","","53201326535","20220210","1","","","","","","0","0","1","0","0","0","1","0","0","0","0","0","0","0",0,0,0,"0",0,0,0,0,0,0,0,0,0,0,0,0,0,0,"0",0,0,0,3,0,0,0,0,0,0,0,0,0,0,0,0,"1",0,0,0,"0",0,0,0,0,"0",0,0,0,0,0,0,0,0,0,0,0,0,0,0,0,"0","0","1","0","0","0","0","0","0","0","1","0","0","0","0","0","0","0","0","0","0","0","0","0","1","0","0","0","1","1","0","0","0","0","0","0","0","0","0","0","0","0","0","0","0","0","0","0","0","0","0","1","0","0","0","1","0","0","0","0","0","0","0","0","0","0","0","0","0","0","0","0","0","0","0","0","0","0","0","0","0","0","0","0","0","0","0","0","0","0","0","0","1","202202","202204","2062"
"5617073","530010","70070110","00718528004279","3","1","00000000000000","","","","0010","","0","E","","","04","","03","39","03","","99","","","","","","","","LAB 0567901","20201008","1","","","","","","0","0","1","0","0","0","1","0","0","0","0","0","0","0",0,0,0,"0",0,0,0,0,0,0,0,0,0,0,0,0,0,0,"0",0,0,0,0,0,0,0,0,0,0,0,0,0,0,0,0,"0",0,0,0,"0",0,0,0,0,"0",0,0,0,0,0,0,0,0,0,0,0,0,0,0,0,"0","0","1","0","0","0","0","0","0","0","0","0","0","0","0","0","0","0","0","0","0","0","0","0","1","1","0","0","1","1","0","0","0","0","0","0","0","0","0","0","0","0","0","0","0","0","0","0","0","0","0","0","0","0","0","0","0","0","1","0","0","1","1","0","0","0","0","0","0","0","0","0","0","0","0","0","0","0","0","0","0","0","0","0","0","0","0","0","0","0","0","0","1","202112","202204","2054"
"5627400","530010","70390150","08961406000142","3","1","00000000000000","","","","0010","","0","E","","","04","","01","36","03","","99","","","","","","","","02906/2012","20210902","1","","","","","","0","0","1","0","0","0","1","0","0","0","0","0","0","0",0,0,0,"0",0,0,0,0,0,0,0,0,0,0,0,0,0,0,"0",0,0,0,4,0,0,0,0,0,0,0,0,0,0,0,0,"1",0,0,0,"0",0,0,0,0,"0",0,0,0,0,0,0,0,0,0,0,0,0,0,0,0,"0","0","0","1","0","0","0","0","0","0","0","0","0","0","0","0","0","0","0","0","0","0","0","0","1","0","0","0","1","1","0","0","0","0","0","0","0","0","0","0","0","0","0","0","0","0","0","0","0","0","0","1","0","0","0","0","0","0","0","0","0","0","0","0","0","0","0","0","0","0","0","0","0","0","0","0","0","0","0","0","0","0","0","0","0","0","0","0","0","0","0","0","1","202111","202204","2062"
"5653258","530010","73310317","09002930000159","3","1","00000000000000","","","","0120","","0","E","","","04","","03","04","03","","99","","","","","","","","EAS 00012-08","20200320","1","","","","","","0","0","1","0","0","0","1","0","0","0","0","0","0","0",0,0,0,"0",0,0,0,0,0,0,0,0,0,0,0,0,0,0,"0",0,5,0,0,0,0,0,0,0,0,0,0,0,0,0,0,"1",0,0,0,"0",0,0,0,0,"0",0,0,0,0,0,0,0,0,0,0,0,0,0,0,0,"0","0","1","0","0","0","0","0","0","0","0","0","0","0","0","0","0","0","0","0","0","0","0","0","1","1","0","0","1","1","0","0","0","0","0","0","0","0","0","0","0","0","0","0","0","0","0","0","0","0","0","1","0","0","0","1","0","0","0","0","0","0","0","0","0","0","0","0","0","0","0","0","0","0","0","0","0","0","0","0","0","0","0","0","0","0","0","0","0","0","0","0","1","202003","202204","2062"
"5669502","530010","72015525","09191538000103","3","1","00000000000000","","","","","","0","E","","","04","","01","36","03","","99","","","","","","","","ODO.00043-14","20211018","1","","","","","","0","0","0","0","0","0","0","0","0","0","0","0","0","0",0,0,0,"0",0,0,0,0,0,0,0,0,0,0,0,0,0,0,"0",0,0,0,0,0,0,0,0,3,0,0,0,0,0,0,0,"1",0,0,0,"0",0,0,0,0,"0",0,0,0,0,0,0,0,0,0,0,0,0,0,0,0,"0","0","1","0","0","0","0","0","0","0","0","0","0","0","0","0","0","0","0","0","0","0","0","0","1","1","0","0","1","1","0","0","0","0","0","0","0","0","0","0","0","0","0","0","0","0","0","0","0","0","0","1","0","0","0","1","0","0","0","0","0","0","0","0","0","0","0","0","0","0","0","0","0","0","0","0","0","0","0","0","0","0","0","0","0","0","0","0","0","0","0","0","1","202202","202204","2062"
"5669537","530010","70675760","37150521000135","3","1","00000000000000","","","","","","0","E","","","04","","03","22","03","","99","","","","","","","","RLE 20171501307570","20170913","1","","","","","","0","0","1","0","0","0","1","0","0","0","0","0","0","0",0,0,0,"0",0,0,0,0,0,0,0,0,0,0,0,0,0,0,"0",0,0,0,1,0,0,0,0,0,0,0,0,0,0,0,0,"1",0,0,0,"0",0,0,0,0,"0",0,0,0,0,0,0,0,0,0,0,0,0,0,0,0,"0","0","1","0","0","0","0","0","0","0","0","0","0","0","0","0","0","0","0","0","0","0","0","0","1","0","0","0","1","1","0","0","0","0","0","0","0","0","0","0","0","0","0","0","0","0","0","0","0","0","0","1","0","0","0","0","0","0","0","0","0","0","0","0","0","0","0","0","0","0","0","0","0","0","0","0","0","0","0","0","0","0","0","0","0","0","0","0","0","0","0","0","1","202106","202204","2305"
"5679990","530010","70077900","08909472000173","3","1","00000000000000","","","","","","0","E","","","04","","01","22","03","","99","","","","","","","","","","","","","","","","0","0","1","0","0","0","1","0","0","0","0","0","0","0",0,0,0,"0",0,0,0,0,0,0,0,0,0,0,0,0,0,0,"0",0,0,0,0,0,0,0,0,2,0,0,0,0,0,0,0,"1",0,0,0,"0",0,0,0,0,"0",0,0,0,0,0,0,0,0,0,0,0,0,0,0,0,"0","0","0","0","0","0","0","0","0","0","0","0","0","0","0","0","0","0","0","0","0","0","0","0","0","1","0","0","1","1","0","0","0","0","0","0","0","0","0","0","0","0","0","0","0","0","0","0","0","0","0","1","0","0","0","0","0","0","0","0","0","0","0","0","0","0","0","0","0","0","0","0","0","0","0","0","0","0","0","0","0","0","0","0","0","0","0","0","0","0","0","0","1","202106","202204","2062"
"5680727","530010","70830350","04997410000100","3","1","00000000000000","","","","","","0","E","","","04","","01","04","03","","99","","","","","","","","LICENCA SANITARIA","20190129","1","","","","","","0","0","1","0","0","0","1","0","0","0","0","0","0","0",0,0,0,"0",0,0,0,0,0,0,0,0,0,0,0,0,0,3,"1",0,3,0,1,0,0,0,0,0,0,0,0,0,0,3,0,"1",0,0,0,"0",0,0,0,0,"0",0,1,0,1,0,0,0,0,0,0,0,0,0,0,0,"0","0","1","0","0","0","0","0","0","0","0","0","0","0","0","0","0","0","0","0","0","0","0","0","1","0","0","0","1","1","0","0","0","0","0","0","0","0","0","0","0","0","0","0","0","0","0","0","0","0","0","1","0","0","0","1","0","0","0","0","0","0","0","0","0","0","0","0","0","0","0","0","0","0","0","0","0","0","0","0","0","0","0","0","0","0","0","0","0","0","0","0","1","201909","202204","2062"
"5680743","530010","70770100","08923158000145","3","1","00000000000000","","","","0005","","0","E","","","04","","03","36","03","","99","","","","","","","","ODO-0238-02","20201022","1","","","","","","0","0","1","0","0","0","1","0","0","0","0","0","0","0",0,0,0,"0",0,0,0,0,0,0,0,0,0,0,0,0,0,0,"0",0,0,0,0,0,0,0,0,2,0,0,0,0,0,0,0,"1",0,0,0,"0",0,0,0,0,"0",0,0,0,0,0,0,0,0,0,0,0,0,0,0,0,"0","0","1","0","0","0","0","0","0","0","0","0","0","0","0","0","0","0","0","0","0","0","0","0","1","1","1","0","1","1","0","0","0","0","0","0","0","0","0","0","0","0","0","0","0","0","0","0","0","0","0","1","0","0","0","1","0","0","0","0","0","0","0","0","0","0","0","0","0","0","0","0","0","0","0","0","0","0","0","0","0","0","0","0","0","0","0","0","0","0","0","0","1","202105","202204","2305"
"5685206","530010","72215178","09112957000102","3","1","00000000000000","","","","0040","","0","E","","","04","","03","22","03","","99","","","","","","","","LICENCA SANITARIA","20211202","1","","","","","","0","0","1","0","0","0","1","0","0","0","0","0","0","0",0,0,0,"0",0,0,0,0,0,0,0,0,0,0,0,0,0,0,"0",0,1,0,0,0,0,0,0,0,0,0,0,0,0,0,0,"1",0,0,0,"0",0,0,0,0,"0",0,0,0,0,0,0,0,0,0,0,0,0,0,0,0,"0","0","1","0","0","0","0","0","0","0","0","0","0","0","0","0","0","0","0","0","0","0","0","0","1","1","0","0","1","1","0","0","0","0","0","0","0","0","0","0","0","0","0","0","0","0","0","0","0","0","0","1","0","0","0","1","0","0","0","0","0","0","0","0","0","0","0","0","0","0","0","0","0","0","0","0","0","0","0","0","0","0","0","0","0","0","0","0","0","0","0","0","1","202203","202204","2062"
"5685230","530010","72225270","03288908001021","3","1","00000000000000","","","","0040","","0","E","","","04","","01","22","03","","99","","","","","","","","EAS.00431-16 2021","20210318","1","","","","","","0","0","1","0","0","0","1","0","0","0","0","0","0","0",0,0,0,"0",0,0,0,0,0,0,0,0,0,0,0,0,0,0,"0",2,0,0,0,0,0,0,0,2,0,0,0,0,0,0,0,"1",0,0,0,"0",0,0,0,0,"0",0,0,0,0,0,0,0,0,0,0,0,0,0,0,0,"0","0","1","0","0","0","0","0","1","0","0","0","0","0","0","0","0","0","0","0","0","0","0","0","1","1","0","0","1","1","0","0","0","0","0","0","0","0","0","0","0","0","0","0","0","0","0","0","0","0","0","1","0","0","0","0","0","0","0","0","0","0","0","0","0","0","0","0","0","0","0","0","0","0","0","0","0","0","0","0","0","0","0","0","0","0","0","0","0","0","0","0","1","202108","202204","3077"
"5687721","530010","70390100","08977432000169","3","1","00000000000000","","","","0010","","0","E","","","04","","01","22","03","","99","","","","","","","","RLE","20210722","1","","","","","","0","0","1","0","0","0","1","0","0","0","0","0","0","0",0,0,0,"0",0,0,0,0,0,0,0,0,0,0,0,0,0,0,"0",0,1,0,0,0,0,0,0,0,0,0,0,0,0,0,0,"1",0,0,0,"0",0,0,0,0,"0",0,0,0,0,0,0,0,0,0,0,0,0,0,0,0,"0","0","1","0","0","0","0","0","0","0","0","0","0","0","0","0","0","0","0","0","0","0","0","0","1","0","0","0","1","1","0","0","0","0","0","0","0","0","0","0","0","0","0","0","0","0","0","0","0","0","0","1","0","0","0","0","0","0","0","0","0","0","0","0","0","0","0","0","0","0","0","0","0","0","0","0","0","0","0","0","0","0","0","0","0","0","0","0","0","0","0","0","1","202111","202204","2240"
"5687756","530010","70390095","08911474000105","3","1","00000000000000","","","","0015","","0","E","","","04","","01","36","04","","99","","","","","","","","EAS-02794-01","20190710","1","","","","","","0","0","1","0","0","0","1","0","0","0","0","0","0","0",0,0,0,"0",0,0,0,0,0,0,0,0,0,0,0,0,0,0,"0",0,1,0,0,0,0,0,0,0,0,0,0,0,0,0,0,"1",0,0,0,"0",0,0,0,0,"0",0,0,0,0,0,0,0,0,0,0,0,0,0,0,0,"0","0","1","0","0","0","0","0","0","0","0","0","0","0","0","0","0","0","0","0","0","0","0","0","1","0","0","0","1","1","0","0","0","0","0","0","0","0","0","0","0","0","0","0","0","0","0","0","0","0","0","1","0","0","0","0","0","0","0","0","0","0","0","0","0","0","0","0","0","0","0","0","0","0","0","0","0","0","0","0","0","0","0","0","0","0","0","0","0","0","0","0","1","202005","202204","2062"
"5687799","530010","70741610","00517922000170","3","1","00000000000000","","","","","","0","E","","","04","","01","04","03","","99","001","34754","10995","","","","","RLE","20220324","1","","","","","","0","0","1","0","0","0","1","0","0","0","0","0","0","0",0,0,0,"0",0,0,0,0,0,0,0,0,0,0,0,0,0,0,"0",0,0,0,1,0,0,0,0,0,0,0,0,0,0,0,0,"1",0,0,0,"0",0,0,0,0,"0",0,0,0,0,0,0,0,0,0,0,0,0,0,0,0,"0","0","1","0","0","0","0","0","0","0","0","0","0","0","0","0","0","0","0","0","0","0","0","0","1","0","0","0","1","1","0","0","0","0","0","0","0","0","0","0","0","0","0","0","0","0","0","0","0","0","0","1","0","0","0","0","0","0","0","0","0","0","0","0","0","0","0","0","0","0","0","0","0","0","0","0","0","0","0","0","0","0","0","0","0","0","0","0","0","0","0","0","1","202203","202204","2062"
"5687845","530010","70077000","08983730000161","3","1","00000000000000","","","","0010","","0","E","","","04","","03","36","03","","99","","","","","","","","EAS.0121-02","20220120","1","","","","","","0","0","1","0","0","0","1","0","0","0","0","0","0","0",0,0,0,"0",0,0,0,0,0,0,0,0,0,0,0,0,0,0,"0",0,0,0,4,0,0,0,0,0,0,0,0,0,0,0,0,"1",0,0,0,"0",0,0,0,0,"0",0,0,0,0,0,0,0,0,0,0,0,0,0,0,0,"0","0","1","0","0","0","0","0","0","0","0","0","0","0","0","0","0","0","0","0","0","0","0","0","1","0","0","0","1","1","0","0","0","0","0","0","0","0","0","0","0","0","0","0","0","0","0","0","0","0","0","1","0","0","0","1","0","0","0","0","0","0","0","0","0","0","0","0","0","0","0","0","0","0","0","0","0","0","0","0","0","0","0","0","0","0","0","0","0","0","0","0","1","202204","202204","2062"
"5692873","530010","70390150","37115482000135","3","1","00000000000000","","","","","","0","E","","","04","","01","04","03","","99","","","","","","","","","","","","","","","","0","0","1","0","0","0","1","0","0","0","0","0","0","0",0,0,0,"0",0,0,0,0,0,0,0,0,0,0,0,0,0,0,"0",0,5,0,5,0,0,0,1,3,0,1,0,0,0,0,1,"1",0,0,1,"1",0,0,0,0,"0",0,0,0,0,0,0,0,0,0,0,0,0,0,0,0,"0","1","1","0","1","0","1","0","1","0","0","0","0","0","0","0","0","0","0","0","1","0","0","0","1","1","0","0","1","1","0","0","0","0","0","0","0","0","0","0","0","0","0","0","0","0","0","0","0","0","0","1","0","0","0","0","0","0","0","0","0","0","0","0","0","0","0","0","0","0","0","0","0","0","0","0","0","0","0","0","0","0","0","0","0","0","0","0","0","0","0","0","1","202204","202204","1023"
"5703042","530010","70340907","09047018000113","3","1","00000000000000","","","","","","0","E","","","04","","03","22","03","","99","","","","","","","","DFP2200208204","20220203","1","","","","","","0","0","1","0","0","0","1","0","0","0","0","0","0","0",0,0,0,"0",0,0,0,0,0,0,0,0,0,0,0,0,0,0,"0",0,1,0,0,0,0,0,0,0,0,0,0,0,0,0,0,"1",0,0,0,"0",0,0,0,0,"0",0,0,0,0,0,0,0,0,0,0,0,0,0,0,0,"0","0","1","0","0","0","0","0","0","0","0","0","0","0","0","0","0","0","0","0","0","0","0","0","1","0","0","0","1","1","0","0","0","0","0","0","0","0","0","0","0","0","0","0","0","0","0","0","0","0","0","1","0","0","1","1","0","0","0","0","0","0","0","0","0","0","0","0","0","0","0","0","0","0","0","0","0","0","0","0","0","0","0","0","0","0","0","0","0","0","0","0","1","202204","202204","2062"
"5704014","530010","70710146","09186129000100","3","1","00000000000000","","","","0005","","0","E","","","04","","01","36","03","","99","","","","","","","","ODO 00414-02","20220130","1","","","","","","0","0","1","0","0","0","1","0","0","0","0","0","0","0",0,0,0,"0",0,0,0,0,0,0,0,0,0,0,0,0,0,0,"0",0,0,0,0,0,0,0,0,2,0,0,0,0,0,0,0,"1",0,0,0,"0",0,0,0,0,"0",0,0,0,0,0,0,0,0,0,0,0,0,0,0,0,"0","0","1","0","0","0","0","0","1","0","0","0","0","0","0","0","0","0","0","0","0","0","0","0","1","1","0","0","1","1","0","0","0","0","0","0","0","0","0","0","0","0","0","0","0","0","0","0","0","0","0","1","0","0","0","1","0","0","0","0","0","0","0","0","0","0","0","0","0","0","0","0","0","0","0","0","0","0","0","0","0","0","0","0","0","0","0","0","0","0","0","0","1","202202","202204","2062"
"5707196","530010","73026650","08887636000109","3","1","00000000000000","","","","0170","","0","E","","","04","","01","04","04","","99","","","","","","","","EAS-0000409","20190711","1","","","","","","0","0","1","0","0","0","1","0","0","0","0","0","0","0",0,0,0,"0",0,0,0,0,0,0,0,0,0,0,0,0,0,0,"0",0,0,0,4,0,0,0,0,0,0,0,0,0,0,0,0,"1",0,0,0,"0",0,0,0,0,"0",0,0,0,0,0,0,0,0,0,0,0,0,0,0,0,"0","0","0","1","0","0","0","0","0","0","0","0","0","0","0","0","0","0","0","0","0","0","0","0","1","1","0","0","1","1","0","0","0","0","0","0","0","0","0","0","0","0","0","0","0","0","0","0","0","0","0","1","0","0","0","1","0","0","0","0","0","0","0","0","0","0","0","0","0","0","0","0","0","0","0","0","0","0","0","0","0","0","0","0","0","0","0","0","0","0","0","0","1","202003","202204","2062"
"5707323","530010","70390145","09212847000104","3","1","00000000000000","","","","","","0","E","","","04","","03","04","03","","99","","","","","","","","RLE","20211228","1","","","","","","0","0","1","0","0","0","1","0","0","0","0","0","0","0",0,0,0,"0",0,0,0,0,0,0,0,0,0,0,0,0,0,0,"0",0,0,0,21,0,0,0,0,0,0,0,0,0,0,0,0,"1",0,0,0,"0",0,0,0,0,"0",0,0,0,0,0,0,0,0,0,0,0,0,0,0,0,"0","0","1","0","0","0","0","0","0","0","0","0","0","0","0","0","0","0","0","0","0","0","0","0","1","0","0","0","1","1","0","0","0","0","0","0","0","0","0","0","0","0","0","0","0","0","0","0","0","0","0","1","0","0","0","1","0","0","0","0","0","0","0","0","0","0","0","0","0","0","0","0","0","0","0","0","0","0","0","0","0","0","0","0","0","0","0","0","0","0","0","0","1","202203","202204","2062"
"5712645","530010","72450150","05549037000197","3","1","00000000000000","","","","","","0","E","","","04","","01","22","03","","99","","","","","","","","ODO.00012-20","20190212","1","","","","","","0","0","1","0","0","0","1","0","0","0","0","0","0","0",0,0,0,"0",0,0,0,0,0,0,0,0,0,0,0,0,0,0,"0",0,6,0,0,0,0,0,0,0,0,0,0,0,0,0,0,"1",0,0,0,"0",0,0,0,0,"0",0,0,0,0,0,0,0,0,0,0,0,0,0,0,0,"0","0","1","0","0","0","0","0","0","0","0","0","0","0","0","0","0","0","0","0","0","0","0","0","1","1","1","0","1","1","0","0","0","0","0","0","0","0","0","0","0","0","0","0","0","0","0","0","0","0","0","1","0","0","0","1","0","0","0","0","0","0","0","0","0","0","0","0","0","0","0","0","0","0","0","0","0","0","0","0","0","0","0","0","0","0","0","0","0","0","0","0","1","201912","202204","2062"
"5717515","530010","72502100","28481233000920","3","1","00000000000000","","03","","0150","","1","E","","","04","","03","05","06","","99","070","0215","215009538-0","","","","","LICENCA SANITARIA","20201221","1","","","","","","1","0","1","0","1","0","1","0","0","1","0","1","0","1",102,149,106,"1",1,0,0,3,1,1,1,1,0,0,0,1,1,9,"1",11,0,0,3,0,0,0,0,1,1,2,0,1,1,3,0,"1",6,1,1,"1",2,8,1,5,"1",12,16,16,45,0,0,0,0,0,0,7,6,20,0,0,"1","1","1","0","1","0","1","0","1","0","1","0","1","0","1","0","1","0","1","0","1","0","1","0","1","0","0","0","1","1","1","1","0","1","0","1","1","0","1","0","0","0","1","1","0","0","0","0","0","0","1","0","0","0","0","0","0","1","0","0","0","0","0","0","1","0","0","0","0","0","0","0","0","0","0","0","0","0","1","0","0","0","0","0","0","1","0","0","0","0","0","0","1","202205","202204","3077"
"5722411","530010","70390900","09046516000141","3","1","00000000000000","","","","0010","","0","E","","","04","","01","22","03","","99","","","","","","","","EAS.02805-01","20190118","1","","","","","","0","0","1","0","0","0","1","0","0","0","0","0","0","0",0,0,0,"0",0,0,0,0,0,0,0,0,0,0,0,0,0,0,"0",0,1,0,0,0,0,0,0,0,0,0,0,0,0,0,0,"1",0,0,0,"0",0,0,0,0,"0",0,0,0,0,0,0,0,0,0,0,0,0,0,0,0,"0","0","1","0","0","0","0","0","0","0","0","0","0","0","0","0","0","0","0","0","0","0","0","0","1","1","0","0","1","1","0","0","0","0","0","0","0","0","0","0","0","0","0","0","0","0","0","0","0","0","0","1","0","0","0","1","0","0","0","0","0","0","0","0","0","0","0","0","0","0","0","0","0","0","0","0","0","0","0","0","0","0","0","0","0","0","0","0","0","0","0","0","1","201908","202204","2062"
"5735025","530010","70712903","09138610000120","3","1","00000000000000","","","","0005","","0","E","","","04","","03","22","03","","99","","","","","","","","ODO00484-02","20180823","1","","","","","","0","0","1","0","0","0","1","0","0","0","0","0","0","0",0,0,0,"0",0,0,0,0,0,0,0,0,0,0,0,0,0,0,"0",0,0,0,0,0,0,0,0,2,0,0,0,0,0,0,0,"1",0,0,0,"0",0,0,0,0,"0",0,0,0,0,0,0,0,0,0,0,0,0,0,0,0,"0","0","0","0","0","0","0","0","0","0","0","0","0","0","0","0","0","0","0","0","0","0","0","0","0","0","0","0","1","1","0","0","0","0","0","0","0","0","0","0","0","0","0","0","0","0","0","0","0","0","0","0","0","0","0","1","0","0","0","0","0","0","0","0","0","0","0","0","0","0","0","0","0","0","0","0","0","0","0","0","0","0","0","0","0","0","0","0","0","0","0","0","1","201908","202204","2062"
"5735084","530010","70390904","08892609000124","3","1","00000000000000","","","","","","0","E","","","04","","03","36","03","","99","","","","","","","","","","","","","","","","0","0","1","0","0","0","1","0","0","0","0","0","0","0",0,0,0,"0",0,0,0,0,0,0,0,0,0,0,0,0,0,0,"0",0,1,0,0,0,0,0,0,0,0,0,0,0,0,0,0,"1",0,0,0,"0",0,0,0,0,"0",0,0,0,0,0,0,0,0,0,0,0,0,0,0,0,"0","0","1","0","0","0","0","0","0","0","0","0","0","0","0","0","0","0","0","0","0","0","0","0","1","0","0","0","1","1","0","0","0","0","0","0","0","0","0","0","0","0","0","0","0","0","0","0","0","0","0","1","0","0","1","1","0","0","0","0","0","0","0","0","0","0","0","0","0","0","0","0","0","0","0","0","0","0","0","0","0","0","0","0","0","0","0","0","0","0","0","0","1","202107","202204","2062"
"5748836","530010","73026664","09060675000109","3","1","00000000000000","","","","0170","","0","E","","","04","","03","36","03","","99","","","","","","","","ODO.00066-09","20180704","1","","","","","","0","0","1","0","0","0","1","0","0","0","0","0","0","0",0,0,0,"0",0,0,0,0,0,0,0,0,0,0,0,0,0,0,"0",0,0,0,0,0,0,0,0,9,0,0,0,0,0,0,0,"1",0,0,0,"0",0,0,0,0,"0",0,0,0,0,0,0,0,0,0,0,0,0,0,0,0,"0","0","1","0","0","0","0","0","1","0","0","0","0","0","0","0","0","0","0","0","0","0","0","0","1","1","0","0","1","1","0","0","0","0","0","0","0","0","0","0","0","0","0","0","0","0","0","0","0","0","0","1","0","0","0","0","0","0","0","0","0","0","0","0","0","0","0","0","0","0","0","0","0","0","0","0","0","0","0","0","0","0","0","0","0","0","0","0","0","0","0","0","1","201907","202204","2062"
"5759218","530010","71060270","09288794000105","3","1","00000000000000","","","","0070","","0","E","","","04","","01","04","03","","99","","","","","","","","LICENCA DE FUNCIONAMENTO","20150527","1","","","","","","0","0","1","0","0","0","1","0","0","0","0","0","0","0",0,0,0,"0",0,0,0,0,0,0,0,0,0,0,0,0,0,0,"0",1,0,0,1,0,0,0,0,1,0,0,0,0,0,0,0,"1",0,0,0,"0",0,0,0,0,"0",0,0,0,0,0,0,0,0,0,0,0,0,0,0,0,"0","0","1","0","0","0","0","0","0","0","0","0","0","0","0","0","0","0","0","0","0","0","0","0","1","1","0","0","1","1","0","0","0","0","0","0","0","0","0","0","0","0","0","0","0","0","0","0","0","0","0","1","0","0","0","0","0","0","0","0","0","0","0","0","0","0","0","0","0","0","0","0","0","0","0","0","0","0","0","0","0","0","0","0","0","0","0","0","0","0","0","0","1","201907","202204","2062"
"5796415","530010","72115150","09339310000100","3","1","00000000000000","","","","0180","","0","E","","","04","","03","04","04","","99","001","10227","334995","","","","","EAS 00161-15","20181126","1","","","","","","0","0","1","0","0","0","1","0","0","0","0","0","0","0",0,0,0,"0",0,0,0,0,0,0,0,0,0,0,0,0,0,0,"0",0,0,0,5,0,0,0,0,0,0,0,0,0,0,0,0,"1",0,0,0,"0",0,0,0,0,"0",0,0,0,0,0,0,0,0,0,0,0,0,0,0,0,"0","0","1","0","0","0","0","0","0","0","0","0","0","0","0","0","0","0","0","0","0","0","0","0","1","0","0","0","1","1","0","0","0","0","0","0","0","0","0","0","0","0","0","0","0","0","0","0","0","0","0","0","0","0","0","1","0","0","0","0","0","0","0","0","0","0","0","0","0","0","0","0","0","0","0","0","0","0","0","0","0","0","0","0","0","0","0","0","0","0","0","0","1","202202","202204","2062"
"5796423","530010","72115610","09045786000138","3","1","00000000000000","","","","0180","","0","E","","","04","","03","05","04","","99","","","","","","","","AGEFIS CBMDF IBRAM SUSDEC","20180914","1","","","","","","0","0","1","0","0","0","1","0","0","1","0","1","0","1",0,3,0,"1",0,0,0,0,0,0,0,0,0,0,0,0,0,0,"0",4,4,0,5,0,0,0,0,0,0,0,0,0,0,0,0,"1",0,1,0,"1",0,0,0,0,"0",0,0,0,0,0,0,0,0,0,0,1,0,0,0,0,"0","1","1","0","0","0","0","0","0","0","0","0","0","0","0","0","0","1","0","1","0","0","0","0","1","0","0","0","1","1","0","0","0","0","0","0","0","0","0","0","0","0","0","0","0","0","0","0","0","0","0","1","0","0","0","1","0","0","1","0","0","0","1","0","0","0","0","0","0","0","0","0","0","0","0","0","0","0","0","0","0","0","0","0","0","0","0","0","0","0","0","0","1","201904","202204","2305"
"5796431","530010","72115700","00718528002900","3","1","00000000000000","","","","0180","","0","E","","","04","","03","39","03","","99","","","","","","","","LAB 00003-15","20210615","1","","","","","","0","0","1","0","0","0","1","0","0","0","0","0","0","0",0,0,0,"0",0,0,0,0,0,0,0,0,0,0,0,0,0,0,"0",0,0,0,0,0,0,0,0,0,0,0,0,0,0,0,0,"0",0,0,0,"0",0,0,0,0,"0",0,0,0,0,0,0,0,0,0,0,0,0,0,0,0,"0","0","1","0","0","0","0","0","0","0","0","0","0","0","0","0","0","0","0","0","0","0","0","0","1","1","0","0","1","1","0","0","0","0","0","0","0","0","0","0","0","0","0","0","0","0","0","0","0","0","0","0","0","0","0","0","0","0","1","0","0","1","1","0","0","0","0","0","0","0","0","0","0","0","0","0","0","0","0","0","0","0","0","0","0","0","0","0","0","0","0","0","1","202108","202204","2054"
"5814413","530010","72120470","07914380000119","3","1","00000000000000","","","","0180","","0","E","","","04","","03","04","03","","99","001","12319","00000000309680","","","","","EAS 000106-15/2021","20220112","1","","","","","","0","0","1","0","0","0","1","0","0","0","0","0","0","0",0,0,0,"0",0,0,0,0,0,0,0,0,0,0,0,0,0,0,"0",2,0,4,0,0,0,0,0,0,0,0,0,0,0,0,0,"1",0,0,0,"0",0,0,0,0,"0",0,0,0,0,0,0,0,0,0,0,0,0,0,0,0,"0","0","0","1","0","0","0","0","0","0","0","0","0","0","0","0","0","0","0","0","0","0","0","0","1","1","0","0","1","1","0","0","0","0","0","0","0","0","0","0","0","0","0","0","0","0","0","0","0","0","0","0","0","0","0","1","0","0","0","0","0","0","0","0","0","0","0","0","0","0","0","0","0","0","0","0","0","0","0","0","0","0","0","0","0","0","0","0","0","0","0","0","1","202203","202204","2062"
"5821819","530010","70390108","08670584000467","3","1","00000000000000","","","","","","0","E","","","04","","03","77","06","","99","","","","","","","","EAS.00290-14","20210609","2","","","","","","0","0","1","0","0","0","1","0","0","0","0","0","0","0",0,0,0,"0",0,0,0,0,0,0,0,0,0,0,0,0,0,0,"0",0,0,0,0,0,0,0,0,0,0,0,0,0,0,0,0,"0",0,0,0,"0",0,0,0,0,"0",0,0,0,0,0,0,0,0,0,0,0,0,0,0,0,"0","0","0","0","0","1","1","0","0","1","0","1","0","0","0","0","0","0","0","1","0","1","0","0","1","1","1","0","1","1","0","0","0","0","0","0","0","0","0","0","0","0","0","0","0","0","0","0","0","0","0","1","0","0","0","1","0","0","0","0","0","0","0","0","0","0","0","0","0","0","0","0","0","0","0","0","0","0","0","0","0","0","0","0","0","0","0","0","0","0","0","0","1","202201","202204","2062"
"5831628","530010","72215150","01431250000149","3","1","00000000000000","","","","0040","","1","E","","","04","","01","07","06","","99","84","0","00000-0","","","","","0733/2009","20090422","1","","","","","","0","0","0","0","0","0","0","0","0","1","0","0","0","1",0,0,0,"0",0,0,0,0,0,0,0,0,0,0,0,0,0,1,"1",0,3,0,4,0,0,0,0,0,0,0,0,0,0,0,0,"1",0,0,0,"0",0,0,0,0,"0",0,0,0,0,0,0,0,0,0,0,0,0,0,0,0,"0","0","1","0","1","0","1","0","1","0","1","0","0","0","0","0","0","1","0","0","1","0","0","0","1","1","0","0","1","1","0","0","0","0","0","0","0","0","0","0","0","0","0","1","1","0","0","0","0","0","0","1","0","0","0","0","0","0","0","0","0","0","0","0","0","0","0","0","0","0","0","0","0","0","0","0","0","0","0","0","0","0","0","0","0","0","0","0","0","0","0","0","1","202102","202204","2305"
"5835887","530010","72110540","08977402000152","3","1","00000000000000","","","","0180","","0","E","","","04","","03","36","03","","99","","","","","","","","ODO.00046-15","20210615","1","","","","","","0","0","1","0","0","0","1","0","0","0","0","0","0","0",0,0,0,"0",0,0,0,0,0,0,0,0,0,0,0,0,0,0,"0",0,0,0,0,0,0,0,0,2,0,0,0,0,0,0,0,"1",0,0,0,"0",0,0,0,0,"0",0,0,0,0,0,0,0,0,0,0,0,0,0,0,0,"0","0","1","0","0","0","0","0","1","0","0","0","0","0","0","0","0","0","0","0","0","0","0","0","1","1","0","0","1","1","0","0","0","0","0","0","0","0","0","0","0","0","0","0","0","0","0","0","0","0","0","1","0","0","0","1","0","0","0","0","0","0","0","0","0","0","0","0","0","0","0","0","0","0","0","0","0","0","0","0","0","0","0","0","0","0","0","0","0","0","0","0","1","202203","202204","2062"
"5849632","530010","70390095","08107725000195","3","1","00000000000000","","","","0010","","0","E","","","04","","03","36","03","","99","","","","","","","","EAS 0275101","20181001","1","","","","","","0","0","1","0","0","0","1","0","0","0","0","0","0","0",0,0,0,"0",0,0,0,0,0,0,0,0,0,0,0,0,0,0,"0",0,3,0,0,0,0,0,0,0,0,0,0,0,0,0,0,"1",0,0,0,"0",0,0,0,0,"0",0,0,0,0,0,0,0,0,0,0,0,0,0,0,0,"0","0","1","0","0","0","0","0","1","0","0","0","0","0","0","0","0","0","1","0","0","0","0","0","1","1","0","0","1","1","0","0","0","0","0","0","0","0","0","0","0","0","0","0","0","0","0","0","0","0","0","1","0","0","0","1","0","0","0","0","0","0","0","0","0","0","0","0","0","0","0","0","0","0","0","0","0","0","0","0","0","0","0","0","0","0","0","0","0","0","0","0","1","201905","202204","2062"
"5855241","530010","71938540","00718528002810","3","1","00000000000000","","","","9901","","0","E","","","04","","03","39","03","","99","","","","","","","","LAB 00003-22","20210312","1","","","","","","0","0","1","0","0","0","1","0","0","0","0","0","0","0",0,0,0,"0",0,0,0,0,0,0,0,0,0,0,0,0,0,0,"0",0,0,0,0,0,0,0,0,0,0,0,0,0,0,0,0,"0",0,0,0,"0",0,0,0,0,"0",0,0,0,0,0,0,0,0,0,0,0,0,0,0,0,"0","0","1","0","0","0","0","0","0","0","0","0","0","0","0","0","0","0","0","0","0","0","0","0","1","1","0","0","1","1","0","0","0","0","0","0","0","0","0","0","0","0","0","0","0","0","0","0","0","0","0","0","0","0","0","0","0","0","1","0","0","1","1","0","0","0","0","0","0","0","0","0","0","0","0","0","0","0","0","0","0","0","0","0","0","0","0","0","0","0","0","0","1","202110","202204","2054"
"5856051","530010","70390095","08409593000156","3","1","00000000000000","","","","","","0","E","","","04","","01","22","03","","99","","","","","","","","EAS.02772-01","20210828","1","","","","","","0","0","1","0","0","0","1","0","0","0","0","0","0","0",0,0,0,"0",0,0,0,0,0,0,0,0,0,0,0,0,0,0,"0",0,1,0,0,0,0,0,0,0,0,0,0,0,0,0,0,"1",0,0,0,"0",0,0,0,0,"0",0,0,0,0,0,0,0,0,0,0,0,0,0,0,0,"0","0","1","0","0","0","0","0","0","0","0","0","0","0","0","0","0","0","0","0","0","0","0","0","1","1","0","0","1","1","0","0","0","0","0","0","0","0","0","0","0","0","0","0","0","0","0","0","0","0","0","1","0","0","0","0","0","0","0","0","0","0","0","0","0","0","0","0","0","0","0","0","0","0","0","0","0","0","0","0","0","0","0","0","0","0","0","0","0","0","0","0","1","202110","202204","2062"
"5856086","530010","70390700","09437874000185","3","1","00000000000000","","","","","","0","E","","","04","","01","36","03","","99","","","","","","","","EAS.02826-01","20210304","1","","","","","","0","0","1","0","0","0","1","0","0","0","0","0","0","0",0,0,0,"0",0,0,0,0,0,0,0,0,0,0,0,0,0,0,"0",0,1,0,0,0,0,0,0,0,0,0,0,0,0,0,0,"1",0,0,0,"0",0,0,0,0,"0",0,0,0,0,0,0,0,0,0,0,0,0,0,0,0,"0","0","1","0","0","0","0","0","0","0","0","0","0","0","0","0","0","0","0","0","0","0","0","0","1","0","0","0","1","1","0","0","0","0","0","0","0","0","0","0","0","0","0","0","0","0","0","0","0","0","0","1","0","0","0","1","0","0","0","0","0","0","0","0","0","0","0","0","0","0","0","0","0","0","0","0","0","0","0","0","0","0","0","0","0","0","0","0","0","0","0","0","1","202106","202204","2062"
"5856108","530010","70340902","08963430000110","3","1","00000000000000","","","","0010","","0","E","","","04","","03","36","03","","99","","","","","","","","ODO.0155001","20190805","1","","","","","","0","0","1","0","0","0","1","0","0","0","0","0","0","0",0,0,0,"0",0,0,0,0,0,0,0,0,0,0,0,0,0,0,"0",0,0,0,0,0,0,0,0,3,0,0,0,0,0,0,0,"1",0,0,0,"0",0,0,0,0,"0",0,0,0,0,0,0,0,0,0,0,0,0,0,0,0,"0","0","1","0","0","0","0","0","1","0","0","0","0","0","0","0","0","0","0","0","0","0","0","0","1","1","0","0","1","1","0","0","0","0","0","0","0","0","0","0","0","0","0","0","0","0","0","0","0","0","0","1","0","0","0","1","0","0","0","0","0","0","0","0","0","0","0","0","0","0","0","0","0","0","0","0","0","0","0","0","0","0","0","0","0","0","0","0","0","0","0","0","1","202007","202204","2062"
"5858348","530010","71635580","09314688000159","3","1","00000000000000","","","","0090","","0","E","","","04","","03","36","03","","99","001","34789","1213792","","","","","EAS.094-03/2020","20201015","1","","","","","","1","0","1","0","0","0","1","0","0","0","0","0","0","0",0,0,0,"0",0,0,0,0,0,0,0,0,0,0,0,0,0,0,"0",0,4,0,0,0,0,0,0,0,0,0,0,0,0,0,1,"1",0,0,0,"0",0,0,0,0,"0",0,0,0,0,0,0,0,0,0,0,0,0,0,0,0,"0","0","1","0","0","0","0","0","0","0","0","0","0","0","0","0","0","0","0","0","0","0","0","0","1","1","0","0","1","1","0","0","0","0","0","0","0","0","0","0","0","0","0","0","0","0","0","0","0","0","0","1","0","0","1","1","0","0","1","0","0","1","1","0","0","0","0","0","0","0","0","0","0","0","0","0","0","0","0","0","0","0","0","0","0","0","0","0","0","0","0","0","1","202105","202204","2062"
"5858372","530010","71635168","00718528004350","3","1","00000000000000","","","","0090","","0","E","","","04","","03","39","03","","99","","","","","","","","LAB -00166-03/2020","20210518","1","","","","","","0","0","1","0","0","0","1","0","0","0","0","0","0","0",0,0,0,"0",0,0,0,0,0,0,0,0,0,0,0,0,0,0,"0",0,0,0,0,0,0,0,0,0,0,0,1,0,0,0,0,"1",0,0,0,"0",0,0,0,0,"0",0,0,0,0,0,0,0,0,0,0,0,0,0,0,0,"0","0","1","0","0","0","0","0","0","0","0","0","0","0","0","0","0","0","0","0","0","0","0","0","1","1","0","0","1","1","0","0","0","0","0","0","0","0","0","0","0","0","0","0","0","0","0","0","0","0","0","0","0","0","0","0","0","0","1","0","0","1","1","0","0","0","0","0","0","0","0","0","0","0","0","0","0","0","0","0","0","0","0","0","0","0","0","0","0","0","0","0","1","202107","202204","2054"
"5875595","530010","70673416","08922686000180","3","1","00000000000000","","","","","","0","E","","","04","","01","36","03","","99","","","","","","","","EAS.00007-07","20190225","1","","","","","","0","0","1","0","0","0","1","0","0","0","0","0","0","0",0,0,0,"0",0,0,0,0,0,0,0,0,0,0,0,0,0,0,"0",0,6,0,0,0,0,0,0,0,0,0,0,0,0,0,0,"1",0,0,0,"0",0,0,0,0,"0",0,0,0,0,0,0,0,0,0,0,0,0,0,0,0,"0","0","0","0","0","0","0","0","0","0","0","0","0","0","0","0","0","0","1","0","0","0","0","0","1","0","0","0","1","1","0","0","0","0","0","0","0","0","0","0","0","0","0","0","0","0","0","0","0","0","0","1","0","0","0","0","0","0","0","0","0","0","0","0","0","0","0","0","0","0","0","0","0","0","0","0","0","0","0","0","0","0","0","0","0","0","0","0","0","0","0","0","1","201905","202204","2062"
"5875617","530010","72110015","03628122000468","3","1","00000000000000","","","","0180","","0","E","","","04","","03","36","03","","99","","","","","","","","RAD 00015-15","20190927","1","","","","","","0","0","1","0","0","0","1","0","0","0","0","0","0","0",0,0,0,"0",0,0,0,0,0,0,0,0,0,0,0,0,0,0,"0",4,0,0,0,0,0,0,0,0,0,0,0,0,0,0,0,"1",0,0,0,"0",0,0,0,0,"0",0,0,0,0,0,0,0,0,0,0,0,0,0,0,0,"0","0","1","0","0","0","0","0","0","0","0","0","0","0","0","0","0","0","0","0","0","0","0","0","1","0","0","0","1","1","0","0","0","0","0","0","0","0","0","0","0","0","0","0","0","0","0","0","0","0","0","1","0","0","0","1","0","0","0","0","0","0","0","0","0","0","0","0","0","0","0","0","0","0","0","0","0","0","0","0","0","0","0","0","0","0","0","0","0","0","0","0","1","201910","202204","2062"
"5875803","530010","71680116","08972027000158","3","1","00000000000000","","","","","","0","E","","","04","","01","22","03","","99","","","","","","","","ODO 223-03/2021","20210727","2","","","","","","0","0","1","0","0","0","1","0","0","0","0","0","0","0",0,0,0,"0",0,0,0,0,0,0,0,0,0,0,0,0,0,0,"0",0,0,0,0,0,0,0,0,1,0,0,0,0,0,0,0,"1",0,0,0,"0",0,0,0,0,"0",0,0,0,0,0,0,0,0,0,0,0,0,0,0,0,"0","0","0","0","0","0","0","0","0","0","0","0","0","0","0","0","0","0","0","0","0","0","0","0","0","0","1","0","1","1","0","0","0","0","0","0","0","0","0","0","0","0","0","0","0","0","0","0","0","0","0","1","0","0","0","0","0","0","0","0","0","0","0","0","0","0","0","0","0","0","0","0","0","0","0","0","0","0","0","0","0","0","0","0","0","0","0","0","0","0","0","0","1","202202","202204","2062"
"5877261","530010","70077900","09135579000174","3","1","00000000000000","","","","0005","","0","E","","","04","","01","04","03","","99","","","","","","","","EAS-00442-02/2020","20201209","1","","","","","","0","0","1","0","0","0","1","0","0","0","0","0","0","0",0,0,0,"0",0,0,0,0,0,0,0,0,0,0,0,0,0,0,"0",0,5,0,5,0,0,0,0,0,0,0,0,0,0,0,0,"1",0,0,0,"0",0,0,0,0,"0",0,0,0,0,0,0,0,0,0,0,0,0,0,0,0,"0","0","1","0","0","0","0","0","0","0","0","0","0","0","0","0","0","0","0","0","0","0","0","0","1","1","0","0","1","1","0","0","0","0","0","0","0","0","0","0","0","0","0","0","0","0","0","0","0","0","0","1","0","0","0","1","0","0","0","0","0","0","0","0","0","0","0","0","0","0","0","0","0","0","0","0","0","0","0","0","0","0","0","0","0","0","0","0","0","0","0","0","1","202103","202204","2062"
"5877350","530010","70710200","04292236000108","3","1","00000000000000","","","","0010","","0","E","","","04","","03","36","03","","99","","","","","","","","ODO.0056-02","20180910","1","","","","","","0","0","1","0","0","0","1","0","0","0","0","0","0","0",0,0,0,"0",0,0,0,0,0,0,0,0,0,0,0,0,0,0,"0",0,0,0,0,0,0,0,0,1,0,0,0,0,0,0,0,"1",0,0,0,"0",0,0,0,0,"0",0,0,0,0,0,0,0,0,0,0,0,0,0,0,0,"0","0","1","0","0","0","0","0","0","0","0","0","0","0","0","0","0","0","0","0","0","0","0","0","1","1","0","0","1","1","0","0","0","0","0","0","0","0","0","0","0","0","0","0","0","0","0","0","0","0","0","1","0","0","0","1","0","0","0","0","0","0","0","0","0","0","0","0","0","0","0","0","0","0","0","0","0","0","0","0","0","0","0","0","0","0","0","0","0","0","0","0","1","201906","202204","2062"
"5877393","530010","72130603","07614793000188","3","1","00000000000000","","","","0180","","0","E","","","04","","03","22","03","","99","","","","","","","","20161400265707","20160712","1","","","","","","0","0","1","0","0","0","1","0","0","0","0","0","0","0",0,0,0,"0",0,0,0,0,0,0,0,0,0,0,0,0,0,0,"0",0,1,0,0,0,0,0,0,0,0,0,0,0,0,0,0,"1",0,0,0,"0",0,0,0,0,"0",0,0,0,0,0,0,0,0,0,0,0,0,0,0,0,"0","0","1","0","0","0","0","0","0","0","0","0","0","0","0","0","0","0","0","0","0","0","0","0","1","0","0","0","1","1","0","0","0","0","0","0","0","0","0","0","0","0","0","0","0","0","0","0","0","0","0","1","0","0","0","0","0","0","0","0","0","0","0","0","0","0","0","0","0","0","0","0","0","0","0","0","0","0","0","0","0","0","0","0","0","0","0","0","0","0","0","0","1","202007","202204","2062"
"5913225","530010","70390108","09351049000163","3","1","00000000000000","","","","0015","","0","E","","","04","","03","22","03","","99","","","","","","","","ODO.01570-01","20190529","1","","","","","","0","0","1","0","0","0","1","0","0","0","0","0","0","0",0,0,0,"0",0,0,0,0,0,0,0,0,0,0,0,0,0,0,"0",0,0,0,0,0,0,0,0,1,0,0,0,0,0,0,0,"1",0,0,0,"0",0,0,0,0,"0",0,0,0,0,0,0,0,0,0,0,0,0,0,0,0,"0","0","1","0","0","0","0","0","0","0","0","0","0","0","0","0","0","0","0","0","0","0","0","0","1","0","0","0","1","1","0","0","0","0","0","0","0","0","0","0","0","0","0","0","0","0","0","0","0","0","0","1","0","0","1","1","0","0","0","0","0","0","0","0","0","0","0","0","0","0","0","0","0","0","0","0","0","0","0","0","0","0","0","0","0","0","0","0","0","0","0","0","1","201908","202204","2305"
"5913233","530010","70719903","08933553000109","3","1","00000000000000","","","","","","0","E","","","04","","03","36","03","","99","","","","","","","","ODO 00357-02","20190812","1","","","","","","0","0","1","0","0","0","1","0","0","0","0","0","0","0",0,0,0,"0",0,0,0,0,0,0,0,0,0,0,0,0,0,0,"0",0,0,0,0,0,0,0,0,2,0,0,0,0,0,0,0,"1",0,0,0,"0",0,0,0,0,"0",0,0,0,0,0,0,0,0,0,0,0,0,0,0,0,"0","0","1","0","0","0","0","0","1","0","0","0","0","0","0","0","0","0","0","0","0","0","0","0","1","1","0","0","1","1","0","0","0","0","0","0","0","0","0","0","0","0","0","0","0","0","0","0","0","0","0","1","0","0","0","0","0","0","0","0","0","0","0","0","0","0","0","0","0","0","0","0","0","0","0","0","0","0","0","0","0","0","0","0","0","0","0","0","0","0","0","0","1","201912","202204","2240"
"5913470","530010","70200700","09363686000150","3","1","00000000000000","","","","","","0","E","","","04","","01","36","03","","99","","","","","","","","EAS.02831-01","20210927","1","","","","","","0","0","1","0","0","0","1","0","0","0","0","0","0","0",0,0,0,"0",0,0,0,0,0,0,0,0,0,0,0,0,0,0,"0",0,1,0,0,0,0,0,0,0,0,0,0,0,0,0,0,"1",0,0,0,"0",0,0,0,0,"0",0,0,0,0,0,0,0,0,0,0,0,0,0,0,0,"0","0","1","0","0","0","0","0","0","0","0","0","0","0","0","0","0","0","0","0","0","0","0","0","1","0","0","0","1","1","0","0","0","0","0","0","0","0","0","0","0","0","0","0","0","0","0","0","0","0","0","1","0","0","0","1","0","0","0","0","0","0","0","0","0","0","0","0","0","0","0","0","0","0","0","0","0","0","0","0","0","0","0","0","0","0","0","0","0","0","0","0","1","202204","202204","2062"
"5921449","530010","73031505","09519464000183","3","1","00000000000000","","","","0170","","0","E","","","04","","03","04","04","","99","001","12262","49884-X","","","","","EAS-0016-09","20200109","1","","","","","","0","0","1","0","0","0","1","0","0","0","0","0","0","0",0,0,0,"0",0,0,0,0,0,0,0,0,0,0,0,0,0,0,"0",4,10,0,2,0,0,0,2,0,2,3,0,0,0,1,0,"1",0,0,0,"0",0,0,0,0,"0",0,0,0,0,0,0,0,0,0,0,0,0,0,0,0,"0","0","0","0","0","0","0","0","1","0","0","0","0","0","0","0","0","0","0","0","0","1","0","0","1","1","0","0","1","1","0","0","0","0","0","0","0","0","0","0","0","0","0","0","0","0","0","0","0","0","0","1","0","0","1","1","0","0","1","0","0","1","1","0","0","0","0","0","0","0","0","0","0","0","0","0","0","0","0","0","0","0","0","0","0","0","0","0","0","0","0","0","1","202112","202204","2062"
"5921538","530010","72445010","09643369000197","3","1","00000000000000","","","","","","0","E","","","04","","03","36","03","","99","","","","","","","","53515030801","20211122","2","","","","","","0","0","1","0","0","0","1","0","0","0","0","0","0","0",0,0,0,"0",0,0,0,0,0,0,0,0,0,0,0,0,0,0,"0",0,2,0,0,0,0,0,0,0,0,0,0,0,0,0,0,"1",0,0,0,"0",0,0,0,0,"0",0,0,0,0,0,0,0,0,0,0,0,0,0,0,0,"0","0","1","0","0","0","0","0","0","0","0","0","0","0","0","0","0","0","0","1","0","0","0","0","1","0","0","0","1","1","0","0","0","0","0","0","0","0","0","0","0","0","0","0","0","0","0","0","0","0","0","1","0","0","0","1","0","0","0","0","0","0","0","0","0","0","0","0","0","0","0","0","0","0","0","0","0","0","0","0","0","0","0","0","0","0","0","0","0","0","0","0","1","202202","202204","2062"
"5923867","530010","72302566","00718528004430","3","1","00000000000000","","","","0140","","0","E","","","02","","03","39","03","","99","","","","","","","","LAB 0002-18","20211124","1","","","","","","0","0","1","0","0","0","1","0","0","0","0","0","0","0",0,0,0,"0",0,0,0,0,0,0,0,0,0,0,0,0,0,0,"0",0,0,0,0,0,0,0,0,0,0,0,0,0,0,0,0,"0",0,0,0,"0",0,0,0,0,"0",0,0,0,0,0,0,0,0,0,0,0,0,0,0,0,"0","0","1","0","0","0","0","0","0","0","0","0","0","0","0","0","0","0","0","0","0","0","0","0","1","1","0","0","1","1","0","0","0","0","0","0","0","0","0","0","0","0","0","0","0","0","0","0","0","0","0","0","0","0","0","0","0","0","1","0","0","1","1","0","0","0","0","0","0","0","0","0","0","0","0","0","0","0","0","0","0","0","0","0","0","0","0","0","0","0","0","0","1","202112","202204","2054"
"5923875","530010","72310106","09136388000127","3","1","00000000000000","","","","","","0","E","","","04","","01","36","03","","99","","","","","","","","EAS.00004-18","20190403","1","","","","","","0","0","1","0","0","0","1","0","0","0","0","0","0","0",0,0,0,"0",0,0,0,0,0,0,0,0,0,0,0,0,0,0,"0",0,0,0,1,0,0,0,0,0,0,0,0,0,0,0,0,"1",0,0,0,"0",0,0,0,0,"0",0,0,0,0,0,0,0,0,0,0,0,0,0,0,0,"0","0","1","0","0","0","0","0","0","0","0","0","0","0","0","0","0","0","0","0","0","0","0","0","1","0","0","0","1","1","0","0","0","0","0","0","0","0","0","0","0","0","0","0","0","0","0","0","0","0","0","1","0","0","0","1","0","0","0","0","0","0","0","0","0","0","0","0","0","0","0","0","0","0","0","0","0","0","0","0","0","0","0","0","0","0","0","0","0","0","0","0","1","201907","202204","2062"
"5925541","530010","70390100","09313066000106","3","1","00000000000000","","","","0015","","0","E","","","04","","01","22","03","","99","","","","","","","","J9Z8SQ","20210201","1","","","","","","0","0","1","0","0","0","1","0","0","0","0","0","0","0",0,0,0,"0",0,0,0,0,0,0,0,0,0,0,0,0,0,0,"0",0,0,0,1,0,0,0,0,0,0,0,0,0,0,0,0,"1",0,0,0,"0",0,0,0,0,"0",0,0,0,0,0,0,0,0,0,0,0,0,0,0,0,"0","0","1","0","0","0","0","0","0","0","0","0","0","0","0","0","0","0","0","0","0","0","0","0","1","0","0","0","1","1","0","0","0","0","0","0","0","0","0","0","0","0","0","0","0","0","0","0","0","0","0","1","0","0","0","0","0","0","0","0","0","0","0","0","0","0","0","0","0","0","0","0","0","0","0","0","0","0","0","0","0","0","0","0","0","0","0","0","0","0","0","0","1","202110","202204","2062"
"5927579","530010","71607900","00394429006737","3","1","00000000000000","","","","0090","","0","E","","","04","","03","05","06","","99","","","","","","","","ISENTO","20080618","1","","","","","","0","0","1","0","0","0","1","0","0","1","0","1","0","1",0,20,6,"1",0,0,0,0,1,0,0,1,0,1,1,1,0,5,"1",20,35,0,0,0,0,0,0,1,1,0,1,0,1,0,1,"1",3,1,1,"1",0,0,0,0,"0",2,1,1,6,0,0,0,0,0,0,4,0,0,0,0,"0","1","1","0","1","0","1","0","1","0","1","0","0","0","0","0","1","0","0","0","1","0","1","0","1","1","0","0","1","1","1","1","1","1","0","1","1","0","1","0","0","0","1","0","0","0","0","1","0","0","0","0","0","0","1","0","0","0","0","0","0","1","0","0","0","0","0","0","1","0","0","0","0","0","0","0","0","0","0","0","0","0","0","0","0","0","0","0","0","0","0","0","1","202108","202204","1015"
"5935059","530010","70390100","02498355000188","3","1","00000000000000","","","","","","0","E","","","04","","03","36","03","","99","","","","","","","","EAS 0271601","20200103","1","","","","","","0","0","1","0","0","0","1","0","0","0","0","0","0","0",0,0,0,"0",0,0,0,0,0,0,0,0,0,0,0,0,0,0,"0",0,2,0,0,0,0,0,0,0,0,0,0,0,0,0,0,"1",0,0,0,"0",0,0,0,0,"0",0,0,0,0,0,0,0,0,0,0,0,0,0,0,0,"0","0","1","0","0","0","0","0","0","0","0","0","0","0","0","0","0","0","0","0","0","0","0","0","1","1","0","0","1","1","0","0","0","0","0","0","0","0","0","0","0","0","0","0","0","0","0","0","0","0","0","1","0","0","0","1","0","0","0","0","0","0","0","0","0","0","0","0","0","0","0","0","0","0","0","0","0","0","0","0","0","0","0","0","0","0","0","0","0","0","0","0","1","202009","202204","2062"
"5935067","530010","70390145","03419044000149","3","1","00000000000000","","","","","","0","E","","","04","","01","22","03","","99","","","","","","","","DISP. DE LICENCIAMENTO","20210721","1","","","","","","0","0","1","0","0","0","1","0","0","0","0","0","0","0",0,0,0,"0",0,0,0,0,0,0,0,0,0,0,0,0,0,0,"0",0,0,0,1,0,0,0,0,0,0,0,0,0,0,0,0,"1",0,0,0,"0",0,0,0,0,"0",0,0,0,0,0,0,0,0,0,0,0,0,0,0,0,"0","0","0","0","0","0","0","0","0","0","0","0","0","0","0","0","0","0","0","0","0","0","0","0","0","0","0","0","1","1","0","0","0","0","0","0","0","0","0","0","0","0","0","0","0","0","0","0","0","0","0","1","0","0","0","0","0","0","0","0","0","0","0","0","0","0","0","0","0","0","0","0","0","0","0","0","0","0","0","0","0","0","0","0","0","0","0","0","0","0","0","0","1","202203","202204","2062"
"5935091","530010","70390150","09521127000120","3","1","00000000000000","","","","0010","","0","E","","","04","","01","36","03","","99","","","","","","","","EAS.30131","20180508","1","","","","","","0","0","1","0","0","0","1","0","0","0","0","0","0","0",0,0,0,"0",0,0,0,0,0,0,0,0,0,0,0,0,0,0,"0",0,1,0,0,0,0,0,0,0,0,0,0,0,0,0,0,"1",0,0,0,"0",0,0,0,0,"0",0,0,0,0,0,0,0,0,0,0,0,0,0,0,0,"0","0","1","0","0","0","0","0","0","0","0","0","0","0","0","0","0","0","0","0","0","0","0","0","1","0","0","0","1","1","0","0","0","0","0","0","0","0","0","0","0","0","0","0","0","0","0","0","0","0","0","1","0","0","0","1","0","0","1","0","0","0","1","0","0","0","0","0","0","0","0","0","0","0","0","0","0","0","0","0","0","0","0","0","0","0","0","0","0","0","0","0","1","201908","202204","2062"
"5936764","530010","72210184","08927871000167","3","1","00000000000000","","","","0040","","0","E","","","04","","03","36","03","","99","","","","","","","","EAS.00221-16","20190923","1","","","","","","0","0","1","0","0","0","1","0","0","0","0","0","0","0",0,0,0,"0",0,0,0,0,0,0,0,0,0,0,0,0,0,0,"0",0,3,0,0,0,0,0,0,0,0,0,0,0,0,0,0,"1",0,0,0,"0",0,0,0,0,"0",0,0,0,0,0,0,0,0,0,0,0,0,0,0,0,"0","0","1","0","0","0","0","0","0","0","0","0","0","0","0","0","0","0","0","0","0","0","0","0","1","0","0","0","1","1","0","0","0","0","0","0","0","0","0","0","0","0","0","0","0","0","0","0","0","0","0","1","0","0","0","1","0","0","0","0","0","0","0","0","0","0","0","0","0","0","0","0","0","0","0","0","0","0","0","0","0","0","0","0","0","0","0","0","0","0","0","0","1","202003","202204","2062"
"5936829","530010","71955100","09276746000105","3","1","00000000000000","","","","0180","","0","E","","","04","","03","36","03","","99","","","","","","","","EAS-00051-14","20210728","1","","","","","","0","0","1","0","0","0","1","0","0","0","0","0","0","0",0,0,0,"0",0,0,0,0,0,0,0,0,0,0,0,0,0,0,"0",0,3,0,0,0,0,0,0,0,0,0,0,0,0,0,0,"1",0,0,0,"0",0,0,0,0,"0",0,0,0,0,0,0,0,0,0,0,0,0,0,0,0,"0","0","1","0","0","0","0","0","1","0","0","0","0","0","0","0","0","0","0","0","0","0","0","0","1","0","0","0","1","1","0","0","0","0","0","0","0","0","0","0","0","0","0","0","0","0","0","0","0","0","0","1","0","0","0","1","0","0","0","0","0","0","0","0","0","0","0","0","0","0","0","0","0","0","0","0","0","0","0","0","0","0","0","0","0","0","0","0","0","0","0","0","1","202108","202204","2062"
"5962285","530010","70307902","06083108000171","3","1","00000000000000","","","","0010","","0","E","","","04","","03","36","03","","99","","","","","","","","ODO.01362-01","20190510","1","","","","","","0","0","1","0","0","0","1","0","0","0","0","0","0","0",0,0,0,"0",0,0,0,0,0,0,0,0,0,0,0,0,0,0,"0",0,0,0,0,0,0,0,0,5,0,0,0,0,0,0,0,"1",0,0,0,"0",0,0,0,0,"0",0,0,0,0,0,0,0,0,0,0,0,0,0,0,0,"0","0","1","0","0","0","0","0","1","0","0","0","0","0","0","0","0","0","0","0","0","0","0","0","1","1","0","0","1","1","0","0","0","0","0","0","0","0","0","0","0","0","0","0","0","0","0","0","0","0","0","1","0","0","0","1","0","0","0","0","0","0","0","0","0","0","0","0","0","0","0","0","0","0","0","0","0","0","0","0","0","0","0","0","0","0","0","0","0","0","0","0","1","202002","202204","2062"
"5962293","530010","70390155","09432656000158","3","1","00000000000000","","","","0015","","0","E","","","04","","03","36","04","","99","","","","","","","","532014599314","20200207","1","","","","","","0","0","1","0","0","0","1","0","0","0","0","0","0","0",0,0,0,"0",0,0,0,0,0,0,0,0,0,0,0,0,0,0,"0",0,0,0,7,0,0,0,0,0,0,0,0,0,0,0,0,"1",0,0,0,"0",0,0,0,0,"0",0,0,0,0,0,0,0,0,0,0,0,0,0,0,0,"0","0","0","1","0","0","0","0","0","0","0","0","0","0","0","0","0","0","0","0","0","0","0","0","1","0","0","0","1","1","0","0","0","0","0","0","0","0","0","0","0","0","0","0","0","0","0","0","0","0","0","1","0","0","0","1","0","0","0","0","0","0","0","0","0","0","0","0","0","0","0","0","0","0","0","0","0","0","0","0","0","0","0","0","0","0","0","0","0","0","0","0","1","202002","202204","2062"
"5962315","530010","70077900","05048150000199","3","1","00000000000000","","","","","","0","E","","","04","","01","36","03","","99","","","","","","","","01202/2016","20160906","1","","","","","","0","0","1","0","0","0","1","0","0","0","0","0","0","0",0,0,0,"0",0,0,0,0,0,0,0,0,0,0,0,0,0,0,"0",0,0,0,0,0,0,0,0,1,0,0,0,0,0,0,0,"1",0,0,0,"0",0,0,0,0,"0",0,0,0,0,0,0,0,0,0,0,0,0,0,0,0,"0","0","0","1","0","0","0","0","0","0","0","0","0","0","0","0","0","0","0","0","0","0","0","0","1","0","0","0","1","1","0","0","0","0","0","0","0","0","0","0","0","0","0","0","0","0","0","0","0","0","0","1","0","0","0","0","0","0","0","0","0","0","0","0","0","0","0","0","0","0","0","0","0","0","0","0","0","0","0","0","0","0","0","0","0","0","0","0","0","0","0","0","1","201911","202204","2305"
"5966450","530010","72015010","05313098000231","3","1","00000000000000","","","","0180","","0","E","","","04","","03","36","03","","99","","","","","","","","ODO.00045-14","20201119","1","","","","","","0","0","1","0","0","0","1","0","0","0","0","0","0","0",0,0,0,"0",0,0,0,0,0,0,0,0,0,0,0,0,0,0,"0",0,0,0,0,0,0,0,0,3,0,0,0,0,0,0,0,"1",0,0,0,"0",0,0,0,0,"0",0,0,0,0,0,0,0,0,0,0,0,0,0,0,0,"0","0","1","0","0","0","0","0","1","0","0","0","0","0","0","0","0","0","0","0","0","0","0","0","1","1","0","0","1","1","0","0","0","0","0","0","0","0","0","0","0","0","0","0","0","0","0","0","0","0","0","1","0","0","0","1","0","0","0","0","0","0","0","0","0","0","0","0","0","0","0","0","0","0","0","0","0","0","0","0","0","0","0","0","0","0","0","0","0","0","0","0","1","202010","202204","2062"
"5971195","530010","70842520","09813856000150","3","1","00000000000000","","","","","","0","E","","","04","","01","22","02","","99","","","","","","","","5320148356-8","20220102","1","","","","","","0","0","1","0","0","0","1","0","0","0","0","0","0","0",0,0,0,"0",0,0,0,0,0,0,0,0,0,0,0,0,0,0,"0",0,0,0,0,0,0,0,0,1,0,0,0,0,0,0,0,"1",0,0,0,"0",0,0,0,0,"0",0,0,0,0,0,0,0,0,0,0,0,0,0,0,0,"0","0","0","0","0","0","0","0","0","0","0","0","0","0","0","0","0","0","0","0","0","0","0","0","0","1","0","0","1","1","0","0","0","0","0","0","0","0","0","0","0","0","0","0","0","0","0","0","0","0","0","1","0","0","0","0","0","0","0","0","0","0","0","0","0","0","0","0","0","0","0","0","0","0","0","0","0","0","0","0","0","0","0","0","0","0","0","0","0","0","0","0","1","202203","202204","2062"
"5975409","530010","70390095","09487685000117","3","1","00000000000000","","","","0010","","0","E","","","04","","03","22","03","","99","","","","","","","","EAS.02836-01","20180228","1","","","","","","0","0","1","0","0","0","1","0","0","0","0","0","0","0",0,0,0,"0",0,0,0,0,0,0,0,0,0,0,0,0,0,0,"0",0,1,0,0,0,0,0,0,0,0,0,0,0,0,0,0,"1",0,0,0,"0",0,0,0,0,"0",0,0,0,0,0,0,0,0,0,0,0,0,0,0,0,"0","0","1","0","0","0","0","0","0","0","0","0","0","0","0","0","0","0","0","0","0","0","0","0","1","0","0","0","1","1","0","0","0","0","0","0","0","0","0","0","0","0","0","0","0","0","0","0","0","0","0","1","0","0","0","0","0","0","0","0","0","0","0","0","0","0","0","0","0","0","0","0","0","0","0","0","0","0","0","0","0","0","0","0","0","0","0","0","0","0","0","0","1","201908","202204","2062"
"5975468","530010","70340000","05078743000106","3","1","00000000000000","","","","","","0","E","","","04","","03","04","04","","99","","","","","","","","","","","","","","","","0","0","1","0","0","0","1","0","0","0","0","0","0","0",0,0,0,"0",0,0,0,0,0,0,0,0,0,0,0,0,0,0,"0",1,0,0,0,0,0,0,0,0,0,0,0,0,0,0,0,"1",0,0,0,"0",0,0,0,0,"0",0,0,0,0,0,0,0,0,0,0,0,0,0,0,0,"0","0","1","0","0","0","0","0","0","0","0","0","0","0","0","0","0","0","0","0","0","0","0","0","1","0","0","0","1","1","0","0","0","0","0","0","0","0","0","0","0","0","0","0","0","0","0","0","0","0","0","1","0","0","0","0","0","0","0","0","0","0","0","0","0","0","0","0","0","0","0","0","0","0","0","0","0","0","0","0","0","0","0","0","0","0","0","0","0","0","0","0","1","202001","202204","2062"
"5981395","530010","72110030","09446425000101","3","1","00000000000000","","","","","","0","E","","","04","","01","04","03","","99","001","12351","1254448","","","","","53201460843","20191008","1","","","","","","0","0","1","0","0","0","1","0","0","0","0","0","0","0",0,0,0,"0",0,0,0,0,0,0,0,0,0,0,0,0,0,0,"0",0,0,0,19,0,0,0,0,0,0,0,0,0,0,0,0,"1",0,0,0,"0",0,0,0,0,"0",0,0,0,0,0,0,0,0,0,0,0,0,0,0,0,"0","0","1","0","0","0","0","0","0","0","0","0","0","0","0","0","0","0","0","0","0","0","0","0","1","0","0","0","1","1","0","0","0","0","0","0","0","0","0","0","0","0","0","0","0","0","0","0","0","0","0","1","0","0","1","1","0","0","0","0","0","0","0","0","0","0","0","0","0","0","0","0","0","0","0","0","0","0","0","0","0","0","0","0","0","0","0","0","0","0","0","0","1","202109","202204","2062"
"5985803","530010","70390700","10176039000118","3","1","00000000000000","","","","","","0","E","","","04","","03","36","03","","99","","","","","","","","946","20200529","1","","","","","","0","0","1","0","0","0","1","0","0","0","0","0","0","0",0,0,0,"0",0,0,0,0,0,0,0,0,0,0,0,0,0,0,"0",0,1,0,0,0,0,0,0,0,0,0,0,0,0,0,0,"1",0,0,0,"0",0,0,0,0,"0",0,0,0,0,0,0,0,0,0,0,0,0,0,0,0,"0","0","1","0","0","0","0","0","0","0","0","0","0","0","0","0","0","0","0","0","0","0","0","0","1","0","0","0","1","1","0","0","0","0","0","0","0","0","0","0","0","0","0","0","0","0","0","0","0","0","0","1","0","0","0","1","0","0","0","0","0","0","0","0","0","0","0","0","0","0","0","0","0","0","0","0","0","0","0","0","0","0","0","0","0","0","0","0","0","0","0","0","1","202104","202204","2062"
"5985854","530010","70390700","09666016000102","3","1","00000000000000","","","","0010","","0","E","","","04","","01","36","03","","99","","","","","","","","EAS. 02841.01","20210318","1","","","","","","0","0","1","0","0","0","1","0","0","0","0","0","0","0",0,0,0,"0",0,0,0,0,0,0,0,0,0,0,0,0,0,0,"0",0,1,0,0,0,0,0,0,0,0,0,0,0,0,0,0,"1",0,0,0,"0",0,0,0,0,"0",0,0,0,0,0,0,0,0,0,0,0,0,0,0,0,"0","0","1","0","0","0","0","0","0","0","0","0","0","0","0","0","0","0","0","0","0","0","0","0","1","0","0","0","1","1","0","0","0","0","0","0","0","0","0","0","0","0","0","0","0","0","0","0","0","0","0","1","0","0","0","0","0","0","0","0","0","0","0","0","0","0","0","0","0","0","0","0","0","0","0","0","0","0","0","0","0","0","0","0","0","0","0","0","0","0","0","0","1","202201","202204","2062"
"5993652","530010","70701060","07230712000146","3","1","00000000000000","","","","","","0","E","","","04","","01","04","03","","99","","","","","","","","EAS 00349-02","20200910","1","","","","","","0","0","1","0","0","0","1","0","0","0","0","0","0","0",0,0,0,"0",0,0,0,0,0,0,0,0,0,0,0,0,0,0,"0",0,3,0,0,0,0,0,0,0,0,0,0,0,0,1,2,"1",0,0,0,"0",0,0,0,0,"0",0,0,0,0,0,0,0,0,0,0,0,0,0,0,0,"0","0","0","1","0","0","0","0","0","0","0","0","0","0","0","0","0","0","0","0","0","0","0","0","1","1","0","0","1","1","0","0","0","0","0","0","0","0","0","0","0","0","0","0","0","0","0","0","0","0","0","1","0","0","0","1","0","0","1","0","0","0","1","0","0","0","0","0","0","0","0","0","0","0","0","0","0","0","0","0","0","0","0","0","0","0","0","0","0","0","0","0","1","202012","202204","2240"
"5993660","530010","70834090","08753734000153","3","1","00000000000000","","","","","","0","E","","","04","","03","22","01","","99","","","","","","","","EAS-1153","20190820","1","","","","","","0","0","1","0","0","0","1","0","0","0","0","0","0","0",0,0,0,"0",0,0,0,0,0,0,0,0,0,0,0,0,0,0,"0",1,0,0,0,0,0,0,0,1,0,0,0,0,0,0,0,"1",0,0,0,"0",0,0,0,0,"0",0,0,0,0,0,0,0,0,0,0,0,0,0,0,0,"0","0","1","0","0","0","0","0","0","0","0","0","0","0","0","0","0","0","0","0","0","0","0","0","1","1","0","0","1","1","0","0","0","0","0","0","0","0","0","0","0","0","0","0","0","0","0","0","0","0","0","1","0","0","0","1","0","0","0","0","0","0","0","0","0","0","0","0","0","0","0","0","0","0","0","0","0","0","0","0","0","0","0","0","0","0","0","0","0","0","0","0","1","201910","202204","2240"
"5993687","530010","70390150","08329550000160","3","1","00000000000000","","","","","","0","E","","","04","","03","36","03","","99","","","","","","","","20215002141","20210510","1","","","","","","0","0","1","0","0","0","1","0","0","0","0","0","0","0",0,0,0,"0",0,0,0,0,0,0,0,0,0,0,0,0,0,0,"0",0,1,0,0,0,0,0,0,0,0,0,0,0,0,0,0,"1",0,0,0,"0",0,0,0,0,"0",0,0,0,0,0,0,0,0,0,0,0,0,0,0,0,"0","0","1","0","0","0","0","0","0","0","0","0","0","0","0","0","0","0","0","0","0","0","0","0","1","0","0","0","1","1","0","0","0","0","0","0","0","0","0","0","0","0","0","0","0","0","0","0","0","0","0","1","0","0","0","0","0","0","0","0","0","0","0","0","0","0","0","0","0","0","0","0","0","0","0","0","0","0","0","0","0","0","0","0","0","0","0","0","0","0","0","0","1","202204","202204","2062"
"6000754","530010","71953000","09104513000117","3","1","00000000000000","","","","9901","","0","E","","","04","","03","36","03","","99","","","","","","","","EAS 0004914","20210414","1","","","","","","0","0","1","0","0","0","1","0","0","0","0","0","0","0",0,0,0,"0",0,0,0,0,0,0,0,0,0,0,0,0,0,0,"0",2,2,0,2,0,0,0,0,0,0,4,0,0,0,0,0,"1",0,0,0,"0",0,0,0,0,"0",0,0,0,0,0,0,0,0,0,0,0,0,0,0,0,"0","0","1","0","0","0","1","0","0","1","0","0","0","0","0","0","0","1","0","1","0","1","0","0","1","1","1","0","1","1","0","0","0","0","0","0","0","0","0","0","0","0","0","0","0","0","0","0","0","0","0","1","0","0","1","1","0","0","0","0","0","0","0","0","0","0","0","0","0","0","0","0","0","0","0","0","0","0","0","0","0","0","0","0","0","0","0","0","0","0","0","0","1","202201","202204","2054"
"6002749","530010","72410107","09562798000130","3","1","00000000000000","","","","","","0","E","","","04","","01","04","03","","99","","","","","","","","EAS.00005-21","20210120","1","","","","","","0","0","1","0","0","0","1","0","0","0","0","0","0","0",0,0,0,"0",0,0,0,0,0,0,0,0,0,0,0,0,0,0,"0",3,6,0,1,0,0,0,0,0,0,0,0,0,0,0,0,"1",0,0,0,"0",0,0,0,0,"0",0,0,0,0,0,0,0,0,0,0,0,0,0,0,0,"0","0","1","0","0","0","0","0","0","0","0","0","0","0","0","0","0","0","0","1","0","0","0","0","1","0","0","0","1","1","0","0","0","0","0","0","0","0","0","0","0","0","0","0","0","0","0","0","0","0","0","1","0","0","0","0","0","0","0","0","0","0","0","0","0","0","0","0","0","0","0","0","0","0","0","0","0","0","0","0","0","0","0","0","0","0","0","0","0","0","0","0","1","202111","202204","2062"
"6006272","530010","70077900","01004643000176","3","1","00000000000000","","","","0010","","0","E","","","04","","03","22","03","","99","","","","","","","","ODO.537-02","20201004","1","","","","","","0","0","1","0","0","0","1","0","0","0","0","0","0","0",0,0,0,"0",0,0,0,0,0,0,0,0,0,0,0,0,0,0,"0",0,0,0,0,0,0,0,0,2,0,0,0,0,0,0,0,"1",0,0,0,"0",0,0,0,0,"0",0,0,0,0,0,0,0,0,0,0,0,0,0,0,0,"0","0","1","0","0","0","0","0","1","0","0","0","0","0","0","0","0","0","0","0","0","0","0","0","1","1","0","0","1","1","0","0","0","0","0","0","0","0","0","0","0","0","0","0","0","0","0","0","0","0","0","1","0","0","0","1","0","0","0","0","0","0","0","0","0","0","0","0","0","0","0","0","0","0","0","0","0","0","0","0","0","0","0","0","0","0","0","0","0","0","0","0","1","202104","202204","2062"
"6012280","530010","73330009","09454696000109","3","1","00000000000000","","","","","","0","E","","","04","","03","04","03","","99","","","","","","","","DFP1900042367","20190410","1","","","","","","0","0","1","0","0","0","1","0","0","0","0","0","0","0",0,0,0,"0",0,0,0,0,0,0,0,0,0,0,0,0,0,0,"0",0,3,0,0,0,0,0,0,0,0,0,0,0,0,0,0,"1",0,0,0,"0",0,0,0,0,"0",0,0,0,0,0,0,0,0,0,0,0,0,0,0,0,"0","0","1","0","0","0","0","0","0","0","0","0","0","0","0","0","0","0","0","0","0","0","0","0","1","0","0","0","1","1","0","0","0","0","0","0","0","0","0","0","0","0","0","0","0","0","0","0","0","0","0","1","0","0","1","1","0","0","0","0","0","0","0","0","0","0","0","0","0","0","0","0","0","0","0","0","0","0","0","0","0","0","0","0","0","0","0","0","0","0","0","0","1","202003","202204","2062"
"6012515","530010","70770909","33719485006087","3","3","33719485000127","","RA 1","","0010","","0","E","","","04","","01","04","03","","99","","","","","","","","EAS0338-02","20140428","1","","","","","","0","0","1","0","0","0","1","0","0","0","0","0","0","0",0,0,0,"0",0,0,0,0,0,0,0,0,0,0,0,0,0,0,"0",16,0,0,0,0,0,0,2,0,0,0,0,0,0,0,0,"1",0,0,0,"0",0,0,0,0,"0",0,0,0,0,0,0,0,0,4,0,0,0,0,0,0,"0","0","1","0","1","0","0","0","0","0","0","0","0","0","0","0","0","0","0","0","0","0","0","0","1","0","0","0","1","1","0","0","0","0","0","0","0","0","0","0","0","0","0","0","0","0","0","0","0","0","0","0","0","0","0","1","0","0","0","0","0","0","0","0","0","0","0","0","0","0","0","0","0","0","0","0","0","0","0","0","0","0","0","0","0","0","0","0","0","0","0","0","1","202010","202204","3999"
"6012523","530010","70390108","09391224000146","3","1","00000000000000","","","","0015","","0","E","","","04","","03","36","03","","99","","","","","","","","EAS 02883-01","20210602","1","","","","","","0","0","1","0","0","0","1","0","0","0","0","0","0","0",0,0,0,"0",0,0,0,0,0,0,0,0,0,0,0,0,0,0,"0",0,1,0,0,0,0,0,0,0,0,0,0,0,0,0,0,"1",0,0,0,"0",0,0,0,0,"0",0,0,0,0,0,0,0,0,0,0,0,0,0,0,0,"0","0","1","0","0","0","0","0","0","0","0","0","0","0","0","0","0","0","0","0","0","0","0","0","1","1","0","0","1","1","0","0","0","0","0","0","0","0","0","0","0","0","0","0","0","0","0","0","0","0","0","1","0","0","0","1","0","0","0","0","0","0","0","0","0","0","0","0","0","0","0","0","0","0","0","0","0","0","0","0","0","0","0","0","0","0","0","0","0","0","0","0","1","202110","202204","2062"
"6019161","530010","70770560","10217728000123","3","1","00000000000000","","","","0010","","0","E","","","04","","03","36","03","","99","","","","","","","","EAS.00038-02","20211003","1","","","","","","0","0","1","0","0","0","1","0","0","0","0","0","0","0",0,0,0,"0",0,0,0,0,0,0,0,0,0,0,0,0,0,0,"0",0,1,0,0,0,0,0,0,0,0,0,0,0,0,0,0,"1",0,0,0,"0",0,0,0,0,"0",0,0,0,0,0,0,0,0,0,0,0,0,0,0,0,"0","0","1","0","0","0","0","0","0","0","0","0","0","0","0","0","0","0","0","0","0","0","0","0","1","0","0","0","1","1","0","0","0","0","0","0","0","0","0","0","0","0","0","0","0","0","0","0","0","0","0","1","0","0","0","1","0","0","0","0","0","0","0","0","0","0","0","0","0","0","0","0","0","0","0","0","0","0","0","0","0","0","0","0","0","0","0","0","0","0","0","0","1","202201","202204","2240"
"6025137","530010","70390900","09581605000198","3","1","00000000000000","","","","0010","","0","E","","","04","","01","22","03","","99","","","","","","","","EAS.02845-01","20180313","1","","","","","","0","0","1","0","0","0","1","0","0","0","0","0","0","0",0,0,0,"0",0,0,0,0,0,0,0,0,0,0,0,0,0,0,"0",1,0,0,0,0,0,0,0,0,0,0,0,0,0,0,0,"1",0,0,0,"0",0,0,0,0,"0",0,0,0,0,0,0,0,0,0,0,0,0,0,0,0,"0","0","1","0","0","0","0","0","0","0","0","0","0","0","0","0","0","0","0","0","0","0","0","0","1","0","0","0","1","1","0","0","0","0","0","0","0","0","0","0","0","0","0","0","0","0","0","0","0","0","0","1","0","0","0","1","0","0","0","0","0","0","0","0","0","0","0","0","0","0","0","0","0","0","0","0","0","0","0","0","0","0","0","0","0","0","0","0","0","0","0","0","1","201909","202204","2062"
"6025153","530010","70390095","09251680000190","3","1","00000000000000","","","","0010","","0","E","","","04","","01","36","03","","99","","","","","","","","EAS 02846 01","20220130","1","","","","","","0","0","0","0","1","0","1","0","0","0","0","0","0","0",0,0,0,"0",0,0,0,0,0,0,0,0,0,0,0,0,0,0,"0",0,3,0,0,0,0,0,0,0,0,0,0,0,0,0,0,"1",0,0,0,"0",0,0,0,0,"0",0,0,0,0,0,0,0,0,0,0,0,0,0,0,0,"0","0","1","0","0","0","0","0","1","0","0","0","0","0","0","0","0","0","0","0","0","0","0","0","1","1","1","0","1","1","0","0","0","0","0","0","0","0","0","0","0","0","0","0","0","0","0","0","0","0","0","1","0","0","0","0","0","0","0","0","0","0","0","0","0","0","0","0","0","0","0","0","0","0","0","0","0","0","0","0","0","0","0","0","0","0","0","0","0","0","0","0","1","202202","202204","2062"
"6031943","530010","70710100","10255193000185","3","1","00000000000000","","","","0010","","0","E","","","04","","01","04","03","","99","","","","","","","","EAS 00484-02","20220130","1","","","","","","0","0","1","0","0","0","1","0","0","0","0","0","0","0",0,0,0,"0",0,0,0,0,0,0,0,0,0,0,0,0,0,0,"0",0,1,0,0,0,0,0,0,0,0,0,0,0,0,0,0,"1",0,0,0,"0",0,0,0,0,"0",0,0,0,0,0,0,0,0,0,0,0,0,0,0,0,"0","0","1","0","0","0","0","0","0","0","0","0","0","0","0","0","0","0","0","0","0","0","0","0","1","1","0","0","1","1","0","0","0","0","0","0","0","0","0","0","0","0","0","0","0","0","0","0","0","0","0","1","0","0","0","0","0","0","0","0","0","0","0","0","0","0","0","0","0","0","0","0","0","0","0","0","0","0","0","0","0","0","0","0","0","0","0","0","0","0","0","0","1","202202","202204","2062"
"6037208","530010","70770912","09344538000198","3","1","00000000000000","","","","0005","","0","E","","","04","","01","36","04","","99","","","","","","","","LICENCA DE FUNCIONAMENTO","20210613","1","","","","","","0","0","1","0","0","0","1","0","0","0","0","0","0","0",0,0,0,"0",0,0,0,0,0,0,0,0,0,0,0,0,0,0,"0",3,0,0,0,0,0,0,0,0,0,0,0,0,0,0,0,"1",0,0,0,"0",0,0,0,0,"0",0,0,0,0,0,0,0,0,0,0,0,0,0,0,0,"0","0","1","0","0","0","0","0","0","0","0","0","0","0","0","0","0","0","0","0","0","1","0","0","1","0","0","0","1","1","0","0","0","0","0","0","0","0","0","0","0","0","0","0","0","0","0","0","0","0","0","1","0","0","0","1","0","0","0","0","0","0","0","0","0","0","0","0","0","0","0","0","0","0","0","0","0","0","0","0","0","0","0","0","0","0","0","0","0","0","0","0","1","202108","202204","2062"
"6038735","530010","72215171","61486650024953","3","1","00000000000000","","","","","","0","E","","","04","","03","39","03","","99","","","","","","","","","","","","","","","","0","0","1","0","0","0","1","0","0","0","0","0","0","0",0,0,0,"0",0,0,0,0,0,0,0,0,0,0,0,0,0,0,"0",0,0,0,0,0,0,0,1,0,0,0,0,0,0,0,0,"1",0,0,0,"0",0,0,0,0,"0",0,0,0,0,0,0,0,0,1,0,0,0,0,0,0,"0","0","0","0","0","0","0","0","0","0","0","0","0","0","0","0","0","0","1","0","0","0","0","0","1","1","0","0","1","1","0","0","0","0","0","0","0","0","0","0","0","0","0","0","0","0","0","0","0","0","0","0","0","0","0","0","0","0","1","0","0","0","1","0","0","0","0","0","0","0","0","0","0","0","0","0","0","0","0","0","0","0","0","0","0","0","0","0","0","0","0","0","1","202010","202204","2046"
"6046010","530010","70830350","09270879000166","3","1","00000000000000","","","","0005","","0","E","","","04","","01","22","03","","99","","","","","","","","EAS Nº 00410-02","20210311","1","","","","","","0","0","1","0","1","0","1","0","0","0","0","0","0","0",0,0,0,"0",0,0,0,0,0,0,0,0,0,0,0,0,0,0,"0",0,2,0,2,0,0,0,0,0,0,0,0,0,0,0,0,"1",0,0,0,"0",0,0,0,0,"0",0,0,0,0,0,0,0,0,0,0,0,0,0,0,0,"0","0","1","0","0","0","0","0","0","0","0","0","0","0","0","0","0","0","0","0","0","0","0","0","1","0","0","0","1","1","0","0","0","0","0","0","0","0","0","0","0","0","0","0","0","0","0","0","0","0","0","1","0","0","1","1","0","0","0","0","0","0","0","0","0","0","0","0","0","0","0","0","0","0","0","0","0","0","0","0","0","0","0","0","0","0","0","0","0","0","0","0","1","202104","202204","2062"
"6056865","530010","70710149","09628577000117","3","1","00000000000000","","","","","","0","E","","","04","","03","36","03","","99","","","","","","","","EAS00798-02/2021","20210920","1","","","","","","0","0","1","0","0","0","1","0","0","0","0","0","0","0",0,0,0,"0",0,0,0,0,0,0,0,0,0,0,0,0,0,0,"0",0,1,0,0,0,0,0,0,0,0,0,0,0,0,0,0,"1",0,0,0,"0",0,0,0,0,"0",0,0,0,0,0,0,0,0,0,0,0,0,0,0,0,"0","0","1","0","0","0","0","0","0","0","0","0","0","0","0","0","0","0","0","1","0","0","0","0","1","1","0","0","1","1","0","0","0","0","0","0","0","0","0","0","0","0","0","0","0","0","0","0","0","0","0","1","0","0","0","0","0","0","0","0","0","0","0","0","0","0","0","0","0","0","0","0","0","0","0","0","0","0","0","0","0","0","0","0","0","0","0","0","0","0","0","0","1","202112","202204","2062"
"6056911","530010","70710904","00718528004511","3","1","00000000000000","","","","0010","","0","E","","","04","","03","39","03","","99","","","","","","","","LAB 000802","20210928","1","","","","","","0","0","1","0","0","0","1","0","0","0","0","0","0","0",0,0,0,"0",0,0,0,0,0,0,0,0,0,0,0,0,0,0,"0",0,0,0,0,0,0,0,0,0,0,0,0,0,0,0,0,"0",0,0,0,"0",0,0,0,0,"0",0,0,0,0,0,0,0,0,0,0,0,0,0,0,0,"0","0","1","0","0","0","0","0","0","0","0","0","0","0","0","0","0","0","0","0","0","0","0","0","1","1","0","0","1","1","0","0","0","0","0","0","0","0","0","0","0","0","0","0","0","0","0","0","0","0","0","0","0","0","0","0","0","0","1","0","0","1","1","0","0","0","0","0","0","0","0","0","0","0","0","0","0","0","0","0","0","0","0","0","0","0","0","0","0","0","0","0","1","202112","202204","2054"
"6065902","530010","70711903","09226293000102","3","1","00000000000000","","","","0005","","0","E","","","04","","01","04","03","","99","","","","","","","","","","","","","","","","0","0","1","0","0","0","1","0","0","0","0","0","0","0",0,0,0,"0",0,0,0,0,0,0,0,0,0,0,0,0,0,0,"0",0,0,0,4,0,0,0,0,0,0,0,0,0,0,0,0,"1",0,0,0,"0",0,0,0,0,"0",0,0,0,0,0,0,0,0,0,0,0,0,0,0,0,"0","0","1","0","0","0","0","0","0","0","0","0","0","0","0","0","0","0","0","0","0","0","0","0","1","1","0","0","0","1","0","0","0","0","0","0","0","0","0","0","0","0","0","0","0","0","0","0","0","0","0","1","0","0","1","0","0","0","0","0","0","0","0","0","0","0","0","0","0","0","0","0","0","0","0","0","0","0","0","0","0","0","0","0","0","0","0","0","0","0","0","0","1","202008","202204","2062"
"6065961","530010","70390145","09447148000143","3","1","00000000000000","","","","","","0","E","","","04","","01","22","03","","99","","","","","","","","CERT LICENCIAMENTO","20190923","1","","","","","","0","0","1","0","0","0","1","0","0","0","0","0","0","0",0,0,0,"0",0,0,0,0,0,0,0,0,0,0,0,0,0,0,"0",0,0,0,1,0,0,0,0,0,0,0,0,0,0,0,0,"1",0,0,0,"0",0,0,0,0,"0",0,0,0,0,0,0,0,0,0,0,0,0,0,0,0,"0","0","1","0","0","0","0","0","0","0","0","0","0","0","0","0","0","0","0","0","0","0","0","0","1","0","0","0","1","1","0","0","0","0","0","0","0","0","0","0","0","0","0","0","0","0","0","0","0","0","0","1","0","0","0","0","0","0","0","0","0","0","0","0","0","0","0","0","0","0","0","0","0","0","0","0","0","0","0","0","0","0","0","0","0","0","0","0","0","0","0","0","1","202107","202204","2062"
"6065996","530010","70390095","10442386000145","3","1","00000000000000","","","","","","0","E","","","04","","01","36","03","","99","","","","","","","","ODO.01585-01","20210624","1","","","","","","0","0","1","0","0","0","1","0","0","0","0","0","0","0",0,0,0,"0",0,0,0,0,0,0,0,0,0,0,0,0,0,0,"0",0,0,0,0,0,0,0,0,1,0,0,0,0,0,0,0,"1",0,0,0,"0",0,0,0,0,"0",0,0,0,0,0,0,0,0,0,0,0,0,0,0,0,"0","0","1","0","0","0","0","0","0","0","0","0","0","0","0","0","0","0","0","0","0","0","0","0","1","1","0","0","0","1","0","0","0","0","0","0","0","0","0","0","0","0","0","0","0","0","0","0","0","0","0","1","0","0","0","1","0","0","0","0","0","0","0","0","0","0","0","0","0","0","0","0","0","0","0","0","0","0","0","0","0","0","0","0","0","0","0","0","0","0","0","0","1","202204","202204","2062"
"6071481","530010","72225176","10329574000161","3","1","00000000000000","","","","0040","","0","E","","","04","","01","04","03","","99","","","","","","","","EAS-451-16","20180511","1","","","","","","0","0","1","0","0","0","1","0","0","0","0","0","0","0",0,0,0,"0",0,0,0,0,0,0,0,0,0,0,0,0,0,0,"0",2,1,0,0,0,0,0,0,0,0,0,0,0,0,0,0,"1",0,0,0,"0",0,0,0,0,"0",0,0,0,0,0,0,0,0,0,0,0,0,0,0,0,"0","0","1","0","0","0","0","0","0","0","0","0","0","0","0","0","0","0","0","0","0","0","0","0","1","0","0","0","1","1","0","0","0","0","0","0","0","0","0","0","0","0","0","0","0","0","0","0","0","0","0","1","0","0","0","0","0","0","0","0","0","0","0","0","0","0","0","0","0","0","0","0","0","0","0","0","0","0","0","0","0","0","0","0","0","0","0","0","0","0","0","0","1","202003","202204","2062"
"6071503","530010","72215178","00718528004600","3","1","00000000000000","","","","0040","","0","E","","","04","","03","39","03","","99","","","","","","","","LAB 0027216","20210808","1","","","","","","0","0","1","0","0","0","1","0","0","0","0","0","0","0",0,0,0,"0",0,0,0,0,0,0,0,0,0,0,0,0,0,0,"0",0,0,0,0,0,0,0,0,0,0,0,0,0,0,0,0,"0",0,0,0,"0",0,0,0,0,"0",0,0,0,0,0,0,0,0,0,0,0,0,0,0,0,"0","0","1","0","0","0","0","0","0","0","0","0","0","0","0","0","0","0","0","0","0","0","0","0","1","1","0","0","1","1","0","0","0","0","0","0","0","0","0","0","0","0","0","0","0","0","0","0","0","0","0","0","0","0","0","0","0","0","0","0","0","1","0","0","0","0","0","0","0","0","0","0","0","0","0","0","0","0","0","0","0","0","0","0","0","0","0","0","0","0","0","0","1","202109","202204","2054"
"6077978","530010","73062803","00718528004783","3","1","00000000000000","","","","0170","","0","E","","","04","","03","39","03","","99","","","","","","","","LAB 0007-09","20210629","1","","","","","","0","0","1","0","0","0","1","0","0","0","0","0","0","0",0,0,0,"0",0,0,0,0,0,0,0,0,0,0,0,0,0,0,"0",0,0,0,0,0,0,0,0,0,0,0,0,0,0,0,0,"0",0,0,0,"0",0,0,0,0,"0",0,0,0,0,0,0,0,0,0,0,0,0,0,0,0,"0","0","1","0","0","0","0","0","0","0","0","0","0","0","0","0","0","0","0","0","0","0","0","0","1","1","0","0","1","1","0","0","0","0","0","0","0","0","0","0","0","0","0","0","0","0","0","0","0","0","0","0","0","0","0","0","0","0","1","0","0","1","1","0","0","0","0","0","0","0","0","0","0","0","0","0","0","0","0","0","0","0","0","0","0","0","0","0","0","0","0","0","1","202108","202204","2054"
"6136869","530010","72320563","61486650025178","3","1","00000000000000","","","","","","0","E","","","04","","03","39","03","","99","","","","","","","","","","","","","","","","0","0","1","0","0","0","1","0","0","0","0","0","0","0",0,0,0,"0",0,0,0,0,0,0,0,0,0,0,0,0,0,0,"0",0,0,0,0,0,0,0,1,0,0,0,0,0,0,0,0,"1",0,0,0,"0",0,0,0,0,"0",0,0,0,0,0,0,0,0,1,0,0,0,0,0,0,"0","0","0","0","0","0","0","0","0","0","0","0","0","0","0","0","0","0","1","0","0","0","0","0","1","1","0","0","1","1","0","0","0","0","0","0","0","0","0","0","0","0","0","0","0","0","0","0","0","0","0","0","0","0","0","0","0","0","1","0","0","0","1","0","0","0","0","0","0","0","0","0","0","0","0","0","0","0","0","0","0","0","0","0","0","0","0","0","0","0","0","0","1","202010","202204","2046"
"6143687","530010","72630421","10421692000103","3","1","00000000000000","","","","","","0","E","","","04","","03","04","04","","99","","","","","","","","","20191203","1","","","","","","0","0","1","0","0","0","1","0","0","0","0","0","0","0",0,0,0,"0",0,0,0,0,0,0,0,0,0,0,0,0,0,0,"0",2,11,0,1,0,0,0,0,0,0,1,0,0,1,1,0,"1",0,0,0,"0",0,0,0,0,"0",0,0,0,0,0,0,0,0,0,0,0,0,0,0,0,"0","0","1","0","0","0","0","0","0","0","0","0","0","0","0","0","0","0","0","0","0","0","0","0","1","0","0","0","1","1","0","0","0","0","0","0","0","0","0","0","0","0","0","0","0","0","0","0","0","0","0","1","0","0","0","1","0","0","0","0","0","0","0","0","0","0","0","0","0","0","0","0","0","0","0","0","0","0","0","0","0","0","0","0","0","0","0","0","0","0","0","0","1","202012","202204","2062"
"6148794","530010","70390108","10192624000101","3","1","00000000000000","","","","0010","","0","E","","","04","","01","22","03","","99","","","","","","","","EAS.02855-01","20180830","1","","","","","","0","0","1","0","0","0","1","0","0","0","0","0","0","0",0,0,0,"0",0,0,0,0,0,0,0,0,0,0,0,0,0,0,"0",1,0,0,0,0,0,0,0,0,0,0,0,0,0,0,0,"1",0,0,0,"0",0,0,0,0,"0",0,0,0,0,0,0,0,0,0,0,0,0,0,0,0,"0","0","1","0","0","0","0","0","0","0","0","0","0","0","0","0","0","0","0","0","0","0","0","0","1","1","0","0","1","1","0","0","0","0","0","0","0","0","0","0","0","0","0","0","0","0","0","0","0","0","0","1","0","0","0","1","0","0","0","0","0","0","0","0","0","0","0","0","0","0","0","0","0","0","0","0","0","0","0","0","0","0","0","0","0","0","0","0","0","0","0","0","1","201909","202204","2062"
"6148808","530010","70390095","10275740000194","3","1","00000000000000","","","","0010","","0","E","","","04","","01","36","03","","99","","","","","","","","EAS.03915-01","20201019","1","","","","","","0","0","1","0","0","0","1","0","0","0","0","0","0","0",0,0,0,"0",0,0,0,0,0,0,0,0,0,0,0,0,0,0,"0",0,0,0,1,0,0,0,0,0,0,0,0,0,0,0,0,"1",0,0,0,"0",0,0,0,0,"0",0,0,0,0,0,0,0,0,0,0,0,0,0,0,0,"0","0","1","0","0","0","0","0","0","0","0","0","0","0","0","0","0","0","0","0","0","0","0","0","1","0","0","0","1","1","0","0","0","0","0","0","0","0","0","0","0","0","0","0","0","0","0","0","0","0","0","1","0","0","0","1","0","0","0","0","0","0","0","0","0","0","0","0","0","0","0","0","0","0","0","0","0","0","0","0","0","0","0","0","0","0","0","0","0","0","0","0","1","202108","202204","2062"
"6148859","530010","70710143","10286396000139","3","1","00000000000000","","","","","","0","E","","","04","","03","22","03","","99","","","","","","","","","","","","","","","","0","0","1","0","0","0","1","0","0","0","0","0","0","0",0,0,0,"0",0,0,0,0,0,0,0,0,0,0,0,0,0,0,"0",0,0,0,1,0,0,0,0,0,0,0,0,0,0,0,0,"1",0,0,0,"0",0,0,0,0,"0",0,0,0,0,0,0,0,0,0,0,0,0,0,0,0,"0","0","0","0","0","0","0","0","0","0","0","0","0","0","0","0","0","0","0","0","0","0","0","0","0","0","0","0","1","1","0","0","0","0","0","0","0","0","0","0","0","0","0","0","0","0","0","0","0","0","0","1","0","0","0","1","0","0","0","0","0","0","0","0","0","0","0","0","0","0","0","0","0","0","0","0","0","0","0","0","0","0","0","0","0","0","0","0","0","0","0","0","1","202009","202204","2062"
"6150292","530010","70390150","09911738000185","3","1","00000000000000","","","","","","0","E","","","04","","03","36","03","","99","","","","","","","","ODO 01589-01","20200625","1","","","","","","0","0","1","0","0","0","1","0","0","0","0","0","0","0",0,0,0,"0",0,0,0,0,0,0,0,0,0,0,0,0,0,0,"0",0,0,0,0,0,0,0,0,2,0,0,0,0,0,0,0,"1",0,0,0,"0",0,0,0,0,"0",0,0,0,0,0,0,0,0,0,0,0,0,0,0,0,"0","0","1","0","0","0","0","0","0","0","0","0","0","0","0","0","0","0","0","1","0","0","0","0","1","0","0","0","1","1","0","0","0","0","0","0","0","0","0","0","0","0","0","0","0","0","0","0","0","0","0","1","0","0","0","1","0","0","0","0","0","0","0","0","0","0","0","0","0","0","0","0","0","0","0","0","0","0","0","0","0","0","0","0","0","0","0","0","0","0","0","0","1","202010","202204","2062"
"6152635","530010","72502207","61486650025330","3","1","00000000000000","","","","","","0","E","","","04","","","39","03","","99","","","","","","","","","","","","","","","","0","0","1","0","0","0","1","0","0","0","0","0","0","0",0,0,0,"0",0,0,0,0,0,0,0,0,0,0,0,0,0,0,"0",0,0,0,0,0,0,0,1,0,0,0,0,0,0,0,0,"1",0,0,0,"0",0,0,0,0,"0",0,0,0,0,0,0,0,0,1,0,0,0,0,0,0,"0","0","0","0","0","0","0","0","0","0","0","0","0","0","0","0","0","0","1","0","0","0","0","0","1","1","0","0","1","1","0","0","0","0","0","0","0","0","0","0","0","0","0","0","0","0","0","0","0","0","0","0","0","0","0","0","0","0","1","0","0","0","1","0","0","0","0","0","0","0","0","0","0","0","0","0","0","0","0","0","0","0","0","0","0","0","0","0","0","0","0","0","1","202010","202204","2046"
"6154425","530010","70390108","03628122000549","3","1","00000000000000","","","","0015","","0","E","","","04","","03","36","03","","99","","","","","","","","RAD 05458-01","20190930","1","","","","","","0","0","1","0","0","0","1","0","0","0","0","0","0","0",0,0,0,"0",0,0,0,0,0,0,0,0,0,0,0,0,0,0,"0",0,0,0,3,0,0,0,0,0,0,0,0,0,0,0,0,"1",0,0,0,"0",0,0,0,0,"0",0,0,0,0,0,0,0,0,0,0,0,0,0,0,0,"0","0","1","0","0","0","0","0","0","0","0","0","0","0","0","0","0","0","0","0","0","0","0","0","1","0","0","0","1","1","0","0","0","0","0","0","0","0","0","0","0","0","0","0","0","0","0","0","0","0","0","1","0","0","0","1","0","0","0","0","0","0","0","0","0","0","0","0","0","0","0","0","0","0","0","0","0","0","0","0","0","0","0","0","0","0","0","0","0","0","0","0","1","201909","202204","2062"
"6159885","530010","72020111","10575059000161","3","1","00000000000000","","","","0180","","0","E","","","04","","03","36","03","","99","","","","","","","","ODO.00071-14","20190527","1","","","","","","0","0","1","0","0","0","1","0","0","0","0","0","0","0",0,0,0,"0",0,0,0,0,0,0,0,0,0,0,0,0,0,0,"0",0,2,0,0,0,0,0,0,0,0,0,0,0,0,0,0,"1",0,0,0,"0",0,0,0,0,"0",0,0,0,0,0,0,0,0,0,0,0,0,0,0,0,"0","0","1","0","0","0","0","0","0","0","0","0","0","0","0","0","0","0","0","1","0","0","0","0","1","1","0","0","1","1","0","0","0","0","0","0","0","0","0","0","0","0","0","0","0","0","0","0","0","0","0","1","0","0","0","0","0","0","0","0","0","0","0","0","0","0","0","0","0","0","0","0","0","0","0","0","0","0","0","0","0","0","0","0","0","0","0","0","0","0","0","0","1","201906","202204","2062"
"6168892","530010","70200700","10357156000188","3","1","00000000000000","","","","0010","","0","E","","","04","","03","36","03","","99","","","","","","","","EAS 02866-01","20200820","1","","","","","","0","0","1","0","0","0","1","0","0","0","0","0","0","0",0,0,0,"0",0,0,0,0,0,0,0,0,0,0,0,0,0,0,"0",0,3,0,1,0,0,0,0,0,0,0,0,0,0,0,0,"1",0,0,0,"0",0,0,0,0,"0",0,0,0,0,0,0,0,0,0,0,0,0,0,0,0,"0","0","1","0","0","0","0","0","1","0","0","0","0","0","0","0","0","0","0","0","0","0","0","0","1","1","1","0","1","1","0","0","0","0","0","0","0","0","0","0","0","0","0","0","0","0","0","0","0","0","0","1","0","0","0","1","0","0","0","0","0","0","0","0","0","0","0","0","0","0","0","0","0","0","0","0","0","0","0","0","0","0","0","0","0","0","0","0","0","0","0","0","1","202104","202204","2062"
"6180744","530010","70390700","03496858000187","3","1","00000000000000","","","","0010","","0","E","","","04","","03","69","06","","99","","","","","","","","LICENCA DE FUNCIONAMENTO","20200429","1","","","","","","0","0","1","0","0","0","1","0","0","0","0","0","0","0",0,0,0,"0",0,0,0,0,0,0,0,0,0,0,0,0,0,0,"0",0,0,0,0,0,0,0,0,0,0,0,0,0,0,0,0,"0",0,0,0,"0",0,0,0,0,"0",0,0,0,0,0,0,0,0,0,0,0,0,0,0,0,"0","0","0","0","0","0","0","0","0","0","0","0","0","0","0","0","0","0","0","1","0","0","0","0","1","1","1","0","1","1","0","0","0","0","0","1","0","0","0","0","0","0","1","0","0","0","0","0","0","0","0","0","0","0","0","0","0","0","1","0","0","1","1","0","0","0","0","0","0","0","0","0","0","0","0","0","0","0","0","0","0","0","0","0","0","0","0","0","0","0","0","0","1","202103","202204","2062"
"6183794","530010","70390100","10249114000123","3","1","00000000000000","","","","","","0","E","","","04","","03","22","03","","99","","","","","","","","RLE DIGITAL","20181109","1","","","","","","0","0","1","0","0","0","1","0","0","0","0","0","0","0",0,0,0,"0",0,0,0,0,0,0,0,0,0,0,0,0,0,0,"0",1,0,0,0,0,0,0,0,0,0,0,0,0,0,0,0,"1",0,0,0,"0",0,0,0,0,"0",0,0,0,0,0,0,0,0,0,0,0,0,0,0,0,"0","0","1","0","0","0","0","0","0","0","0","0","0","0","0","0","0","0","0","0","0","0","0","0","1","1","0","0","1","1","0","0","0","0","0","0","0","0","0","0","0","0","0","0","0","0","0","0","0","0","0","1","0","0","0","1","0","0","0","0","0","0","0","0","0","0","0","0","0","0","0","0","0","0","0","0","0","0","0","0","0","0","0","0","0","0","0","0","0","0","0","0","1","201812","202204","2305"
"6202101","530010","70390700","09261380000192","3","1","00000000000000","","","","","","0","E","","","04","","02","36","03","","99","","","","","","","","LICENCIAMENTO","20190902","1","","","","","","0","0","1","0","0","0","1","0","0","0","0","0","0","0",0,0,0,"0",0,0,0,0,0,0,0,0,0,0,0,0,0,0,"0",0,1,0,0,0,0,0,0,0,0,0,0,0,0,0,0,"1",0,0,0,"0",0,0,0,0,"0",0,0,0,0,0,0,0,0,0,0,0,0,0,0,0,"0","0","0","1","0","0","0","0","0","0","0","0","0","0","0","0","0","0","0","0","0","0","0","0","1","0","0","0","1","1","1","0","0","0","0","0","0","0","0","0","0","0","1","0","0","0","0","0","0","0","0","1","0","0","0","0","0","0","0","0","0","0","0","0","0","0","0","0","0","0","0","0","0","0","0","0","0","0","0","0","0","0","0","0","0","0","0","0","0","0","0","0","1","202002","202204","2062"
"6202748","530010","70719030","10437277000130","3","1","00000000000000","","","","0010","","0","E","","","04","","01","22","03","","99","","","","","","","","20161400453708","20160929","1","","","","","","0","0","1","0","0","0","1","0","0","0","0","0","0","0",0,0,0,"0",0,0,0,0,0,0,0,0,0,0,0,0,0,0,"0",0,0,0,1,0,0,0,0,0,0,0,0,0,0,0,0,"1",0,0,0,"0",0,0,0,0,"0",0,0,0,0,0,0,0,0,0,0,0,0,0,0,0,"0","0","0","0","0","0","0","0","0","0","0","0","0","0","0","0","0","0","0","1","0","0","0","0","1","0","0","0","1","1","0","0","0","0","0","0","0","0","0","0","0","0","0","0","0","0","0","0","0","0","0","1","0","0","0","1","0","0","0","0","0","0","0","0","0","0","0","0","0","0","0","0","0","0","0","0","0","0","0","0","0","0","0","0","0","0","0","0","0","0","0","0","1","202003","202204","2305"
"6202780","530010","70770700","10295595000103","3","1","00000000000000","","","","0010","","0","E","","","04","","03","04","04","","99","","","","","","","","0059802/2022","20220223","1","","","","","","0","0","1","0","0","0","1","0","0","0","0","0","0","0",0,0,0,"0",0,0,0,0,0,0,0,0,0,0,0,0,0,0,"0",0,4,0,0,0,0,0,0,0,0,0,0,0,0,0,0,"1",0,0,0,"0",0,0,0,0,"0",0,0,0,0,0,0,0,0,0,0,0,0,0,0,0,"0","0","1","0","0","0","0","0","1","0","0","0","0","0","0","0","0","0","0","0","0","0","0","0","1","1","0","0","1","1","0","0","0","0","0","0","0","0","0","0","0","0","0","0","0","0","0","0","0","0","0","1","0","0","0","1","0","0","0","0","0","0","0","0","0","0","0","0","0","0","0","0","0","0","0","0","0","0","0","0","0","0","0","0","0","0","0","0","0","0","0","0","1","202204","202204","2062"
"6213936","530010","72600200","00000000000000","3","3","08685528000153","","","","0130","","1","E","","","04","","01","22","04","","99","","","","","","","","","","","","","","","","0","0","1","0","0","0","1","0","0","0","0","0","0","0",0,0,0,"0",0,0,0,0,0,0,0,0,0,0,0,0,0,0,"0",0,0,0,0,0,0,0,0,1,0,1,0,0,0,1,0,"1",0,0,0,"0",0,0,0,0,"0",0,0,0,0,0,0,0,0,0,0,0,0,0,0,0,"0","0","1","0","1","0","0","0","1","0","0","0","0","0","0","0","0","0","0","0","0","0","0","0","1","0","0","1","0","1","0","0","0","0","0","0","0","0","0","0","0","0","0","0","0","0","0","0","0","0","1","0","0","0","0","0","0","0","0","0","0","0","0","0","0","0","0","0","0","0","0","0","0","0","0","0","0","0","0","0","0","0","0","0","0","0","0","0","0","0","0","0","1","201910","202204","1023"
"6214274","530010","70710100","01443380000363","3","1","00000000000000","","","","0010","","0","E","","","04","","03","36","03","","99","","","","","","","","EAS.0221-02","20210724","1","","","","","","0","0","1","0","0","0","1","0","0","0","0","0","0","0",0,0,0,"0",0,0,0,0,0,0,0,0,0,0,0,0,0,0,"0",3,3,0,0,0,0,0,0,0,0,0,0,0,0,0,0,"1",0,0,0,"0",0,0,0,0,"0",0,0,0,0,0,0,0,0,0,0,0,0,0,0,0,"0","0","1","0","0","0","0","0","1","0","0","0","0","0","0","0","0","1","0","0","0","0","0","0","1","1","0","0","1","1","0","0","0","0","0","0","0","0","0","0","0","0","0","0","0","0","0","0","0","0","0","1","0","0","1","1","0","0","0","0","0","0","0","0","0","0","0","0","0","0","0","0","0","0","0","0","0","0","0","0","0","0","0","0","0","0","0","0","0","0","0","0","1","202107","202204","2062"
"6214304","530010","70390108","07405575000133","3","1","00000000000000","","","","0015","","0","E","","","04","","03","36","03","","99","001","34789","1418181","","","","","EAS.02880-01","20200522","1","","","","","","0","0","1","0","0","0","1","0","0","1","0","0","0","1",2,0,0,"1",0,0,0,0,0,0,0,0,0,0,0,0,0,0,"0",0,1,0,0,1,1,0,0,0,0,0,0,0,0,0,0,"1",0,0,2,"1",0,0,0,0,"0",0,0,0,0,0,1,1,0,0,0,0,0,0,0,0,"0","1","1","0","0","0","0","0","0","1","0","0","0","0","0","0","0","1","0","1","0","0","0","0","1","1","1","0","1","1","0","0","0","0","0","0","0","0","0","0","0","0","0","0","0","0","0","0","0","0","0","1","0","0","0","0","0","0","0","0","0","0","0","0","0","0","0","0","0","0","0","0","0","0","0","0","0","0","0","0","0","0","0","0","0","0","0","0","0","0","0","0","1","202101","202204","2062"
"6216005","530010","73342010","00000000000000","3","3","00394700000108","","06","","0120","","1","E","","","04","","02","22","03","","99","","","","","","","","","","","","","","","","1","0","0","0","0","0","1","0","0","0","0","0","0","0",0,0,0,"0",0,0,0,0,0,0,0,0,0,0,0,0,0,0,"0",1,0,0,0,0,0,0,0,0,0,1,0,0,0,0,0,"1",0,0,0,"0",0,0,0,0,"0",0,0,0,0,0,0,0,0,0,0,0,0,0,0,0,"0","0","1","0","1","0","0","0","0","0","0","0","0","0","0","0","0","0","0","0","0","0","0","0","1","1","1","0","0","1","0","0","0","0","0","0","0","0","0","0","0","0","0","0","0","0","0","0","0","0","1","0","0","0","0","0","0","0","0","0","0","0","0","0","0","0","0","0","0","0","0","0","0","0","0","0","0","0","0","0","0","0","0","0","0","0","0","0","0","0","0","0","1","201808","202204","1023"
"6216013","530010","73402015","00000000000000","3","3","00394700000108","","06","","0120","","1","E","","","03","","01","02","04","","99","","","","","","","","","","","","","","","","1","0","0","0","0","0","1","0","0","0","0","0","0","0",0,0,0,"0",0,0,0,0,0,0,0,0,0,0,0,0,0,0,"0",6,0,0,7,0,0,0,1,1,1,6,1,1,0,1,0,"1",0,0,0,"0",0,0,0,0,"0",0,0,0,0,0,0,0,0,0,0,0,0,0,0,0,"0","0","1","0","1","0","1","0","1","0","1","0","0","0","0","0","0","0","0","0","0","0","0","0","1","1","0","0","1","1","0","0","0","0","0","0","0","0","0","0","0","0","0","0","0","0","0","0","0","0","1","0","0","0","0","0","0","0","0","0","0","0","0","0","0","0","0","0","0","0","0","1","0","0","0","0","0","0","1","0","0","0","0","0","0","0","0","0","0","0","0","0","1","202204","202204","1023"
"6216021","530010","73368664","00000000000000","3","3","00394700000108","","06","","0120","","1","E","","","04","","01","02","03","","99","","","","","","","","","","","","","","","","1","0","0","0","0","0","1","0","0","0","0","0","0","0",0,0,0,"0",0,0,0,0,0,0,0,0,0,0,0,0,0,0,"0",9,0,0,5,0,0,0,1,1,1,0,1,1,0,1,0,"1",0,0,0,"0",0,0,0,0,"0",0,0,0,0,0,0,0,0,0,0,0,0,0,0,0,"0","0","1","0","1","0","1","0","1","0","1","0","0","0","0","0","0","0","0","0","0","0","0","0","1","1","1","0","1","1","0","0","0","0","0","0","0","0","0","0","0","0","0","0","0","0","0","0","0","0","1","0","0","0","0","0","0","0","0","0","0","0","0","0","0","0","0","0","0","0","0","1","0","0","0","0","0","0","1","0","0","0","0","0","0","0","0","0","0","0","0","0","1","202204","202204","1023"
"6217257","530010","72215178","10520595000160","3","1","00000000000000","","","","0040","","0","E","","","04","","01","39","06","","99","","","","","","","","00171-16","20211001","1","","","","","","0","0","1","0","0","0","1","0","0","0","0","0","0","0",0,0,0,"0",0,0,0,0,0,0,0,0,0,0,0,0,0,0,"0",0,0,0,0,0,0,0,0,0,0,0,0,0,0,0,0,"0",0,0,0,"0",0,0,0,0,"0",0,0,0,0,0,0,0,0,0,0,0,0,0,0,0,"0","0","0","0","0","0","0","0","0","0","0","0","0","0","0","0","0","0","0","0","0","0","0","0","0","1","0","0","1","1","0","0","0","0","0","0","0","0","0","0","0","0","0","0","0","0","0","0","0","0","0","1","0","0","0","1","0","0","0","0","0","0","1","0","0","0","0","0","0","0","0","0","0","0","0","0","0","0","0","0","0","0","0","0","0","0","0","0","0","0","0","0","1","202201","202204","2062"
"6217761","530010","71020115","10618222000126","3","1","00000000000000","","","","0070","","0","E","","","04","","03","22","03","","99","","","","","","","","","","","","","","","","0","0","1","0","0","0","1","0","0","0","0","0","0","0",0,0,0,"0",0,0,0,0,0,0,0,0,0,0,0,0,0,0,"0",0,0,0,0,0,0,0,0,1,0,0,0,0,0,0,0,"1",0,0,0,"0",0,0,0,0,"0",0,0,0,0,0,0,0,0,0,0,0,0,0,0,0,"0","0","1","0","0","0","0","0","1","0","0","0","0","0","0","0","0","0","0","0","0","0","0","0","1","1","0","0","1","1","0","0","0","0","0","0","0","0","0","0","0","0","0","0","0","0","0","0","0","0","0","1","0","0","0","1","0","0","0","0","0","0","0","0","0","0","0","0","0","0","0","0","0","0","0","0","0","0","0","0","0","0","0","0","0","0","0","0","0","0","0","0","1","202006","202204","2305"
"6219160","530010","70390700","10603808000117","3","1","00000000000000","","","","","","0","E","","","04","","01","36","03","","99","","","","","","","","EAS.02881-01","20180521","1","","","","","","0","0","1","0","0","0","1","0","0","0","0","0","0","0",0,0,0,"0",0,0,0,0,0,0,0,0,0,0,0,0,0,0,"0",0,1,0,0,0,0,0,0,0,0,0,0,0,0,0,0,"1",0,0,0,"0",0,0,0,0,"0",0,0,0,0,0,0,0,0,0,0,0,0,0,0,0,"0","0","1","0","0","0","0","0","0","0","0","0","0","0","0","0","0","0","0","0","0","0","0","0","1","0","0","0","1","1","0","0","0","0","0","0","0","0","0","0","0","0","0","0","0","0","0","0","0","0","0","1","0","0","0","1","0","0","0","0","0","0","0","0","0","0","0","0","0","0","0","0","0","0","0","0","0","0","0","0","0","0","0","0","0","0","0","0","0","0","0","0","1","202008","202204","2062"
"6219187","530010","70710100","09618231000138","3","1","00000000000000","","","","","","0","E","","","04","","03","22","04","","99","","","","","","","","EAS.02833-01","20220406","1","","","","","","0","0","1","0","0","0","1","0","0","0","0","0","0","0",0,0,0,"0",0,0,0,0,0,0,0,0,0,0,0,0,0,0,"0",1,0,0,0,0,0,0,0,0,0,0,0,0,0,0,0,"1",0,0,0,"0",0,0,0,0,"0",0,0,0,0,0,0,0,0,0,0,0,0,0,0,0,"0","0","1","0","0","0","0","0","0","0","0","0","0","0","0","0","0","0","0","0","0","0","0","0","1","0","0","0","1","1","0","0","0","0","0","0","0","0","0","0","0","0","0","0","0","0","0","0","0","0","0","1","0","0","0","0","0","0","0","0","0","0","0","0","0","0","0","0","0","0","0","0","0","0","0","0","0","0","0","0","0","0","0","0","0","0","0","0","0","0","0","0","1","202204","202204","2062"
"6221149","530010","72308201","09415739000139","3","1","00000000000000","","","","","","0","E","","","04","","01","36","03","","99","","","","","","","","ODO.00098-06","20200910","1","","","","","","0","0","1","0","0","0","1","0","0","0","0","0","0","0",0,0,0,"0",0,0,0,0,0,0,0,0,0,0,0,0,0,0,"0",0,0,0,0,0,0,0,0,4,0,0,0,0,0,0,0,"1",0,0,0,"0",0,0,0,0,"0",0,0,0,0,0,0,0,0,0,0,0,0,0,0,0,"0","0","1","0","0","0","0","0","1","0","0","0","0","0","0","0","0","0","0","1","0","0","0","0","1","1","0","0","1","1","0","0","0","0","0","0","0","0","0","0","0","0","0","0","0","0","0","0","0","0","0","1","0","0","0","1","0","0","0","0","0","0","0","0","0","0","0","0","0","0","0","0","0","0","0","0","0","0","0","0","0","0","0","0","0","0","0","0","0","0","0","0","1","202103","202204","2062"
"6226353","530010","71570990","01701673000131","3","1","00000000000000","","","","0110","","0","E","","","04","","01","04","03","","99","001","31291","783412","","","","","EAS 012-05","20181017","1","","","","","","0","0","1","0","1","0","1","0","0","0","0","0","0","0",0,0,0,"0",0,0,0,0,0,0,0,0,0,0,0,0,0,0,"0",0,0,0,12,0,0,0,0,0,0,0,0,0,0,0,0,"1",0,0,0,"0",0,0,0,0,"0",0,0,0,0,0,0,0,0,0,0,0,0,0,0,0,"0","0","1","0","0","0","0","0","0","0","0","0","0","0","0","0","0","0","0","0","0","0","0","0","1","0","0","0","1","1","0","0","0","0","0","0","0","0","0","0","0","0","0","0","0","0","0","0","0","0","0","1","0","0","0","1","0","0","0","0","0","0","0","0","0","0","0","0","0","0","0","0","0","0","0","0","0","0","0","0","0","0","0","0","0","0","0","0","0","0","0","0","1","201903","202204","2305"
"6230687","530010","72110020","10565250000122","3","1","00000000000000","","","","0180","","0","E","","","04","","03","36","03","","99","","","","","","","","EAS00099-14","20190911","1","","","","","","0","0","1","0","0","0","1","0","0","0","0","0","0","0",0,0,0,"0",0,0,0,0,0,0,0,0,0,0,0,0,0,0,"0",0,1,0,4,0,0,0,0,0,0,0,0,0,0,0,0,"1",0,0,0,"0",0,0,0,0,"0",0,0,0,0,0,0,0,0,0,0,0,0,0,0,0,"0","0","1","0","0","0","0","0","0","0","0","0","0","0","0","0","0","0","0","0","0","0","0","0","1","0","0","0","1","1","0","0","0","0","0","0","0","0","0","0","0","0","0","0","0","0","0","0","0","0","0","1","0","0","1","1","0","0","0","0","0","0","0","0","0","0","0","0","0","0","0","0","0","0","0","0","0","0","0","0","0","0","0","0","0","0","0","0","0","0","0","0","1","201911","202204","2062"
"6243312","530010","70390908","04893562000162","3","1","00000000000000","","","","0015","","0","E","","","04","","03","36","04","","99","","","","","","","","LICENCA SANITARIA","20210624","1","","","","","","0","0","1","0","0","0","1","0","0","0","0","0","0","0",0,0,0,"0",0,0,0,0,0,0,0,0,0,0,0,0,0,0,"0",0,0,0,1,0,0,0,0,0,0,0,0,0,0,0,0,"1",0,0,0,"0",0,0,0,0,"0",0,0,0,0,0,0,0,0,0,0,0,0,0,0,0,"0","0","1","0","0","0","0","0","0","0","0","0","0","0","0","0","0","0","0","0","0","0","0","0","1","1","0","0","1","1","0","0","0","0","0","0","0","0","0","0","0","0","0","0","0","0","0","0","0","0","0","1","0","0","1","1","0","0","0","0","0","0","0","0","0","0","0","0","0","0","0","0","0","0","0","0","0","0","0","0","0","0","0","0","0","0","0","0","0","0","0","0","1","202108","202204","2232"
"6243495","530010","70200730","37108388000159","3","1","00000000000000","","","","0010","","1","E","","","04","","03","07","06","","99","001","34770","33300X","","","","","EAS.05020-01","20211220","1","","","","","","0","0","1","0","0","0","1","0","0","1","0","1","0","1",8,75,52,"1",0,0,0,1,0,0,0,0,0,0,1,1,1,5,"1",0,13,0,0,0,0,0,0,0,0,1,0,0,0,0,0,"1",8,10,0,"1",0,0,0,0,"0",0,0,0,0,0,0,0,0,0,0,10,0,0,0,0,"0","1","1","0","0","0","1","0","1","0","1","1","0","0","0","0","0","1","1","1","0","1","1","0","1","1","1","0","1","1","0","0","0","0","0","0","0","0","0","0","0","0","0","1","1","0","0","0","1","0","0","1","0","0","0","1","0","0","1","0","0","0","1","0","0","0","0","0","0","0","0","0","0","0","0","0","0","0","0","0","0","0","0","0","0","0","0","0","0","0","0","0","1","202204","202204","2062"
"6243606","530010","72115700","02928625000143","3","1","00000000000000","","","","","","0","E","","","04","","","22","03","","99","","","","","","","","LAB.05647-01","20210628","1","","","","","","0","0","1","0","0","0","1","0","0","0","0","0","0","0",0,0,0,"0",0,0,0,0,0,0,0,0,0,0,0,0,0,0,"0",0,1,0,0,0,0,0,0,0,0,0,0,0,0,0,0,"1",0,0,0,"0",0,0,0,0,"0",0,0,0,0,0,0,0,0,0,0,0,0,0,0,0,"0","0","0","0","0","0","0","0","0","0","0","0","0","0","0","0","0","0","0","0","0","0","0","0","0","0","0","0","1","1","0","0","0","0","0","0","0","0","0","0","0","0","0","0","0","0","0","0","0","0","0","1","0","0","0","0","0","0","0","0","0","0","0","0","0","0","0","0","0","0","0","0","0","0","0","0","0","0","0","0","0","0","0","0","0","0","0","0","0","0","0","0","1","202107","202204","2062"
"6251080","530010","72405650","10724666000146","3","1","00000000000000","","","","0060","","0","E","","","04","","03","36","03","","99","","","","","","","","ODO.00059-20","20190527","1","","","","","","0","0","1","0","0","0","1","0","0","0","0","0","0","0",0,0,0,"0",0,0,0,0,0,0,0,0,0,0,0,0,0,0,"0",0,0,0,0,0,0,0,0,7,0,0,0,0,0,0,0,"1",0,0,0,"0",0,0,0,0,"0",0,0,0,0,0,0,0,0,0,0,0,0,0,0,0,"0","0","1","0","0","0","0","0","0","0","0","0","0","0","0","0","0","0","0","0","0","0","0","0","1","1","0","0","1","1","0","0","0","0","0","0","0","0","0","0","0","0","0","0","0","0","0","0","0","0","0","1","0","0","0","0","0","0","0","0","0","0","0","0","0","0","0","0","0","0","0","0","0","0","0","0","0","0","0","0","0","0","0","0","0","0","0","0","0","0","0","0","1","201907","202204","2062"
"6251153","530010","71953000","10755672000160","3","1","00000000000000","","","","0180","","0","E","","","04","","01","36","03","","99","","","","","","","","CERTIFICADO LICENCIAMENTO","20200219","1","","","","","","0","0","1","0","0","0","1","0","0","0","0","0","0","0",0,0,0,"0",0,0,0,0,0,0,0,0,0,0,0,0,0,0,"0",0,1,0,0,0,0,0,0,0,0,0,0,0,0,0,0,"1",0,0,0,"0",0,0,0,0,"0",0,0,0,0,0,0,0,0,0,0,0,0,0,0,0,"0","0","1","0","0","0","0","0","0","0","0","0","0","0","0","0","0","0","0","0","0","0","0","0","1","0","0","0","1","1","0","0","0","0","0","0","0","0","0","0","0","0","0","0","0","0","0","0","0","0","0","1","0","0","0","0","0","0","0","0","0","0","0","0","0","0","0","0","0","0","0","0","0","0","0","0","0","0","0","0","0","0","0","0","0","0","0","0","0","0","0","0","1","202008","202204","2062"
"6256015","530010","71020216","10636592000196","3","1","00000000000000","","","","0070","","0","E","","","04","","03","36","04","","99","","","","","","","","LICENCA DE FUNCIONAMENTO","20210730","1","","","","","","0","0","1","0","0","0","1","0","0","0","0","0","0","0",0,0,0,"0",0,0,0,0,0,0,0,0,0,0,0,0,0,0,"0",0,0,0,2,0,0,0,0,0,0,0,0,0,0,0,0,"1",0,0,0,"0",0,0,0,0,"0",0,0,0,0,0,0,0,0,0,0,0,0,0,0,0,"0","0","1","0","0","0","0","0","0","0","0","0","0","0","0","0","0","0","0","0","0","0","0","0","1","0","0","0","1","1","0","0","0","0","0","0","0","0","0","0","0","0","0","0","0","0","0","0","0","0","0","1","0","0","0","1","0","0","0","0","0","0","0","0","0","0","0","0","0","0","0","0","0","0","0","0","0","0","0","0","0","0","0","0","0","0","0","0","0","0","0","0","1","202202","202204","2062"
"6256929","530010","72320563","10668829000110","3","1","00000000000000","","","","0140","","0","E","","","04","","01","04","03","","99","","","","","","","","EAS.00003-18","20191217","1","","","","","","0","0","1","0","0","0","1","0","0","0","0","0","0","0",0,0,0,"0",0,0,0,0,0,0,0,0,0,0,0,0,0,0,"0",1,1,0,1,0,0,0,0,0,0,0,0,0,0,0,0,"1",0,0,0,"0",0,0,0,0,"0",0,0,0,0,0,0,0,0,0,0,0,0,0,0,0,"0","0","1","0","0","0","0","0","0","0","0","0","0","0","0","0","0","0","0","0","0","0","0","0","1","0","0","0","1","1","0","0","0","0","0","0","0","0","0","0","0","0","0","0","0","0","0","0","0","0","0","1","0","0","1","1","0","0","0","0","0","0","0","0","0","0","0","0","0","0","0","0","0","0","0","0","0","0","0","0","0","0","0","0","0","0","0","0","0","0","0","0","1","202101","202204","2062"
"6259316","530010","71926000","00063263000573","3","1","00000000000000","","","","9901","","0","E","","","04","","02","39","03","","99","","","","","","","","LAB.0001.22","20191030","1","","","","","","0","0","1","0","0","0","1","0","0","0","0","0","0","0",0,0,0,"0",0,0,0,0,0,0,0,0,0,0,0,0,0,0,"0",0,0,0,0,0,0,0,0,0,0,0,0,0,0,0,0,"0",0,0,0,"0",0,0,0,0,"0",0,0,0,0,0,0,0,0,0,0,0,0,0,0,0,"0","0","0","0","0","0","0","0","0","0","0","0","0","0","0","0","0","0","0","0","0","0","0","0","0","1","1","0","1","1","0","0","0","0","0","0","0","0","0","0","0","0","0","0","0","0","0","0","0","0","0","0","0","0","0","0","0","0","1","0","0","1","1","0","0","0","0","0","0","0","0","0","0","0","0","0","0","0","0","0","0","0","0","0","0","0","0","0","0","0","0","0","1","202001","202204","2054"
"6266525","530010","71900100","10502921000106","3","1","00000000000000","","","","0180","","0","E","","","04","","03","36","03","","99","","","","","","","","ODO.00016-22","20211107","1","","","","","","0","0","1","0","0","0","1","0","0","0","0","0","0","0",0,0,0,"0",0,0,0,0,0,0,0,0,0,0,0,0,0,0,"0",0,0,0,0,0,0,0,0,3,0,0,0,0,0,0,0,"1",0,0,0,"0",0,0,0,0,"0",0,0,0,0,0,0,0,0,0,0,0,0,0,0,0,"0","0","1","0","0","0","0","0","1","0","0","0","0","0","0","0","0","0","0","0","0","0","0","0","1","1","0","0","1","1","0","0","0","0","0","0","0","0","0","0","0","0","0","0","0","0","0","0","0","0","0","1","0","0","0","1","0","0","0","0","0","0","0","0","0","0","0","0","0","0","0","0","0","0","0","0","0","0","0","0","0","0","0","0","0","0","0","0","0","0","0","0","1","202203","202204","2062"
"6268269","530010","71593600","00000000000000","3","3","00394700000108","","","","9928","","1","E","","","04","","01","02","03","","99","","","","","","","","","","","","","","","","1","0","0","0","0","0","1","0","0","0","0","0","0","0",0,0,0,"0",0,0,0,0,0,0,0,0,0,0,0,0,0,0,"0",9,0,0,5,0,0,0,1,4,0,8,1,0,0,1,0,"1",0,0,0,"0",0,0,0,0,"0",0,0,0,0,0,0,0,0,3,0,0,0,0,0,0,"0","0","1","0","1","0","1","0","1","0","0","0","0","0","0","0","0","0","0","0","0","0","0","0","1","1","1","0","1","1","0","0","0","0","0","0","0","0","0","0","0","0","0","0","0","0","0","0","0","0","1","0","0","0","0","0","0","0","0","0","0","0","0","0","0","0","0","0","0","0","0","0","0","0","0","0","0","0","0","0","0","0","0","0","0","0","0","0","0","0","0","0","1","202203","202204","1023"
"6273904","530010","72465390","09204571000112","3","1","00000000000000","","","","0060","","0","E","","","04","","01","36","03","","99","","","","","","","","ODO.00091-20/2020","20200416","1","","","","","","0","0","1","0","0","0","1","0","0","0","0","0","0","0",0,0,0,"0",0,0,0,0,0,0,0,0,0,0,0,0,0,0,"0",0,0,0,0,0,0,0,0,3,0,0,0,0,0,0,0,"1",0,0,0,"0",0,0,0,0,"0",0,0,0,0,0,0,0,0,0,0,0,0,0,0,0,"0","0","1","0","0","0","0","0","0","0","0","0","0","0","0","0","0","0","0","0","0","0","0","0","1","1","1","0","1","1","0","0","0","0","0","0","0","0","0","0","0","0","0","0","0","0","0","0","0","0","0","1","0","0","0","1","0","0","0","0","0","0","0","0","0","0","0","0","0","0","0","0","0","0","0","0","0","0","0","0","0","0","0","0","0","0","0","0","0","0","0","0","1","202011","202204","2062"
"6276113","530010","70719900","07914395000187","3","1","00000000000000","","","","","","0","E","","","04","","03","22","03","","99","","","","","","","","53354990401","20210506","1","","","","","","0","0","1","0","0","0","1","0","0","0","0","0","0","0",0,0,0,"0",0,0,0,0,0,0,0,0,0,0,0,0,0,0,"0",0,0,0,4,0,0,0,0,0,0,0,0,0,0,0,0,"1",0,0,0,"0",0,0,0,0,"0",0,0,0,0,0,0,0,0,0,0,0,0,0,0,0,"0","0","1","0","0","0","0","0","0","0","0","0","0","0","0","0","0","0","0","0","0","0","0","0","1","0","0","0","1","1","0","0","0","0","0","0","0","0","0","0","0","0","0","0","0","0","0","0","0","0","0","1","0","0","0","1","0","0","0","0","0","0","0","0","0","0","0","0","0","0","0","0","0","0","0","0","0","0","0","0","0","0","0","0","0","0","0","0","0","0","0","0","1","202107","202204","2062"
"6278426","530010","70200700","10493574000100","3","1","00000000000000","","","","","","0","E","","","04","","03","36","03","","99","","","","","","","","","","","","","","","","0","0","1","0","0","0","1","0","0","0","0","0","0","0",0,0,0,"0",0,0,0,0,0,0,0,0,0,0,0,0,0,0,"0",0,1,0,0,0,0,0,0,0,0,0,0,0,0,0,0,"1",0,0,0,"0",0,0,0,0,"0",0,0,0,0,0,0,0,0,0,0,0,0,0,0,0,"0","0","1","0","0","0","0","0","0","0","0","0","0","0","0","0","0","0","0","0","0","0","0","0","1","1","0","0","0","1","0","0","0","0","0","0","0","0","0","0","0","0","0","0","0","0","0","0","0","0","0","1","0","0","0","1","0","0","0","0","0","0","0","0","0","0","0","0","0","0","0","0","0","0","0","0","0","0","0","0","0","0","0","0","0","0","0","0","0","0","0","0","1","202107","202204","2062"
"6283519","530010","72115700","10526599000155","3","1","00000000000000","","","","0180","","0","E","","","04","","03","36","03","","99","","","","","","","","LICENCA SANITARIA","20210112","1","","","","","","0","0","1","0","0","0","1","0","0","0","0","0","0","0",0,0,0,"0",0,0,0,0,0,0,0,0,0,0,0,0,0,0,"0",1,0,0,0,0,0,0,0,0,0,0,0,0,0,0,0,"1",0,0,0,"0",0,0,0,0,"0",0,0,0,0,0,0,0,0,0,0,0,0,0,0,0,"0","0","0","1","0","0","0","0","1","0","0","0","0","0","0","0","0","0","0","1","0","0","0","0","1","1","0","0","1","1","0","0","0","0","0","0","0","0","0","0","0","0","0","0","0","0","0","0","0","0","0","1","0","0","0","1","0","0","0","0","0","0","0","0","0","0","0","0","0","0","0","0","0","0","0","0","0","0","0","0","0","0","0","0","0","0","0","0","0","0","0","0","1","202105","202204","2062"
"6283721","530010","70770560","10689291000120","3","1","00000000000000","","","","0010","","0","E","","","04","","03","04","03","","99","","","","","","","","EAS013302","20200221","1","","","","","","0","0","1","0","0","0","1","0","0","0","0","0","0","0",0,0,0,"0",0,0,0,0,0,0,0,0,0,0,0,0,0,0,"0",0,0,0,1,0,0,0,0,0,0,0,0,0,0,0,0,"1",0,0,0,"0",0,0,0,0,"0",0,0,0,0,0,0,0,0,0,0,0,0,0,0,0,"0","0","1","0","0","0","0","0","0","0","0","0","0","0","0","0","0","0","0","0","0","0","0","0","1","0","0","0","1","1","0","0","0","0","0","0","0","0","0","0","0","0","0","0","0","0","0","0","0","0","0","0","0","0","0","1","0","0","0","0","0","0","0","0","0","0","0","0","0","0","0","0","0","0","0","0","0","0","0","0","0","0","0","0","0","0","0","0","0","0","0","0","1","202005","202204","2062"
"6283764","530010","70715900","04637016000160","3","1","00000000000000","","","","","","0","E","","","04","","01","22","03","","99","","","","","","","","CERTIF LICENCIAMENTO","20181019","1","","","","","","0","0","1","0","0","0","1","0","0","0","0","0","0","0",0,0,0,"0",0,0,0,0,0,0,0,0,0,0,0,0,0,0,"0",0,0,0,0,0,0,0,0,1,0,0,0,0,0,0,0,"1",0,0,0,"0",0,0,0,0,"0",0,0,0,0,0,0,0,0,0,0,0,0,0,0,0,"0","0","0","0","0","0","0","0","0","0","0","0","0","0","0","0","0","0","0","0","0","0","0","0","0","0","0","0","1","1","0","0","0","0","0","0","0","0","0","0","0","0","0","0","0","0","0","0","0","0","0","1","0","0","0","1","0","0","0","0","0","0","0","0","0","0","0","0","0","0","0","0","0","0","0","0","0","0","0","0","0","0","0","0","0","0","0","0","0","0","0","0","1","202101","202204","2062"
"6283799","530010","70710600","07079527000100","3","1","00000000000000","","","","0005","","0","E","","","04","","03","22","03","","99","001","34770","1208403","","","","","EAS-00440-02","20170130","1","","","","","","0","0","1","0","0","0","1","0","0","0","0","0","0","0",0,0,0,"0",0,0,0,0,0,0,0,0,0,0,0,0,0,0,"0",0,1,0,0,0,0,0,0,0,0,0,0,0,0,0,0,"1",0,0,0,"0",0,0,0,0,"0",0,0,0,0,0,0,0,0,0,0,0,0,0,0,0,"0","0","1","0","0","0","0","0","0","0","0","0","0","0","0","0","0","0","0","0","0","0","0","0","1","0","0","0","1","1","0","0","0","0","0","0","0","0","0","0","0","0","0","0","0","0","0","0","0","0","0","1","0","0","1","1","0","0","1","0","0","1","1","0","0","0","0","0","0","0","0","0","0","0","0","0","0","0","0","0","0","0","0","0","0","0","0","0","0","0","0","0","1","202010","202204","2240"
"6285988","530010","72610314","10457717000110","3","1","00000000000000","","","","0130","","0","E","","","04","","01","39","03","","99","","","","","","","","LAB-533922-17/2020","20201208","1","","","","","","0","0","0","0","0","0","0","0","0","0","0","0","0","0",0,0,0,"0",0,0,0,0,0,0,0,0,0,0,0,0,0,0,"0",0,0,0,0,0,0,0,0,0,0,0,0,0,0,0,0,"0",0,0,0,"0",0,0,0,0,"0",0,0,0,0,0,0,0,0,0,0,0,0,0,0,0,"0","0","0","0","0","0","0","0","0","0","0","0","0","0","0","0","0","0","0","0","0","0","0","0","0","1","0","0","1","1","0","0","0","0","0","0","0","0","0","0","0","0","0","0","0","0","0","0","0","0","0","0","0","0","0","0","0","0","1","0","0","0","1","0","0","0","0","0","0","0","0","0","0","0","0","0","0","0","0","0","0","0","0","0","0","0","0","0","0","0","0","0","1","202106","202204","2062"
"6289185","530010","72215066","13519261000164","3","1","00000000000000","","","","0010","","0","E","","","04","","01","04","03","","99","","","","","","","","EAS600305-16","20180513","1","","","","","","0","0","1","0","0","0","1","0","0","0","0","0","0","0",0,0,0,"0",0,0,0,0,0,0,0,0,0,0,0,0,0,0,"1",0,1,0,0,0,0,0,4,0,0,0,0,0,0,0,0,"1",0,0,0,"0",0,0,0,0,"0",0,0,1,0,0,0,0,0,0,0,0,0,0,0,0,"0","0","1","0","0","0","0","0","0","0","1","0","0","0","0","0","0","0","0","1","0","0","0","0","1","0","0","0","1","1","0","0","0","0","0","0","0","0","0","0","0","0","0","0","0","0","0","0","0","0","0","1","0","0","0","0","0","0","0","0","0","0","0","0","0","0","0","0","0","0","0","0","0","0","0","0","0","0","0","0","0","0","0","0","0","0","0","0","0","0","0","0","1","201911","202204","2062"
"6291139","530010","70390095","10352122000109","3","1","00000000000000","","","","0015","","0","E","","","04","","01","04","03","","99","","","","","","","","LICENCA SANITARIA","20180307","1","","","","","","0","0","1","0","0","0","1","0","0","0","0","0","0","0",0,0,0,"0",0,0,0,0,0,0,0,0,0,0,0,0,0,0,"0",1,0,0,0,0,0,0,0,0,0,0,0,0,0,0,0,"1",0,0,0,"0",0,0,0,0,"0",0,0,0,0,0,0,0,0,0,0,0,0,0,0,0,"0","0","1","0","0","0","0","0","0","0","0","0","0","0","0","0","0","0","0","0","0","0","0","0","1","1","0","0","1","1","0","0","0","0","0","0","0","0","0","0","0","0","0","0","0","0","0","0","0","0","0","1","0","0","0","1","0","0","0","0","0","0","0","0","0","0","0","0","0","0","0","0","0","0","0","0","0","0","0","0","0","0","0","0","0","0","0","0","0","0","0","0","1","202204","202204","2062"
"6291147","530010","70200730","09344788000128","3","1","00000000000000","","","","","","0","E","","","04","","03","04","03","","99","","","","","","","","EAS 20058-01","20201221","1","","","","","","0","0","1","0","0","0","1","0","0","0","0","0","0","0",0,0,0,"0",0,0,0,0,0,0,0,0,0,0,0,0,0,0,"0",0,1,0,0,0,0,0,0,0,0,0,0,0,0,0,0,"1",0,0,0,"0",0,0,0,0,"0",0,0,0,0,0,0,0,0,0,0,0,0,0,0,0,"0","0","1","0","0","0","0","0","0","0","0","0","0","0","0","0","0","0","0","0","0","0","0","0","1","1","0","0","1","1","0","0","0","0","0","0","0","0","0","0","0","0","0","0","0","0","0","0","0","0","0","1","0","0","0","1","0","0","0","0","0","0","0","0","0","0","0","0","0","0","0","0","0","0","0","0","0","0","0","0","0","0","0","0","0","0","0","0","0","0","0","0","1","202012","202204","2062"
"6291163","530010","70712000","09211765000145","3","1","00000000000000","","","","0005","","0","E","","","04","","03","22","03","","99","","","","","","","","RLE - VISADF","20210510","1","","","","","","0","0","1","0","0","0","1","0","0","0","0","0","0","0",0,0,0,"0",0,0,0,0,0,0,0,0,0,0,0,0,0,0,"0",0,0,0,1,0,0,0,0,0,0,0,0,0,0,0,0,"1",0,0,0,"0",0,0,0,0,"0",0,0,0,0,0,0,0,0,0,0,0,0,0,0,0,"0","0","1","0","0","0","0","0","0","0","0","0","0","0","0","0","0","0","0","0","0","0","0","0","1","0","0","0","1","1","0","0","0","0","0","0","0","0","0","0","0","0","0","0","0","0","0","0","0","0","0","1","0","0","0","1","0","0","0","0","0","0","0","0","0","0","0","0","0","0","0","0","0","0","0","0","0","0","0","0","0","0","0","0","0","0","0","0","0","0","0","0","1","202112","202204","2062"
"6292259","530010","70673416","10666769000105","3","1","00000000000000","","","","9931","","0","E","","","04","","03","22","03","","99","","","","","","","","EAS.000254896","20210619","1","","","","","","0","0","1","0","0","0","1","0","0","0","0","0","0","0",0,0,0,"0",0,0,0,0,0,0,0,0,0,0,0,0,0,0,"0",0,1,0,0,0,0,0,0,0,0,0,0,0,0,0,0,"1",0,0,0,"0",0,0,0,0,"0",0,0,0,0,0,0,0,0,0,0,0,0,0,0,0,"0","0","1","0","0","0","0","0","1","0","0","0","0","0","0","0","0","0","0","0","0","0","0","0","1","1","0","0","1","1","0","0","0","0","0","0","0","0","0","0","0","0","0","0","0","0","0","0","0","0","0","1","0","0","0","1","0","0","0","0","0","0","0","0","0","0","0","0","0","0","0","0","0","0","0","0","0","0","0","0","0","0","0","0","0","0","0","0","0","0","0","0","1","202201","202204","2062"
"6294448","530010","72110290","10796920000111","3","1","00000000000000","","","","","","0","E","","","04","","03","04","03","","99","","","","","","","","RLE","20180821","1","","","","","","0","0","1","0","0","0","1","0","0","0","0","0","0","0",0,0,0,"0",0,0,0,0,0,0,0,0,0,0,0,0,0,0,"0",0,1,0,6,0,0,0,0,0,0,0,0,0,0,0,0,"1",0,0,0,"0",0,0,0,0,"0",0,0,0,0,0,0,0,0,0,0,0,0,0,0,0,"0","0","1","0","0","0","0","0","0","0","0","0","0","0","0","0","0","0","0","0","0","0","0","0","1","0","0","0","1","1","0","0","0","0","0","0","0","0","0","0","0","0","0","0","0","0","0","0","0","0","0","1","0","0","0","1","0","0","0","0","0","0","0","0","0","0","0","0","0","0","0","0","0","0","0","0","0","0","0","0","0","0","0","0","0","0","0","0","0","0","0","0","1","202204","202204","2062"
"6294553","530010","72115010","05678868000169","3","1","00000000000000","","","","","","0","E","","","04","","01","36","03","","99","","","","","","","","ODO.00139-15","20210527","1","","","","","","0","0","1","0","0","0","1","0","0","0","0","0","0","0",0,0,0,"0",0,0,0,0,0,0,0,0,0,0,0,0,0,0,"0",0,0,0,0,0,0,0,0,2,0,0,0,0,0,0,0,"1",0,0,0,"0",0,0,0,0,"0",0,0,0,0,0,0,0,0,0,0,0,0,0,0,0,"0","0","1","0","0","0","0","0","1","0","0","0","0","0","0","0","0","0","0","0","0","0","0","0","1","1","0","0","1","1","0","0","0","0","0","0","0","0","0","0","0","0","0","0","0","0","0","0","0","0","0","1","0","0","0","0","0","0","0","0","0","0","0","0","0","0","0","0","0","0","0","0","0","0","0","0","0","0","0","0","0","0","0","0","0","0","0","0","0","0","0","0","1","202112","202204","2062"
"6295282","530010","73330002","00718528005160","3","1","00000000000000","","","","0120","","0","E","","","04","","03","39","03","","99","","","","","","","","LAB 00155-08","20210922","1","","","","","","0","0","1","0","0","0","1","0","0","0","0","0","0","0",0,0,0,"0",0,0,0,0,0,0,0,0,0,0,0,0,0,0,"0",0,0,0,0,0,0,0,0,0,0,0,0,0,0,0,0,"0",0,0,0,"0",0,0,0,0,"0",0,0,0,0,0,0,0,0,0,0,0,0,0,0,0,"0","0","1","0","0","0","0","0","0","0","0","0","0","0","0","0","0","0","0","0","0","0","0","0","1","1","0","0","1","1","0","0","0","0","0","0","0","0","0","0","0","0","0","0","0","0","0","0","0","0","0","0","0","0","0","0","0","0","1","0","0","1","1","0","0","0","0","0","0","0","0","0","0","0","0","0","0","0","0","0","0","0","0","0","0","0","0","0","0","0","0","0","1","202112","202204","2054"
"6298478","530010","70710149","00993101000100","3","1","00000000000000","","","","0010","","0","E","","","04","","03","36","03","","99","","","","","","","","RLE@DIGITAL","20220119","1","","","","","","0","0","1","0","0","0","1","0","0","0","0","0","0","0",0,0,0,"0",0,0,0,0,0,0,0,0,0,0,0,0,0,0,"0",0,0,0,0,0,0,0,0,2,0,0,0,0,0,0,0,"1",0,0,0,"0",0,0,0,0,"0",0,0,0,0,0,0,0,0,0,0,0,0,0,0,0,"0","0","1","0","0","0","0","0","1","0","0","0","0","0","0","0","0","0","0","0","0","0","0","0","1","1","0","0","1","1","0","0","0","0","0","0","0","0","0","0","0","0","0","0","0","0","0","0","0","0","0","1","0","0","0","1","0","0","0","0","0","0","0","0","0","0","0","0","0","0","0","0","0","0","0","0","0","0","0","0","0","0","0","0","0","0","0","0","0","0","0","0","1","202202","202204","2062"
"6298486","530010","70333900","07197644000160","3","1","00000000000000","","","","0010","","0","E","","","04","","03","77","04","","99","","","","","","","","LICENCA SANITARIA","20180807","1","","","","","","0","0","1","0","0","0","1","0","0","0","0","0","0","0",0,0,0,"0",0,0,0,0,0,0,0,0,0,0,0,0,0,0,"0",0,0,0,0,0,0,0,0,0,0,0,0,0,0,0,0,"0",0,0,0,"0",0,0,0,0,"0",0,0,0,0,0,0,0,0,0,0,0,0,0,0,0,"0","0","0","0","0","0","1","0","0","0","0","0","0","0","0","0","0","0","0","0","0","0","0","0","1","0","0","0","1","1","0","0","0","0","0","0","0","0","0","0","0","0","0","0","0","0","0","0","0","0","0","0","0","0","0","1","0","0","0","0","0","0","0","0","0","0","0","0","0","0","0","0","0","0","0","0","0","0","0","0","0","0","0","0","0","0","0","0","0","0","0","0","1","201906","202204","2062"
"6298648","530010","72405922","10517345000170","3","1","00000000000000","","","","","","0","E","","","04","","03","36","03","","99","","","","","","","","EAS.0005320","20190614","1","","","","","","0","0","1","0","0","0","1","0","0","0","0","0","0","0",0,0,0,"0",0,0,0,0,0,0,0,0,0,0,0,0,0,0,"0",0,1,0,0,0,0,0,0,0,0,0,0,0,0,0,0,"1",0,0,0,"0",0,0,0,0,"0",0,0,0,0,0,0,0,0,0,0,0,0,0,0,0,"0","0","1","0","0","0","0","0","0","0","0","0","0","0","0","0","0","0","0","0","0","0","0","0","1","0","0","0","1","1","0","0","0","0","0","0","0","0","0","0","0","0","0","0","0","0","0","0","0","0","0","1","0","0","0","1","0","0","0","0","0","0","0","0","0","0","0","0","0","0","0","0","0","0","0","0","0","0","0","0","0","0","0","0","0","0","0","0","0","0","0","0","1","201908","202204","2240"
"6300375","530010","71953000","10817238000168","3","1","00000000000000","","","","9901","61","0","E","","","04","","03","36","03","","99","","","","","","","","EAS 00286-14","20210429","1","","","","","","0","0","1","0","0","0","1","0","0","0","0","0","0","0",0,0,0,"0",0,0,0,0,0,0,0,0,0,0,0,0,0,0,"0",0,1,0,0,0,0,0,0,0,0,0,0,0,0,0,0,"1",0,0,0,"0",0,0,0,0,"0",0,0,0,0,0,0,0,0,0,0,0,0,0,0,0,"0","0","1","0","0","0","0","0","0","1","0","0","0","0","0","0","0","0","0","0","0","0","0","0","1","0","0","0","1","1","0","0","0","0","0","0","0","0","0","0","0","0","0","0","0","0","0","0","0","0","0","1","0","0","0","1","0","0","0","0","0","0","0","0","0","0","0","0","0","0","0","0","0","0","0","0","0","0","0","0","0","0","0","0","0","0","0","0","0","0","0","0","1","202111","202204","2062"
"6304869","530010","71900100","09409306000170","3","1","00000000000000","","","","","","0","E","","","04","","01","22","04","","99","","","","","","","","1172","20210102","1","","","","","","0","0","1","0","0","0","1","0","0","0","0","0","0","0",0,0,0,"0",0,0,0,0,0,0,0,0,0,0,0,0,0,0,"0",0,0,0,0,0,0,0,0,1,0,0,0,0,0,0,0,"1",0,0,0,"0",0,0,0,0,"0",0,0,0,0,0,0,0,0,0,0,0,0,0,0,0,"0","0","1","0","0","0","0","0","0","0","0","0","0","0","0","0","0","0","0","0","0","0","0","0","1","1","0","0","0","1","0","0","0","0","0","0","0","0","0","0","0","0","0","0","0","0","0","0","0","0","0","1","0","0","0","0","0","0","0","0","0","0","0","0","0","0","0","0","0","0","0","0","0","0","0","0","0","0","0","0","0","0","0","0","0","0","0","0","0","0","0","0","1","202108","202204","2062"
"6305008","530010","72405650","00085051268668","1","1","00000000000000","","","","0060","","0","E","","","04","","02","22","03","","99","","","","","","","","ODO-00007-20","20190408","1","","","","","","0","0","1","0","0","0","1","0","0","0","0","0","0","0",0,0,0,"0",0,0,0,0,0,0,0,0,0,0,0,0,0,0,"0",0,0,0,0,0,0,0,0,1,0,0,0,0,0,0,0,"1",0,0,0,"0",0,0,0,0,"0",0,0,0,0,0,0,0,0,0,0,0,0,0,0,0,"0","0","1","0","0","0","0","0","1","0","0","0","0","0","0","0","0","0","0","0","0","0","0","0","1","1","0","0","1","1","0","0","0","0","0","0","0","0","0","0","0","0","0","0","0","0","0","0","0","0","0","1","0","0","0","0","0","0","0","0","0","0","0","0","0","0","0","0","0","0","0","0","0","0","0","0","0","0","0","0","0","0","0","0","0","0","0","0","0","0","0","0","1","201907","202204","4000"
"6308333","530010","72405499","10493037000152","3","1","00000000000000","","","","","","0","E","","","04","","01","36","03","","99","","","","","","","","53202260210","20210131","1","","","","","","0","0","1","0","0","0","1","0","0","0","0","0","0","0",0,0,0,"0",0,0,0,0,0,0,0,0,0,0,0,0,0,0,"0",0,1,0,0,0,0,0,0,0,0,0,0,0,0,0,0,"1",0,0,0,"0",0,0,0,0,"0",0,0,0,0,0,0,0,0,0,0,0,0,0,0,0,"0","0","1","0","0","0","0","0","0","0","0","0","0","0","0","0","0","0","0","0","0","0","0","0","1","1","1","0","1","1","0","0","0","0","0","0","0","0","0","0","0","0","0","0","0","0","0","0","0","0","0","1","0","0","0","1","0","0","0","0","0","0","0","0","0","0","0","0","0","0","0","0","0","0","0","0","0","0","0","0","0","0","0","0","0","0","0","0","0","0","0","0","1","202103","202204","2062"
"6308376","530010","70077900","07555750000179","3","1","00000000000000","","","","","","0","E","","","04","","01","36","03","","99","","","","","","","","ODO OOO47-02","20210722","1","","","","","","0","0","1","0","0","0","1","0","0","0","0","0","0","0",0,0,0,"0",0,0,0,0,0,0,0,0,0,0,0,0,0,0,"0",0,0,0,0,0,0,0,0,1,0,0,0,0,0,0,0,"1",0,0,0,"0",0,0,0,0,"0",0,0,0,0,0,0,0,0,0,0,0,0,0,0,0,"0","0","1","0","0","0","0","0","0","0","0","0","0","0","0","0","0","0","0","0","0","0","0","0","1","1","0","0","1","1","0","0","0","0","0","0","0","0","0","0","0","0","0","0","0","0","0","0","0","0","0","1","0","0","0","0","0","0","0","0","0","0","0","0","0","0","0","0","0","0","0","0","0","0","0","0","0","0","0","0","0","0","0","0","0","0","0","0","0","0","0","0","1","202110","202204","2232"
"6308872","530010","71710500","61486650039047","3","1","00000000000000","","","","","","0","E","","","04","","03","39","03","","99","","","","","","","","","","","","","","","","0","0","1","0","0","0","1","0","0","0","0","0","0","0",0,0,0,"0",0,0,0,0,0,0,0,0,0,0,0,0,0,0,"0",0,0,0,0,0,0,0,1,0,0,0,0,0,0,0,0,"1",0,0,0,"0",0,0,0,0,"0",0,0,0,0,0,0,0,0,1,0,0,0,0,0,0,"0","0","0","0","0","0","0","0","0","0","0","0","0","0","0","0","0","0","1","0","0","0","0","0","1","1","0","0","1","1","0","0","0","0","0","0","0","0","0","0","0","0","0","0","0","0","0","0","0","0","0","0","0","0","0","0","0","0","1","0","0","0","1","0","0","0","0","0","0","0","0","0","0","0","0","0","0","0","0","0","0","0","0","0","0","0","0","0","0","0","0","0","1","202010","202204","2046"
"6308880","530010","70390055","10907704000104","3","1","00000000000000","","","","","","0","E","","","04","","01","22","03","","99","","","","","","","","EAS.03528-01","20200407","1","","","","","","0","0","1","0","0","0","1","0","0","0","0","0","0","0",0,0,0,"0",0,0,0,0,0,0,0,0,0,0,0,0,0,0,"0",0,0,0,1,0,0,0,0,0,0,0,0,0,0,0,0,"1",0,0,0,"0",0,0,0,0,"0",0,0,0,0,0,0,0,0,0,0,0,0,0,0,0,"0","0","1","0","0","0","0","0","0","0","0","0","0","0","0","0","0","0","0","0","0","0","0","0","1","0","0","0","1","1","0","0","0","0","0","0","0","0","0","0","0","0","0","0","0","0","0","0","0","0","0","1","0","0","0","0","0","0","0","0","0","0","0","0","0","0","0","0","0","0","0","0","0","0","0","0","0","0","0","0","0","0","0","0","0","0","0","0","0","0","0","0","1","202204","202204","2062"
"6314120","530010","73021001","00718528005321","3","1","00000000000000","","","","0170","","0","E","","","04","","03","39","03","","99","","","","","","","","LAB- 0005-09","20210827","1","","","","","","0","0","1","0","0","0","1","0","0","0","0","0","0","0",0,0,0,"0",0,0,0,0,0,0,0,0,0,0,0,0,0,0,"0",0,0,0,0,0,0,0,0,0,0,0,0,0,0,0,0,"0",0,0,0,"0",0,0,0,0,"0",0,0,0,0,0,0,0,0,0,0,0,0,0,0,0,"0","0","1","0","0","0","0","0","0","0","0","0","0","0","0","0","0","0","0","0","0","0","0","0","1","1","0","0","1","1","0","0","0","0","0","0","0","0","0","0","0","0","0","0","0","0","0","0","0","0","0","0","0","0","0","0","0","0","1","0","0","1","1","0","0","0","0","0","0","0","0","0","0","0","0","0","0","0","0","0","0","0","0","0","0","0","0","0","0","0","0","0","1","202112","202204","2054"
"6314996","530010","70673416","10530235000149","3","1","00000000000000","","","","","","0","E","","","04","","03","04","03","","99","","","","","","","","EAS.00036-07","20191119","1","","","","","","0","0","1","0","0","0","1","0","0","0","0","0","0","0",0,0,0,"0",0,0,0,0,0,0,0,0,0,0,0,0,0,0,"0",0,6,0,0,0,0,0,0,0,0,0,0,0,0,0,0,"1",0,0,0,"0",0,0,0,0,"0",0,0,0,0,0,0,0,0,0,0,0,0,0,0,0,"0","0","1","0","0","0","0","0","0","0","0","0","0","0","0","0","0","0","0","0","0","0","0","0","1","1","0","0","1","1","0","0","0","0","0","0","0","0","0","0","0","0","0","0","0","0","0","0","0","0","0","1","0","0","0","1","0","0","0","0","0","0","0","0","0","0","0","0","0","0","0","0","0","0","0","0","0","0","0","0","0","0","0","0","0","0","0","0","0","0","0","0","1","202001","202204","2062"
"6323863","530010","70756050","10677932000127","3","1","00000000000000","","","","","","0","E","","","04","","03","22","03","","99","","","","","","","","LICENCA SANITARIA","20211021","1","","","","","","0","0","1","0","0","0","1","0","0","0","0","0","0","0",0,0,0,"0",0,0,0,0,0,0,0,0,0,0,0,0,0,0,"0",1,0,0,0,0,0,0,0,0,0,0,0,0,0,0,0,"1",0,0,0,"0",0,0,0,0,"0",0,0,0,0,0,0,0,0,0,0,0,0,0,0,0,"0","0","1","0","0","0","0","0","0","0","0","0","0","0","0","0","0","0","0","0","0","0","0","0","1","0","1","0","1","1","0","0","0","0","0","0","0","0","0","0","0","0","0","0","0","0","0","0","0","0","0","1","0","0","0","1","0","0","0","0","0","0","0","0","0","0","0","0","0","0","0","0","0","0","0","0","0","0","0","0","0","0","0","0","0","0","0","0","0","0","0","0","1","202111","202204","2135"
"6323928","530010","70077000","10243077000146","3","1","00000000000000","","","","0010","","0","E","","","04","","03","22","03","","99","","","","","","","","EAS 0606-02","20170123","1","","","","","","0","0","1","0","0","0","1","0","0","0","0","0","0","0",0,0,0,"0",0,0,0,0,0,0,0,0,0,0,0,0,0,0,"0",1,0,0,0,0,0,0,0,0,0,0,0,0,0,0,0,"1",0,0,0,"0",0,0,0,0,"0",0,0,0,0,0,0,0,0,0,0,0,0,0,0,0,"0","0","1","0","0","0","0","0","0","0","0","0","0","0","0","0","0","0","0","0","0","0","0","0","1","0","0","0","1","1","0","0","0","0","0","0","0","0","0","0","0","0","0","0","0","0","0","0","0","0","0","1","0","0","0","1","0","0","0","0","0","0","0","0","0","0","0","0","0","0","0","0","0","0","0","0","0","0","0","0","0","0","0","0","0","0","0","0","0","0","0","0","1","201902","202204","2062"
"6323995","530010","72115580","10321764000132","3","1","00000000000000","","","","","","0","E","","","04","","03","36","04","","99","","","","","","","","EAS .00240-15","20180913","1","","","","","","0","0","1","0","0","0","1","0","0","0","0","0","0","0",0,0,0,"0",0,0,0,0,0,0,0,0,0,0,0,0,0,0,"0",0,2,0,2,0,0,0,0,0,0,0,0,0,0,0,0,"1",0,0,0,"0",0,0,0,0,"0",0,0,0,0,0,0,0,0,0,0,0,0,0,0,0,"0","0","1","0","0","0","0","0","0","0","0","0","0","0","0","0","0","0","0","0","0","0","0","0","1","1","0","0","1","1","0","0","0","0","0","0","0","0","0","0","0","0","0","0","0","0","0","0","0","0","0","1","0","0","1","1","0","0","0","0","0","0","0","0","0","0","0","0","0","0","0","0","0","0","0","0","0","0","0","0","0","0","0","0","0","0","0","0","0","0","0","0","1","201908","202204","2062"
"6324029","530010","70710146","10674090000150","3","1","00000000000000","","","","0010","","0","E","","","04","","03","22","01","","99","","","","","","","","EAS 00285-02","20180912","1","","","","","","0","0","1","0","0","0","1","0","0","0","0","0","0","0",0,0,0,"0",0,0,0,0,0,0,0,0,0,0,0,0,0,0,"0",0,1,0,0,0,0,0,0,0,0,0,0,0,0,0,0,"1",0,0,0,"0",0,0,0,0,"0",0,0,0,0,0,0,0,0,0,0,0,0,0,0,0,"0","0","1","0","0","0","0","0","0","0","0","0","0","0","0","0","0","0","0","0","0","0","0","0","1","1","0","0","1","1","0","0","0","0","0","0","0","0","0","0","0","0","0","0","0","0","0","0","0","0","0","1","0","0","0","1","0","0","0","0","0","0","0","0","0","0","0","0","0","0","0","0","0","0","0","0","0","0","0","0","0","0","0","0","0","0","0","0","0","0","0","0","1","201909","202204","2062"
"6325017","530010","70308000","10853107000136","3","1","00000000000000","","","","0010","","0","E","","","04","","01","36","03","","99","","","","","","","","2VLT31","20200519","2","","","","","","0","0","1","0","0","0","1","0","0","1","0","0","0","1",0,1,0,"1",0,0,0,0,0,0,0,0,0,0,0,0,0,0,"0",1,0,0,0,0,0,0,0,0,0,0,0,0,0,0,0,"1",0,0,0,"0",0,0,0,0,"0",0,0,0,0,0,0,0,0,0,0,0,0,0,0,0,"0","0","1","0","0","0","0","0","0","0","0","0","0","0","0","0","0","0","0","1","0","0","0","0","1","0","0","0","1","1","0","0","0","0","0","0","0","0","0","0","0","0","0","0","0","0","0","0","0","0","0","1","0","0","0","1","0","0","0","0","0","0","0","0","0","0","0","0","0","0","0","0","0","0","0","0","0","0","0","0","0","0","0","0","0","0","0","0","0","0","0","0","1","202008","202204","2062"
"6330932","530010","71572707","10577312000116","3","1","00000000000000","","","","0110","","0","E","","","04","","01","39","03","","99","","","","","","","","0001705","20200605","1","","","","","","0","0","1","0","0","0","1","0","0","0","0","0","0","0",0,0,0,"0",0,0,0,0,0,0,0,0,0,0,0,0,0,0,"1",0,0,5,0,0,0,0,0,0,0,0,0,0,0,0,0,"1",0,0,0,"0",0,0,0,0,"0",0,0,0,0,1,0,0,0,0,0,0,0,0,0,0,"0","0","0","0","0","0","0","0","1","0","0","0","0","0","0","0","0","0","0","0","0","0","0","0","1","1","0","0","1","1","0","0","0","0","0","0","0","0","0","0","0","0","0","0","0","0","0","0","0","0","0","0","0","0","0","0","0","0","1","0","0","0","0","0","0","0","0","0","0","0","0","0","0","0","0","0","0","0","0","0","0","0","0","0","0","0","0","0","0","0","0","0","1","202107","202204","2062"
"6331084","530010","70710146","10852801000139","3","1","00000000000000","","","","0005","","0","E","","","04","","01","36","03","","99","","","","","","","","20171401089767","20180412","1","","","","","","0","0","1","0","0","0","1","0","0","0","0","0","0","0",0,0,0,"0",0,0,0,0,0,0,0,0,0,0,0,0,0,0,"0",0,0,0,1,0,0,0,0,0,0,0,0,0,0,0,0,"1",0,0,0,"0",0,0,0,0,"0",0,0,0,0,0,0,0,0,0,0,0,0,0,0,0,"0","0","1","0","0","0","0","0","0","0","0","0","0","0","0","0","0","0","0","0","0","0","0","0","1","0","0","0","1","1","0","0","0","0","0","0","0","0","0","0","0","0","0","0","0","0","0","0","0","0","0","1","0","0","0","0","0","0","0","0","0","0","0","0","0","0","0","0","0","0","0","0","0","0","0","0","0","0","0","0","0","0","0","0","0","0","0","0","0","0","0","0","1","202103","202204","2062"
"6331165","530010","70711905","09456683000160","3","1","00000000000000","","","","0005","","0","E","","","04","","03","22","03","","99","","","","","","","","00530-02","20190124","1","","","","","","0","0","1","0","0","0","1","0","0","0","0","0","0","0",0,0,0,"0",0,0,0,0,0,0,0,0,0,0,0,0,0,0,"0",0,0,0,0,0,0,0,0,1,0,0,0,0,0,0,0,"1",0,0,0,"0",0,0,0,0,"0",0,0,0,0,0,0,0,0,0,0,0,0,0,0,0,"0","0","0","0","0","0","0","0","0","0","0","0","0","0","0","0","0","0","0","1","0","0","0","0","1","1","0","0","1","1","0","0","0","0","0","0","0","0","0","0","0","0","0","0","0","0","0","0","0","0","0","1","0","0","1","1","0","0","0","0","0","0","0","0","0","0","0","0","0","0","0","0","0","0","0","0","0","0","0","0","0","0","0","0","0","0","0","0","0","0","0","0","1","201909","202204","2305"
"6331661","530010","70386000","01266884000193","3","1","00000000000000","","","","0015","","0","E","","","04","","01","36","03","","99","","","","","","","","EAS 02172-01","20190411","1","","","","","","0","0","1","0","0","0","1","0","0","0","0","0","0","0",0,0,0,"0",0,0,0,0,0,0,0,0,0,0,0,0,0,0,"0",1,0,0,0,0,0,0,0,0,0,0,0,0,0,0,0,"1",0,0,0,"0",0,0,0,0,"0",0,0,0,0,0,0,0,0,0,0,0,0,0,0,0,"0","0","0","0","0","0","0","0","0","0","0","0","0","0","0","0","0","0","0","0","0","0","0","0","0","0","0","0","1","1","0","0","0","0","0","0","0","0","0","0","0","0","0","0","0","0","0","0","0","0","0","1","0","0","0","1","0","0","0","0","0","0","0","0","0","0","0","0","0","0","0","0","0","0","0","0","0","0","0","0","0","0","0","0","0","0","0","0","0","0","0","0","1","201910","202204","2240"
"6335683","530010","72610321","00718528005240","3","1","00000000000000","","","","0130","","0","E","","","04","","01","39","03","","99","","","","","","","","LAB.219831-17","20210527","1","","","","","","0","0","1","0","0","0","1","0","0","0","0","0","0","0",0,0,0,"0",0,0,0,0,0,0,0,0,0,0,0,0,0,0,"0",0,0,0,0,0,0,0,0,0,0,0,0,0,0,0,0,"0",0,0,0,"0",0,0,0,0,"0",0,0,0,0,0,0,0,0,0,0,0,0,0,0,0,"0","0","1","0","0","0","0","0","0","0","0","0","0","0","0","0","0","0","0","0","0","0","0","0","1","1","0","0","1","1","0","0","0","0","0","0","0","0","0","0","0","0","0","0","0","0","0","0","0","0","0","0","0","0","0","0","0","0","1","0","0","1","1","0","0","0","0","0","0","0","0","0","0","0","0","0","0","0","0","0","0","0","0","0","0","0","0","0","0","0","0","0","1","202108","202204","2054"
"6337139","530010","72215206","09688510000178","3","1","00000000000000","","","","","","0","E","","","04","","01","04","04","","99","","","","","","","","LICENCA SANITARIA","20200805","1","","","","","","0","0","1","0","0","0","1","0","0","0","0","0","0","0",0,0,0,"0",0,0,0,0,0,0,0,0,0,0,0,0,0,0,"0",6,26,0,8,0,0,0,0,0,0,0,0,0,0,0,0,"1",0,0,0,"0",0,0,0,0,"0",0,0,0,0,0,0,0,0,0,0,0,0,0,0,0,"0","0","1","0","0","0","0","0","0","0","0","0","0","0","0","0","0","0","0","0","0","0","0","0","1","1","0","0","1","1","0","0","0","0","0","0","0","0","0","0","0","0","0","0","0","0","0","0","0","0","0","1","0","0","0","0","0","0","0","0","0","0","0","0","0","0","0","0","0","0","0","0","0","0","0","0","0","0","0","0","0","0","0","0","0","0","0","0","0","0","0","0","1","202012","202204","2062"
"6349463","530010","71919180","00718528005089","3","1","00000000000000","","","","0180","","0","E","","","04","","03","39","03","","99","","","","","","","","LAB 0000422","20211028","1","","","","","","0","0","1","0","0","0","1","0","0","0","0","0","0","0",0,0,0,"0",0,0,0,0,0,0,0,0,0,0,0,0,0,0,"0",0,0,0,0,0,0,0,0,0,0,0,1,0,0,0,0,"1",0,0,0,"0",0,0,0,0,"0",0,0,0,0,0,0,0,0,0,0,0,0,0,0,0,"0","0","1","0","0","0","0","0","0","0","0","0","0","0","0","0","0","0","0","0","0","0","0","0","1","1","0","0","1","1","0","0","0","0","0","0","0","0","0","0","0","0","0","0","0","0","0","0","0","0","0","0","0","0","0","0","0","0","1","0","0","1","1","0","0","0","0","0","0","0","0","0","0","0","0","0","0","0","0","0","0","0","0","0","0","0","0","0","0","0","0","0","1","202112","202204","2054"
"6349544","530010","71900100","61486650026492","3","1","00000000000000","","","","","","0","E","","","04","","03","39","03","","99","","","","","","","","","","","","","","","","0","0","1","0","0","0","1","0","0","0","0","0","0","0",0,0,0,"0",0,0,0,0,0,0,0,0,0,0,0,0,0,0,"0",0,0,0,0,0,0,0,1,0,0,0,0,0,0,0,0,"1",0,0,0,"0",0,0,0,0,"0",0,0,0,0,0,0,0,0,1,0,0,0,0,0,0,"0","0","0","0","0","0","0","0","0","0","0","0","0","0","0","0","0","0","1","0","0","0","0","0","1","1","0","0","1","1","0","0","0","0","0","0","0","0","0","0","0","0","0","0","0","0","0","0","0","0","0","0","0","0","0","0","0","0","1","0","0","0","1","0","0","0","0","0","0","0","0","0","0","0","0","0","0","0","0","0","0","0","0","0","0","0","0","0","0","0","0","0","1","202010","202204","2046"
"6351883","530010","70715900","08856792000102","3","1","00000000000000","","","","0005","","0","E","","","04","","01","36","03","","99","","","","","","","","ODO 0017802","20220130","1","","","","","","0","0","1","0","0","0","1","0","0","0","0","0","0","0",0,0,0,"0",0,0,0,0,0,0,0,0,0,0,0,0,0,0,"0",0,0,0,0,0,0,0,0,4,0,0,0,0,0,0,0,"1",0,0,0,"0",0,0,0,0,"0",0,0,0,0,0,0,0,0,0,0,0,0,0,0,0,"0","0","1","0","0","0","0","0","1","0","0","0","0","0","0","0","0","0","0","0","0","0","0","0","1","1","0","0","1","1","0","0","0","0","0","0","0","0","0","0","0","0","0","0","0","0","0","0","0","0","0","1","0","0","0","1","0","0","0","0","0","0","0","0","0","0","0","0","0","0","0","0","0","0","0","0","0","0","0","0","0","0","0","0","0","0","0","0","0","0","0","0","1","202202","202204","2062"
"6352340","530010","70673416","10916331000120","3","1","00000000000000","","","","9931","","0","E","","","04","","03","04","03","","99","","","","","","","","EAS.00058-07","20210727","1","","","","","","0","0","1","0","0","0","1","0","0","0","0","0","0","0",0,0,0,"0",0,0,0,0,0,0,0,0,0,0,0,0,0,0,"0",2,0,0,1,0,0,0,0,0,0,0,0,0,0,0,0,"1",0,0,0,"0",0,0,0,0,"0",0,0,0,0,0,0,0,0,0,0,0,0,0,0,0,"0","0","1","0","0","0","0","0","0","0","0","0","0","0","0","0","0","0","0","0","0","0","0","0","1","1","0","0","1","1","0","0","0","0","0","0","0","0","0","0","0","0","0","0","0","0","0","0","0","0","0","1","0","0","1","1","0","0","0","0","0","0","0","0","0","0","0","0","0","0","0","0","0","0","0","0","0","0","0","0","0","0","0","0","0","0","0","0","0","0","0","0","1","202201","202204","2062"
"6354955","530010","70390095","10846439000193","3","1","00000000000000","","","","0015","","0","E","","","04","","01","39","03","","99","","","","","","","","LAB 05685-01","20190912","1","","","","","","0","0","1","0","0","0","1","0","0","0","0","0","0","0",0,0,0,"0",0,0,0,0,0,0,0,0,0,0,0,0,0,0,"0",0,0,0,0,0,0,0,0,0,0,0,0,0,0,0,0,"0",0,0,0,"0",0,0,0,0,"0",0,0,0,0,0,0,0,0,0,0,0,0,0,0,0,"0","0","1","0","0","0","0","0","0","0","0","0","0","0","0","0","0","0","0","0","0","0","0","0","1","1","0","0","1","1","0","0","0","0","0","0","0","0","0","0","0","0","0","0","0","0","0","0","0","0","0","0","0","0","0","0","0","0","1","0","0","1","1","0","0","0","0","0","0","0","0","0","0","0","0","0","0","0","0","0","0","0","0","0","0","0","0","0","0","0","0","0","1","201909","202204","2062"
"6358667","530010","71065620","11023583000192","3","1","00000000000000","","","","0070","","0","E","","","04","","01","22","03","","99","","","","","","","","LICENCIMAENTO","20200724","1","","","","","","0","0","1","0","0","0","1","0","0","0","0","0","0","0",0,0,0,"0",0,0,0,0,0,0,0,0,0,0,0,0,0,0,"0",0,0,0,1,0,0,0,0,0,0,0,0,0,0,0,0,"1",0,0,0,"0",0,0,0,0,"0",0,0,0,0,0,0,0,0,0,0,0,0,0,0,0,"0","0","0","1","0","0","0","0","0","0","0","0","0","0","0","0","0","0","0","0","0","0","0","0","1","0","0","0","1","1","0","0","0","0","0","0","0","0","0","0","0","0","0","0","0","0","0","0","0","0","0","0","0","0","0","1","0","0","0","0","0","0","0","0","0","0","0","0","0","0","0","0","0","0","0","0","0","0","0","0","0","0","0","0","0","0","0","0","0","0","0","0","1","202010","202204","2062"
"6362710","530010","70390904","03496858000853","3","1","00000000000000","","","","0015","","0","E","","","04","","03","69","03","","99","","","","","","","","HEM.05234-01","20210319","","","","","","","0","0","0","0","0","0","0","0","0","0","0","0","0","0",0,0,0,"0",0,0,0,0,0,0,0,0,0,0,0,0,0,0,"0",0,0,0,0,0,0,0,0,0,0,0,0,0,0,0,0,"0",0,0,0,"0",0,0,0,0,"0",0,0,0,0,0,0,0,0,0,0,0,0,0,0,0,"0","0","0","0","0","0","0","0","0","0","0","0","0","0","0","0","0","0","0","1","0","0","0","0","1","1","1","0","1","1","0","0","0","0","0","1","0","0","0","0","0","0","1","0","0","0","0","0","0","0","0","0","0","0","0","0","0","0","1","0","0","1","1","0","0","0","0","0","0","0","0","0","0","0","0","0","0","0","0","0","0","0","0","0","0","0","0","0","0","0","0","0","1","202104","202204","2062"
"6362729","530010","70310500","00394502006002","3","1","00000000000000","","","","0010","","0","E","","","04","","01","05","06","","99","","","","","","","","","","1","","","","","","0","0","0","0","0","0","0","0","0","1","0","0","0","1",0,11,0,"1",0,0,0,0,0,0,0,0,1,0,0,0,0,2,"1",1,11,0,3,0,0,0,0,1,0,0,0,0,0,1,0,"1",3,1,0,"1",0,0,0,0,"0",0,0,0,0,0,0,0,0,0,0,0,0,0,0,0,"0","1","1","0","0","0","1","0","1","0","1","0","0","0","0","0","1","0","0","0","1","0","0","0","1","1","0","0","1","1","0","0","0","0","0","0","0","0","0","0","0","0","0","0","0","0","0","1","0","0","0","0","0","0","0","0","0","0","0","0","0","0","0","0","0","0","0","0","0","0","0","0","0","0","0","0","0","0","0","0","0","0","0","0","0","0","0","0","0","0","0","0","1","202203","202204","1015"
"6362745","530010","70340907","10714354000151","3","1","00000000000000","","","","0015","","0","E","","","04","","01","36","03","","99","","","","","","","","ODO 01625-01","20190308","1","","","","","","0","0","1","0","0","0","1","0","0","0","0","0","0","0",0,0,0,"0",0,0,0,0,0,0,0,0,0,0,0,0,0,0,"0",0,0,0,0,0,0,0,0,1,0,0,0,0,0,0,0,"1",0,0,0,"0",0,0,0,0,"0",0,0,0,0,0,0,0,0,0,0,0,0,0,0,0,"0","0","1","0","0","0","0","0","1","0","0","0","0","0","0","0","0","0","0","0","0","0","0","0","1","1","0","0","1","1","0","0","0","0","0","0","0","0","0","0","0","0","0","0","0","0","0","0","0","0","0","1","0","0","0","0","0","0","0","0","0","0","0","0","0","0","0","0","0","0","0","0","0","0","0","0","0","0","0","0","0","0","0","0","0","0","0","0","0","0","0","0","1","202107","202204","2232"
"6362842","530010","71572700","10468398000149","3","1","00000000000000","","","","0110","","0","E","","","04","","03","04","03","","99","","","","","","","","ODO.005-05","20211018","1","","","","","","0","0","1","0","0","0","1","0","0","0","0","0","0","0",0,0,0,"0",0,0,0,0,0,0,0,0,0,0,0,0,0,0,"0",0,0,0,2,0,0,0,0,3,0,0,0,0,0,0,0,"1",0,0,0,"0",0,0,0,0,"0",0,0,0,0,0,0,0,0,0,0,0,0,0,0,0,"0","0","1","0","0","0","0","0","1","0","0","0","0","0","0","0","0","0","0","0","0","0","0","0","1","1","0","0","1","1","0","0","0","0","0","0","0","0","0","0","0","0","0","0","0","0","0","0","0","0","0","1","0","0","0","1","0","0","0","0","0","0","0","0","0","0","0","0","0","0","0","0","0","0","0","0","0","0","0","0","0","0","0","0","0","0","0","0","0","0","0","0","1","202203","202204","2305"
"6372465","530010","70390108","02948783000165","3","1","00000000000000","","","","0010","","0","E","","","04","","03","22","03","","99","","","","","","","","EAS 02774-01","20190319","1","","","","","","0","0","1","0","0","0","1","0","0","0","0","0","0","0",0,0,0,"0",0,0,0,0,0,0,0,0,0,0,0,0,0,0,"0",1,0,0,0,0,0,0,0,0,0,0,0,0,0,0,0,"1",0,0,0,"0",0,0,0,0,"0",0,0,0,0,0,0,0,0,0,0,0,0,0,0,0,"0","0","1","0","0","0","0","0","0","0","0","0","0","0","0","0","0","0","0","0","0","0","0","0","1","1","0","0","1","1","0","0","0","0","0","0","0","0","0","0","0","0","0","0","0","0","0","0","0","0","0","1","0","0","0","0","0","0","0","0","0","0","0","0","0","0","0","0","0","0","0","0","0","0","0","0","0","0","0","0","0","0","0","0","0","0","0","0","0","0","0","0","1","202001","202204","2240"
"6372481","530010","70078900","10837973000133","3","1","00000000000000","","","","0015","","0","E","","","04","","03","22","03","","99","","","","","","","","ODO 0161501","20180318","1","","","","","","0","0","1","0","0","0","1","0","0","0","0","0","0","0",0,0,0,"0",0,0,0,0,0,0,0,0,0,0,0,0,0,0,"0",0,0,0,0,0,0,0,0,2,0,0,0,0,0,0,0,"1",0,0,0,"0",0,0,0,0,"0",0,0,0,0,0,0,0,0,0,0,0,0,0,0,0,"0","0","1","0","0","0","0","0","0","0","0","0","0","0","0","0","0","0","0","0","0","0","0","0","1","0","0","0","1","1","0","0","0","0","0","0","0","0","0","0","0","0","0","0","0","0","0","0","0","0","0","0","0","0","0","1","0","0","0","0","0","0","0","0","0","0","0","0","0","0","0","0","0","0","0","0","0","0","0","0","0","0","0","0","0","0","0","0","0","0","0","0","1","202009","202204","2062"
"6381065","530010","71710585","10563544000115","3","1","00000000000000","","","","","","0","E","","","04","","01","04","03","","99","","","","","","","","0004-11","20181213","1","","","","","","0","0","1","0","0","0","1","0","0","0","0","0","0","0",0,0,0,"0",0,0,0,0,0,0,0,0,0,0,0,0,0,0,"0",0,7,0,0,0,0,0,0,0,0,1,0,0,0,0,0,"1",0,0,0,"0",0,0,0,0,"0",0,0,0,0,0,0,0,0,0,0,0,0,0,0,0,"0","0","1","0","0","0","0","0","0","0","0","0","0","0","0","0","0","0","0","0","0","0","0","0","1","0","0","0","1","1","0","0","0","0","0","0","0","0","0","0","0","0","0","0","0","0","0","0","0","0","0","1","0","0","0","1","0","0","0","0","0","0","0","0","0","0","0","0","0","0","0","0","0","0","0","0","0","0","0","0","0","0","0","0","0","0","0","0","0","0","0","0","1","201903","202204","2062"
"6381278","530010","70710100","10269366000114","3","1","00000000000000","","","","","","0","E","","","04","","01","22","03","","99","","","","","","","","EAS.00355-07","20190711","","","","","","","0","0","1","0","0","0","1","0","0","0","0","0","0","0",0,0,0,"0",0,0,0,0,0,0,0,0,0,0,0,0,0,0,"0",0,0,0,1,0,0,0,0,0,0,0,0,0,0,0,0,"1",0,0,0,"0",0,0,0,0,"0",0,0,0,0,0,0,0,0,0,0,0,0,0,0,0,"0","0","1","0","0","0","0","0","0","0","0","0","0","0","0","0","0","0","0","0","0","0","0","0","1","0","0","0","1","1","0","0","0","0","0","0","0","0","0","0","0","0","0","0","0","0","0","0","0","0","0","1","0","0","0","0","0","0","0","0","0","0","0","0","0","0","0","0","0","0","0","0","0","0","0","0","0","0","0","0","0","0","0","0","0","0","0","0","0","0","0","0","1","201912","202204","2062"
"6381677","530010","70390904","08835532000150","3","1","00000000000000","","","","0015","","0","E","","","04","","03","36","03","","99","","","","","","","","EAS 02899-01","20210804","1","","","","","","0","0","1","0","0","0","1","0","0","0","0","0","0","0",0,0,0,"0",0,0,0,0,0,0,0,0,0,0,0,0,0,0,"0",1,0,0,0,0,0,0,0,0,0,0,0,0,0,0,0,"1",0,0,0,"0",0,0,0,0,"0",0,0,0,0,0,0,0,0,0,0,0,0,0,0,0,"0","0","1","0","0","0","0","0","0","0","0","0","0","0","0","0","0","0","0","0","0","0","0","0","1","1","0","0","1","1","0","0","0","0","0","0","0","0","0","0","0","0","0","0","0","0","0","0","0","0","0","1","0","0","0","1","0","0","0","0","0","0","0","0","0","0","0","0","0","0","0","0","0","0","0","0","0","0","0","0","0","0","0","0","0","0","0","0","0","0","0","0","1","202110","202204","2062"
"6381685","530010","70331510","10242413000136","3","1","00000000000000","","","","","","0","E","","","04","","01","36","03","","99","","","","","","","","LPI.08025-1","20210504","1","","","","","","0","0","1","0","0","0","1","0","0","0","0","0","0","0",0,0,0,"0",0,0,0,0,0,0,0,0,0,0,0,0,0,0,"0",0,3,0,0,0,0,0,0,0,0,0,0,0,0,0,0,"1",0,0,0,"0",0,0,0,0,"0",0,0,0,0,0,0,0,0,0,0,0,0,0,0,0,"0","0","1","0","0","0","0","1","0","0","1","0","0","0","0","0","0","1","1","0","0","1","0","0","1","0","0","0","1","1","0","0","0","0","0","0","0","0","0","0","0","0","0","0","0","0","0","0","0","0","0","1","0","0","0","0","0","0","0","0","0","0","0","0","0","0","0","0","0","0","0","0","0","0","0","0","0","0","0","0","0","0","0","0","0","0","0","0","0","0","0","0","1","202105","202204","2062"
"6381707","530010","70390108","00718528005674","3","1","00000000000000","","","","0010","","0","E","","","04","","03","39","03","","99","","","","","","","","LAB 05686-01","20210323","1","","","","","","0","0","1","0","0","0","1","0","0","0","0","0","0","0",0,0,0,"0",0,0,0,0,0,0,0,0,0,0,0,0,0,0,"0",0,0,0,0,0,0,0,0,0,0,0,0,0,0,0,0,"0",0,0,0,"0",0,0,0,0,"0",0,0,0,0,0,0,0,0,0,0,0,0,0,0,0,"0","0","1","0","0","0","0","0","0","0","0","0","0","0","0","0","0","0","0","0","0","0","0","0","1","1","0","0","1","1","0","0","0","0","0","0","0","0","0","0","0","0","0","0","0","0","0","0","0","0","0","0","0","0","0","0","0","0","1","0","0","1","1","0","0","0","0","0","0","0","0","0","0","0","0","0","0","0","0","0","0","0","0","0","0","0","0","0","0","0","0","0","1","202201","202204","2054"
"6384072","530010","70770568","11063576000114","3","1","00000000000000","","","","0005","","0","E","","","04","","03","04","03","","99","","","","","","","","EAS 000280-02","20190703","1","","","","","","0","0","1","0","0","0","1","0","0","0","0","0","0","0",0,0,0,"0",0,0,0,0,0,0,0,0,0,0,0,0,0,0,"0",0,5,0,6,0,0,0,0,0,0,0,0,0,0,0,0,"1",0,0,0,"0",0,0,0,0,"0",0,0,0,0,0,0,0,0,0,0,0,0,0,0,0,"0","0","1","0","0","0","0","0","0","0","0","0","0","0","0","0","0","0","0","0","0","0","0","0","1","0","0","0","1","1","0","0","0","0","0","0","0","0","0","0","0","0","0","0","0","0","0","0","0","0","0","1","0","0","0","1","0","0","0","0","0","0","0","0","0","0","0","0","0","0","0","0","0","0","0","0","0","0","0","0","0","0","0","0","0","0","0","0","0","0","0","0","1","201911","202204","2062"
"6384552","530010","72115580","08437977000182","3","1","00000000000000","","","","0180","","0","E","","","04","","01","04","03","","99","","","","","","","","EAS 0064-15/2021","20210510","1","","","","","","0","0","1","0","1","0","1","0","0","0","0","0","0","0",0,0,0,"0",0,0,0,0,0,0,0,0,0,0,0,0,0,0,"0",2,6,0,0,0,0,0,0,0,0,2,0,0,0,0,0,"1",0,0,0,"0",0,0,0,0,"0",0,0,0,0,0,0,0,0,0,0,0,0,0,0,0,"0","0","1","0","0","0","0","0","1","0","0","0","0","0","0","0","1","0","0","0","1","0","0","0","1","0","0","1","1","1","0","0","0","0","0","0","0","0","0","0","0","0","0","0","0","0","0","0","0","0","0","1","0","0","1","1","0","0","0","0","0","0","0","0","0","0","0","0","0","0","0","0","0","0","0","0","0","0","0","0","0","0","0","0","0","0","0","0","0","0","0","0","1","202111","202204","2062"
"6385230","530010","71635600","10836222000100","3","1","00000000000000","","","","0090","","0","E","","","04","","03","36","03","","99","","","","","","","","EAS-00244-03","20180912","1","","","","","","0","0","1","0","0","0","1","0","0","0","0","0","0","0",0,0,0,"0",0,0,0,0,0,0,0,0,0,0,0,0,0,0,"0",0,3,0,0,0,0,0,0,0,0,0,0,0,0,0,0,"1",0,0,0,"0",0,0,0,0,"0",0,0,0,0,0,0,0,0,0,0,0,0,0,0,0,"0","0","1","0","0","0","0","0","0","0","0","0","0","0","0","0","0","0","0","0","0","0","0","0","1","1","0","0","1","1","0","0","0","0","0","0","0","0","0","0","0","0","0","0","0","0","0","0","0","0","0","1","0","0","0","1","0","0","0","0","0","0","0","0","0","0","0","0","0","0","0","0","0","0","0","0","0","0","0","0","0","0","0","0","0","0","0","0","0","0","0","0","1","201909","202204","2062"
"6387527","530010","70390125","00000000000000","3","3","00394700000108","","","","0010","","1","E","","","04","","03","50","03","","99","","","","","","","","","","","","","","","","0","0","0","0","0","0","0","0","0","0","0","0","0","0",0,0,0,"0",0,0,0,0,0,0,0,0,0,0,0,0,0,0,"0",0,0,0,0,0,0,0,0,0,0,0,0,0,0,0,0,"0",0,0,0,"0",0,0,0,0,"0",0,0,0,0,0,0,0,0,0,0,0,0,0,0,0,"0","0","0","0","0","0","0","0","0","0","0","0","0","0","0","0","0","0","0","0","0","0","0","0","0","0","0","0","1","1","0","0","0","0","0","0","0","0","0","0","0","0","0","0","0","0","0","0","0","0","0","0","0","0","0","0","0","0","0","0","0","0","0","0","0","0","0","0","0","0","0","0","0","0","0","0","0","0","1","0","0","0","0","0","0","0","0","0","0","0","0","0","1","202105","202204","1023"
"6389287","530010","70390700","11054360000192","3","1","00000000000000","","","","","","0","E","","","04","","03","36","03","","99","","","","","","","","EAS 02908-01","20200227","1","","","","","","0","0","1","0","0","0","1","0","0","0","0","0","0","0",0,0,0,"0",0,0,0,0,0,0,0,0,0,0,0,0,0,0,"0",0,1,0,0,0,0,0,0,0,0,0,0,0,0,0,0,"1",0,0,0,"0",0,0,0,0,"0",0,0,0,0,0,0,0,0,0,0,0,0,0,0,0,"0","0","1","0","0","0","0","0","0","0","0","0","0","0","0","0","0","0","0","0","0","0","0","0","1","0","0","0","1","1","0","0","0","0","0","0","0","0","0","0","0","0","0","0","0","0","0","0","0","0","0","1","0","0","0","1","0","0","0","0","0","0","0","0","0","0","0","0","0","0","0","0","0","0","0","0","0","0","0","0","0","0","0","0","0","0","0","0","0","0","0","0","1","202003","202204","2062"
"6394590","530010","70660020","02777988000125","3","1","00000000000000","","","","9931","","0","E","","","04","","03","22","03","","99","","","","","","","","","","","","","","","","0","0","1","0","0","0","1","0","0","0","0","0","0","0",0,0,0,"0",0,0,0,0,0,0,0,0,0,0,0,0,0,0,"0",0,0,0,0,0,0,0,0,1,0,0,0,0,0,0,0,"1",0,0,0,"0",0,0,0,0,"0",0,0,0,0,0,0,0,0,0,0,0,0,0,0,0,"0","0","1","0","0","0","0","0","1","0","0","0","0","0","0","0","0","0","0","0","0","0","0","0","1","0","0","0","1","1","0","0","0","0","0","0","0","0","0","0","0","0","0","0","0","0","0","0","0","0","0","1","0","0","0","1","0","0","0","0","0","0","0","0","0","0","0","0","0","0","0","0","0","0","0","0","0","0","0","0","0","0","0","0","0","0","0","0","0","0","0","0","1","202006","202204","2062"
"6399185","530010","70830300","10909624000180","3","1","00000000000000","","","","0010","","0","E","","","04","","01","36","05","","99","","","","","","","","EAS - 00561-02","20200916","1","","","","","","0","0","1","0","0","0","1","0","0","0","0","0","0","0",0,0,0,"0",0,0,0,0,0,0,0,0,0,0,0,0,0,0,"0",0,1,0,0,0,0,0,0,0,0,0,0,0,0,0,0,"1",0,0,0,"0",0,0,0,0,"0",0,0,0,0,0,0,0,0,0,0,0,0,0,0,0,"0","0","1","0","0","0","0","0","0","0","0","0","0","0","0","0","0","0","0","0","0","0","0","0","1","0","0","0","1","1","0","0","0","0","0","0","0","0","0","0","0","0","0","0","0","0","0","0","0","0","0","1","0","0","0","0","0","0","0","0","0","0","0","0","0","0","0","0","0","0","0","0","0","0","0","0","0","0","0","0","0","0","0","0","0","0","0","0","0","0","0","0","1","202111","202204","2240"
"6403743","530010","70390145","10626657000112","3","1","00000000000000","","","","0010","","0","E","","","04","","03","04","03","","99","","","","","","","","EAS 20071-01","20191029","1","","","","","","0","0","1","0","0","0","1","0","0","0","0","0","0","0",0,0,0,"0",0,0,0,0,0,0,0,0,0,0,0,0,0,0,"0",1,0,0,1,0,0,0,0,0,0,0,0,0,0,0,0,"1",0,0,0,"0",0,0,0,0,"0",0,0,0,0,0,0,0,0,0,0,0,0,0,0,0,"0","0","1","0","0","0","0","0","0","0","0","0","0","0","0","0","0","0","0","0","0","0","0","0","1","0","0","0","1","1","0","0","0","0","0","0","0","0","0","0","0","0","0","0","0","0","0","0","0","0","0","1","0","0","0","1","0","0","0","0","0","0","0","0","0","0","0","0","0","0","0","0","0","0","0","0","0","0","0","0","0","0","0","0","0","0","0","0","0","0","0","0","1","202003","202204","2062"
"6408982","530010","70710149","11156515000100","3","1","00000000000000","","","","0010","","0","E","","","04","","03","04","03","","99","","","","","","","","EAS.0105-02","20220105","1","","","","","","0","0","1","0","0","0","1","0","0","0","0","0","0","0",0,0,0,"0",0,0,0,0,0,0,0,0,0,0,0,0,0,0,"0",1,3,0,0,0,0,0,0,0,0,0,0,0,0,0,0,"1",0,0,0,"0",0,0,0,0,"0",0,0,0,0,0,0,0,0,0,0,0,0,0,0,0,"0","0","1","0","0","0","0","0","0","0","0","0","0","0","0","0","0","0","0","1","0","0","0","0","1","1","0","0","1","1","0","0","0","0","0","0","0","0","0","0","0","0","0","0","0","0","0","0","0","0","0","1","0","0","0","1","0","0","0","0","0","0","0","0","0","0","0","0","0","0","0","0","0","0","0","0","0","0","0","0","0","0","0","0","0","0","0","0","0","0","0","0","1","202201","202204","2062"
"6415423","530010","70390140","01302851000151","3","1","00000000000000","","","","0015","","0","E","","","04","","03","04","03","","99","","","","","","","","EAS 008202","20211022","1","","","","","","0","0","1","0","0","0","1","0","0","0","0","0","0","0",0,0,0,"0",0,0,0,0,0,0,0,0,0,0,0,0,0,0,"0",1,10,0,0,0,0,0,0,0,0,0,0,0,0,0,0,"1",0,0,0,"0",0,0,0,0,"0",0,0,0,0,0,0,0,0,0,0,0,0,0,0,0,"0","0","1","0","0","0","0","0","0","0","0","0","0","0","0","0","0","0","0","0","0","0","0","0","1","1","0","0","1","1","0","0","0","0","0","0","0","0","0","0","0","0","0","0","0","0","0","0","0","0","0","1","0","0","0","1","0","0","0","0","0","0","0","0","0","0","0","0","0","0","0","0","0","0","0","0","0","0","0","0","0","0","0","0","0","0","0","0","0","0","0","0","1","202204","202204","2062"
"6418317","530010","70302000","08149481000103","3","1","00000000000000","","","","","","0","E","","","04","","01","22","03","","99","","","","","","","","EAS02920-01","20190802","1","","","","","","0","0","1","0","0","0","1","0","0","0","0","0","0","0",0,0,0,"0",0,0,0,0,0,0,0,0,0,0,0,0,0,0,"0",1,1,0,0,0,0,0,0,0,0,0,0,0,0,0,0,"1",0,0,0,"0",0,0,0,0,"0",0,0,0,0,0,0,0,0,0,0,0,0,0,0,0,"0","0","1","0","0","0","0","0","0","0","0","0","0","0","0","0","0","0","1","0","0","0","0","0","1","1","0","0","1","1","0","0","0","0","0","0","0","0","0","0","0","0","0","0","0","0","0","0","0","0","0","1","0","0","0","0","0","0","0","0","0","0","0","0","0","0","0","0","0","0","0","0","0","0","0","0","0","0","0","0","0","0","0","0","0","0","0","0","0","0","0","0","1","202010","202204","2062"
"6425321","530010","70712903","11127434000173","3","1","00000000000000","","","","0010","","0","E","","","04","","03","36","03","","99","","","","","","","","ODO-3885/2022","20210902","1","","","","","","0","0","1","0","0","0","1","0","0","0","0","0","0","0",0,0,0,"0",0,0,0,0,0,0,0,0,0,0,0,0,0,0,"0",0,0,0,0,0,0,0,0,1,0,0,0,0,0,0,0,"1",0,0,0,"0",0,0,0,0,"0",0,0,0,0,0,0,0,0,0,0,0,0,0,0,0,"0","0","1","0","0","0","0","0","0","0","0","0","0","0","0","0","0","0","0","0","0","0","0","0","1","1","0","0","1","1","0","0","0","0","0","0","0","0","0","0","0","0","0","0","0","0","0","0","0","0","0","0","0","0","0","1","1","0","0","0","0","0","0","0","0","0","0","0","0","0","0","0","0","0","0","0","0","0","0","0","0","0","0","0","0","0","0","0","0","0","0","0","1","202112","202204","2240"
"6435904","530010","70200700","10526232000131","3","1","00000000000000","","","","0015","","0","E","","","04","","03","22","03","","99","","","","","","","","02","20200701","1","","","","","","0","0","1","0","0","0","1","0","0","0","0","0","0","0",0,0,0,"0",0,0,0,0,0,0,0,0,0,0,0,0,0,0,"0",0,0,0,0,0,0,0,0,1,0,0,0,0,0,0,0,"1",0,0,0,"0",0,0,0,0,"0",0,0,0,0,0,0,0,0,0,0,0,0,0,0,0,"0","0","1","0","0","0","0","0","1","0","0","0","0","0","0","0","0","0","0","0","0","0","0","0","1","1","0","0","1","1","0","0","0","0","0","0","0","0","0","0","0","0","0","0","0","0","0","0","0","0","0","1","0","0","0","0","0","0","0","0","0","0","0","0","0","0","0","0","0","0","0","0","0","0","0","0","0","0","0","0","0","0","0","0","0","0","0","0","0","0","0","0","1","202009","202204","2240"
"6435955","530010","70755530","09001324000119","3","1","00000000000000","","","","0005","","0","E","","","04","","03","36","03","","99","","","","","","","","Nº ODO OO21O-02","20210220","1","","","","","","0","0","1","0","0","0","1","0","0","0","0","0","0","0",0,0,0,"0",0,0,0,0,0,0,0,0,0,0,0,0,0,0,"0",0,0,0,0,0,0,0,0,2,0,0,0,0,0,0,0,"1",0,0,0,"0",0,0,0,0,"0",0,0,0,0,0,0,0,0,0,0,0,0,0,0,0,"0","0","1","0","0","0","0","0","0","0","0","0","0","0","0","0","0","0","0","0","0","0","0","0","1","1","0","0","1","1","0","0","0","0","0","0","0","0","0","0","0","0","0","0","0","0","0","0","0","0","0","1","0","0","0","1","0","0","0","0","0","0","0","0","0","0","0","0","0","0","0","0","0","0","0","0","0","0","0","0","0","0","0","0","0","0","0","0","0","0","0","0","1","202112","202204","2062"
"6437087","530010","70390100","11331762000197","3","1","00000000000000","","","","0015","","0","E","","","04","","03","22","03","","99","","","","","","","","EAS0355001","20190311","1","","","","","","0","0","1","0","0","0","1","0","0","0","0","0","0","0",0,0,0,"0",0,0,0,0,0,0,0,0,0,0,0,0,0,0,"0",0,0,0,1,0,0,0,0,0,0,0,0,0,0,0,0,"1",0,0,0,"0",0,0,0,0,"0",0,0,0,0,0,0,0,0,0,0,0,0,0,0,0,"0","0","0","0","0","0","0","0","0","0","0","0","0","0","0","0","0","0","0","0","0","0","0","0","0","0","0","0","1","1","0","0","0","0","0","0","0","0","0","0","0","0","0","0","0","0","0","0","0","0","0","0","0","0","0","1","0","0","0","0","0","0","0","0","0","0","0","0","0","0","0","0","0","0","0","0","0","0","0","0","0","0","0","0","0","0","0","0","0","0","0","0","1","202103","202204","2062"
"6437133","530010","70390095","11034382000190","3","1","00000000000000","","","","0010","","0","E","","","04","","03","04","03","","99","","","","","","","","EAS.02921-01","20210618","1","","","","","","0","0","1","0","0","0","1","0","0","0","0","0","0","0",0,0,0,"0",0,0,0,0,0,0,0,0,0,0,0,0,0,0,"0",0,2,0,0,0,0,0,0,0,0,0,0,0,0,0,0,"1",0,0,0,"0",0,0,0,0,"0",0,0,0,0,0,0,0,0,0,0,0,0,0,0,0,"0","0","1","0","0","0","0","0","0","0","0","0","0","0","0","0","0","0","0","0","0","0","0","0","1","0","0","0","1","1","0","0","0","0","0","0","0","0","0","0","0","0","0","0","0","0","0","0","0","0","0","1","0","0","0","1","0","0","0","0","0","0","0","0","0","0","0","0","0","0","0","0","0","0","0","0","0","0","0","0","0","0","0","0","0","0","0","0","0","0","0","0","1","202201","202204","2062"
"6437141","530010","70390700","26985168000278","3","1","00000000000000","","","","","","0","E","","","04","","03","22","03","","99","","","","","","","","RAD.05459-01","20200902","1","","","","","","0","0","1","0","0","0","1","0","0","0","0","0","0","0",0,0,0,"0",0,0,0,0,0,0,0,0,0,0,0,0,0,0,"0",0,0,0,1,0,0,0,0,0,0,0,0,0,0,0,0,"1",0,0,0,"0",0,0,0,0,"0",0,0,0,0,0,0,0,0,0,0,0,0,0,0,0,"0","0","0","0","0","0","0","0","0","0","0","0","0","0","0","0","0","0","0","0","0","0","0","0","0","0","0","0","1","1","0","0","0","0","0","0","0","0","0","0","0","0","0","0","0","0","0","0","0","0","0","1","0","0","1","1","0","0","0","0","0","0","0","0","0","0","0","0","0","0","0","0","0","0","0","0","0","0","0","0","0","0","0","0","0","0","0","0","0","0","0","0","1","202106","202204","2062"
"6442579","530010","72115170","11140975000131","3","1","00000000000000","","","","0180","","0","E","","","04","","01","36","03","","99","","","","","","","","53201577988","20170729","1","","","","","","0","0","1","0","0","0","1","0","0","0","0","0","0","0",0,0,0,"0",0,0,0,0,0,0,0,0,0,0,0,0,0,0,"0",0,0,0,1,0,0,0,0,0,0,0,0,0,0,0,0,"1",0,0,0,"0",0,0,0,0,"0",0,0,0,0,0,0,0,0,0,0,0,0,0,0,0,"0","0","1","0","0","0","0","0","0","0","0","0","0","0","0","0","0","0","0","0","0","0","0","0","1","0","0","0","1","1","0","0","0","0","0","0","0","0","0","0","0","0","0","0","0","0","0","0","0","0","0","1","0","0","1","1","0","0","0","0","0","0","0","0","0","0","0","0","0","0","0","0","0","0","0","0","0","0","0","0","0","0","0","0","0","0","0","0","0","0","0","0","1","202102","202204","2062"
"6447929","530010","71680120","11303911000104","3","1","00000000000000","","","","0090","","0","E","","","04","","01","22","03","","99","","","","","","","","LICENCA SANITARIA","20201116","1","","","","","","0","0","1","0","0","0","1","0","0","0","0","0","0","0",0,0,0,"0",0,0,0,0,0,0,0,0,0,0,0,0,0,0,"0",0,0,0,0,0,0,0,0,1,0,0,0,0,0,0,0,"1",0,0,0,"0",0,0,0,0,"0",0,0,0,0,0,0,0,0,0,0,0,0,0,0,0,"0","0","1","0","0","0","0","0","1","0","0","0","0","0","0","0","0","0","0","0","0","0","0","0","1","1","0","0","0","1","0","0","0","0","0","0","0","0","0","0","0","0","0","0","0","0","0","0","0","0","0","1","0","0","0","0","0","0","0","0","0","0","0","0","0","0","0","0","0","0","0","0","0","0","0","0","0","0","0","0","0","0","0","0","0","0","0","0","0","0","0","0","1","202011","202204","2062"
"6450369","530010","70340000","05628973000193","3","1","00000000000000","","","","0015","","0","E","","","04","","01","36","03","","99","","","","","","","","RLE DIGITAL","20210715","1","","","","","","0","0","1","0","0","0","1","0","0","0","0","0","0","0",0,0,0,"0",0,0,0,0,0,0,0,0,0,0,0,0,0,0,"0",1,0,0,0,0,0,0,0,0,0,0,0,0,0,0,0,"1",0,0,0,"0",0,0,0,0,"0",0,0,0,0,0,0,0,0,0,0,0,0,0,0,0,"0","0","1","0","0","0","0","0","0","0","0","0","0","0","0","0","0","0","0","0","0","0","0","0","1","0","0","0","1","1","0","0","0","0","0","0","0","0","0","0","0","0","0","0","0","0","0","0","0","0","0","1","0","0","0","1","0","0","0","0","0","0","0","0","0","0","0","0","0","0","0","0","0","0","0","0","0","0","0","0","0","0","0","0","0","0","0","0","0","0","0","0","1","202107","202204","2062"
"6457843","530010","71635600","11369422000155","3","1","00000000000000","","","","","","0","E","","","04","","01","22","03","","99","","","","","","","","EAS.00021-03/2021","20210323","1","","","","","","0","0","1","0","0","0","1","0","0","0","0","0","0","0",0,0,0,"0",0,0,0,0,0,0,0,0,0,0,0,0,0,0,"0",3,0,0,0,0,0,0,0,0,0,0,0,0,0,0,0,"1",0,0,0,"0",0,0,0,0,"0",0,0,0,0,0,0,0,0,0,0,0,0,0,0,0,"0","0","0","0","0","0","0","0","0","0","0","0","0","0","0","0","0","0","0","0","0","0","0","0","0","1","0","0","1","1","0","0","0","0","0","0","0","0","0","0","0","0","0","0","0","0","0","0","0","0","0","1","0","0","1","1","0","0","0","0","0","0","0","0","0","0","0","0","0","0","0","0","0","0","0","0","0","0","0","0","0","0","0","0","0","0","0","0","0","0","0","0","1","202105","202204","2062"
"6458947","530010","70390150","11332076000130","3","1","00000000000000","","","","0015","","0","E","","","04","","03","36","03","","99","","","","","","","","EAS 20573-01","20211001","1","","","","","","0","0","1","0","0","0","1","0","0","0","0","0","0","0",0,0,0,"0",0,0,0,0,0,0,0,0,0,0,0,0,0,0,"0",0,2,0,0,0,0,0,0,0,0,0,0,0,0,0,0,"1",0,0,0,"0",0,0,0,0,"0",0,0,0,0,0,0,0,0,0,0,0,0,0,0,0,"0","0","1","0","0","0","0","0","1","0","0","0","0","0","0","0","0","0","0","0","0","0","0","0","1","1","1","0","0","1","0","0","0","0","0","0","0","0","0","0","0","0","0","0","0","0","0","0","0","0","0","1","0","0","0","1","0","0","0","0","0","0","0","0","0","0","0","0","0","0","0","0","0","0","0","0","0","0","0","0","0","0","0","0","0","0","0","0","0","0","0","0","1","202201","202204","2062"
"6460542","530010","70390145","10760244000126","3","1","00000000000000","","","","0015","","0","E","","","04","","01","04","03","","99","","","","","","","","RLE DIGITAL","20190424","1","","","","","","0","0","1","0","0","0","1","0","0","0","0","0","0","0",0,0,0,"0",0,0,0,0,0,0,0,0,0,0,0,0,0,0,"0",0,5,0,0,0,0,0,0,0,0,0,0,0,0,0,0,"1",0,0,0,"0",0,0,0,0,"0",0,0,0,0,0,0,0,0,0,0,0,0,0,0,0,"0","0","1","0","0","0","0","0","0","0","0","0","0","0","0","0","0","0","0","0","0","0","0","0","1","0","0","0","1","1","0","0","0","0","0","0","0","0","0","0","0","0","0","0","0","0","0","0","0","0","0","1","0","0","0","1","0","0","0","0","0","0","0","0","0","0","0","0","0","0","0","0","0","0","0","0","0","0","0","0","0","0","0","0","0","0","0","0","0","0","0","0","1","201910","202204","2062"
"6461581","530010","70390700","73229676000125","3","1","00000000000000","","","","","","0","E","","","04","","03","36","06","","99","","","","","","","","NIRE 5312846245","20180420","1","","","","","","0","0","0","0","1","0","1","0","0","0","0","0","0","0",0,0,0,"0",0,0,0,2,0,0,0,0,0,0,0,0,0,0,"1",0,2,0,0,0,0,0,1,0,0,0,0,0,0,0,0,"1",0,0,0,"0",0,0,0,0,"0",0,0,0,0,0,0,0,0,4,0,0,0,0,0,0,"0","0","1","0","0","0","0","1","0","1","0","0","0","0","0","0","0","1","0","1","0","0","0","0","1","1","0","0","1","1","0","0","0","0","0","0","0","0","0","0","0","0","0","0","0","0","0","0","0","0","0","1","0","0","0","1","0","0","0","0","0","0","0","0","0","1","0","0","0","0","0","0","0","0","0","0","0","0","0","0","0","0","0","0","0","0","0","0","0","0","0","0","1","202103","202204","2232"
"6471455","530010","72162301","04224681000394","3","1","00000000000000","","","","0180","","0","E","","","04","","01","36","04","","99","","","","","","","","EAS.00075-15","","1","","","","","","0","0","1","0","0","0","1","0","0","0","0","0","0","0",0,0,0,"0",0,0,0,0,0,0,0,0,0,0,0,0,0,0,"0",0,0,0,1,0,0,0,0,0,0,0,0,0,0,0,0,"1",0,0,0,"0",0,0,0,0,"0",0,0,0,0,0,0,0,0,0,0,0,0,0,0,0,"0","0","0","1","0","0","0","0","0","0","0","0","0","0","0","0","0","0","0","0","0","0","0","0","1","0","0","0","1","1","0","0","0","0","0","0","0","0","0","0","0","0","0","0","0","0","0","0","0","0","0","1","0","0","0","0","0","0","0","0","0","0","0","0","0","0","0","0","0","0","0","0","0","0","0","0","0","0","0","0","0","0","0","0","0","0","0","0","0","0","0","0","1","202003","202204","2062"
"6471560","530010","70075900","01564834000192","3","1","00000000000000","","","","0005","","0","E","","","04","","03","36","01","","99","","","","","","","","EAS 00066-02/2021","20210512","1","","","","","","0","0","1","0","0","0","1","0","0","0","0","0","0","0",0,0,0,"0",0,0,0,0,0,0,0,0,0,0,0,0,0,0,"0",2,0,0,0,0,0,0,0,0,0,0,0,0,0,0,0,"1",0,0,0,"0",0,0,0,0,"0",0,0,0,0,0,0,0,0,0,0,0,0,0,0,0,"0","0","1","0","0","0","0","0","0","0","0","0","0","0","0","0","0","0","0","1","0","0","0","0","1","1","0","0","1","1","0","0","0","0","0","0","0","0","0","0","0","0","0","0","0","0","0","0","0","0","0","1","0","0","0","0","0","0","0","0","0","0","0","0","0","0","0","0","0","0","0","0","0","0","0","0","0","0","0","0","0","0","0","0","0","0","0","0","0","0","0","0","1","202201","202204","2062"
"6474039","530010","70390108","08221128000197","3","1","00000000000000","","","","0010","","0","E","","","04","","01","36","04","","99","001","10049","418218","","","","","LICENCA","20210514","1","","","","","","0","0","1","0","0","0","1","0","0","0","0","0","0","0",0,0,0,"0",0,0,0,0,0,0,0,0,0,0,0,0,0,0,"0",0,0,0,2,0,0,0,0,0,0,0,0,0,0,0,0,"1",0,0,0,"0",0,0,0,0,"0",0,0,0,0,0,0,0,0,0,0,0,0,0,0,0,"0","0","1","0","0","0","0","0","0","0","0","0","0","0","0","0","0","0","0","0","0","0","0","0","1","0","0","0","1","1","0","0","0","0","0","0","0","0","0","0","0","0","0","0","0","0","0","0","0","0","0","0","0","0","0","1","0","0","0","0","0","0","0","0","0","0","0","0","0","0","0","0","0","0","0","0","0","0","0","0","0","0","0","0","0","0","0","0","0","0","0","0","1","202201","202204","2062"
"6479367","530010","70040904","08267596000100","3","1","00000000000000","","","","","","0","E","","","04","","03","22","03","","99","","","","","","","","","","","","","","","","0","0","1","0","0","0","1","0","0","0","0","0","0","0",0,0,0,"0",0,0,0,0,0,0,0,0,0,0,0,0,0,0,"0",0,0,0,0,0,0,0,0,1,0,0,0,0,0,0,0,"1",0,0,0,"0",0,0,0,0,"0",0,0,0,0,0,0,0,0,0,0,0,0,0,0,0,"0","0","1","0","0","0","0","0","1","0","0","0","0","0","0","0","0","0","0","0","0","0","0","0","1","1","0","0","1","1","0","0","0","0","0","0","0","0","0","0","0","0","0","0","0","0","0","0","0","0","0","1","0","0","0","0","0","0","0","0","0","0","0","0","0","0","0","0","0","0","0","0","0","0","0","0","0","0","0","0","0","0","0","0","0","0","0","0","0","0","0","0","1","202108","202204","2062"
"6485251","530010","70390108","04403934000206","3","1","00000000000000","","","","","","0","E","","","04","","03","36","04","","99","","","","","","","","LICENCA DE SAUDE","20211016","1","","","","","","0","0","1","0","0","0","1","0","0","0","0","0","0","0",0,0,0,"0",0,0,0,0,0,0,0,0,0,0,0,0,0,0,"0",0,1,0,0,0,0,0,0,0,0,0,0,0,0,0,0,"1",0,0,0,"0",0,0,0,0,"0",0,0,0,0,0,0,0,0,0,0,0,0,0,0,0,"0","0","1","0","0","0","0","0","0","0","0","0","0","0","0","0","0","0","0","0","0","0","0","0","1","0","0","1","1","1","0","0","0","0","0","0","0","0","0","0","0","0","0","0","0","0","0","0","0","0","0","1","0","0","0","0","0","0","0","0","0","0","0","0","0","0","0","0","0","0","0","0","0","0","0","0","0","0","0","0","0","0","0","0","0","0","0","0","0","0","0","0","1","202111","202204","2062"
"6488773","530010","70390700","10698665000174","3","1","00000000000000","","","","","","0","E","","","04","","01","22","03","","99","","","","","","","","EAS0659-02","20180720","1","","","","","","0","0","1","0","0","0","1","0","0","0","0","0","0","0",0,0,0,"0",0,0,0,0,0,0,0,0,0,0,0,0,0,0,"0",0,0,1,0,0,0,0,0,0,0,0,0,0,0,0,0,"1",0,0,0,"0",0,0,0,0,"0",0,0,0,0,0,0,0,0,0,0,0,0,0,0,0,"0","0","0","0","0","0","0","0","0","0","0","0","0","0","0","0","0","0","0","0","0","0","0","0","0","0","0","0","1","1","0","0","0","0","0","0","0","0","0","0","0","0","0","0","0","0","0","0","0","0","0","1","0","0","0","0","0","0","0","0","0","0","0","0","0","0","0","0","0","0","0","0","0","0","0","0","0","0","0","0","0","0","0","0","0","0","0","0","0","0","0","0","1","201808","202204","2305"
"6490883","530010","73006040","07196243000277","3","1","00000000000000","","","","0170","","1","E","","","04","","03","39","03","","99","001","37966","305499","","","","","00040-09","20201120","1","","","","","","0","0","1","0","0","0","1","0","0","0","0","0","0","0",0,0,0,"0",0,0,0,0,0,0,0,0,0,0,0,0,0,0,"0",0,1,0,0,0,0,0,0,0,0,0,0,0,0,0,0,"1",0,0,0,"0",0,0,0,0,"0",0,0,0,0,0,0,0,0,0,0,0,0,0,0,0,"0","0","0","1","0","0","0","0","0","1","0","0","0","0","0","0","0","1","0","1","0","0","0","0","1","1","1","0","1","1","0","0","0","0","0","0","0","0","0","0","0","0","0","0","0","0","0","0","0","0","0","0","0","0","0","0","0","1","1","0","0","1","1","0","0","0","0","0","0","0","0","0","0","0","0","0","0","0","0","0","0","0","0","0","0","0","0","0","0","0","0","0","1","202111","202204","2062"
"6494234","530010","71916500","10274528000102","3","1","00000000000000","","","","9901","","0","E","","","04","","03","22","03","","99","","","","","","","","LICENCIAMENTO","20210211","1","","","","","","0","0","1","0","0","0","1","0","0","0","0","0","0","0",0,0,0,"0",0,0,0,0,0,0,0,0,0,0,0,0,0,0,"0",1,0,0,0,0,0,0,0,0,0,0,0,0,0,0,0,"1",0,0,0,"0",0,0,0,0,"0",0,0,0,0,0,0,0,0,0,0,0,0,0,0,0,"0","0","1","0","0","0","0","0","0","0","0","0","0","0","0","0","0","0","0","0","0","0","0","0","1","0","0","0","1","1","0","0","0","0","0","0","0","0","0","0","0","0","0","0","0","0","0","0","0","0","0","1","0","0","0","0","0","0","0","0","0","0","0","0","0","0","0","0","0","0","0","0","0","0","0","0","0","0","0","0","0","0","0","0","0","0","0","0","0","0","0","0","1","202104","202204","2062"
"6494447","530010","70846540","02628331000104","3","1","00000000000000","","","","","","0","E","","","04","","01","22","03","","99","","","","","","","","RLE","20200714","1","","","","","","0","0","1","0","0","0","1","0","0","0","0","0","0","0",0,0,0,"0",0,0,0,0,0,0,0,0,0,0,0,0,0,0,"0",0,0,0,0,0,0,0,0,1,0,0,0,0,0,0,0,"1",0,0,0,"0",0,0,0,0,"0",0,0,0,0,0,0,0,0,0,0,0,0,0,0,0,"0","0","1","0","0","0","0","0","0","0","0","0","0","0","0","0","0","0","0","0","0","0","0","0","1","0","0","0","1","1","0","0","0","0","0","0","0","0","0","0","0","0","0","0","0","0","0","0","0","0","0","1","0","0","0","0","0","0","0","0","0","0","0","0","0","0","0","0","0","0","0","0","0","0","0","0","0","0","0","0","0","0","0","0","0","0","0","0","0","0","0","0","1","202103","202204","2313"
"6496512","530010","70390911","05382830000144","3","1","00000000000000","","","","","","0","E","","","04","","01","22","03","","99","","","","","","","","EAS00304-01","20200701","1","","","","","","0","0","1","0","0","0","1","0","0","0","0","0","0","0",0,0,0,"0",0,0,0,0,0,0,0,0,0,0,0,0,0,0,"0",0,0,0,0,0,0,0,0,2,0,0,0,0,0,0,0,"1",0,0,0,"0",0,0,0,0,"0",0,0,0,0,0,0,0,0,0,0,0,0,0,0,0,"0","0","1","0","0","0","0","0","0","0","0","0","0","0","0","0","0","0","0","0","0","0","0","0","1","0","0","0","1","1","0","0","0","0","0","0","0","0","0","0","0","0","0","0","0","0","0","0","0","0","0","0","0","0","1","0","0","0","0","0","0","0","0","0","0","0","0","0","0","0","0","0","0","0","0","0","0","0","0","0","0","0","0","0","0","0","0","0","0","0","0","0","1","202010","202204","2062"
"6498027","530010","71820402","61486650038741","3","1","00000000000000","","","","","","0","E","","","04","","03","39","03","","99","","","","","","","","","","","","","","","","0","0","1","0","0","0","1","0","0","0","0","0","0","0",0,0,0,"0",0,0,0,0,0,0,0,0,0,0,0,0,0,0,"0",0,0,0,0,0,0,0,1,0,0,0,0,0,0,0,0,"1",0,0,0,"0",0,0,0,0,"0",0,0,0,0,0,0,0,0,1,0,0,0,0,0,0,"0","0","0","0","0","0","0","0","0","0","0","0","0","0","0","0","0","0","1","0","0","0","0","0","1","1","0","0","1","1","0","0","0","0","0","0","0","0","0","0","0","0","0","0","0","0","0","0","0","0","0","0","0","0","0","0","0","0","1","0","0","0","1","0","0","0","0","0","0","0","0","0","0","0","0","0","0","0","0","0","0","0","0","0","0","0","0","0","0","0","0","0","1","202009","202204","2046"
"6499953","530010","70200670","11314717000124","3","1","00000000000000","","","","","","0","E","","","04","","03","22","03","","99","","","","","","","","20210030254","20210503","1","","","","","","0","0","1","0","0","0","1","0","0","0","0","0","0","0",0,0,0,"0",0,0,0,0,0,0,0,0,0,0,0,0,0,0,"0",0,0,0,0,0,0,0,0,1,0,0,0,0,0,0,0,"1",0,0,0,"0",0,0,0,0,"0",0,0,0,0,0,0,0,0,0,0,0,0,0,0,0,"0","0","1","0","0","0","0","0","1","0","0","0","0","0","0","0","0","0","0","0","0","0","0","0","1","1","0","0","1","1","0","0","0","0","0","0","0","0","0","0","0","0","0","0","0","0","0","0","0","0","0","1","0","0","0","0","0","0","0","0","0","0","0","0","0","0","0","0","0","0","0","0","0","0","0","0","0","0","0","0","0","0","0","0","0","0","0","0","0","0","0","0","1","202203","202204","2062"
"6503667","530010","71635600","05508282000237","3","1","00000000000000","","","","0090","","0","E","","","04","","01","04","03","","99","","","","","","","","53900270512","20181016","1","","","","","","0","0","1","0","0","0","1","0","0","0","0","0","0","0",0,0,0,"0",0,0,0,0,0,0,0,0,0,0,0,0,0,0,"0",0,0,0,10,0,0,0,0,0,0,0,0,0,0,0,0,"1",0,0,0,"0",0,0,0,0,"0",0,0,0,0,0,0,0,0,0,0,0,0,0,0,0,"0","0","1","0","0","0","0","0","0","0","0","0","0","0","0","0","0","0","0","0","0","0","0","0","1","0","0","0","1","1","0","0","0","0","0","0","0","0","0","0","0","0","0","0","0","0","0","0","0","0","0","1","0","0","0","1","0","0","0","0","0","0","0","0","0","0","0","0","0","0","0","0","0","0","0","0","0","0","0","0","0","0","0","0","0","0","0","0","0","0","0","0","1","202005","202204","2062"
"6507719","530010","70200760","10702242000180","3","1","00000000000000","","","","0015","","0","E","","","04","","03","22","04","","99","","","","","","","","LICENCA SANITARIA","20200715","1","","","","","","0","0","1","0","0","0","1","0","0","0","0","0","0","0",0,0,0,"0",0,0,0,0,0,0,0,0,0,0,0,0,0,0,"0",0,0,0,0,0,0,0,0,3,0,0,0,0,0,0,0,"1",0,0,0,"0",0,0,0,0,"0",0,0,0,0,0,0,0,0,0,0,0,0,0,0,0,"0","0","0","0","0","0","0","0","0","0","0","0","0","0","0","0","0","0","0","0","0","0","0","0","0","1","0","0","1","1","0","0","0","0","0","0","0","0","0","0","0","0","0","0","0","0","0","0","0","0","0","1","0","0","1","1","0","0","0","0","0","0","0","0","0","0","0","0","0","0","0","0","0","0","0","0","0","0","0","0","0","0","0","0","0","0","0","0","0","0","0","0","1","202103","202204","2232"
"6508863","530010","70760680","10264890000100","3","1","00000000000000","","","","0010","","0","E","","","04","","03","36","04","","99","","","","","","","","LICENCIAMENTO RLE","20211203","1","","","","","","0","0","1","0","0","0","1","0","0","0","0","0","0","0",0,0,0,"0",0,0,0,0,0,0,0,0,0,0,0,0,0,0,"0",0,0,0,1,0,0,0,0,0,0,0,0,0,0,0,0,"1",0,0,0,"0",0,0,0,0,"0",0,0,0,0,0,0,0,0,0,0,0,0,0,0,0,"0","0","1","0","0","0","0","0","0","0","0","0","0","0","0","0","0","0","0","0","0","0","0","0","1","0","0","0","1","1","0","0","0","0","0","0","0","0","0","0","0","0","0","0","0","0","0","0","0","0","0","1","0","0","0","0","0","0","0","0","0","0","0","0","0","0","0","0","0","0","0","0","0","0","0","0","0","0","0","0","0","0","0","0","0","0","0","0","0","0","0","0","1","202112","202204","2062"
"6517307","530010","70710149","11015426000135","3","1","00000000000000","","","","0010","","0","E","","","04","","01","22","03","","99","","","","","","","","EAS 00023-02","20190516","1","","","","","","0","0","1","0","0","0","1","0","0","0","0","0","0","0",0,0,0,"0",0,0,0,0,0,0,0,0,0,0,0,0,0,0,"0",0,1,0,0,0,0,0,0,0,0,0,0,0,0,0,0,"1",0,0,0,"0",0,0,0,0,"0",0,0,0,0,0,0,0,0,0,0,0,0,0,0,0,"0","0","1","0","0","0","0","0","0","0","0","0","0","0","0","0","0","0","0","0","0","0","0","0","1","0","0","0","1","1","0","0","0","0","0","0","0","0","0","0","0","0","0","0","0","0","0","0","0","0","0","1","0","0","0","0","0","0","0","0","0","0","0","0","0","0","0","0","0","0","0","0","0","0","0","0","0","0","0","0","0","0","0","0","0","0","0","0","0","0","0","0","1","201910","202204","2232"
"6517447","530010","70712904","08195989000148","3","1","00000000000000","","","","","","0","E","","","04","","03","36","04","","99","","","","","","","","","","","","","","","","0","0","1","0","0","0","1","0","0","0","0","0","0","0",0,0,0,"0",0,0,0,0,0,0,0,0,0,0,0,0,0,0,"0",0,0,0,0,0,0,0,0,2,0,0,0,0,0,0,0,"1",0,0,0,"0",0,0,0,0,"0",0,0,0,0,0,0,0,0,0,0,0,0,0,0,0,"0","0","1","0","0","0","0","0","1","0","0","0","0","0","0","0","0","0","0","0","0","0","0","0","1","1","0","0","1","1","0","0","0","0","0","0","0","0","0","0","0","0","0","0","0","0","0","0","0","0","0","1","0","0","0","1","0","0","0","0","0","0","0","0","0","0","0","0","0","0","0","0","0","0","0","0","0","0","0","0","0","0","0","0","0","0","0","0","0","0","0","0","1","202107","202204","2240"
"6517692","530010","70712903","07486414000111","3","1","00000000000000","","","","0005","","0","E","","","04","","03","04","04","","99","","","","","","","","EAS 00181 02","20200212","1","","","","","","0","0","1","0","0","0","1","0","0","0","0","0","0","0",0,0,0,"0",0,0,0,0,0,0,0,0,0,0,0,0,0,0,"0",0,5,0,0,0,0,0,0,0,0,0,0,0,0,0,0,"1",0,0,0,"0",0,0,0,0,"0",0,0,0,0,0,0,0,0,0,0,0,0,0,0,0,"0","0","1","0","0","0","0","0","0","0","0","0","0","0","0","0","0","0","0","1","0","0","0","0","1","1","0","0","1","1","0","0","0","0","0","0","0","0","0","0","0","0","0","0","0","0","0","0","0","0","0","1","0","0","0","1","0","0","0","0","0","0","0","0","0","0","0","0","0","0","0","0","0","0","0","0","0","0","0","0","0","0","0","0","0","0","0","0","0","0","0","0","1","202009","202204","2062"
"6517978","530010","72015901","09515844000220","3","1","00000000000000","","","","","","0","E","","","04","","01","22","03","","99","","","","","","","","RLE 20161500342762","20190121","1","","","","","","0","0","1","0","0","0","1","0","0","0","0","0","0","0",0,0,0,"0",0,0,0,0,0,0,0,0,0,0,0,0,0,0,"0",0,0,0,0,0,0,0,0,1,0,0,0,0,0,0,0,"1",0,0,0,"0",0,0,0,0,"0",0,0,0,0,0,0,0,0,0,0,0,0,0,0,0,"0","0","1","0","0","0","0","0","0","0","0","0","0","0","0","0","0","0","0","0","0","0","0","0","1","0","0","0","1","1","0","0","0","0","0","0","0","0","0","0","0","0","0","0","0","0","0","0","0","0","0","1","0","0","0","0","0","0","0","0","0","0","0","0","0","0","0","0","0","0","0","0","0","0","0","0","0","0","0","0","0","0","0","0","0","0","0","0","0","0","0","0","1","202103","202204","2305"
"6517986","530010","72220215","00718528004945","3","1","00000000000000","","","","0040","","0","E","","","04","","03","39","03","","99","","","","","","","","FAR 0027116","20210202","1","","","","","","0","0","1","0","0","0","1","0","0","0","0","0","0","0",0,0,0,"0",0,0,0,0,0,0,0,0,0,0,0,0,0,0,"0",0,0,0,0,0,0,0,0,0,0,0,0,0,0,0,0,"0",0,0,0,"0",0,0,0,0,"0",0,0,0,0,0,0,0,0,0,0,0,0,0,0,0,"0","0","1","0","0","0","0","0","0","0","0","0","0","0","0","0","0","0","0","0","0","0","0","0","1","1","0","0","1","1","0","0","0","0","0","0","0","0","0","0","0","0","0","0","0","0","0","0","0","0","0","0","0","0","0","0","0","0","1","0","0","0","0","0","0","0","0","0","0","0","0","0","0","0","0","0","0","0","0","0","0","0","0","0","0","0","0","0","0","0","0","0","1","202201","202204","2054"
"6520340","530010","70200700","10946889000158","3","1","00000000000000","","","","0015","","0","E","","","04","","03","36","03","","99","","","","","","","","EAS2023601","20200831","1","","","","","","0","0","1","0","0","0","1","0","0","0","0","0","0","0",0,0,0,"0",0,0,0,0,0,0,0,0,0,0,0,0,0,0,"0",0,1,0,0,0,0,0,0,0,0,0,0,0,0,0,0,"1",0,0,0,"0",0,0,0,0,"0",0,0,0,0,0,0,0,0,0,0,0,0,0,0,0,"0","0","1","0","0","0","0","0","0","0","0","0","0","0","0","0","0","0","0","0","0","0","0","0","1","0","0","0","1","1","0","0","0","0","0","0","0","0","0","0","0","0","0","0","0","0","0","0","0","0","0","1","0","0","0","0","0","0","0","0","0","0","0","0","0","0","0","0","0","0","0","0","0","0","0","0","0","0","0","0","0","0","0","0","0","0","0","0","0","0","0","0","1","202009","202204","2062"
"6520413","530010","71680362","00718528003540","3","1","00000000000000","","","","0090","","0","E","","","04","","03","39","03","","99","","","","","","","","LAB 00010-23","20210629","1","","","","","","0","0","1","0","0","0","1","0","0","0","0","0","0","0",0,0,0,"0",0,0,0,0,0,0,0,0,0,0,0,0,0,0,"0",0,0,0,0,0,0,0,0,0,0,0,0,0,0,0,0,"0",0,0,0,"0",0,0,0,0,"0",0,0,0,0,0,0,0,0,0,0,0,0,0,0,0,"0","0","1","0","0","0","0","0","0","0","0","0","0","0","0","0","0","0","0","0","0","0","0","0","1","1","0","0","1","1","0","0","0","0","0","0","0","0","0","0","0","0","0","0","0","0","0","0","0","0","0","0","0","0","0","0","0","0","1","0","0","1","1","0","0","0","0","0","0","0","0","0","0","0","0","0","0","0","0","0","0","0","0","0","0","0","0","0","0","0","0","0","1","202108","202204","2054"
"6524087","530010","71904540","10770132000156","3","1","00000000000000","","","","9901","","0","E","","","04","","03","22","03","","99","","","","","","","","EAS.00001-22","20210430","1","","","","","","0","0","1","0","0","0","1","0","0","0","0","0","0","0",0,0,0,"0",0,0,0,0,0,0,0,0,0,0,0,0,0,0,"0",1,0,0,0,0,0,0,0,0,0,0,0,0,0,0,0,"1",0,0,0,"0",0,0,0,0,"0",0,0,0,0,0,0,0,0,0,0,0,0,0,0,0,"0","0","1","0","0","0","0","0","1","0","0","0","0","0","0","0","0","0","0","0","0","0","0","0","1","1","0","0","1","1","0","0","0","0","0","0","0","0","0","0","0","0","0","0","0","0","0","0","0","0","0","1","0","0","0","1","0","0","0","0","0","0","0","0","0","0","0","0","0","0","0","0","0","0","0","0","0","0","0","0","0","0","0","0","0","0","0","0","0","0","0","0","1","202202","202204","2240"
"6524095","530010","71936250","11490326000160","3","1","00000000000000","","","","9901","","0","E","","","04","","01","04","04","","99","","","","","","","","EAS.0003-22","20210219","1","","","","","","0","0","1","0","0","0","1","0","0","0","0","0","0","0",0,0,0,"0",0,0,0,0,0,0,0,0,0,0,0,0,0,0,"0",5,2,0,0,0,0,0,0,0,0,0,0,0,0,0,0,"1",0,0,0,"0",0,0,0,0,"0",0,0,0,0,0,0,0,0,0,0,0,0,0,0,0,"0","0","0","1","0","0","0","0","0","0","0","0","0","0","0","0","0","0","0","1","0","0","0","0","1","0","0","0","1","1","0","0","0","0","0","0","0","0","0","0","0","0","0","0","0","0","0","0","0","0","0","1","0","0","0","1","0","0","0","0","0","0","0","0","0","0","0","0","0","0","0","0","0","0","0","0","0","0","0","0","0","0","0","0","0","0","0","0","0","0","0","0","1","202201","202204","2062"
"6527280","530010","73010522","10463752000142","3","1","00000000000000","","","","0170","","0","E","","","04","","01","04","04","","99","","","","","","","","RLE","20211203","1","","","","","","0","0","1","0","0","0","1","0","0","0","0","0","0","0",0,0,0,"0",0,0,0,0,0,0,0,0,0,0,0,0,0,0,"0",0,2,0,0,0,0,0,0,0,0,0,0,0,0,0,0,"1",0,0,0,"0",0,0,0,0,"0",0,0,0,0,0,0,0,0,0,0,0,0,0,0,0,"0","0","1","0","0","0","0","0","0","0","0","0","0","0","0","0","0","0","0","0","0","0","0","0","1","0","0","1","1","1","0","0","0","0","0","0","0","0","0","0","0","0","0","0","0","0","0","0","0","0","0","0","0","0","0","1","1","0","0","0","0","0","0","0","0","0","0","0","0","0","0","0","0","0","0","0","0","0","0","0","0","0","0","0","0","0","0","0","0","0","0","0","1","202112","202204","2062"
"6527329","530010","72241101","11803045000110","3","1","00000000000000","","","","","","0","E","","","04","","03","22","03","","99","","","","","","","","","","","","","","","","0","0","1","0","0","0","1","0","0","0","0","0","0","0",0,0,0,"0",0,0,0,0,0,0,0,0,0,0,0,0,0,0,"0",0,0,0,0,0,0,0,0,1,0,0,0,0,0,0,0,"1",0,0,0,"0",0,0,0,0,"0",0,0,0,0,0,0,0,0,0,0,0,0,0,0,0,"0","0","1","0","0","0","0","0","1","0","0","0","0","0","0","0","0","0","0","0","0","0","0","0","1","0","0","0","1","1","0","0","0","0","0","0","0","0","0","0","0","0","0","0","0","0","0","0","0","0","0","1","0","0","0","1","0","0","0","0","0","0","0","0","0","0","0","0","0","0","0","0","0","0","0","0","0","0","0","0","0","0","0","0","0","0","0","0","0","0","0","0","1","202107","202204","2062"
"6527345","530010","71926000","11495796000117","3","1","00000000000000","","","","9901","","0","E","","","04","","03","36","03","","99","","","","","","","","RLE DIGITAL","20191112","1","","","","","","0","0","1","0","0","0","1","0","0","0","0","0","0","0",0,0,0,"0",0,0,0,0,0,0,0,0,0,0,0,0,0,0,"0",0,0,0,1,0,0,0,0,0,0,0,0,0,0,0,0,"1",0,0,0,"0",0,0,0,0,"0",0,0,0,0,0,0,0,0,0,0,0,0,0,0,0,"0","0","1","0","0","0","0","0","0","0","0","0","0","0","0","0","0","0","0","0","0","0","0","0","1","0","0","0","1","1","0","0","0","0","0","0","0","0","0","0","0","0","0","0","0","0","0","0","0","0","0","1","0","0","0","1","0","0","0","0","0","0","0","0","0","0","0","0","0","0","0","0","0","0","0","0","0","0","0","0","0","0","0","0","0","0","0","0","0","0","0","0","1","202102","202204","2062"
"6530303","530010","71635610","11512164000114","3","1","00000000000000","","","","","","0","E","","","04","","03","36","03","","99","","","","","","","","EAS 0003103","20201025","1","","","","","","0","0","1","0","0","0","1","0","0","0","0","0","0","0",0,0,0,"0",0,0,0,0,0,0,0,0,0,0,0,0,0,0,"0",0,1,0,0,0,0,0,0,0,0,0,0,0,0,0,0,"1",0,0,0,"0",0,0,0,0,"0",0,0,0,0,0,0,0,0,0,0,0,0,0,0,0,"0","0","1","0","0","0","0","0","0","0","0","0","0","0","0","0","0","0","0","0","0","0","0","0","1","1","0","0","1","1","0","0","0","0","0","0","0","0","0","0","0","0","0","0","0","0","0","0","0","0","0","1","0","0","0","1","0","0","0","0","0","0","0","0","0","0","0","0","0","0","0","0","0","0","0","0","0","0","0","0","0","0","0","0","0","0","0","0","0","0","0","0","1","202111","202204","2062"
"6530400","530010","71625009","09262849000108","3","1","00000000000000","","","","0090","","0","E","","","04","","01","36","03","","99","","","","","","","","RLE DIGITAL CERT DE LICEN","20190322","1","","","","","","0","0","1","0","0","0","1","0","0","0","0","0","0","0",0,0,0,"0",0,0,0,0,0,0,0,0,0,0,0,0,0,0,"0",0,1,0,1,0,0,0,0,0,0,0,0,0,0,0,0,"1",0,0,0,"0",0,0,0,0,"0",0,0,0,0,0,0,0,0,0,0,0,0,0,0,0,"0","0","1","0","0","0","0","0","0","0","0","0","0","0","0","0","0","0","0","0","0","0","0","0","1","0","0","0","1","1","0","0","0","0","0","0","0","0","0","0","0","0","0","0","0","0","0","0","0","0","0","1","0","0","1","1","0","0","0","0","0","0","0","0","0","0","0","0","0","0","0","0","0","0","0","0","0","0","0","0","0","0","0","0","0","0","0","0","0","0","0","0","1","202104","202204","2062"
"6533817","530010","71691083","00718528004864","3","1","00000000000000","","","","0160","","0","E","","","04","","03","39","03","","99","","","","","","","","LAB - 00001-06","20211020","1","","","","","","0","0","1","0","0","0","1","0","0","0","0","0","0","0",0,0,0,"0",0,0,0,0,0,0,0,0,0,0,0,0,0,0,"0",0,0,0,0,0,0,0,0,0,0,0,0,0,0,0,0,"0",0,0,0,"0",0,0,0,0,"0",0,0,0,0,0,0,0,0,0,0,0,0,0,0,0,"0","0","1","0","0","0","0","0","0","0","0","0","0","0","0","0","0","0","0","0","0","0","0","0","1","1","0","0","1","1","0","0","0","0","0","0","0","0","0","0","0","0","0","0","0","0","0","0","0","0","0","0","0","0","0","0","0","0","1","0","0","1","1","0","0","0","0","0","0","0","0","0","0","0","0","0","0","0","0","0","0","0","0","0","0","0","0","0","0","0","0","0","1","202109","202204","2054"
"6546293","530010","70390903","03496858000691","3","1","00000000000000","","","","0010","","0","E","","","04","","03","69","06","","99","","","","","","","","EAS 05216-01","20200309","1","","","","","","0","0","1","0","0","0","1","0","0","0","0","0","0","0",0,0,0,"0",0,0,0,0,0,0,0,0,0,0,0,0,0,0,"0",0,0,0,0,0,0,0,0,0,0,0,0,0,0,0,0,"0",0,0,0,"0",0,0,0,0,"0",0,0,0,0,0,0,0,0,0,0,0,0,0,0,0,"0","0","0","0","0","0","0","0","0","0","0","0","0","0","0","0","0","0","0","1","0","0","0","0","1","1","1","0","1","1","0","0","0","0","0","1","0","0","0","0","0","0","1","0","0","0","0","0","0","0","0","0","0","0","0","0","0","0","1","0","0","1","1","0","0","0","0","0","0","0","0","0","0","0","0","0","0","0","0","0","0","0","0","0","0","0","0","0","0","0","0","0","1","202104","202204","2062"
"6547125","530010","70770100","11714452000151","3","1","00000000000000","","","","0005","","0","E","","","04","","03","36","03","","99","","","","","","","","LICENCA SANITARIA","20181211","1","","","","","","0","0","1","0","0","0","1","0","0","0","0","0","0","0",0,0,0,"0",0,0,0,0,0,0,0,0,0,0,0,0,0,0,"0",0,0,0,0,0,0,0,0,1,0,0,0,0,0,0,0,"1",0,0,0,"0",0,0,0,0,"0",0,0,0,0,0,0,0,0,0,0,0,0,0,0,0,"0","0","0","0","0","0","0","0","0","0","0","0","0","0","0","0","0","0","0","0","0","0","0","0","0","1","1","0","1","1","1","0","0","0","0","0","0","0","0","0","0","0","1","0","0","0","0","0","0","0","0","1","0","0","1","1","0","0","0","0","0","0","0","0","0","0","0","0","0","0","0","0","0","0","0","0","0","0","0","0","0","0","0","0","0","0","0","0","0","0","0","0","1","201912","202204","2232"
"6547133","530010","70712040","33441387000170","3","1","00000000000000","","","","","","0","E","","","04","","03","22","07","","99","","","","","","","","EAS 00304-01","20200606","1","","","","","","0","0","1","0","0","0","1","0","0","0","0","0","0","0",0,0,0,"0",0,0,0,0,0,0,0,0,0,0,0,0,0,0,"0",0,0,0,0,0,0,0,0,1,0,0,0,0,0,0,0,"1",0,0,0,"0",0,0,0,0,"0",0,0,0,0,0,0,0,0,0,0,0,0,0,0,0,"0","0","1","0","0","0","0","0","1","0","0","0","0","0","0","0","0","0","0","0","0","0","0","0","1","1","0","0","1","1","0","0","0","0","0","0","0","0","0","0","0","0","0","0","0","0","0","0","0","0","0","1","0","0","0","1","0","0","0","0","0","0","0","0","0","0","0","0","0","0","0","0","0","0","0","0","0","0","0","0","0","0","0","0","0","0","0","0","0","0","0","0","1","202010","202204","2062"
"6547192","530010","70756530","10902680000192","3","1","00000000000000","","","","0005","","0","E","","","04","","01","36","03","","99","","","","","","","","EAS-OO27502","20200430","1","","","","","","0","0","1","0","0","0","1","0","0","0","0","0","0","0",0,0,0,"0",0,0,0,0,0,0,0,0,0,0,0,0,0,0,"0",0,0,0,2,0,0,0,0,0,0,0,0,0,0,0,0,"1",0,0,0,"0",0,0,0,0,"0",0,0,0,0,0,0,0,0,0,0,0,0,0,0,0,"0","0","1","0","0","0","0","0","0","0","0","0","0","0","0","0","0","0","0","0","0","0","0","0","1","0","0","0","1","1","0","0","0","0","0","0","0","0","0","0","0","0","0","0","0","0","0","0","0","0","0","1","0","0","0","0","0","0","0","0","0","0","0","0","0","0","0","0","0","0","0","0","0","0","0","0","0","0","0","0","0","0","0","0","0","0","0","0","0","0","0","0","1","202005","202204","2062"
"6547206","530010","70715900","26446880000118","3","1","00000000000000","","","","0010","","0","E","","","04","","01","22","03","","99","","","","","","","","","20181001","1","","","","","","0","0","1","0","0","0","1","0","0","0","0","0","0","0",0,0,0,"0",0,0,0,0,0,0,0,0,0,0,0,0,0,0,"0",1,0,0,0,0,0,0,0,0,0,0,0,0,0,0,0,"1",0,0,0,"0",0,0,0,0,"0",0,0,0,0,0,0,0,0,0,0,0,0,0,0,0,"0","0","1","0","0","0","0","0","0","0","0","0","0","0","0","0","0","0","0","0","0","0","0","0","1","0","0","0","1","1","0","0","0","0","0","0","0","0","0","0","0","0","0","0","0","0","0","0","0","0","0","1","0","0","0","1","0","0","0","0","0","0","0","0","0","0","0","0","0","0","0","0","0","0","0","0","0","0","0","0","0","0","0","0","0","0","0","0","0","0","0","0","1","201912","202204","2240"
"6553192","530010","70710100","24942732000835","3","1","00000000000000","","","","","","0","E","","","04","","03","39","03","","99","","","","","","","","00016-02","20180824","1","","","","","","0","0","1","0","0","0","1","0","0","0","0","0","0","0",0,0,0,"0",0,0,0,0,0,0,0,0,0,0,0,0,0,0,"0",0,0,0,13,0,0,0,0,0,0,0,0,0,0,0,0,"1",0,0,0,"0",0,0,0,0,"0",0,0,0,0,0,0,0,0,0,0,0,0,0,0,0,"0","0","0","0","0","0","0","0","0","0","0","0","0","0","0","0","0","0","0","0","0","1","0","0","1","0","0","1","1","1","0","0","0","0","0","0","0","0","0","0","0","0","0","0","0","0","0","0","0","0","0","0","0","0","0","0","0","0","0","0","0","0","1","0","0","0","0","0","0","0","0","0","0","0","0","0","0","0","0","0","0","0","0","0","0","0","0","0","0","0","0","0","1","201909","202204","2062"
"6558615","530010","70070934","11472550000120","3","1","00000000000000","","","","","","0","E","","","04","","03","22","04","","99","","","","","","","","CERT. DE LICENCIAMENTO","20200618","1","","","","","","0","0","1","0","0","0","1","0","0","0","0","0","0","0",0,0,0,"0",0,0,0,0,0,0,0,0,0,0,0,0,0,0,"0",0,0,0,1,0,0,0,0,0,0,0,0,0,0,0,0,"1",0,0,0,"0",0,0,0,0,"0",0,0,0,0,0,0,0,0,0,0,0,0,0,0,0,"0","0","1","0","0","0","0","0","0","0","0","0","0","0","0","0","0","0","0","0","0","0","0","0","1","0","0","0","1","1","0","0","0","0","0","0","0","0","0","0","0","0","0","0","0","0","0","0","0","0","0","1","0","0","0","0","0","0","0","0","0","0","0","0","0","0","0","0","0","0","0","0","0","0","0","0","0","0","0","0","0","0","0","0","0","0","0","0","0","0","0","0","1","202107","202204","2062"
"6558658","530010","70390095","04164399000105","3","1","00000000000000","","","","","","0","E","","","03","","03","22","03","","99","","","","","","","","","","","","","","","","0","0","1","0","0","0","1","0","0","0","0","0","0","0",0,0,0,"0",0,0,0,0,0,0,0,0,0,0,0,0,0,0,"0",0,0,0,1,0,0,0,0,0,0,0,0,0,0,0,0,"1",0,0,0,"0",0,0,0,0,"0",0,0,0,0,0,0,0,0,0,0,0,0,0,0,0,"0","0","1","0","0","0","0","0","0","0","0","0","0","0","0","0","0","0","0","0","0","0","0","0","1","0","0","0","1","1","0","0","0","0","0","0","0","0","0","0","0","0","0","0","0","0","0","0","0","0","0","1","0","0","0","1","0","0","0","0","0","0","0","0","0","0","0","0","0","0","0","0","0","0","0","0","0","0","0","0","0","0","0","0","0","0","0","0","0","0","0","0","1","202010","202204","2305"
"6559662","530010","72316523","11201577000188","3","1","00000000000000","","","","","","0","E","","","04","","03","22","03","","99","","","","","","","","0020211372153","20210622","2","","","","","","0","0","1","0","0","0","1","0","0","0","0","0","0","0",0,0,0,"0",0,0,0,0,0,0,0,0,0,0,0,0,0,0,"0",0,0,0,0,0,0,0,0,2,0,0,0,0,0,0,0,"1",0,0,0,"0",0,0,0,0,"0",0,0,0,0,0,0,0,0,0,0,0,0,0,0,0,"0","0","1","0","0","0","0","0","0","0","0","0","0","0","0","0","0","0","0","1","0","0","0","0","1","1","0","0","1","1","0","0","0","0","0","0","0","0","0","0","0","0","0","0","0","0","0","0","0","0","0","1","0","0","0","1","0","0","0","0","0","0","0","0","0","0","0","0","0","0","0","0","0","0","0","0","0","0","0","0","0","0","0","0","0","0","0","0","0","0","0","0","1","202202","202204","2062"
"6567169","530010","70710904","01032309000126","3","1","00000000000000","","","","0005","","0","E","","","04","","03","22","03","","99","","","","","","","","EAS00569-02","20190715","1","","","","","","0","0","1","0","0","0","1","0","0","0","0","0","0","0",0,0,0,"0",0,0,0,0,0,0,0,0,0,0,0,0,0,0,"0",0,1,0,0,0,0,0,0,0,0,0,0,0,0,0,0,"1",0,0,0,"0",0,0,0,0,"0",0,0,0,0,0,0,0,0,0,0,0,0,0,0,0,"0","0","1","0","0","0","0","0","0","0","0","0","0","0","0","0","0","0","0","0","0","0","0","0","1","0","0","0","1","1","0","0","0","0","0","0","0","0","0","0","0","0","0","0","0","0","0","0","0","0","0","1","0","0","0","0","0","0","0","0","0","0","0","0","0","0","0","0","0","0","0","0","0","0","0","0","0","0","0","0","0","0","0","0","0","0","0","0","0","0","0","0","1","201907","202204","2062"
"6567487","530010","70340907","38077509000105","3","1","00000000000000","","","","0010","","0","E","","","04","","01","22","03","","99","","","","","","","","RLE@DIGITAL","20211231","1","","","","","","0","0","1","0","0","0","1","0","0","0","0","0","0","0",0,0,0,"0",0,0,0,0,0,0,0,0,0,0,0,0,0,0,"0",0,0,0,0,0,0,0,0,1,0,0,0,0,0,0,0,"1",0,0,0,"0",0,0,0,0,"0",0,0,0,0,0,0,0,0,0,0,0,0,0,0,0,"0","0","1","0","1","0","0","0","0","0","0","0","0","0","0","0","0","0","0","0","0","0","0","0","1","0","0","0","1","1","0","0","0","0","0","0","0","0","0","0","0","0","0","0","0","0","0","0","0","0","0","1","0","0","0","1","0","0","0","0","0","0","0","0","0","0","0","0","0","0","0","0","0","0","0","0","0","0","0","0","0","0","0","0","0","0","0","0","0","0","0","0","1","202203","202204","2062"
"6567894","530010","70711905","08265235000117","3","1","00000000000000","","","","","","0","E","","","04","","03","36","03","","99","","","","","","","","2021011142","20210420","1","","","","","","0","0","1","0","0","0","1","0","0","0","0","0","0","0",0,0,0,"0",0,0,0,0,0,0,0,0,0,0,0,0,0,0,"0",0,0,0,0,0,0,0,0,1,0,0,0,0,0,0,0,"1",0,0,0,"0",0,0,0,0,"0",0,0,0,0,0,0,0,0,0,0,0,0,0,0,0,"0","0","1","0","0","0","0","0","0","0","0","0","0","0","0","0","0","0","0","0","0","0","0","0","1","1","0","0","1","1","0","0","0","0","0","0","0","0","0","0","0","0","0","0","0","0","0","0","0","0","0","1","0","0","0","0","0","0","0","0","0","0","0","0","0","0","0","0","0","0","0","0","0","0","0","0","0","0","0","0","0","0","0","0","0","0","0","0","0","0","0","0","1","202203","202204","2240"
"6568742","530010","71906750","11182951000145","3","1","00000000000000","","","","","","0","E","","","04","","03","36","03","","99","","","","","","","","53202234871","20200214","1","","","","","","0","0","1","0","0","0","1","0","0","0","0","0","0","0",0,0,0,"0",0,0,0,0,0,0,0,0,0,0,0,0,0,0,"0",0,0,0,1,0,0,0,0,0,0,0,0,0,0,0,0,"1",0,0,0,"0",0,0,0,0,"0",0,0,0,0,0,0,0,0,0,0,0,0,0,0,0,"0","0","0","0","0","0","0","0","0","0","0","0","0","0","0","0","0","0","0","0","0","0","0","0","0","0","0","0","1","1","0","0","0","0","0","0","0","0","0","0","0","0","0","0","0","0","0","0","0","0","0","1","0","0","0","0","0","0","0","0","0","1","0","0","0","0","0","0","0","0","0","0","0","0","0","0","0","0","0","0","0","0","0","0","0","0","0","0","0","0","0","0","1","202003","202204","2062"
"6568777","530010","72025348","08258737000200","3","1","00000000000000","","","","","","0","E","","","04","","01","36","03","","99","","","","","","","","53900262587","20200623","1","","","","","","0","0","1","0","0","0","1","0","0","0","0","0","0","0",0,0,0,"0",0,0,0,0,0,0,0,0,0,0,0,0,0,0,"0",0,0,0,1,0,0,0,0,0,0,0,0,0,0,0,0,"1",0,0,0,"0",0,0,0,0,"0",0,0,0,0,0,0,0,0,0,0,0,0,0,0,0,"0","0","1","0","0","0","0","0","0","0","0","0","0","0","0","0","0","0","0","0","0","0","0","0","1","0","0","0","1","1","0","0","0","0","0","0","0","0","0","0","0","0","0","0","0","0","0","0","0","0","0","1","0","0","0","1","0","0","0","0","0","0","0","0","0","0","0","0","0","0","0","0","0","0","0","0","0","0","0","0","0","0","0","0","0","0","0","0","0","0","0","0","1","202007","202204","2062"
"6572022","530010","71680362","61486650040720","3","1","00000000000000","","","","","","0","E","","","04","","03","39","03","","99","","","","","","","","","","","","","","","","0","0","1","0","0","0","1","0","0","0","0","0","0","0",0,0,0,"0",0,0,0,0,0,0,0,0,0,0,0,0,0,0,"0",0,0,0,0,0,0,0,1,0,0,0,0,0,0,0,0,"1",0,0,0,"0",0,0,0,0,"0",0,0,0,0,0,0,0,0,1,0,0,0,0,0,0,"0","0","0","0","0","0","0","0","0","0","0","0","0","0","0","0","0","0","1","0","0","0","0","0","1","1","0","0","1","1","0","0","0","0","0","0","0","0","0","0","0","0","0","0","0","0","0","0","0","0","0","0","0","0","0","0","0","0","1","0","0","0","1","0","0","0","0","0","0","0","0","0","0","0","0","0","0","0","0","0","0","0","0","0","0","0","0","0","0","0","0","0","1","202010","202204","2046"
"6572685","530010","70712904","07990346000123","3","1","00000000000000","","","","0005","","0","E","","","04","","03","36","03","","99","","","","","","","","ODO 00181-02","20190927","1","","","","","","0","0","1","0","0","0","1","0","0","0","0","0","0","0",0,0,0,"0",0,0,0,0,0,0,0,0,0,0,0,0,0,0,"0",0,0,0,0,0,0,0,0,3,0,0,0,0,0,0,0,"1",0,0,0,"0",0,0,0,0,"0",0,0,0,0,0,0,0,0,0,0,0,0,0,0,0,"0","0","1","0","0","0","0","0","1","0","0","0","0","0","0","0","0","0","0","0","0","0","0","0","1","1","0","0","1","1","0","0","0","0","0","0","0","0","0","0","0","0","0","0","0","0","0","0","0","0","0","1","0","0","0","0","0","0","0","0","0","0","0","0","0","0","0","0","0","0","0","0","0","0","0","0","0","0","0","0","0","0","0","0","0","0","0","0","0","0","0","0","1","202002","202204","2240"
"6573924","530010","70715900","11878512000171","3","1","00000000000000","","","","","","0","E","","","04","","01","22","03","","99","","","","","","","","ODO.00364-02","20200110","1","","","","","","0","0","1","0","0","0","1","0","0","0","0","0","0","0",0,0,0,"0",0,0,0,0,0,0,0,0,0,0,0,0,0,0,"0",0,0,0,0,0,0,0,0,1,0,0,0,0,0,0,0,"1",0,0,0,"0",0,0,0,0,"0",0,0,0,0,0,0,0,0,0,0,0,0,0,0,0,"0","0","1","0","0","0","0","0","1","0","0","0","0","0","0","0","0","0","0","0","0","0","0","0","1","1","0","0","1","1","0","0","0","0","0","0","0","0","0","0","0","0","0","0","0","0","0","0","0","0","0","1","0","0","0","0","0","0","0","0","0","0","0","0","0","0","0","0","0","0","0","0","0","0","0","0","0","0","0","0","0","0","0","0","0","0","0","0","0","0","0","0","1","202006","202204","2062"
"6576605","530010","72410107","11746576000119","3","1","00000000000000","","","","","","0","E","","","04","","01","36","03","","99","","","","","","","","EAS.00035-20","20220406","1","","","","","","0","0","1","0","0","0","1","0","0","0","0","0","0","0",0,0,0,"0",0,0,0,0,0,0,0,0,0,0,0,0,0,0,"0",0,2,0,0,0,0,0,0,0,0,0,0,0,0,0,0,"1",0,0,0,"0",0,0,0,0,"0",0,0,0,0,0,0,0,0,0,0,0,0,0,0,0,"0","0","1","0","0","0","0","0","1","0","0","0","0","0","0","0","0","0","0","1","0","0","0","0","1","1","0","0","1","1","0","0","0","0","0","0","0","0","0","0","0","0","0","0","0","0","0","0","0","0","0","1","0","0","0","0","0","0","0","0","0","0","0","0","0","0","0","0","0","0","0","0","0","0","0","0","0","0","0","0","0","0","0","0","0","0","0","0","0","0","0","0","1","202204","202204","2062"
"6579035","530010","70770100","09439676000150","3","1","00000000000000","","","","","","0","E","","","04","","03","22","03","","99","","","","","","","","ODO00406-02/2021","20210408","1","","","","","","0","0","1","0","0","0","1","0","0","0","0","0","0","0",0,0,0,"0",0,0,0,0,0,0,0,0,0,0,0,0,0,0,"0",0,0,0,0,0,0,0,0,1,0,0,0,0,0,0,0,"1",0,0,0,"0",0,0,0,0,"0",0,0,0,0,0,0,0,0,0,0,0,0,0,0,0,"0","0","1","0","0","0","0","0","0","0","0","0","0","0","0","0","0","0","0","0","0","0","0","0","1","0","0","0","1","1","0","0","0","0","0","0","0","0","0","0","0","0","0","0","0","0","0","0","0","0","0","1","0","0","0","1","0","0","0","0","0","0","0","0","0","0","0","0","0","0","0","0","0","0","0","0","0","0","0","0","0","0","0","0","0","0","0","0","0","0","0","0","1","202203","202204","2305"
"6579078","530010","70710149","11836181000107","3","1","00000000000000","","","","","","0","E","","","04","","03","22","03","","99","","","","","","","","20211002410","20210507","1","","","","","","0","0","1","0","0","0","1","0","0","0","0","0","0","0",0,0,0,"0",0,0,0,0,0,0,0,0,0,0,0,0,0,0,"0",0,1,0,0,0,0,0,0,0,0,0,0,0,0,0,0,"1",0,0,0,"0",0,0,0,0,"0",0,0,0,0,0,0,0,0,0,0,0,0,0,0,0,"0","0","1","0","0","0","0","0","0","0","0","0","0","0","0","0","0","0","0","0","0","0","0","0","1","0","0","0","1","1","0","0","0","0","0","0","0","0","0","0","0","0","0","0","0","0","0","0","0","0","0","0","0","0","0","1","0","0","0","0","0","0","0","0","0","0","0","0","0","0","0","0","0","0","0","0","0","0","0","0","0","0","0","0","0","0","0","0","0","0","0","0","1","202202","202204","2062"
"6585760","530010","72225011","00000000000000","3","3","00394700000108","","05","","0040","","1","E","","","04","","03","70","06","","99","","","","","","","","","","","","","","","","0","0","1","0","0","0","1","0","0","1","0","0","0","1",0,0,0,"0",0,0,0,0,0,0,0,0,0,0,0,0,0,0,"0",0,0,3,0,0,0,0,0,0,0,1,0,0,0,0,0,"1",0,0,0,"0",0,0,0,0,"0",0,0,0,0,0,0,0,0,0,0,0,0,0,0,0,"0","0","1","0","1","0","1","0","0","0","0","0","0","0","0","0","0","0","0","0","0","0","0","0","1","1","0","0","1","1","0","0","0","0","0","0","0","0","0","0","0","0","0","1","0","0","0","0","0","0","1","0","0","0","0","0","0","0","0","0","0","0","0","0","0","0","0","0","0","0","0","0","0","0","0","0","0","0","0","0","0","0","0","0","0","0","0","0","0","0","0","0","1","202112","202204","1023"
"6588212","530010","70710904","10464461000179","3","1","00000000000000","","","","","","0","E","","","04","","03","22","03","","99","","","","","","","","","","","","","","","","0","0","1","0","0","0","1","0","0","0","0","0","0","0",0,0,0,"0",0,0,0,0,0,0,0,0,0,0,0,0,0,0,"0",1,0,0,0,0,0,0,0,0,0,0,0,0,0,0,0,"1",0,0,0,"0",0,0,0,0,"0",0,0,0,0,0,0,0,0,0,0,0,0,0,0,0,"0","0","1","0","0","0","0","0","0","0","0","0","0","0","0","0","0","0","0","0","0","0","0","0","1","1","0","0","1","1","0","0","0","0","0","0","0","0","0","0","0","0","0","0","0","0","0","0","0","0","0","1","0","0","1","1","0","0","0","0","0","0","0","0","0","0","0","0","0","0","0","0","0","0","0","0","0","0","0","0","0","0","0","0","0","0","0","0","0","0","0","0","1","202107","202204","2135"
"6589154","530010","70673416","11367807000183","3","1","00000000000000","","","","9931","","0","E","","","04","","03","22","03","","99","","","","","","","","EAS 00094-07/2021","20210223","1","","","","","","0","0","1","0","0","0","1","0","0","0","0","0","0","0",0,0,0,"0",0,0,0,0,0,0,0,0,0,0,0,0,0,0,"0",1,0,0,0,0,0,0,0,0,0,0,0,0,0,0,0,"1",0,0,0,"0",0,0,0,0,"0",0,0,0,0,0,0,0,0,0,0,0,0,0,0,0,"0","0","1","0","0","0","0","0","0","0","0","0","0","0","0","0","0","0","0","0","0","0","0","0","1","1","0","0","1","1","0","0","0","0","0","0","0","0","0","0","0","0","0","0","0","0","0","0","0","0","0","1","0","0","0","1","0","0","0","0","0","0","0","0","0","0","0","0","0","0","0","0","0","0","0","0","0","0","0","0","0","0","0","0","0","0","0","0","0","0","0","0","1","202203","202204","2062"
"6593828","530010","71020721","11979775000177","3","1","00000000000000","","","","","","0","E","","","04","","03","22","03","","99","","","","","","","","00433/2010","20200202","1","","","","","","0","0","1","0","0","0","1","0","0","0","0","0","0","0",0,0,0,"0",0,0,0,0,0,0,0,0,0,0,0,0,0,0,"0",0,2,0,0,0,0,0,0,0,0,0,0,0,0,0,0,"1",0,0,0,"0",0,0,0,0,"0",0,0,0,0,0,0,0,0,0,0,0,0,0,0,0,"0","0","1","0","0","0","0","0","1","0","0","0","0","0","0","0","0","0","1","0","0","0","0","0","1","1","1","0","1","1","0","0","0","0","0","0","0","0","0","0","0","0","0","0","0","0","0","0","0","0","0","1","0","0","1","1","0","0","0","0","0","0","0","0","0","0","0","0","0","0","0","0","0","0","0","0","0","0","0","0","0","0","0","0","0","0","0","0","0","0","0","0","1","202002","202204","2062"
"6594948","530010","70741640","03863885000140","3","1","00000000000000","","","","","","0","E","","","04","","01","04","03","","99","","","","","","","","EAS.00757-02","20210602","1","","","","","","0","0","1","0","0","0","1","0","0","0","0","0","0","0",0,0,0,"0",0,0,0,0,0,0,0,0,0,0,0,0,0,0,"0",1,2,0,4,0,0,0,0,0,0,0,0,0,0,0,0,"1",0,0,0,"0",0,0,0,0,"0",0,0,0,0,0,0,0,0,0,0,0,0,0,0,0,"0","0","1","0","0","0","0","0","0","0","0","0","0","0","0","0","0","0","0","1","0","0","0","0","1","1","0","0","1","1","0","0","0","0","0","0","0","0","0","0","0","0","0","0","0","0","0","0","0","0","0","1","0","0","0","0","0","0","0","0","0","0","0","0","0","0","0","0","0","0","0","0","0","0","0","0","0","0","0","0","0","0","0","0","0","0","0","0","0","0","0","0","1","202106","202204","2062"
"6599516","530010","70390905","11780134000199","3","1","00000000000000","","","","0015","","0","E","","","04","","03","36","04","","99","","","","","","","","EAS 2030901","20201214","1","","","","","","0","0","1","0","0","0","1","0","0","0","0","0","0","0",0,0,0,"0",0,0,0,0,0,0,0,0,0,0,0,0,0,0,"0",0,7,0,0,0,0,0,0,0,0,0,0,0,0,0,0,"1",0,0,0,"0",0,0,0,0,"0",0,0,0,0,0,0,0,0,0,0,0,0,0,0,0,"0","0","0","1","0","0","0","0","0","0","0","0","0","0","0","0","0","0","0","0","0","0","0","0","1","1","0","0","1","1","0","0","0","0","0","0","0","0","0","0","0","0","0","0","0","0","0","0","0","0","0","1","0","0","0","1","0","0","0","0","0","0","0","0","0","0","0","0","0","0","0","0","0","0","0","0","0","0","0","0","0","0","0","0","0","0","0","0","0","0","0","0","1","202101","202204","2062"
"6599583","530010","70719900","72593742000340","3","1","00000000000000","","","","","","0","E","","","04","","03","36","03","","99","","","","","","","","CERTIFICADO RLE","20200109","1","","","","","","0","0","1","0","0","0","1","0","0","0","0","0","0","0",0,0,0,"0",0,0,0,0,0,0,0,0,0,0,0,0,0,0,"0",0,0,0,1,0,0,0,0,0,0,0,0,0,0,0,0,"1",0,0,0,"0",0,0,0,0,"0",0,0,0,0,0,0,0,0,0,0,0,0,0,0,0,"0","0","1","0","0","0","0","0","0","0","0","0","0","0","0","0","0","0","0","0","0","0","0","0","1","0","0","0","1","1","0","0","0","0","0","0","0","0","0","0","0","0","0","0","0","0","0","0","0","0","0","1","0","0","0","1","0","0","0","0","0","0","0","0","0","0","0","0","0","0","0","0","0","0","0","0","0","0","0","0","0","0","0","0","0","0","0","0","0","0","0","0","1","202203","202204","2305"
"6600204","530010","72220283","03496858000934","3","1","00000000000000","","","","0040","","0","E","","","04","","03","69","06","","99","","","","","","","","EAS.00064-16","20210207","","","","","","","0","0","1","0","0","0","1","0","0","0","0","0","0","0",0,0,0,"0",0,0,0,0,0,0,0,0,0,0,0,0,0,0,"0",0,0,0,0,0,0,0,0,0,0,0,0,0,0,0,0,"0",0,0,0,"0",0,0,0,0,"0",0,0,0,0,0,0,0,0,0,0,0,0,0,0,0,"0","0","0","0","0","0","0","0","0","0","0","0","0","0","0","0","0","0","0","1","0","0","0","0","1","1","1","0","1","1","0","0","0","0","0","1","0","0","0","0","0","0","1","0","0","0","0","0","0","0","0","0","0","0","0","0","0","0","1","0","0","1","1","0","0","0","0","0","0","0","0","0","0","0","0","0","0","0","0","0","0","0","0","0","0","0","0","0","0","0","0","0","1","202104","202204","2062"
"6600220","530010","72215045","08258737000382","3","1","00000000000000","","","","","","0","E","","","04","","01","36","03","","99","","","","","","","","53900273210","20200623","1","","","","","","0","0","1","0","0","0","1","0","0","0","0","0","0","0",0,0,0,"0",0,0,0,0,0,0,0,0,0,0,0,0,0,0,"0",0,0,0,6,0,0,0,0,0,0,0,0,0,0,0,0,"1",0,0,0,"0",0,0,0,0,"0",0,0,0,0,0,0,0,0,0,0,0,0,0,0,0,"0","0","1","0","0","0","0","0","0","0","0","0","0","0","0","0","0","0","0","0","0","0","0","0","1","0","0","0","1","1","0","0","0","0","0","0","0","0","0","0","0","0","0","0","0","0","0","0","0","0","0","1","0","0","0","1","0","0","0","0","0","0","0","0","0","0","0","0","0","0","0","0","0","0","0","0","0","0","0","0","0","0","0","0","0","0","0","0","0","0","0","0","1","202007","202204","2062"
"6600557","530010","72115525","00380931000243","3","1","00000000000000","","","","","","0","E","","","04","","03","36","03","","99","","","","","","","","00001-15","20190207","1","","","","","","0","0","1","0","0","0","1","0","0","0","0","0","0","0",0,0,0,"0",0,0,0,0,0,0,0,0,0,0,0,0,0,0,"0",0,2,0,0,0,0,0,0,0,0,0,0,0,0,0,0,"1",0,0,0,"0",0,0,0,0,"0",0,0,0,0,0,0,0,0,0,0,0,0,0,0,0,"0","0","0","0","0","0","0","0","0","0","0","0","0","0","0","0","0","0","0","0","0","0","0","0","0","1","1","1","1","1","0","0","0","0","0","0","0","0","0","0","0","0","0","0","0","0","0","0","0","0","0","1","0","0","0","1","0","0","0","0","0","0","0","0","0","0","0","0","0","0","0","0","0","0","0","0","0","0","0","0","0","0","0","0","0","0","0","0","0","0","0","0","1","201906","202204","2062"
"6602096","530010","72015020","97534044000133","3","1","00000000000000","","","","","","0","E","","","04","","","39","03","","99","","","","","","","","","","","","","","","","0","0","1","0","0","0","1","0","0","0","0","0","0","0",0,0,0,"0",0,0,0,0,0,0,0,0,0,0,0,0,0,0,"0",0,0,0,1,0,0,0,0,0,0,0,0,0,0,0,0,"1",0,0,0,"0",0,0,0,0,"0",0,0,0,0,0,0,0,0,0,0,0,0,0,0,0,"0","0","0","0","0","0","0","0","0","0","0","0","0","0","0","0","0","0","0","0","0","0","0","0","0","1","0","0","1","1","0","0","0","0","0","0","0","0","0","0","0","0","0","0","0","0","0","0","0","0","0","1","0","0","0","0","0","0","0","0","0","0","0","0","0","0","0","0","0","0","0","0","0","0","0","0","0","0","0","0","0","0","0","0","0","0","0","0","0","0","0","0","1","202107","202204","2062"
"6602398","530010","73330009","61486650042773","3","1","00000000000000","","","","","","0","E","","","04","","03","39","03","","99","","","","","","","","","","","","","","","","0","0","1","0","0","0","1","0","0","0","0","0","0","0",0,0,0,"0",0,0,0,0,0,0,0,0,0,0,0,0,0,0,"0",0,0,0,0,0,0,0,1,0,0,0,0,0,0,0,0,"1",0,0,0,"0",0,0,0,0,"0",0,0,0,0,0,0,0,0,1,0,0,0,0,0,0,"0","0","0","0","0","0","0","0","0","0","0","0","0","0","0","0","0","0","1","0","0","0","0","0","1","1","0","0","1","1","0","0","0","0","0","0","0","0","0","0","0","0","0","0","0","0","0","0","0","0","0","0","0","0","0","0","0","0","1","0","0","0","1","0","0","0","0","0","0","0","0","0","0","0","0","0","0","0","0","0","0","0","0","0","0","0","0","0","0","0","0","0","1","202010","202204","2046"
"6603866","530010","71503501","06277192000164","3","1","00000000000000","","","","0080","","0","E","","","04","","03","36","04","","99","001","35998","4300874","","","","","EAS30084-01","20191002","1","","","","","","0","0","1","0","0","0","1","0","0","0","0","0","0","0",0,0,0,"0",0,0,0,0,0,0,0,0,0,0,0,0,0,0,"0",0,0,0,18,0,0,0,0,0,0,0,0,0,0,0,0,"1",0,0,0,"0",0,0,0,0,"0",0,0,0,0,0,0,0,0,0,0,0,0,0,0,0,"0","0","1","0","0","0","0","0","1","0","0","0","0","0","0","0","0","1","0","0","0","0","0","0","1","1","0","0","1","1","0","0","0","0","0","0","1","0","0","0","0","0","1","0","0","0","0","0","0","0","0","1","0","0","1","1","1","0","0","0","0","0","0","0","0","0","0","0","0","0","0","0","0","0","0","0","0","0","0","0","0","0","0","0","0","0","0","0","0","0","0","0","1","202010","202204","2062"
"6604501","530010","71600700","10579166000168","3","1","00000000000000","","","","0090","","0","E","","","04","","03","36","03","","99","","","","","","","","EAS 126-03/2021","20210817","1","","","","","","0","0","1","0","0","0","1","0","0","0","0","0","0","0",0,0,0,"0",0,0,0,0,0,0,0,0,0,0,0,0,0,0,"0",0,1,0,0,0,0,0,0,0,0,0,0,0,0,0,0,"1",0,0,0,"0",0,0,0,0,"0",0,0,0,0,0,0,0,0,0,0,0,0,0,0,0,"0","0","1","0","0","0","0","0","0","0","0","0","0","0","0","0","0","0","0","0","0","0","0","0","1","1","0","0","1","1","0","0","0","0","0","0","0","0","0","0","0","0","0","0","0","0","0","0","0","0","0","1","0","0","0","1","0","0","0","0","0","0","0","0","0","0","0","0","0","0","0","0","0","0","0","0","0","0","0","0","0","0","0","0","0","0","0","0","0","0","0","0","1","202111","202204","2062"
"6605478","530010","70673632","12194034000143","3","1","00000000000000","","","","9931","","0","E","","","04","","03","22","03","","99","","","","","","","","ODO.00063-07","20190527","1","","","","","","0","0","1","0","0","0","1","0","0","0","0","0","0","0",0,0,0,"0",0,0,0,0,0,0,0,0,0,0,0,0,0,0,"0",0,0,0,0,0,0,0,0,1,0,0,0,0,0,0,0,"1",0,0,0,"0",0,0,0,0,"0",0,0,0,0,0,0,0,0,0,0,0,0,0,0,0,"0","0","1","0","0","0","0","0","1","0","0","0","0","0","0","0","0","0","0","0","0","0","0","0","1","1","0","1","1","1","0","0","0","0","0","0","0","0","0","0","0","0","0","0","0","0","0","0","0","0","0","1","0","0","1","1","0","0","0","0","0","0","0","0","0","0","0","0","0","0","0","0","0","0","0","0","0","0","0","0","0","0","0","0","0","0","0","0","0","0","0","0","1","201908","202204","2062"
"6607640","530010","70760680","08338326000135","3","1","00000000000000","","","","0010","","0","E","","","04","","03","36","03","","99","","","","","","","","RLE","20211203","1","","","","","","0","0","1","0","0","0","1","0","0","0","0","0","0","0",0,0,0,"0",0,0,0,0,0,0,0,0,0,0,0,0,0,0,"0",0,0,0,1,0,0,0,0,0,0,0,0,0,0,0,0,"1",0,0,0,"0",0,0,0,0,"0",0,0,0,0,0,0,0,0,0,0,0,0,0,0,0,"0","0","1","0","0","0","0","0","0","0","0","0","0","0","0","0","0","0","0","0","0","0","0","0","1","0","0","0","1","1","0","0","0","0","0","0","0","0","0","0","0","0","0","0","0","0","0","0","0","0","0","1","0","0","0","1","0","0","0","0","0","0","0","0","0","0","0","0","0","0","0","0","0","0","0","0","0","0","0","0","0","0","0","0","0","0","0","0","0","0","0","0","1","202112","202204","2062"
"6609627","530010","70340000","12116295000145","3","1","00000000000000","","","","0015","","0","E","","","04","","01","36","03","","99","","","","","","","","LICENCA SANITARIA","20210107","1","","","","","","0","0","1","0","0","0","1","0","0","0","0","0","0","0",0,0,0,"0",0,0,0,0,0,0,0,0,0,0,0,0,0,0,"0",0,0,0,0,0,0,0,0,1,0,0,0,0,0,0,0,"1",0,0,0,"0",0,0,0,0,"0",0,0,0,0,0,0,0,0,0,0,0,0,0,0,0,"0","0","1","0","0","0","0","0","1","0","0","0","0","0","0","0","0","0","0","0","0","0","0","0","1","1","0","0","1","1","0","0","0","0","0","0","0","0","0","0","0","0","0","0","0","0","0","0","0","0","0","1","0","0","0","0","0","0","0","0","0","0","0","0","0","0","0","0","0","0","0","0","0","0","0","0","0","0","0","0","0","0","0","0","0","0","0","0","0","0","0","0","1","202101","202204","2240"
"6612156","530010","72544406","12098465000106","3","1","00000000000000","","","","","","0","E","","","04","","01","36","03","","99","","","","","","","","LICENCA SANITARIA","20190607","1","","","","","","0","0","1","0","0","0","1","0","0","0","0","0","0","0",0,0,0,"0",0,0,0,0,0,0,0,0,0,0,0,0,0,0,"0",0,2,0,0,0,0,0,0,0,0,0,0,0,0,0,0,"1",0,0,0,"0",0,0,0,0,"0",0,0,0,0,0,0,0,0,0,0,0,0,0,0,0,"0","0","0","0","0","0","0","0","0","0","0","0","0","0","0","0","0","0","0","0","0","0","0","0","0","0","0","0","1","1","0","0","0","0","0","0","0","0","0","0","0","0","0","0","0","0","0","0","0","0","0","1","0","0","0","0","0","0","0","0","0","0","0","0","0","0","0","0","0","0","0","0","0","0","0","0","0","0","0","0","0","0","0","0","0","0","0","0","0","0","0","0","1","201909","202204","2305"
"6617018","530010","72015525","11724784000117","3","1","00000000000000","","","","","","0","E","","","04","","03","22","03","","99","","","","","","","","ODO00030-14","20181202","1","","","","","","0","0","0","0","0","0","0","0","0","0","0","0","0","0",0,0,0,"0",0,0,0,0,0,0,0,0,2,0,0,0,0,0,"1",0,0,0,0,0,0,0,0,2,0,0,0,0,0,0,0,"1",0,0,0,"0",0,0,0,0,"0",0,0,0,0,0,0,0,0,0,0,0,0,0,0,0,"0","0","0","0","0","0","0","0","1","0","0","0","0","0","0","0","0","0","0","0","0","0","0","0","1","1","1","0","1","1","0","0","0","0","0","0","0","0","0","0","0","0","0","0","0","0","0","0","0","0","0","0","0","0","0","1","0","0","0","0","0","0","0","0","0","0","0","0","0","0","0","0","0","0","0","0","0","0","0","0","0","0","0","0","0","0","0","0","0","0","0","0","1","201912","202204","2062"
"6617026","530010","72015020","00718528005836","3","1","00000000000000","","","","0180","","0","E","","","04","","03","39","03","","99","","","","","","","","LAB 0000414","20210821","1","","","","","","0","0","1","0","0","0","1","0","0","0","0","0","0","0",0,0,0,"0",0,0,0,0,0,0,0,0,0,0,0,0,0,0,"0",0,0,0,0,0,0,0,0,0,0,0,0,0,0,0,0,"0",0,0,0,"0",0,0,0,0,"0",0,0,0,0,0,0,0,0,0,0,0,0,0,0,0,"0","0","1","0","0","0","0","0","0","0","0","0","0","0","0","0","0","0","0","0","0","0","0","0","1","1","0","0","1","1","0","0","0","0","0","0","0","0","0","0","0","0","0","0","0","0","0","0","0","0","0","0","0","0","0","0","0","0","1","0","0","1","1","0","0","0","0","0","0","0","0","0","0","0","0","0","0","0","0","0","0","0","0","0","0","0","0","0","0","0","0","0","1","202109","202204","2054"
"6617417","530010","70770911","00048036765004","1","1","00000000000000","","","","","","0","E","","","04","","01","22","03","","99","","","","","","","","EAS 507-02","20190420","1","","","","","","0","0","1","0","0","0","1","0","0","0","0","0","0","0",0,0,0,"0",0,0,0,0,0,0,0,0,0,0,0,0,0,0,"0",0,0,0,1,0,0,0,0,0,0,0,0,0,0,0,0,"1",0,0,0,"0",0,0,0,0,"0",0,0,0,0,0,0,0,0,0,0,0,0,0,0,0,"0","0","0","0","0","0","0","0","0","0","0","0","0","0","0","0","0","0","0","0","0","0","0","0","0","0","0","0","1","1","0","0","0","0","0","0","0","0","0","0","0","0","0","0","0","0","0","0","0","0","0","1","0","0","0","0","0","0","0","0","0","0","0","0","0","0","0","0","0","0","0","0","0","0","0","0","0","0","0","0","0","0","0","0","0","0","0","0","0","0","0","0","1","202003","202204","4000"
"6619096","530010","71692005","08644642000135","3","1","00000000000000","","","","","","0","E","","","04","","","04","03","","99","","","","","","","","EAS 0001-06/2021","20210715","1","","","","","","0","0","1","0","0","0","1","0","0","0","0","0","0","0",0,0,0,"0",0,0,0,0,0,0,0,0,0,0,0,0,0,0,"0",6,4,0,1,0,0,0,1,0,0,0,0,0,0,0,0,"1",0,0,0,"0",0,0,0,0,"0",0,0,0,0,0,0,0,0,0,0,0,0,0,0,0,"0","0","1","0","0","0","0","0","0","0","0","0","0","0","0","0","0","0","0","0","0","0","0","0","1","1","1","0","1","1","0","0","0","0","0","0","0","0","0","0","0","0","0","0","0","0","0","0","0","0","0","1","0","0","0","0","0","0","0","0","0","0","0","0","0","0","0","0","0","0","0","0","0","0","0","0","0","0","0","0","0","0","0","0","0","0","0","0","0","0","0","0","1","202111","202204","2062"
"6620175","530010","71820601","10676212000147","3","1","00000000000000","","","","0135","","0","E","","","04","","03","36","04","","99","","","","","","","","53201536041","20200213","1","","","","","","0","0","1","0","0","0","1","0","0","0","0","0","0","0",0,0,0,"0",0,0,0,0,0,0,0,0,0,0,0,0,0,0,"0",0,0,0,4,0,0,0,0,0,0,0,0,0,0,0,0,"1",0,0,0,"0",0,0,0,0,"0",0,0,0,0,0,0,0,0,0,0,0,0,0,0,0,"0","0","1","0","0","0","0","0","0","0","0","0","0","0","0","0","0","0","0","0","0","0","0","0","1","0","0","0","1","1","0","0","0","0","0","0","0","0","0","0","0","0","0","0","0","0","0","0","0","0","0","1","0","0","0","0","0","0","0","0","0","0","0","0","0","0","0","0","0","0","0","0","0","0","0","0","0","0","0","0","0","0","0","0","0","0","0","0","0","0","0","0","1","202003","202204","2062"
"6629415","530010","70200730","07786211000140","3","1","00000000000000","","","","","","0","E","","","04","","03","22","03","","99","","","","","","","","EAS 02697-01","20190312","1","","","","","","0","0","0","0","1","0","1","0","0","0","0","0","0","0",0,0,0,"0",0,0,0,0,0,0,0,0,0,0,0,0,0,0,"0",0,1,0,0,0,0,0,0,0,0,0,0,0,0,0,0,"1",0,0,0,"0",0,0,0,0,"0",0,0,0,0,0,0,0,0,0,0,0,0,0,0,0,"0","0","0","0","0","0","0","0","0","0","0","0","0","0","0","0","0","0","0","0","0","0","0","0","0","0","0","0","1","1","0","0","0","0","0","0","0","0","0","0","0","0","0","0","0","0","0","0","0","0","0","1","0","0","0","1","0","0","0","0","0","0","0","0","0","0","0","0","0","0","0","0","0","0","0","0","0","0","0","0","0","0","0","0","0","0","0","0","0","0","0","0","1","201910","202204","2062"
"6632483","530010","70390905","03125590000177","3","1","00000000000000","","","","0010","","0","E","","","04","","03","36","03","","99","","","","","","","","EAS.02125-01","20201222","1","","","","","","0","0","1","0","0","0","1","0","0","0","0","0","0","0",0,0,0,"0",0,0,0,0,0,0,0,0,0,0,0,0,0,0,"0",0,1,0,0,0,0,0,0,0,0,0,0,0,0,0,0,"1",0,0,0,"0",0,0,0,0,"0",0,0,0,0,0,0,0,0,0,0,0,0,0,0,0,"0","0","1","0","0","0","0","0","0","0","0","0","0","0","0","0","0","0","0","0","0","0","0","0","1","0","0","0","1","1","0","0","0","0","0","0","0","0","0","0","0","0","0","0","0","0","0","0","0","0","0","1","0","0","0","1","0","0","0","0","0","0","0","0","0","0","0","0","0","0","0","0","0","0","0","0","0","0","0","0","0","0","0","0","0","0","0","0","0","0","0","0","1","202101","202204","2240"
"6633374","530010","72015525","05023290000102","3","1","00000000000000","","","","","","0","E","","","04","","03","36","03","","99","","","","","","","","CERTIFICADO RLE","20211010","1","","","","","","0","0","1","0","0","0","1","0","0","0","0","0","0","0",0,0,0,"0",0,0,0,0,0,0,0,0,0,0,0,0,0,0,"0",0,0,0,6,0,0,0,0,0,0,0,0,0,0,0,0,"1",0,0,0,"0",0,0,0,0,"0",0,0,0,0,0,0,0,0,0,0,0,0,0,0,0,"0","0","1","0","0","0","0","0","0","0","0","0","0","0","0","0","0","0","0","0","0","0","0","0","1","0","0","0","1","1","0","0","0","0","0","0","0","0","0","0","0","0","0","0","0","0","0","0","0","0","0","1","0","0","0","1","0","0","0","0","0","0","0","0","0","0","0","0","0","0","0","0","0","0","0","0","0","0","0","0","0","0","0","0","0","0","0","0","0","0","0","0","1","202201","202204","2062"
"6637450","530010","70719030","03191701000143","3","1","00000000000000","","","","0010","","0","E","","","04","","01","22","03","","99","","","","","","","","ODO015102","20200902","1","","","","","","0","0","1","0","0","0","1","0","0","0","0","0","0","0",0,0,0,"0",0,0,0,0,0,0,0,0,0,0,0,0,0,0,"0",0,0,0,0,0,0,0,0,1,0,0,0,0,0,0,0,"1",0,0,0,"0",0,0,0,0,"0",0,0,0,0,0,0,0,0,0,0,0,0,0,0,0,"0","0","1","0","0","0","0","0","1","0","0","0","0","0","0","0","0","0","0","0","0","0","0","0","1","1","0","0","1","1","0","0","0","0","0","0","0","0","0","0","0","0","0","0","0","0","0","0","0","0","0","1","0","0","0","0","0","0","0","0","0","0","0","0","0","0","0","0","0","0","0","0","0","0","0","0","0","0","0","0","0","0","0","0","0","0","0","0","0","0","0","0","1","202010","202204","2062"
"6645208","530010","72544200","11282210000136","3","1","00000000000000","","","","0150","","0","E","","","04","","03","36","03","","99","","","","","","","","EAS 00007-19","20211118","1","","","","","","0","0","1","0","0","0","1","0","0","0","0","0","0","0",0,0,0,"0",0,0,0,0,0,0,0,0,0,0,0,0,0,0,"0",1,0,0,0,0,0,0,0,0,0,0,0,0,0,0,0,"1",0,0,0,"0",0,0,0,0,"0",0,0,0,0,0,0,0,0,0,0,0,0,0,0,0,"0","0","1","0","0","0","0","0","0","0","0","0","0","0","0","0","0","0","0","0","0","0","0","0","1","0","0","0","1","1","0","0","0","0","0","0","0","0","0","0","0","0","0","0","0","0","0","0","0","0","0","1","0","0","0","1","0","0","0","0","0","0","0","0","0","0","0","0","0","0","0","0","0","0","0","0","0","0","0","0","0","0","0","0","0","0","0","0","0","0","0","0","1","202111","202204","2062"
"6648649","530010","72215177","11294836000162","3","1","00000000000000","","","","0040","","0","E","","","04","","03","22","03","","99","","","","","","","","ODO.00049","20210929","1","","","","","","0","0","1","0","0","0","1","0","0","0","0","0","0","0",0,0,0,"0",0,0,0,0,0,0,0,0,0,0,0,0,0,0,"0",0,0,0,1,0,0,0,0,1,0,0,0,0,0,0,0,"1",0,0,0,"0",0,0,0,0,"0",0,0,0,0,0,0,0,0,0,0,0,0,0,0,0,"0","0","1","0","0","0","0","0","1","0","0","0","0","0","0","0","0","0","0","0","0","0","0","0","1","1","0","0","1","1","0","0","0","0","0","0","0","0","0","0","0","0","0","0","0","0","0","0","0","0","0","1","0","0","0","1","0","0","0","0","0","0","0","0","0","0","0","0","0","0","0","0","0","0","0","0","0","0","0","0","0","0","0","0","0","0","0","0","0","0","0","0","1","202203","202204","2062"
"6648657","530010","72215178","11037816000106","3","1","00000000000000","","","","","","0","E","","","04","","01","22","03","","99","","","","","","","","EAS.00705-16","20200422","1","","","","","","0","0","1","0","0","0","1","0","0","0","0","0","0","0",0,0,0,"0",0,0,0,0,0,0,0,0,0,0,0,0,0,0,"0",0,0,0,0,0,0,0,0,4,0,0,0,0,0,0,0,"1",0,0,0,"0",0,0,0,0,"0",0,0,0,0,0,0,0,0,0,0,0,0,0,0,0,"0","0","1","0","0","0","0","0","1","0","0","0","0","0","0","0","0","0","0","0","0","0","0","0","1","1","0","0","1","1","0","0","0","0","0","0","0","0","0","0","0","0","0","0","0","0","0","0","0","0","0","1","0","0","0","0","0","0","0","0","0","0","0","0","0","0","0","0","0","0","0","0","0","0","0","0","0","0","0","0","0","0","0","0","0","0","0","0","0","0","0","0","1","202005","202204","2062"
"6649408","530010","72115600","11517276000168","3","1","00000000000000","","","","0180","","0","E","","","04","","01","22","03","","99","001","47333","61557","","","","","LICENCA SANITARIA","20190916","1","","","","","","1","0","0","0","0","0","1","0","0","0","0","0","0","0",0,0,0,"0",0,0,0,0,0,0,0,0,0,0,0,0,0,0,"0",1,0,0,0,0,0,0,0,0,0,0,0,0,0,0,0,"1",0,0,0,"0",0,0,0,0,"0",0,0,0,0,0,0,0,0,0,0,0,0,0,0,0,"0","0","0","0","0","0","0","0","0","0","0","0","0","0","0","0","0","0","0","0","0","0","0","0","0","0","0","0","0","0","0","0","0","0","0","0","0","0","0","0","0","0","0","0","0","0","0","0","0","0","0","1","0","0","0","0","0","0","0","0","0","0","0","0","0","0","0","0","0","0","0","0","0","0","0","0","0","0","0","0","0","0","0","0","0","0","0","0","0","0","0","0","1","201912","202204","2240"
"6650686","530010","70200740","12364037000188","3","1","00000000000000","","","","0015","","0","E","","","04","","03","36","03","","99","","","","","","","","LICENCA SANITARIA","20200612","1","","","","","","0","0","1","0","0","0","1","0","0","0","0","0","0","0",0,0,0,"0",0,0,0,0,0,0,0,0,0,0,0,0,0,0,"0",0,1,0,0,0,0,0,0,0,0,0,0,0,0,0,0,"1",0,0,0,"0",0,0,0,0,"0",0,0,0,0,0,0,0,0,0,0,0,0,0,0,0,"0","0","1","0","0","0","0","0","1","0","0","0","0","0","0","0","0","0","0","0","0","0","0","0","1","0","0","0","1","1","0","0","0","0","0","0","0","0","0","0","0","0","0","0","0","0","0","0","0","0","0","1","0","0","0","1","0","0","0","0","0","0","0","0","0","0","0","0","0","0","0","0","0","0","0","0","0","0","0","0","0","0","0","0","0","0","0","0","0","0","0","0","1","202102","202204","2062"
"6651429","530010","70790157","12033297000170","3","1","00000000000000","","","","","","0","E","","","04","","03","22","03","","99","","","","","","","","53201631991","20210825","1","","","","","","0","0","1","0","0","0","1","0","0","0","0","0","0","0",0,0,0,"0",0,0,0,0,0,0,0,0,0,0,0,0,0,0,"0",0,0,0,3,0,0,0,0,0,0,0,0,0,0,0,0,"1",0,0,0,"0",0,0,0,0,"0",0,0,0,0,0,0,0,0,0,0,0,0,0,0,0,"0","0","1","0","0","0","0","0","0","0","0","0","0","0","0","0","0","0","0","0","0","0","0","0","1","0","0","0","1","1","0","0","0","0","0","0","0","0","0","0","0","0","0","0","0","0","0","0","0","0","0","1","0","0","0","0","0","0","0","0","0","0","0","0","0","0","0","0","0","0","0","0","0","0","0","0","0","0","0","0","0","0","0","0","0","0","0","0","0","0","0","0","1","202201","202204","2062"
"6651577","530010","70077900","09332554000160","3","1","00000000000000","","","","0005","","0","E","","","04","","02","22","03","","99","","","","","","","","ODO 0010102","20191205","1","","","","","","0","0","1","0","0","0","1","0","0","0","0","0","0","0",0,0,0,"0",0,0,0,0,0,0,0,0,0,0,0,0,0,0,"0",0,0,0,0,0,0,0,0,1,0,0,0,0,0,0,0,"1",0,0,0,"0",0,0,0,0,"0",0,0,0,0,0,0,0,0,0,0,0,0,0,0,0,"0","0","1","0","0","0","0","0","1","0","0","0","0","0","0","0","1","0","0","0","0","0","0","0","1","1","0","0","1","1","0","0","0","0","0","0","0","0","0","0","0","0","0","0","0","0","0","0","0","0","0","1","0","0","0","0","0","0","0","0","0","0","0","0","0","0","0","0","0","0","0","0","0","0","0","0","0","0","0","0","0","0","0","0","0","0","0","0","0","0","0","0","1","202101","202204","2062"
"6654347","530010","70077900","10288510000160","3","1","00000000000000","","","","","","0","E","","","04","","03","36","03","","99","","","","","","","","ODO.0000","20210530","1","","","","","","0","0","1","0","0","0","1","0","0","0","0","0","0","0",0,0,0,"0",0,0,0,0,0,0,0,0,0,0,0,0,0,0,"0",0,0,0,0,0,0,0,0,1,0,0,0,0,0,0,0,"1",0,0,0,"0",0,0,0,0,"0",0,0,0,0,0,0,0,0,0,0,0,0,0,0,0,"0","0","1","0","0","0","0","0","1","0","0","0","0","0","0","0","0","0","0","0","0","0","0","0","1","1","0","0","1","1","0","0","0","0","0","0","0","0","0","0","0","0","0","0","0","0","0","0","0","0","0","1","0","0","0","1","0","0","0","0","0","0","0","0","0","0","0","0","0","0","0","0","0","0","0","0","0","0","0","0","0","0","0","0","0","0","0","0","0","0","0","0","1","202201","202204","2062"
"6655734","530010","70719903","10269384000104","3","1","00000000000000","","","","0005","","0","E","","","04","","01","22","03","","99","","","","","","","","EAS404-02","20200115","1","","","","","","0","0","1","0","0","0","1","0","0","0","0","0","0","0",0,0,0,"0",0,0,0,0,0,0,0,0,0,0,0,0,0,0,"0",0,0,0,0,0,0,0,0,0,0,0,0,0,0,0,0,"0",0,0,0,"0",0,0,0,0,"0",0,0,0,0,0,0,0,0,0,0,0,0,0,0,0,"0","0","1","0","0","0","0","0","0","0","0","0","0","0","0","0","0","0","0","0","0","0","0","0","1","0","0","0","1","1","0","0","0","0","0","0","0","0","0","0","0","0","0","0","0","0","0","0","0","0","0","1","0","0","0","1","0","0","0","0","0","0","0","0","0","0","0","0","0","0","0","0","0","0","0","0","0","0","0","0","0","0","0","0","0","0","0","0","0","0","0","0","1","202012","202204","2062"
"6661505","530010","70300902","11150001000139","3","1","00000000000000","","","","0015","","0","E","","","04","","01","36","03","","99","","","","","","","","EAS02943-01","20200902","1","","","","","","0","0","1","0","0","0","1","0","0","0","0","0","0","0",0,0,0,"0",0,0,0,0,0,0,0,0,0,0,0,0,0,0,"0",0,1,0,0,0,0,0,0,0,0,0,0,0,0,0,0,"1",0,0,0,"0",0,0,0,0,"0",0,0,0,0,0,0,0,0,0,0,0,0,0,0,0,"0","0","1","0","0","0","0","0","0","0","0","0","0","0","0","0","0","0","0","0","0","0","0","0","1","0","0","0","1","1","0","0","0","0","0","0","0","0","0","0","0","0","0","0","0","0","0","0","0","0","0","1","0","0","0","0","0","0","0","0","0","0","0","0","0","0","0","0","0","0","0","0","0","0","0","0","0","0","0","0","0","0","0","0","0","0","0","0","0","0","0","0","1","202009","202204","2062"
"6661556","530010","70390100","12364373000120","3","1","00000000000000","","","","","","0","E","","","04","","01","22","03","","99","","","","","","","","EAS.03964-01","20180521","1","","","","","","0","0","1","0","0","0","1","0","0","0","0","0","0","0",0,0,0,"0",0,0,0,0,0,0,0,0,0,0,0,0,0,0,"0",0,0,0,1,0,0,0,0,0,0,0,0,0,0,0,0,"1",0,0,0,"0",0,0,0,0,"0",0,0,0,0,0,0,0,0,0,0,0,0,0,0,0,"0","0","1","0","0","0","0","0","0","0","1","0","0","0","0","0","0","0","0","0","0","0","0","0","1","0","0","0","1","1","0","0","0","0","0","0","0","0","0","0","0","0","0","0","0","0","0","0","0","0","0","1","0","0","0","0","0","0","0","0","0","0","0","0","0","0","0","0","0","0","0","0","0","0","0","0","0","0","0","0","0","0","0","0","0","0","0","0","0","0","0","0","1","202007","202204","2305"
"6661599","530010","70390700","32926552000383","3","1","00000000000000","","","","","","0","E","","","04","","01","36","03","","99","","","","","","","","EAS 02966-01","20180417","1","","","","","","0","0","1","0","0","0","1","0","0","0","0","0","0","0",0,0,0,"0",0,0,0,0,0,0,0,0,0,0,0,0,0,0,"0",0,1,0,0,0,0,0,0,0,0,0,0,0,0,0,0,"1",0,0,0,"0",0,0,0,0,"0",0,0,0,0,0,0,0,0,0,0,0,0,0,0,0,"0","0","1","0","0","0","0","0","0","0","0","0","0","0","0","0","0","0","0","0","0","0","0","0","1","0","0","0","1","1","0","0","0","0","0","0","0","0","0","0","0","0","0","0","0","0","0","0","0","0","0","1","0","0","0","1","0","0","0","0","0","0","0","0","0","0","0","0","0","0","0","0","0","0","0","0","0","0","0","0","0","0","0","0","0","0","0","0","0","0","0","0","1","201907","202204","2062"
"6662048","530010","70673632","12192684000150","3","1","00000000000000","","","","","","0","E","","","04","","03","22","04","","99","","","","","","","","LICENCA SANITARIA","20201026","1","","","","","","0","0","1","0","0","0","1","0","0","0","0","0","0","0",0,0,0,"0",0,0,0,0,0,0,0,0,0,0,0,0,0,0,"0",0,0,0,4,0,0,0,0,0,0,0,0,0,0,0,0,"1",0,0,0,"0",0,0,0,0,"0",0,0,0,0,0,0,0,0,0,0,0,0,0,0,0,"0","0","1","0","0","0","0","0","0","0","0","0","0","0","0","0","0","0","0","0","0","0","0","0","1","0","0","0","1","1","0","0","0","0","0","0","0","0","0","0","0","0","0","0","0","0","0","0","0","0","0","1","0","0","1","1","0","0","0","0","0","0","0","0","0","0","0","0","0","0","0","0","0","0","0","0","0","0","0","0","0","0","0","0","0","0","0","0","0","0","0","0","1","202108","202204","2062"
"6662358","530010","72745000","00000000000000","3","3","00394700000108","","05","","0020","","1","E","","","04","","03","02","04","","99","","","","","","","","","","","","","","","","1","0","1","0","0","0","1","0","0","0","0","0","0","0",0,0,0,"0",0,0,0,0,0,0,0,0,0,0,0,0,0,0,"0",7,1,0,4,1,1,1,0,1,0,1,1,1,0,1,0,"1",0,0,0,"0",0,0,0,0,"0",0,0,0,0,0,3,3,1,0,4,0,0,0,0,0,"0","0","1","0","1","0","1","0","1","0","0","0","0","0","0","0","0","0","0","0","0","0","0","0","1","0","0","0","1","1","0","0","0","0","0","0","0","0","0","0","0","0","0","0","0","0","0","0","0","0","1","0","0","0","0","0","0","0","0","0","0","0","0","0","0","0","0","0","0","0","0","1","0","0","0","0","0","0","1","0","0","0","0","0","0","0","0","0","0","0","0","0","1","202204","202204","1023"
"6663192","530010","70325900","11859927000106","3","1","00000000000000","","","","9901","","0","E","","","04","","01","04","04","","99","","","","","","","","EAS 000270-14","20210219","1","","","","","","0","0","1","0","0","0","1","0","0","0","0","0","0","0",0,0,0,"0",0,0,0,0,0,0,0,0,0,0,0,0,0,0,"0",3,5,0,3,0,0,0,3,0,0,3,0,0,0,0,0,"1",0,0,0,"0",0,0,0,0,"0",0,0,0,0,0,0,0,0,0,0,0,0,0,0,0,"0","0","1","0","0","0","1","0","1","0","0","0","0","0","0","0","0","1","0","1","0","1","0","0","1","1","1","0","1","1","0","0","0","0","0","0","0","0","0","0","0","0","0","0","0","0","0","0","0","0","0","1","0","0","1","1","0","0","0","0","0","0","0","0","0","0","0","0","0","0","0","0","0","0","0","0","0","0","0","0","0","0","0","0","0","0","0","0","0","0","0","0","1","202202","202204","2062"
"6665098","530010","72300639","00000000000000","3","3","00394700000108","","04","","0140","","1","E","","","04","","03","70","06","","99","","","","","","","","","","","","","","","","0","0","1","0","0","0","1","0","0","0","0","0","0","0",0,0,0,"0",0,0,0,0,0,0,0,0,0,0,0,0,0,0,"0",0,0,2,0,0,0,0,0,0,0,0,0,0,0,0,0,"1",0,0,0,"0",0,0,0,0,"0",0,0,0,0,0,0,0,0,0,0,0,0,0,0,0,"0","0","0","0","1","0","0","0","0","0","0","0","0","0","0","0","0","0","0","0","0","0","0","0","1","1","1","0","1","1","0","0","0","0","0","0","0","0","0","0","0","0","0","0","0","0","0","0","0","0","1","0","0","0","0","0","0","0","0","0","0","0","0","0","0","0","0","0","0","0","0","0","0","0","0","0","0","0","0","0","0","0","0","0","0","0","0","0","0","0","0","0","1","202204","202204","1023"
"6665993","530010","71615660","11092950000100","3","1","00000000000000","","","","0090","","0","E","","","04","","03","21","06","","99","","","","","","","","EAS.00091-03","20190507","1","","","","","","0","0","1","0","0","0","1","0","0","0","0","0","0","0",0,0,0,"0",0,0,0,0,0,0,0,0,0,0,0,0,0,0,"0",2,0,0,0,0,0,1,0,0,0,0,0,0,0,0,0,"1",0,0,0,"0",0,0,0,0,"0",0,0,0,0,0,0,0,1,0,0,0,0,0,0,0,"0","0","0","1","0","0","0","0","0","0","0","0","0","0","0","0","0","0","0","0","0","0","0","0","1","0","0","0","1","1","0","0","0","0","0","0","0","0","0","0","0","0","0","0","0","0","0","0","0","0","0","1","0","0","0","1","0","0","0","0","0","0","0","0","0","0","0","0","0","0","0","0","0","0","0","0","0","0","0","0","0","0","0","0","0","0","0","0","0","0","0","0","1","202202","202204","2062"
"6666094","530010","71625620","11429182000137","3","1","00000000000000","","","","","","0","E","","","04","","03","04","04","","99","","","","","","","","DFP1800094868","20190504","1","","","","","","0","0","1","0","0","0","1","0","0","0","0","0","0","0",0,0,0,"0",0,0,0,0,0,0,0,0,0,0,0,0,0,0,"0",1,1,0,0,0,0,0,0,0,0,0,0,0,0,0,0,"1",0,0,0,"0",0,0,0,0,"0",0,0,0,0,0,0,0,0,0,0,0,0,0,0,0,"0","0","1","0","0","0","0","0","0","0","0","0","0","0","0","0","0","0","0","0","0","0","0","0","1","0","0","0","1","1","0","0","0","0","0","0","0","0","0","0","0","0","0","0","0","0","0","0","0","0","0","1","0","0","1","1","0","0","0","0","0","0","0","0","0","0","0","0","0","0","0","0","0","0","0","0","0","0","0","0","0","0","0","0","0","0","0","0","0","0","0","0","1","202110","202204","2054"
"6666701","530010","73310100","00000000000000","3","3","00394700000108","","06","","0120","","1","E","","","04","","01","70","03","","99","","","","","","","","","","","","","","","","0","0","1","0","0","0","1","0","0","0","0","0","0","0",0,0,0,"0",0,0,0,0,0,0,0,0,0,0,0,0,0,0,"0",0,1,0,3,0,0,0,0,0,0,1,0,0,0,0,0,"1",0,0,0,"0",0,0,0,0,"0",0,0,0,0,0,0,0,0,0,0,0,0,0,0,0,"0","0","0","0","0","0","0","0","0","0","0","0","0","0","0","0","0","0","0","0","0","0","0","0","0","1","0","0","1","1","0","0","0","0","0","0","0","0","0","0","0","0","0","0","0","0","0","0","0","0","1","0","0","0","0","0","0","0","0","0","0","0","0","0","0","0","0","0","0","0","0","0","0","0","0","0","0","0","0","0","0","0","0","0","0","0","0","0","0","0","0","0","1","202205","202204","1023"
"6667015","530010","70710149","08888214000239","3","1","00000000000000","","","","","","0","E","","","04","","03","04","04","","99","","","","","","","","LICENCA DE SAUDE","20211008","1","","","","","","0","0","1","0","0","0","1","0","0","0","0","0","0","0",0,0,0,"0",0,0,0,0,0,0,0,0,0,0,0,0,0,0,"0",0,4,0,0,0,0,0,0,3,0,0,0,0,0,0,0,"1",0,0,0,"0",0,0,0,0,"0",0,0,0,0,0,0,0,0,0,0,0,0,0,0,0,"0","0","1","0","0","0","0","0","0","0","0","0","0","0","0","0","0","0","0","0","0","0","0","0","1","1","1","0","1","1","0","0","0","0","0","0","0","0","0","0","0","0","0","0","0","0","0","0","0","0","0","1","0","0","0","0","0","0","0","0","0","0","1","0","0","0","0","0","0","0","0","0","0","0","0","0","0","0","0","0","0","0","0","0","0","0","0","0","0","0","0","0","1","202111","202204","2062"
"6667090","530010","70770100","08648314000107","3","1","00000000000000","","","","0010","","0","E","","","04","","01","36","03","","99","","","","","","","","EAS- 00161-02","20200125","1","","","","","","0","0","1","0","0","0","1","0","0","0","0","0","0","0",0,0,0,"0",0,0,0,0,0,0,0,0,0,0,0,0,0,0,"0",0,1,0,0,0,0,0,0,0,0,0,0,0,0,0,0,"1",0,0,0,"0",0,0,0,0,"0",0,0,0,0,0,0,0,0,0,0,0,0,0,0,0,"0","0","1","0","0","0","0","0","0","0","0","0","0","0","0","0","0","0","0","0","0","0","0","0","1","1","0","0","1","1","0","0","0","0","0","0","0","0","0","0","0","0","0","0","0","0","0","0","0","0","0","1","0","0","0","0","0","0","0","0","0","0","0","0","0","0","0","0","0","0","0","0","0","0","0","0","0","0","0","0","0","0","0","0","0","0","0","0","0","0","0","0","1","202107","202204","2062"
"6672809","530010","71503501","11916907000111","3","1","00000000000000","","","","0080","","0","E","","","04","","03","22","03","","99","","","","","","","","PAQ-050-04","20180723","1","","","","","","0","0","1","0","0","0","1","0","0","0","0","0","0","0",0,0,0,"0",0,0,0,0,0,0,0,0,0,0,0,0,0,0,"0",0,0,0,1,0,0,0,0,0,0,0,0,0,0,0,0,"1",0,0,0,"0",0,0,0,0,"0",0,0,0,0,0,0,0,0,0,0,0,0,0,0,0,"0","0","1","0","0","0","0","0","0","0","0","0","0","0","0","0","0","0","0","0","0","0","0","0","1","0","0","0","1","1","0","0","0","0","0","0","0","0","0","0","0","0","0","0","0","0","0","0","0","0","0","0","0","0","0","1","0","0","0","0","0","0","0","0","0","0","0","0","0","0","0","0","0","0","0","0","0","0","0","0","0","0","0","0","0","0","0","0","0","0","0","0","1","202009","202204","2062"
"6673058","530010","70830350","11060002000192","3","1","00000000000000","","","","0005","","0","E","","","04","","03","36","04","","99","","","","","","","","EAS 00305-02/2022","20220309","1","","","","","","0","0","1","0","0","0","1","0","0","0","0","0","0","0",0,0,0,"0",0,0,0,0,0,0,0,0,0,0,0,0,0,0,"0",0,3,0,0,0,0,0,0,0,0,0,0,0,0,0,0,"1",0,0,0,"0",0,0,0,0,"0",0,0,0,0,0,0,0,0,0,0,0,0,0,0,0,"0","0","1","0","0","0","0","0","0","0","0","0","0","0","0","0","0","0","0","0","0","0","0","0","1","0","0","0","1","1","0","0","0","0","0","0","0","0","0","0","0","0","0","0","0","0","0","0","0","0","0","1","0","0","0","1","0","0","0","0","0","0","0","0","0","0","0","0","0","0","0","0","0","0","0","0","0","0","0","0","0","0","0","0","0","0","0","0","0","0","0","0","1","202204","202204","2062"
"6677401","530010","70673632","07440659000108","3","1","00000000000000","","","","9931","","0","E","","","04","","03","22","03","","99","","","","","","","","RLE","20210816","","","","","","","0","0","1","0","0","0","1","0","0","0","0","0","0","0",0,0,0,"0",0,0,0,0,0,0,0,0,0,0,0,0,0,0,"0",0,0,0,0,0,0,0,0,1,0,0,0,0,0,0,0,"1",0,0,0,"0",0,0,0,0,"0",0,0,0,0,0,0,0,0,0,0,0,0,0,0,0,"0","0","1","0","0","0","0","0","0","0","0","0","0","0","0","0","0","0","0","0","0","0","0","0","1","1","0","0","1","1","0","0","0","0","0","0","0","0","0","0","0","0","0","0","0","0","0","0","0","0","0","1","0","0","0","0","0","0","0","0","0","0","0","0","0","0","0","0","0","0","0","0","0","0","0","0","0","0","0","0","0","0","0","0","0","0","0","0","0","0","0","0","1","202112","202204","2062"
"6677843","530010","71936970","11072257000175","3","1","00000000000000","","","","9901","","0","E","","","04","","01","04","01","","99","","","","","","","","EAS-0001822","20181022","1","","","","","","0","0","1","0","0","0","1","0","0","0","0","0","0","0",0,0,0,"0",0,0,0,0,0,0,0,0,0,0,0,0,0,0,"0",0,3,0,1,0,0,0,0,0,0,0,0,0,0,0,0,"1",0,0,0,"0",0,0,0,0,"0",0,0,0,0,0,0,0,0,0,0,0,0,0,0,0,"0","0","1","0","0","0","0","0","0","0","0","0","0","0","0","0","0","0","0","0","0","0","0","0","1","0","0","0","1","1","0","0","0","0","0","0","0","0","0","0","0","0","0","0","0","0","0","0","0","0","0","1","0","0","0","1","0","0","1","0","0","0","1","0","0","0","0","0","0","0","0","0","0","0","0","0","0","0","0","0","0","0","0","0","0","0","0","0","0","0","0","0","1","201909","202204","2062"
"6677886","530010","71925180","10743412000175","3","1","00000000000000","","","","9901","","0","E","","","02","","01","22","03","","99","","","","","","","","000482","20100804","1","","","","","","0","0","0","0","1","0","1","0","0","0","0","0","0","0",0,0,0,"0",0,0,0,0,0,0,0,0,0,0,0,0,0,0,"0",0,0,0,0,0,0,0,0,1,0,0,0,0,0,0,0,"1",0,0,0,"0",0,0,0,0,"0",0,0,0,0,0,0,0,0,0,0,0,0,0,0,0,"0","0","0","0","0","0","0","0","1","0","0","0","0","0","0","0","0","0","0","0","0","0","0","0","1","0","0","0","1","1","0","0","0","0","0","0","0","0","0","0","0","0","0","0","0","0","0","0","0","0","0","0","0","0","0","1","0","0","0","0","0","0","0","0","0","0","0","0","0","0","0","0","0","0","0","0","0","0","0","0","0","0","0","0","0","0","0","0","0","0","0","0","1","202002","202204","2135"
"6678505","530010","70800400","26989715000455","3","1","00000000000000","","","","0005","","0","E","","","04","","01","04","03","","99","","","","","","","","EAS00567-02","20211214","1","","","","","","0","0","1","0","0","0","1","0","0","0","0","0","0","0",0,0,0,"0",0,0,0,0,0,0,0,0,0,0,0,0,0,0,"0",0,2,0,2,0,0,0,0,0,0,1,0,0,0,1,0,"1",0,0,0,"0",0,0,0,0,"0",0,0,0,0,0,0,0,0,0,0,0,0,0,0,0,"0","0","1","0","1","0","0","0","0","0","0","0","0","0","0","0","0","1","0","1","1","0","0","0","1","1","0","1","1","1","0","0","0","0","0","0","0","0","0","0","0","0","0","0","0","0","0","0","0","0","0","0","0","0","1","0","0","0","0","0","0","0","0","0","0","0","0","0","0","0","0","0","0","0","0","0","0","0","0","0","0","0","0","0","0","0","0","0","0","0","0","0","1","202201","202204","1163"
"6681220","530010","72115700","12343904000107","3","1","00000000000000","","","","0180","","0","E","","","04","","03","22","03","","99","","","","","","","","RLE","20210510","1","","","","","","0","0","0","0","0","0","0","0","0","0","0","0","0","0",0,0,0,"0",0,0,0,0,0,0,0,0,0,0,0,0,0,0,"0",0,1,0,0,0,0,0,0,0,0,0,1,0,0,0,0,"1",0,0,0,"0",0,0,0,0,"0",0,0,0,0,0,0,0,0,0,0,0,0,0,0,0,"0","0","0","1","0","0","0","0","0","0","0","0","0","0","0","0","0","0","0","0","0","0","0","0","1","1","0","0","1","1","0","0","0","0","0","0","0","0","0","0","0","0","0","0","0","0","0","0","0","0","0","1","0","0","0","1","0","0","0","0","0","0","0","0","0","0","0","0","0","0","0","0","0","0","0","0","0","0","0","0","0","0","0","0","0","0","0","0","0","0","0","0","1","202106","202204","2062"
"6691870","530010","71615540","11004380000159","3","1","00000000000000","","","","","","0","E","","","04","","03","36","03","","99","","","","","","","","RLE","20210211","1","","","","","","0","0","1","0","0","0","1","0","0","0","0","0","0","0",0,0,0,"0",0,0,0,0,0,0,0,0,0,0,0,0,0,0,"0",0,4,0,0,0,0,0,0,0,0,0,0,0,0,0,0,"1",0,0,0,"0",0,0,0,0,"0",0,0,0,0,0,0,0,0,0,0,0,0,0,0,0,"0","0","1","0","0","0","0","0","0","0","0","0","0","0","0","0","0","0","0","0","0","0","0","0","1","0","0","0","1","1","0","0","0","0","0","0","0","0","0","0","0","0","0","0","0","0","0","0","0","0","0","1","0","0","1","1","0","0","0","0","0","0","0","0","0","0","0","0","0","0","0","0","0","0","0","0","0","0","0","0","0","0","0","0","0","0","0","0","0","0","0","0","1","202103","202204","2062"
"6691900","530010","70773580","11046603000140","3","1","00000000000000","","","","","","0","E","","","04","","01","22","03","","99","","","","","","","","53202234189","20200127","1","","","","","","0","0","1","0","0","0","1","0","0","0","0","0","0","0",0,0,0,"0",0,0,0,0,0,0,0,0,0,0,0,0,0,0,"0",0,0,0,1,0,0,0,0,0,0,0,0,0,0,0,0,"1",0,0,0,"0",0,0,0,0,"0",0,0,0,0,0,0,0,0,0,0,0,0,0,0,0,"0","0","0","0","0","0","0","0","0","0","0","0","0","0","0","0","0","0","0","0","0","0","0","0","0","0","0","0","1","1","0","0","0","0","0","0","0","0","0","0","0","0","0","0","0","0","0","0","0","0","0","1","0","0","0","1","0","0","0","0","0","0","0","0","0","0","0","0","0","0","0","0","0","0","0","0","0","0","0","0","0","0","0","0","0","0","0","0","0","0","0","0","1","202003","202204","2062"
"6691935","530010","70710149","05503624000226","3","1","00000000000000","","","","0010","","0","E","","","04","","","77","06","","99","","","","","","","","EAS-0036-02","20200330","1","","","","","","0","0","0","0","1","0","1","0","0","0","0","0","0","0",0,0,0,"0",0,0,0,0,0,0,0,0,0,0,0,0,0,0,"0",0,0,0,0,0,0,0,0,0,0,0,0,0,0,0,0,"0",0,0,0,"0",0,0,0,0,"0",0,0,0,0,0,0,0,0,0,0,0,0,0,0,0,"0","0","1","0","0","0","1","0","0","0","0","0","0","0","0","0","0","0","0","0","0","0","0","0","1","1","0","0","1","1","0","0","0","0","0","0","0","0","0","0","0","0","0","0","0","0","0","0","0","0","0","0","0","0","0","1","0","0","0","0","0","0","0","0","0","0","0","0","0","0","0","0","0","0","0","0","0","0","0","0","0","0","0","0","0","0","0","0","0","0","0","0","1","202110","202204","2062"
"6692257","530010","70710149","02850277000139","3","1","00000000000000","","","","","","0","E","","","04","","01","04","04","","99","","","","","","","","CDSAFADF","20210614","1","","","","","","0","0","1","0","0","0","1","0","0","0","0","0","0","0",0,0,0,"0",0,0,0,0,0,0,0,0,0,0,0,0,0,0,"0",1,2,0,1,0,0,0,0,0,0,0,0,0,0,0,0,"1",0,0,0,"0",0,0,0,0,"0",0,0,0,0,0,0,0,0,0,0,0,0,0,0,0,"0","0","1","0","0","0","0","0","0","0","0","0","0","0","0","0","0","0","0","0","0","0","0","0","1","0","0","0","1","1","0","0","0","0","0","0","0","0","0","0","0","0","0","0","0","0","0","0","0","0","0","1","0","0","0","1","0","0","0","0","0","0","0","0","0","0","0","0","0","0","0","0","0","0","0","0","0","0","0","0","0","0","0","0","0","0","0","0","0","0","0","0","1","202106","202204","2062"
"6692451","530010","70710100","12384007000133","3","1","00000000000000","","","","0010","","0","E","","","04","","01","36","03","","99","","","","","","","","53201658902","20190425","1","","","","","","0","0","1","0","0","0","1","0","0","0","0","0","0","0",0,0,0,"0",0,0,0,0,0,0,0,0,0,0,0,0,0,0,"0",0,1,0,0,0,0,0,0,0,0,0,0,0,0,0,0,"1",0,0,0,"0",0,0,0,0,"0",0,0,0,0,0,0,0,0,0,0,0,0,0,0,0,"0","0","0","0","0","0","0","0","0","0","0","0","0","0","0","0","0","0","0","1","0","0","0","0","1","1","0","0","1","1","0","0","0","0","0","0","0","0","0","0","0","0","0","0","0","0","0","0","0","0","0","1","0","0","1","1","0","0","0","0","0","0","0","0","0","0","0","0","0","0","0","0","0","0","0","0","0","0","0","0","0","0","0","0","0","0","0","0","0","0","0","0","1","202108","202204","2062"
"6692486","530010","70830300","10239042000133","3","1","00000000000000","","","","0010","","0","E","","","04","","01","04","03","","99","","","","","","","","EAS00009-02","20200813","1","","","","","","0","0","1","0","0","0","1","0","0","0","0","0","0","0",0,0,0,"0",0,0,0,0,0,0,0,0,0,0,0,0,0,0,"0",0,1,0,0,0,0,0,0,0,0,0,0,0,0,0,0,"1",0,0,0,"0",0,0,0,0,"0",0,0,0,0,0,0,0,0,0,0,0,0,0,0,0,"0","0","1","0","0","0","0","0","0","0","0","0","0","0","0","0","0","0","0","0","0","0","0","0","1","0","0","0","1","1","0","0","0","0","0","0","0","0","0","0","0","0","0","0","0","0","0","0","0","0","0","1","0","0","0","0","0","0","0","0","0","0","0","0","0","0","0","0","0","0","0","0","0","0","0","0","0","0","0","0","0","0","0","0","0","0","0","0","0","0","0","0","1","202105","202204","2062"
"6692826","530010","72015150","12018855000129","3","1","00000000000000","","","","0180","","0","E","","","04","","02","04","03","","99","","","","","","","","53600231279","20220128","1","","","","","","0","0","1","0","0","0","1","0","0","0","0","0","0","0",0,0,0,"0",0,0,0,0,0,0,0,0,0,0,0,0,0,0,"0",0,0,0,0,0,0,0,0,3,0,0,0,0,0,0,0,"1",0,0,0,"0",0,0,0,0,"0",0,0,0,0,0,0,0,0,0,0,0,0,0,0,0,"0","0","1","0","0","0","0","0","0","0","0","0","0","0","0","0","0","0","0","0","0","0","0","0","1","0","0","0","1","1","0","0","0","0","0","0","0","0","0","0","0","0","0","0","0","0","0","0","0","0","0","1","0","0","0","0","0","0","0","0","0","0","0","0","0","0","0","0","0","0","0","0","0","0","0","0","0","0","0","0","0","0","0","0","0","0","0","0","0","0","0","0","1","202203","202204","2305"
"6692850","530010","71900100","11438113000190","3","1","00000000000000","","","","","","0","E","","","04","","01","36","03","","99","","","","","","","","ODO00019-22","20190531","1","","","","","","0","0","1","0","0","0","1","0","0","0","0","0","0","0",0,0,0,"0",0,0,0,0,0,0,0,0,0,0,0,0,0,0,"0",0,0,0,0,0,0,0,0,1,0,0,0,0,0,0,0,"1",0,0,0,"0",0,0,0,0,"0",0,0,0,0,0,0,0,0,0,0,0,0,0,0,0,"0","0","1","0","0","0","0","0","0","0","0","0","0","0","0","0","0","0","0","0","0","0","0","0","1","0","0","0","1","1","0","0","0","0","0","0","0","0","0","0","0","0","0","0","0","0","0","0","0","0","0","1","0","0","0","0","0","0","0","0","0","0","0","0","0","0","0","0","0","0","0","0","0","0","0","0","0","0","0","0","0","0","0","0","0","0","0","0","0","0","0","0","1","201911","202204","2062"
"6692915","530010","72015525","00430462000300","3","1","00000000000000","","","","","","0","E","","","04","","03","04","03","","99","","","","","","","","EAS-00041-14","20210429","1","","","","","","0","0","1","0","0","0","1","0","0","0","0","0","0","0",0,0,0,"0",0,0,0,0,0,0,0,0,0,0,0,0,0,0,"0",3,14,0,0,0,0,0,0,0,0,0,0,0,0,0,0,"1",0,0,0,"0",0,0,0,0,"0",0,0,0,0,0,0,0,0,0,0,0,0,0,0,0,"0","0","0","0","0","0","0","0","1","0","0","0","0","0","0","0","0","1","0","0","0","0","0","0","1","0","0","0","1","1","0","0","0","0","0","0","0","0","0","0","0","0","0","0","0","0","0","0","0","0","0","1","0","0","0","1","0","0","0","0","0","0","0","0","0","0","0","0","0","0","0","0","0","0","0","0","0","0","0","0","0","0","0","0","0","0","0","0","0","0","0","0","1","202105","202204","2054"
"6692923","530010","72025001","24942732000916","3","1","00000000000000","","","","0010","","0","E","","","04","","03","39","03","","99","","","","","","","","00004-14","20180703","1","","","","","","0","0","1","0","0","0","1","0","0","0","0","0","0","0",0,0,0,"0",0,0,0,0,0,0,0,0,0,0,0,0,0,0,"0",0,0,0,2,0,0,0,0,0,0,0,0,0,0,0,0,"1",0,0,0,"0",0,0,0,0,"0",0,0,0,0,0,0,0,0,0,0,0,0,0,0,0,"0","0","0","0","0","0","0","0","0","0","0","0","0","0","0","0","0","0","0","0","0","1","0","0","1","0","0","1","1","1","0","0","0","0","0","0","0","0","0","0","0","0","0","0","0","0","0","0","0","0","0","0","0","0","0","0","0","0","0","0","0","0","1","0","0","0","0","0","0","0","0","0","0","0","0","0","0","0","0","0","0","0","0","0","0","0","0","0","0","0","0","0","1","201909","202204","2062"
"6693709","530010","72120130","08325108000166","3","1","00000000000000","","","","","","0","E","","","04","","01","04","03","","99","","","","","","","","53201357171","20190812","1","","","","","","0","0","1","0","0","0","1","0","0","0","0","0","0","0",0,0,0,"0",0,0,0,0,0,0,0,0,0,0,0,0,0,2,"1",4,3,0,3,0,0,0,0,0,0,0,0,0,0,0,0,"1",0,0,0,"0",0,0,0,0,"0",0,0,0,0,0,0,0,0,0,0,0,0,0,0,0,"0","0","1","0","0","0","0","0","0","0","0","0","0","0","0","0","0","0","0","0","0","0","0","0","1","0","0","0","1","1","0","0","0","0","0","0","0","0","0","0","0","0","0","0","0","0","0","0","0","0","0","1","0","0","0","0","0","0","0","0","0","0","0","0","0","0","0","0","0","0","0","0","0","0","0","0","0","0","0","0","0","0","0","0","0","0","0","0","0","0","0","0","1","202105","202204","2062"
"6696503","530010","70390145","11808006000106","3","1","00000000000000","","","","0010","","0","E","","","04","","02","36","03","","99","","","","","","","","0297401","20190508","1","","","","","","0","0","1","0","0","0","1","0","0","0","0","0","0","0",0,0,0,"0",0,0,0,0,0,0,0,0,0,0,0,0,0,0,"0",0,1,0,0,0,0,0,0,0,0,0,0,0,0,0,0,"1",0,0,0,"0",0,0,0,0,"0",0,0,0,0,0,0,0,0,0,0,0,0,0,0,0,"0","0","0","1","0","0","0","0","0","0","0","0","0","0","0","0","0","0","0","0","0","0","0","0","1","0","0","0","1","1","0","0","0","0","0","0","0","0","0","0","0","0","0","0","0","0","0","0","0","0","0","0","0","0","0","1","0","0","0","0","0","0","0","0","0","0","0","0","0","0","0","0","0","0","0","0","0","0","0","0","0","0","0","0","0","0","0","0","0","0","0","0","1","201909","202204","2062"
"6696511","530010","70390100","06859950000152","3","1","00000000000000","","","","0015","","0","E","","","04","","03","04","03","","99","","","","","","","","EAS 03962-01","20190101","1","","","","","","0","0","1","0","0","0","1","0","0","0","0","0","0","0",0,0,0,"0",0,0,0,0,0,0,0,0,0,0,0,0,0,0,"0",0,2,0,1,0,0,0,0,0,0,0,0,0,0,0,0,"1",0,0,0,"0",0,0,0,0,"0",0,0,0,0,0,0,0,0,0,0,0,0,0,0,0,"0","0","1","0","0","0","0","0","0","0","0","0","0","0","0","0","0","0","0","0","0","0","0","0","1","1","0","0","1","1","0","0","0","0","0","0","0","0","0","0","0","0","0","0","0","0","0","0","0","0","0","1","0","0","0","1","0","0","0","0","0","0","0","0","0","0","0","0","0","0","0","0","0","0","0","0","0","0","0","0","0","0","0","0","0","0","0","0","0","0","0","0","1","201910","202204","2305"
"6698395","530010","70673416","12810843000132","3","1","00000000000000","","","","","","0","E","","","04","","01","04","03","","99","","","","","","","","RLE 53201679799","20210714","1","","","","","","0","0","1","0","0","0","1","0","0","0","0","0","0","0",0,0,0,"0",0,0,0,0,0,0,0,0,0,0,0,0,0,0,"0",8,8,0,0,0,0,0,0,0,0,0,0,0,0,0,0,"1",0,0,0,"0",0,0,0,0,"0",0,0,0,0,0,0,0,0,0,0,0,0,0,0,0,"0","0","1","0","0","0","0","0","0","0","0","0","0","0","0","0","0","0","1","0","0","0","0","0","1","1","0","0","1","1","0","0","0","0","0","0","0","0","0","0","0","0","0","0","0","0","0","0","0","0","0","1","0","0","0","1","0","0","0","0","0","0","0","0","0","0","0","0","0","0","0","0","0","0","0","0","0","0","0","0","0","0","0","0","0","0","0","0","0","0","0","0","1","202202","202204","2062"
"6703321","530010","70770560","10993607000173","3","1","00000000000000","","","","","","0","E","","","04","","01","36","04","","99","","","","","","","","EAS 163-02","20200208","1","","","","","","0","0","1","0","0","0","1","0","0","0","0","0","0","0",0,0,0,"0",0,0,0,0,0,0,0,0,0,0,0,0,0,0,"0",2,0,0,0,0,0,0,0,0,0,0,0,0,0,0,0,"1",0,0,0,"0",0,0,0,0,"0",0,0,0,0,0,0,0,0,0,0,0,0,0,0,0,"0","0","1","0","0","0","0","0","0","0","0","0","0","0","0","0","0","0","0","0","0","0","0","0","1","0","0","0","1","1","0","0","0","0","0","0","0","0","0","0","0","0","0","0","0","0","0","0","0","0","0","0","0","0","0","1","0","0","0","0","0","0","0","0","0","0","0","0","0","0","0","0","0","0","0","0","0","0","0","0","0","0","0","0","0","0","0","0","0","0","0","0","1","202009","202204","2240"
"6707408","530010","70390108","11928897000134","3","1","00000000000000","","","","","","0","E","","","04","","03","22","03","","99","","","","","","","","LICENCA SANITARIA","20200121","1","","","","","","0","0","1","0","0","0","1","0","0","0","0","0","0","0",0,0,0,"0",0,0,0,0,0,0,0,0,0,0,0,0,0,0,"0",0,0,0,0,0,0,0,0,0,0,0,0,0,0,0,1,"1",0,0,0,"0",0,0,0,0,"0",0,0,0,0,0,0,0,0,0,0,0,0,0,0,0,"0","0","1","0","0","0","0","0","0","0","0","0","0","0","0","0","0","0","0","0","0","0","0","0","1","0","0","0","1","1","0","0","0","0","0","0","0","0","0","0","0","0","0","0","0","0","0","0","0","0","0","0","0","0","0","1","0","0","0","0","0","0","0","0","0","0","0","0","0","0","0","0","0","0","0","0","0","0","0","0","0","0","0","0","0","0","0","0","0","0","0","0","1","202006","202204","2062"
"6707513","530010","70710100","11752523000100","3","1","00000000000000","","","","","","0","E","","","04","","03","36","04","","99","","","","","","","","RLE","20211125","1","","","","","","0","0","1","0","0","0","1","0","0","0","0","0","0","0",0,0,0,"0",0,0,0,0,0,0,0,0,0,0,0,0,0,0,"0",3,5,0,0,0,0,0,0,0,0,0,0,0,0,0,0,"1",0,0,0,"0",0,0,0,0,"0",0,0,0,0,0,0,0,0,0,0,0,0,0,0,0,"0","0","1","0","0","0","0","0","0","0","0","0","0","0","0","0","0","0","0","0","0","0","0","0","1","1","1","0","1","1","0","0","0","0","0","0","0","0","0","0","0","0","0","0","0","0","0","0","0","0","0","1","0","0","0","1","0","0","0","0","0","0","0","0","0","0","0","0","0","0","0","0","0","0","0","0","0","0","0","0","0","0","0","0","0","0","0","0","0","0","0","0","1","202202","202204","2062"
"6708714","530010","72301524","00394700002909","3","3","00394700000108","","04","","0140","","1","E","","","04","","03","73","06","","99","","","","","","","","","","","","","","","","0","0","1","0","0","0","1","0","0","0","0","0","0","0",0,0,0,"0",0,0,0,2,0,0,0,1,0,1,0,0,0,6,"1",0,0,0,0,0,0,0,0,0,0,0,0,0,0,0,0,"0",0,0,0,"0",0,0,0,0,"0",0,0,0,9,0,0,0,0,0,0,0,0,0,0,0,"0","0","1","0","1","0","1","0","1","1","1","0","0","0","0","0","1","0","1","1","1","0","0","0","1","1","1","1","1","1","0","0","0","1","0","0","0","0","0","0","0","0","1","0","0","0","0","0","0","0","1","0","0","0","0","0","0","0","0","0","0","0","0","0","1","0","0","0","0","0","0","0","0","0","0","0","0","0","0","0","0","0","0","0","0","0","0","0","0","0","0","0","1","202203","202204","1023"
"6709346","530010","70710100","03817659000123","3","1","00000000000000","","","","","","0","E","","","04","","01","04","03","","99","","","","","","","","EAS.00636-02","20201202","1","","","","","","0","0","1","0","0","0","1","0","0","0","0","0","0","0",0,0,0,"0",0,0,0,0,0,0,0,0,0,0,0,0,0,0,"0",0,2,0,0,0,0,0,0,0,0,0,0,0,1,1,1,"1",0,0,0,"0",0,0,0,0,"0",0,0,0,0,0,0,0,0,0,0,0,0,0,0,0,"0","0","1","0","0","0","0","0","1","0","0","0","0","0","0","0","0","0","0","0","0","0","0","0","1","1","0","0","1","1","0","0","0","0","0","0","0","0","0","0","0","0","0","0","0","0","0","0","0","0","0","1","0","0","0","0","0","0","0","0","0","0","0","0","0","0","0","0","0","0","0","0","0","0","0","0","0","0","0","0","0","0","0","0","0","0","0","0","0","0","0","0","1","202108","202204","2240"
"6710875","530010","70712000","12389239000184","3","1","00000000000000","","","","","","0","E","","","04","","","22","04","","99","","","","","","","","","","1","","","","","","0","0","1","0","0","0","1","0","0","0","0","0","0","0",0,0,0,"0",0,0,0,0,0,0,0,0,0,0,0,0,0,0,"0",0,0,0,1,0,0,0,0,0,0,0,0,0,0,0,0,"1",0,0,0,"0",0,0,0,0,"0",0,0,0,0,0,0,0,0,0,0,0,0,0,0,0,"0","0","0","0","0","0","0","0","0","0","0","0","0","0","0","0","0","0","0","0","0","0","0","0","0","0","0","0","1","1","0","0","0","0","0","0","0","0","0","0","0","0","0","0","0","0","0","0","0","0","0","1","0","0","1","1","0","0","0","0","0","0","0","0","0","0","0","0","0","0","0","0","0","0","0","0","0","0","0","0","0","0","0","0","0","0","0","0","0","0","0","0","1","202107","202204","2062"
"6715370","530010","70077900","01261324000146","3","1","00000000000000","","","","0010","","0","E","","","04","","03","36","03","","99","","","","","","","","ODO0355-02","20210118","1","","","","","","0","0","1","0","0","0","1","0","0","0","0","0","0","0",0,0,0,"0",0,0,0,0,0,0,0,0,0,0,0,0,0,0,"0",0,0,0,0,0,0,0,0,2,0,0,0,0,0,0,0,"1",0,0,0,"0",0,0,0,0,"0",0,0,0,0,0,0,0,0,0,0,0,0,0,0,0,"0","0","1","0","0","0","0","0","1","0","0","0","0","0","0","0","0","0","0","0","0","0","0","0","1","1","0","0","1","1","0","0","0","0","0","0","0","0","0","0","0","0","0","0","0","0","0","0","0","0","0","1","0","0","1","1","0","0","0","0","0","0","0","0","0","0","0","0","0","0","0","0","0","0","0","0","0","0","0","0","0","0","0","0","0","0","0","0","0","0","0","0","1","202103","202204","2062"
"6715427","530010","70711905","12527090000152","3","1","00000000000000","","","","0010","","0","E","","","04","","03","36","03","","99","","","","","","","","ODO0029-02","20210308","1","","","","","","0","0","1","0","0","0","1","0","0","0","0","0","0","0",0,0,0,"0",0,0,0,0,0,0,0,0,0,0,0,0,0,0,"0",0,0,0,0,0,0,0,0,2,0,0,0,0,0,0,0,"1",0,0,0,"0",0,0,0,0,"0",0,0,0,0,0,0,0,0,0,0,0,0,0,0,0,"0","0","1","0","0","0","0","0","1","0","0","0","0","0","0","0","0","0","0","0","0","0","0","0","1","1","0","0","1","1","0","0","0","0","0","0","0","0","0","0","0","0","0","0","0","0","0","0","0","0","0","1","0","0","0","1","0","0","0","0","0","0","0","0","0","0","0","0","0","0","0","0","0","0","0","0","0","0","0","0","0","0","0","0","0","0","0","0","0","0","0","0","1","202106","202204","2062"
"6718329","530010","72504232","07888284000143","3","1","00000000000000","","","","0150","","0","E","","","04","","03","22","03","","99","","","","","","","","SAUDE 2020","20200716","1","","","","","","0","0","1","0","0","0","1","0","0","0","0","0","0","0",0,0,0,"0",0,0,0,0,0,0,0,0,0,0,0,0,0,0,"0",0,0,0,0,0,0,0,0,2,0,0,0,0,0,0,0,"1",0,0,0,"0",0,0,0,0,"0",0,0,0,0,0,0,0,0,0,0,0,0,0,0,0,"0","0","1","0","0","0","0","0","1","0","0","0","0","0","0","0","0","0","0","0","0","0","0","0","1","0","1","0","1","1","0","0","0","0","0","0","0","0","0","0","0","0","0","0","0","0","0","0","0","0","0","0","0","0","0","0","0","0","1","0","0","0","0","0","0","0","0","0","0","0","0","0","0","0","0","0","0","0","0","0","0","0","0","0","0","0","0","0","0","0","0","0","1","202012","202204","2062"
"6723012","530010","70200740","12067091000161","3","1","00000000000000","","","","","","0","E","","","04","","03","36","03","","99","","","","","","","","ODO 0165501","20191023","1","","","","","","0","0","1","0","0","0","1","0","0","0","0","0","0","0",0,0,0,"0",0,0,0,0,0,0,0,0,0,0,0,0,0,0,"0",0,1,0,0,0,0,0,0,0,0,0,0,0,0,0,0,"1",0,0,0,"0",0,0,0,0,"0",0,0,0,0,0,0,0,0,0,0,0,0,0,0,0,"0","0","1","0","0","0","0","0","0","0","0","0","0","0","0","0","0","0","0","0","0","0","0","0","1","1","0","0","1","1","0","0","0","0","0","0","0","0","0","0","0","0","0","0","0","0","0","0","0","0","0","1","0","0","0","1","0","0","0","0","0","0","0","0","0","0","0","0","0","0","0","0","0","0","0","0","0","0","0","0","0","0","0","0","0","0","0","0","0","0","0","0","1","202010","202204","2062"
"6730639","530010","70390055","11682972000120","3","1","00000000000000","","","","","","0","E","","","04","","01","36","03","","99","","","","","","","","RLE DIGITAL","20190626","1","","","","","","0","0","1","0","0","0","1","0","0","0","0","0","0","0",0,0,0,"0",0,0,0,0,0,0,0,0,0,0,0,0,0,0,"0",0,1,0,0,0,0,0,0,0,0,0,0,0,0,0,0,"1",0,0,0,"0",0,0,0,0,"0",0,0,0,0,0,0,0,0,0,0,0,0,0,0,0,"0","0","1","0","0","0","0","0","0","0","0","0","0","0","0","0","0","0","0","0","0","0","0","0","1","0","0","0","1","1","0","0","0","0","0","0","0","0","0","0","0","0","0","0","0","0","0","0","0","0","0","1","0","0","0","1","0","0","0","0","0","0","0","0","0","0","0","0","0","0","0","0","0","0","0","0","0","0","0","0","0","0","0","0","0","0","0","0","0","0","0","0","1","202106","202204","2062"
"6730671","530010","70200670","05090412000183","3","1","00000000000000","","","","0010","","0","E","","","04","","03","36","03","","99","001","34789","1101803","","","","","EAS.02647-01","20190918","1","","","","","","0","0","1","0","0","0","1","0","0","0","0","0","0","0",0,0,0,"0",0,0,0,0,0,0,0,0,0,0,0,0,0,0,"0",0,5,0,0,0,0,0,0,0,0,0,0,0,0,0,0,"1",0,0,0,"0",0,0,0,0,"0",0,0,0,0,0,0,0,0,0,0,0,0,0,0,0,"0","0","1","0","0","0","0","0","0","0","0","0","0","0","0","0","0","0","0","0","0","0","0","0","1","0","0","0","1","1","0","0","0","0","0","0","0","0","0","0","0","0","0","0","0","0","0","0","0","0","0","1","0","0","0","0","0","0","0","0","0","0","0","0","0","0","0","0","0","0","0","0","0","0","0","0","0","0","0","0","0","0","0","0","0","0","0","0","0","0","0","0","1","202001","202204","2062"
"6730914","530010","70648010","10793027000132","3","1","00000000000000","","","","0050","","1","E","","","04","","03","05","06","","99","748","2007","7548-5","","","","","EAS.00029-07","20200701","1","","","","","","0","0","1","0","1","0","1","0","0","1","0","1","0","1",3,5,22,"1",0,0,0,0,0,0,0,1,0,1,1,1,1,2,"1",1,1,0,0,0,0,0,0,0,0,1,0,0,0,1,1,"1",3,1,0,"1",0,0,0,0,"0",0,0,0,2,0,0,0,0,0,0,4,0,0,0,0,"0","1","1","0","1","0","1","0","1","0","1","1","0","0","0","0","0","1","1","1","0","1","1","0","1","1","0","0","1","1","1","0","0","1","0","0","0","0","0","0","0","0","1","1","1","0","0","0","1","0","0","1","0","0","0","1","0","0","0","0","0","0","0","0","0","1","0","0","0","1","0","0","0","0","0","0","0","0","0","0","0","0","0","0","0","0","0","0","0","0","0","0","1","202112","202204","3999"
"6732356","530010","71635600","12928853000177","3","1","00000000000000","","","","","","0","E","","","04","","01","22","03","","99","","","","","","","","EAS. 00053-03","20200116","1","","","","","","0","0","1","0","0","0","1","0","0","0","0","0","0","0",0,0,0,"0",0,0,0,0,0,0,0,0,0,0,0,0,0,0,"0",0,1,0,0,0,0,0,0,0,0,0,0,0,0,0,0,"1",0,0,0,"0",0,0,0,0,"0",0,0,0,0,0,0,0,0,0,0,0,0,0,0,0,"0","0","1","0","0","0","0","0","0","0","0","0","0","0","0","0","0","0","0","0","0","0","0","0","1","0","0","0","1","1","0","0","0","0","0","0","0","0","0","0","0","0","0","0","0","0","0","0","0","0","0","1","0","0","0","1","0","0","0","0","0","0","0","0","0","0","0","0","0","0","0","0","0","0","0","0","0","0","0","0","0","0","0","0","0","0","0","0","0","0","0","0","1","202201","202204","2062"
"6734758","530010","72465360","07615493000113","3","1","00000000000000","","","","0060","","0","E","","","04","","02","22","03","","99","","","","","","","","21234567","20190610","1","","","","","","0","0","1","0","0","0","1","0","0","0","0","0","0","0",0,0,0,"0",0,0,0,0,0,0,0,0,0,0,0,0,0,0,"0",0,1,0,0,0,0,0,0,0,0,0,0,0,0,0,0,"1",0,0,0,"0",0,0,0,0,"0",0,0,0,0,0,0,0,0,0,0,0,0,0,0,0,"0","0","1","0","0","0","0","0","0","0","0","0","0","0","0","0","0","0","0","0","0","0","0","0","1","0","0","0","1","1","0","0","0","0","0","0","0","0","0","0","0","0","0","0","0","0","0","0","0","0","0","1","0","0","0","0","0","0","0","0","0","0","0","0","0","0","0","0","0","0","0","0","0","0","0","0","0","0","0","0","0","0","0","0","0","0","0","0","0","0","0","0","1","202007","202204","2062"
"6736602","530010","73310000","00000000000000","3","3","00394700000108","","06","","0120","","1","E","","","04","","01","02","03","","99","","","","","","","","","","","","","","","","0","0","1","0","0","0","1","0","0","0","0","0","0","0",0,0,0,"0",0,0,0,0,0,0,0,0,0,0,0,0,0,0,"0",0,3,0,1,0,0,0,0,0,0,1,0,0,0,0,0,"1",0,0,0,"0",0,0,0,0,"0",0,0,0,0,0,0,0,0,0,0,0,0,0,0,0,"0","0","1","0","0","0","1","0","0","0","0","0","0","0","0","0","0","0","0","0","0","0","0","0","1","1","0","0","1","1","0","0","0","0","0","0","0","0","0","0","0","0","0","0","0","0","0","0","0","0","1","0","0","0","0","0","0","0","0","0","0","0","0","0","0","0","0","0","0","0","0","0","0","0","0","0","0","0","0","0","0","0","0","0","0","0","0","0","0","0","0","0","1","202204","202204","1023"
"6739091","530010","70710904","11199529000100","3","1","00000000000000","","","","","","0","E","","","04","","03","36","03","","99","","","","","","","","2020060508","20200609","1","","","","","","0","0","1","0","0","0","1","0","0","0","0","0","0","0",0,0,0,"0",0,0,0,0,0,0,0,0,0,0,0,0,0,0,"0",0,1,0,0,0,0,0,0,0,0,0,0,0,0,0,0,"1",0,0,0,"0",0,0,0,0,"0",0,0,0,0,0,0,0,0,0,0,0,0,0,0,0,"0","0","1","0","0","0","0","0","0","0","0","0","0","0","0","0","0","0","0","0","0","0","0","0","1","0","0","0","1","1","0","0","0","0","0","0","0","0","0","0","0","0","0","0","0","0","0","0","0","0","0","1","0","0","0","0","0","0","0","0","0","0","0","0","0","0","0","0","0","0","0","0","0","0","0","0","0","0","0","0","0","0","0","0","0","0","0","0","0","0","0","0","1","202105","202204","2062"
"6741177","530010","70200730","05700230000187","3","1","00000000000000","","","","0015","","0","E","","","04","","01","36","04","","99","","","","","","","","RLE DIGITAL","20180806","1","","","","","","0","0","1","0","0","0","1","0","0","0","0","0","0","0",0,0,0,"0",0,0,0,0,0,0,0,0,0,0,0,0,0,0,"0",1,3,0,2,0,0,0,0,0,0,0,0,0,0,0,0,"1",0,0,0,"0",0,0,0,0,"0",0,0,0,0,0,0,0,0,0,0,0,0,0,0,0,"0","0","1","0","0","0","0","0","0","0","0","0","0","0","0","0","0","0","0","0","0","0","0","0","1","0","0","0","1","1","0","0","0","0","0","0","1","0","0","0","0","0","1","0","0","0","0","0","0","0","0","1","0","0","0","0","0","0","0","0","0","0","0","0","0","0","0","0","0","0","0","0","0","0","0","0","0","0","0","0","0","0","0","0","0","0","0","0","0","0","0","0","1","202103","202204","2062"
"6747477","530010","70390100","12742159000160","3","1","00000000000000","","","","0015","","0","E","","","04","","03","04","04","","99","","","","","","","","EAS 03967-01","20210616","1","","","","","","0","0","1","0","0","0","1","0","0","0","0","0","0","0",0,0,0,"0",0,0,0,0,0,0,0,0,0,0,0,0,0,0,"0",0,1,0,1,0,0,0,0,0,0,0,0,0,0,0,0,"1",0,0,0,"0",0,0,0,0,"0",0,0,0,0,0,0,0,0,0,0,0,0,0,0,0,"0","0","1","0","0","0","0","0","0","0","0","0","0","0","0","0","0","0","0","0","0","0","0","0","1","0","0","0","1","1","0","0","0","0","0","0","0","0","0","0","0","0","0","0","0","0","0","0","0","0","0","1","0","0","1","1","0","0","0","0","0","0","0","0","0","0","0","0","0","0","0","0","0","0","0","0","0","0","0","0","0","0","0","0","0","0","0","0","0","0","0","0","1","202203","202204","2062"
"6748899","530010","70390108","03275838000186","3","1","00000000000000","","","","0010","","0","E","","","04","","03","62","06","","99","","","","","","","","EAS.0809-41","20200707","1","","","","","","0","0","0","0","0","0","0","0","0","1","0","1","0","1",10,0,0,"1",0,0,0,0,0,0,0,0,0,0,0,0,0,0,"0",0,0,0,0,0,0,0,0,0,0,0,0,0,0,0,2,"1",0,0,8,"1",0,0,0,0,"0",0,0,0,0,0,0,0,0,0,0,0,0,0,0,0,"0","1","0","0","0","0","0","0","1","0","0","0","0","0","0","0","0","1","0","1","0","0","0","0","1","1","1","0","1","1","0","0","0","0","0","0","0","0","0","0","0","0","0","0","0","0","0","0","0","0","0","1","0","0","0","1","0","0","0","0","0","0","0","0","0","0","0","0","0","0","0","0","0","0","0","0","0","0","0","0","0","0","0","0","0","0","0","0","0","0","0","0","1","202106","202204","2062"
"6748902","530010","70390108","12447258000110","3","1","00000000000000","","","","0015","","0","E","","","04","","01","36","03","","99","","","","","","","","CERTIFICADO LICENCIAMENTO","20181220","1","","","","","","0","0","1","0","0","0","1","0","0","0","0","0","0","0",0,0,0,"0",0,0,0,0,0,0,0,0,0,0,0,0,0,0,"0",0,1,0,0,0,0,0,0,0,0,0,0,0,0,0,0,"1",0,0,0,"0",0,0,0,0,"0",0,0,0,0,0,0,0,0,0,0,0,0,0,0,0,"0","0","1","0","0","0","0","0","0","0","0","0","0","0","0","0","0","0","0","0","0","0","0","0","1","0","0","0","1","1","0","0","0","0","0","0","0","0","0","0","0","0","0","0","0","0","0","0","0","0","0","1","0","0","0","0","0","0","0","0","0","0","0","0","0","0","0","0","0","0","0","0","0","0","0","0","0","0","0","0","0","0","0","0","0","0","0","0","0","0","0","0","1","202008","202204","2062"
"6749208","530010","72544203","15318349000143","3","1","00000000000000","","","","","","0","E","","","04","","03","22","03","","99","","","","","","","","Nº ODO.00025-19","20210115","1","","","","","","0","0","1","0","0","0","1","0","0","0","0","0","0","0",0,0,0,"0",0,0,0,0,0,0,0,0,0,0,0,0,0,0,"0",0,0,0,0,0,0,0,0,3,0,0,0,0,0,0,0,"1",0,0,0,"0",0,0,0,0,"0",0,0,0,0,0,0,0,0,0,0,0,0,0,0,0,"0","0","0","0","0","0","0","0","0","0","0","0","0","0","0","0","0","0","0","0","0","0","0","0","0","1","1","0","1","1","0","0","0","0","0","0","0","0","0","0","0","0","0","0","0","0","0","0","0","0","0","1","0","0","0","0","0","0","0","0","0","0","0","0","0","0","0","0","0","0","0","0","0","0","0","0","0","0","0","0","0","0","0","0","0","0","0","0","0","0","0","0","1","202103","202204","2135"
"6750087","530010","70770913","12273890000194","3","1","00000000000000","","","","","","0","E","","","04","","03","36","03","","99","","","","","","","","","","","","","","","","0","0","1","0","0","0","1","0","0","0","0","0","0","0",0,0,0,"0",0,0,0,0,0,0,0,0,0,0,0,0,0,0,"0",0,11,0,0,0,0,0,0,0,0,0,0,0,0,0,0,"1",0,0,0,"0",0,0,0,0,"0",0,0,0,0,0,0,0,0,0,0,0,0,0,0,0,"0","0","1","0","0","0","0","0","0","0","0","0","0","0","0","0","0","0","0","0","0","0","0","0","1","0","0","0","1","1","0","0","0","0","0","0","0","0","0","0","0","0","0","0","0","0","0","0","0","0","0","1","0","0","1","1","0","0","0","0","0","0","0","0","0","0","0","0","0","0","0","0","0","0","0","0","0","0","0","0","0","0","0","0","0","0","0","0","0","0","0","0","1","202107","202204","2062"
"6750117","530010","70770904","03235448000182","3","1","00000000000000","","","","","","0","E","","","04","","03","36","03","","99","","","","","","","","5320200156021","20211118","1","","","","","","0","0","1","0","0","0","1","0","0","0","0","0","0","0",0,0,0,"0",0,0,0,0,0,0,0,0,0,0,0,0,0,0,"0",0,4,0,0,0,0,0,0,0,0,0,0,0,0,0,0,"1",0,0,0,"0",0,0,0,0,"0",0,0,0,0,0,0,0,0,0,0,0,0,0,0,0,"0","0","1","0","0","0","0","0","0","0","0","0","0","0","0","0","0","0","0","1","0","0","0","0","1","1","0","0","1","1","0","0","0","0","0","0","0","0","0","0","0","0","0","0","0","0","0","0","0","0","0","1","0","0","1","1","0","0","0","0","0","0","0","0","0","0","0","0","0","0","0","0","0","0","0","0","0","0","0","0","0","0","0","0","0","0","0","0","0","0","0","0","1","202203","202204","2240"
"6750141","530010","70719903","02142072000107","3","1","00000000000000","","","","0010","","0","E","","","04","","03","36","03","","99","","","","","","","","EAS.29271-01","20200924","1","","","","","","0","0","1","0","0","0","1","0","0","0","0","0","0","0",0,0,0,"0",0,0,0,0,0,0,0,0,0,0,0,0,0,0,"0",0,0,0,0,0,0,0,0,1,0,0,0,0,0,0,0,"1",0,0,0,"0",0,0,0,0,"0",0,0,0,0,0,0,0,0,0,0,0,0,0,0,0,"0","0","1","0","0","0","0","0","1","0","0","0","0","0","0","0","0","1","0","1","0","0","0","0","1","1","1","0","1","1","0","0","0","0","0","0","0","0","0","0","0","0","0","0","0","0","0","0","0","0","0","1","0","0","0","1","0","0","0","0","0","0","0","0","0","0","0","0","0","0","0","0","0","0","0","0","0","0","0","0","0","0","0","0","0","0","0","0","0","0","0","0","1","202010","202204","2135"
"6750257","530010","70715900","12065494000171","3","1","00000000000000","","","","0005","","0","E","","","04","","01","22","03","","99","","","","","","","","ODO 00053-02","20181026","1","","","","","","0","0","1","0","0","0","1","0","0","0","0","0","0","0",0,0,0,"0",0,0,0,0,0,0,0,0,0,0,0,0,0,0,"0",0,0,0,0,0,0,0,0,1,0,0,0,0,0,0,0,"1",0,0,0,"0",0,0,0,0,"0",0,0,0,0,0,0,0,0,0,0,0,0,0,0,0,"0","0","0","0","0","0","0","0","0","0","0","0","0","0","0","0","0","0","0","0","0","0","0","0","0","1","0","0","1","1","0","0","0","0","0","0","0","0","0","0","0","0","0","0","0","0","0","0","0","0","0","1","0","0","1","1","0","0","0","0","0","0","0","0","0","0","0","0","0","0","0","0","0","0","0","0","0","0","0","0","0","0","0","0","0","0","0","0","0","0","0","0","1","201907","202204","2305"
"6752403","530010","71573030","11369379000128","3","1","00000000000000","","","","0110","","0","E","","","04","","03","36","03","","99","","","","","","","","EAS 00028-05","20190220","1","","","","","","0","0","0","0","1","0","1","0","0","0","0","0","0","0",0,0,0,"0",0,0,0,0,0,0,0,0,0,0,0,0,0,0,"0",0,1,0,0,0,0,0,0,0,0,0,0,0,0,0,0,"1",0,0,0,"0",0,0,0,0,"0",0,0,0,0,0,0,0,0,0,0,0,0,0,0,0,"0","0","0","1","0","0","0","0","0","0","0","0","0","0","0","0","0","0","0","0","0","0","0","0","1","0","0","0","1","1","0","0","0","0","0","0","0","0","0","0","0","0","0","0","0","0","0","0","0","0","0","1","0","0","0","0","0","0","0","0","0","0","0","0","0","0","0","0","0","0","0","0","0","0","0","0","0","0","0","0","0","0","0","0","0","0","0","0","0","0","0","0","1","201911","202204","2240"
"6752438","530010","71573030","01096215000110","3","1","00000000000000","","","","0110","","0","E","","","04","","03","36","03","","99","","","","","","","","","20190702","1","","","","","","0","0","1","0","0","0","1","0","0","0","0","0","0","0",0,0,0,"0",0,0,0,0,0,0,0,0,0,0,0,0,0,0,"0",0,1,0,0,0,0,0,0,0,0,0,0,0,0,0,0,"1",0,0,0,"0",0,0,0,0,"0",0,0,0,0,0,0,0,0,0,0,0,0,0,0,0,"0","0","1","0","0","0","0","0","0","0","0","0","0","0","0","0","0","0","0","0","0","0","0","0","1","0","0","0","1","1","0","0","0","0","0","0","0","0","0","0","0","0","0","0","0","0","0","0","0","0","0","1","0","0","0","1","0","0","0","0","0","0","0","0","0","0","0","0","0","0","0","0","0","0","0","0","0","0","0","0","0","0","0","0","0","0","0","0","0","0","0","0","1","201911","202204","2062"
"6760635","530010","72010000","07408625000721","3","1","00000000000000","","","","0180","","0","E","","","04","","01","36","03","","99","","","","","","","","OBO.0008615","20190201","1","","","","","","0","0","1","0","0","0","1","0","0","0","0","0","0","0",0,0,0,"0",0,0,0,0,0,0,0,0,0,0,0,0,0,0,"0",0,0,0,0,0,0,0,0,7,0,0,0,0,0,0,0,"1",0,0,0,"0",0,0,0,0,"0",0,0,0,0,0,0,0,0,0,0,0,0,0,0,0,"0","0","1","0","0","0","0","0","1","0","0","0","0","0","0","0","0","0","0","0","0","0","0","0","1","1","0","0","1","1","0","0","0","0","0","0","0","0","0","0","0","0","0","0","0","0","0","0","0","0","0","1","0","0","0","0","0","0","0","0","0","0","0","0","0","0","0","0","0","0","0","0","0","0","0","0","0","0","0","0","0","0","0","0","0","0","0","0","0","0","0","0","1","202001","202204","2062"
"6763456","530010","70390904","00398644000180","3","1","00000000000000","","","","0015","","0","E","","","04","","03","36","03","","99","","","","","","","","RLE","20210811","1","","","","","","0","0","1","0","0","0","1","0","0","0","0","0","0","0",0,0,0,"0",0,0,0,0,0,0,0,0,0,0,0,0,0,0,"0",0,3,0,0,0,0,0,0,0,0,0,0,0,0,0,0,"1",0,0,0,"0",0,0,0,0,"0",0,0,0,0,0,0,0,0,0,0,0,0,0,0,0,"0","0","1","0","0","0","0","0","0","0","0","0","0","0","0","0","0","0","0","0","0","0","0","0","1","0","0","0","1","1","0","0","0","0","0","0","0","0","0","0","0","0","0","0","0","0","0","0","0","0","0","0","0","0","0","1","0","0","0","0","0","0","0","0","0","0","0","0","0","0","0","0","0","0","0","0","0","0","0","0","0","0","0","0","0","0","0","0","0","0","0","0","1","202108","202204","2062"
"6763464","530010","70390100","12000169000120","3","1","00000000000000","","","","0015","","0","E","","","04","","01","36","04","","99","","","","","","","","","","","","","","","","0","0","1","0","0","0","1","0","0","0","0","0","0","0",0,0,0,"0",0,0,0,0,0,0,0,0,0,0,0,0,0,0,"0",3,0,0,0,0,0,0,0,0,0,0,0,0,0,0,0,"1",0,0,0,"0",0,0,0,0,"0",0,0,0,0,0,0,0,0,0,0,0,0,0,0,0,"0","0","1","0","0","0","0","0","0","0","0","0","0","0","0","0","0","0","0","0","0","0","0","0","1","1","0","0","1","1","0","0","0","0","0","0","0","0","0","0","0","0","0","0","0","0","0","0","0","0","0","1","0","0","0","1","0","0","0","0","0","0","0","0","0","0","0","0","0","0","0","0","0","0","0","0","0","0","0","0","0","0","0","0","0","0","0","0","0","0","0","0","1","202108","202204","2240"
"6764975","530010","70390108","12157620000118","3","1","00000000000000","","","","0015","","0","E","","","04","","03","36","03","","99","","","","","","","","EAS 02967-01","20210217","1","","","","","","0","0","1","0","0","0","1","0","0","0","0","0","0","0",0,0,0,"0",0,0,0,0,0,0,0,0,0,0,0,0,0,0,"0",0,2,0,0,0,0,0,0,0,0,0,0,0,0,0,0,"1",0,0,0,"0",0,0,0,0,"0",0,0,0,0,0,0,0,0,0,0,0,0,0,0,0,"0","0","1","0","0","0","0","0","0","0","0","0","0","0","0","0","0","0","0","0","0","0","0","0","1","0","1","0","1","1","0","0","0","0","0","0","0","0","0","0","0","0","0","0","0","0","0","0","0","0","0","1","0","0","0","1","0","0","0","0","0","0","0","0","0","0","0","0","0","0","0","0","0","0","0","0","0","0","0","0","0","0","0","0","0","0","0","0","0","0","0","0","1","202110","202204","2062"
"6770282","530010","70390155","07482837000163","3","1","00000000000000","","","","0015","","0","E","","","04","","01","36","03","","99","","","","","","","","ODO.01647-01","20210723","1","","","","","","0","0","1","0","0","0","1","0","0","0","0","0","0","0",0,0,0,"0",0,0,0,0,0,0,0,0,0,0,0,0,0,0,"0",0,0,0,0,0,0,0,0,3,0,0,0,0,0,0,0,"1",0,0,0,"0",0,0,0,0,"0",0,0,0,0,0,0,0,0,0,0,0,0,0,0,0,"0","0","1","0","0","0","0","0","1","0","0","0","0","0","0","0","0","0","0","0","0","0","0","0","1","1","0","0","1","1","0","0","0","0","0","0","0","0","0","0","0","0","0","0","0","0","0","0","0","0","0","1","0","0","0","0","0","0","0","0","0","0","0","0","0","0","0","0","0","0","0","0","0","0","0","0","0","0","0","0","0","0","0","0","0","0","0","0","0","0","0","0","1","202107","202204","2062"
"6770657","530010","73100000","00000000000000","3","3","00394700000108","","06","","0170","","1","E","","","04","","01","02","03","","99","","","","","","","","","","","","","","","","1","0","0","0","0","0","1","0","0","0","0","0","0","0",0,0,0,"0",0,0,0,0,0,0,0,0,0,0,0,0,0,0,"0",1,0,0,1,0,0,0,1,0,0,1,1,0,0,1,0,"1",0,0,0,"0",0,0,0,0,"0",0,0,0,0,0,0,0,0,0,0,0,0,0,0,0,"0","0","1","0","0","0","0","0","0","0","0","0","0","0","0","0","0","0","0","0","0","0","0","0","1","1","1","0","1","1","0","0","0","0","0","0","0","0","0","0","0","0","0","0","0","0","0","0","0","0","1","0","0","0","0","0","0","0","0","0","0","0","0","0","0","0","0","0","0","0","0","0","0","0","0","0","0","0","1","0","0","0","0","0","0","0","0","0","0","0","0","0","1","202204","202204","1023"
"6770665","530010","73081180","00000000000000","3","3","00394700000108","","06","","0170","","1","E","","","04","","01","02","03","","99","","","","","","","","","","","","","","","","1","0","0","0","0","0","1","0","0","0","0","0","0","0",0,0,0,"0",0,0,0,0,0,0,0,0,0,0,0,0,0,0,"0",1,0,0,1,0,0,0,0,1,0,1,1,0,0,1,0,"1",0,0,0,"0",0,0,0,0,"0",0,0,0,0,0,0,0,0,0,0,0,0,0,0,0,"0","0","1","0","0","0","1","0","0","0","0","0","0","0","0","0","0","0","0","0","0","0","0","0","1","1","1","0","1","1","0","0","0","0","0","0","0","0","0","0","0","0","0","0","0","0","0","0","0","0","1","0","0","0","0","0","0","0","0","0","0","0","0","0","0","0","0","0","0","0","0","0","0","0","0","0","0","0","1","0","0","0","0","0","0","0","0","0","0","0","0","0","1","202204","202204","1023"
"6770681","530010","73088300","00000000000000","3","3","00394700000108","","06","","0170","","1","E","","","03","","01","02","03","","99","","","","","","","","","","","","","","","","1","0","0","0","0","0","1","0","0","0","0","0","0","0",0,0,0,"0",0,0,0,0,0,0,0,0,0,0,0,0,0,0,"0",1,0,0,1,0,0,0,2,1,0,1,1,1,0,1,0,"1",0,0,0,"0",0,0,0,0,"0",0,0,0,0,0,0,0,0,0,0,0,0,0,0,0,"0","0","1","0","0","0","0","0","1","0","0","0","0","0","0","0","0","0","0","0","0","0","0","0","1","1","1","0","1","1","0","0","0","0","0","0","0","0","0","0","0","0","0","0","0","0","0","0","0","0","1","0","0","0","0","0","0","0","0","0","0","0","0","0","0","0","0","0","0","0","0","0","0","0","0","0","0","0","1","0","0","0","0","0","0","0","0","0","0","0","0","0","1","202204","202204","1023"
"6771874","530010","72440470","13096628000184","3","1","00000000000000","","","","","","0","E","","","04","","01","36","03","","99","","","","","","","","EAS 00061-20","20200322","1","","","","","","0","0","1","0","0","0","1","0","0","0","0","0","0","0",0,0,0,"0",0,0,0,0,0,0,0,0,0,0,0,0,0,0,"0",0,8,0,0,0,0,0,0,0,0,0,0,0,0,0,0,"1",0,0,0,"0",0,0,0,0,"0",0,0,0,0,0,0,0,0,0,0,0,0,0,0,0,"0","0","1","0","0","0","0","0","0","0","0","0","0","0","0","0","0","0","0","0","0","0","0","0","1","0","0","0","1","1","1","0","0","0","0","0","0","0","0","0","0","0","1","0","0","0","0","0","0","0","0","1","0","0","0","1","0","0","0","0","0","0","0","0","0","0","0","0","0","0","0","0","0","0","0","0","0","0","0","0","0","0","0","0","0","0","0","0","0","0","0","0","1","202108","202204","2062"
"6773893","530010","72460000","03496858001078","3","1","00000000000000","","","","0060","","0","E","","","04","","03","69","06","","99","","","","","","","","EAS-00028-20","20200423","1","","","","","","0","0","1","0","0","0","1","0","0","0","0","0","0","0",0,0,0,"0",0,0,0,0,0,0,0,0,0,0,0,0,0,0,"0",0,0,0,0,0,0,0,0,0,0,0,0,0,0,0,0,"0",0,0,0,"0",0,0,0,0,"0",0,0,0,0,0,0,0,0,0,0,0,0,0,0,0,"0","0","0","0","0","0","0","0","0","0","0","0","0","0","0","0","0","0","0","1","0","0","0","0","1","1","1","0","1","1","0","0","0","0","0","1","0","0","0","0","0","0","1","0","0","0","0","0","0","0","0","0","0","0","0","0","0","0","1","0","0","1","1","0","0","0","0","0","0","0","0","0","0","0","0","0","0","0","0","0","0","0","0","0","0","0","0","0","0","0","0","0","1","202104","202204","2062"
"6774725","530010","70390145","12930997000168","3","1","00000000000000","","","","0010","","0","E","","","04","","03","36","04","","99","","","","","","","","EAS 02988-01","20180320","1","","","","","","0","0","1","0","0","0","1","0","0","0","0","0","0","0",0,0,0,"0",0,0,0,0,0,0,0,0,0,0,0,0,0,0,"0",0,1,0,0,0,0,0,0,0,0,0,0,0,0,0,0,"1",0,0,0,"0",0,0,0,0,"0",0,0,0,0,0,0,0,0,0,0,0,0,0,0,0,"0","0","1","0","0","0","0","0","0","0","0","0","0","0","0","0","0","0","0","0","0","0","0","0","1","0","0","0","1","1","0","0","0","0","0","0","0","0","0","0","0","0","0","0","0","0","0","0","0","0","0","1","0","0","0","1","0","0","0","0","0","0","0","0","0","0","0","0","0","0","0","0","0","0","0","0","0","0","0","0","0","0","0","0","0","0","0","0","0","0","0","0","1","202012","202204","2062"
"6774806","530010","70390145","10284888000195","3","1","00000000000000","","","","","","0","E","","","04","","03","36","03","","99","","","","","","","","LICENCA SANITARIA","20200601","1","","","","","","0","0","1","0","0","0","1","0","0","0","0","0","0","0",0,0,0,"0",0,0,0,0,0,0,0,0,0,0,0,0,0,0,"0",0,1,0,0,0,0,0,0,0,0,0,0,0,0,0,0,"1",0,0,0,"0",0,0,0,0,"0",0,0,0,0,0,0,0,0,0,0,0,0,0,0,0,"0","0","0","1","0","0","0","0","0","0","0","0","0","0","0","0","0","0","0","0","0","0","0","0","1","0","0","0","1","1","0","0","0","0","0","0","0","0","0","0","0","0","0","0","0","0","0","0","0","0","0","1","0","0","0","1","0","0","0","0","0","0","0","0","0","0","0","0","0","0","0","0","0","0","0","0","0","0","0","0","0","0","0","0","0","0","0","0","0","0","0","0","1","202010","202204","2062"
"6775683","530010","72215178","00404947000249","3","1","00000000000000","","","","0040","","0","E","","","04","","03","39","03","","99","","","","","","","","EAS 000185","20200101","1","","","","","","0","0","1","0","0","0","1","0","0","0","0","0","0","0",0,0,0,"0",0,0,0,0,0,0,0,0,0,0,0,0,0,0,"0",0,0,0,0,0,0,0,0,0,0,0,0,0,0,0,0,"0",0,0,0,"0",0,0,0,0,"0",0,0,0,0,0,0,0,0,0,0,0,0,0,0,0,"0","0","0","0","0","0","0","0","1","0","0","0","0","0","0","0","0","0","0","0","0","0","0","0","1","1","1","0","1","1","0","0","0","0","0","0","0","0","0","0","0","0","0","0","0","0","0","0","0","0","0","1","0","0","0","0","0","0","1","0","0","0","0","0","0","0","0","0","0","0","0","0","0","0","0","0","0","0","0","0","0","0","0","0","0","0","0","0","0","0","0","0","1","202011","202204","2062"
"6786278","530010","70200610","12670851000120","3","1","00000000000000","","","","0010","","0","E","","","04","","01","22","05","","99","","","","","","","","ANVISA","20190201","1","","","","","","0","0","1","0","0","0","1","0","0","0","0","0","0","0",0,0,0,"0",0,0,0,0,0,0,0,0,0,0,0,0,0,0,"0",0,0,0,1,0,0,0,0,0,0,0,0,0,0,0,0,"1",0,0,0,"0",0,0,0,0,"0",0,0,0,0,0,0,0,0,0,0,0,0,0,0,0,"0","0","1","0","0","0","0","0","0","0","0","0","0","0","0","0","0","0","0","0","0","0","0","0","1","0","0","0","1","1","0","0","0","0","0","0","0","0","0","0","0","0","0","0","0","0","0","0","0","0","0","1","0","0","0","0","0","0","0","0","0","0","0","0","0","0","0","0","0","0","0","0","0","0","0","0","0","0","0","0","0","0","0","0","0","0","0","0","0","0","0","0","1","202103","202204","2135"
"6788289","530010","70710907","04501214000100","3","1","00000000000000","","","","0005","","0","E","","","04","","01","22","04","","99","","","","","","","","","","","","","","","","0","0","1","0","0","0","1","0","0","0","0","0","0","0",0,0,0,"0",0,0,0,0,0,0,0,0,0,0,0,0,0,0,"0",0,0,0,0,0,0,0,0,0,0,0,0,0,0,0,0,"0",0,0,0,"0",0,0,0,0,"0",0,0,0,0,0,0,0,0,0,0,0,0,0,0,0,"0","0","1","0","0","0","0","0","0","0","0","0","0","0","0","0","0","0","0","0","0","0","0","0","1","0","0","0","1","1","0","0","0","0","0","0","0","0","0","0","0","0","0","0","0","0","0","0","0","0","0","1","0","0","0","1","0","0","0","0","0","0","0","0","0","0","0","0","0","0","0","0","0","0","0","0","0","0","0","0","0","0","0","0","0","0","0","0","0","0","0","0","1","202204","202204","2240"
"6788580","530010","70736530","00365613000122","3","1","00000000000000","","","","","","0","E","","","04","","03","22","04","","99","","","","","","","","ODO 00242-02/2020","20201109","1","","","","","","0","0","1","0","0","0","1","0","0","0","0","0","0","0",0,0,0,"0",0,0,0,0,0,0,0,0,0,0,0,0,0,0,"0",0,0,0,0,0,0,0,0,14,1,0,0,0,0,0,0,"1",0,0,0,"0",0,0,0,0,"0",0,0,0,0,0,0,0,0,0,0,0,0,0,0,0,"0","0","0","0","0","0","0","0","0","0","0","0","0","0","0","0","0","0","0","0","0","0","0","0","0","1","0","0","1","1","0","0","0","0","0","0","0","0","0","0","0","0","0","0","0","0","0","0","0","0","0","1","0","0","1","1","0","0","0","0","0","0","0","0","0","0","0","0","0","0","0","0","0","0","0","0","0","0","0","0","0","0","0","0","0","0","0","0","0","0","0","0","1","202102","202204","2240"
"6788653","530010","70770100","13107492000160","3","1","00000000000000","","","","0005","","0","E","","","04","","03","22","04","","99","","","","","","","","","","","","","","","","0","0","1","0","0","0","1","0","0","0","0","0","0","0",0,0,0,"0",0,0,0,0,0,0,0,0,0,0,0,0,0,0,"0",0,0,0,1,0,0,0,0,0,0,0,0,0,0,0,0,"1",0,0,0,"0",0,0,0,0,"0",0,0,0,0,0,0,0,0,0,0,0,0,0,0,0,"0","0","1","0","0","0","0","0","0","0","0","0","0","0","0","0","0","0","0","0","0","0","0","0","1","0","0","0","1","1","0","0","0","0","0","0","0","0","0","0","0","0","0","0","0","0","0","0","0","0","0","1","0","0","0","1","0","0","0","0","0","0","0","0","0","0","0","0","0","0","0","0","0","0","0","0","0","0","0","0","0","0","0","0","0","0","0","0","0","0","0","0","1","202003","202204","2062"
"6791859","530010","70830302","12004928000123","3","1","00000000000000","","","","0010","","0","E","","","04","","03","04","03","","99","","","","","","","","EAS 0954-02","20190422","1","","","","","","0","0","1","0","0","0","1","0","0","0","0","0","0","0",0,0,0,"0",0,0,0,0,0,0,0,0,0,0,0,0,0,0,"0",0,1,0,0,0,0,0,0,0,0,0,0,0,0,0,0,"1",0,0,0,"0",0,0,0,0,"0",0,0,0,0,0,0,0,0,0,0,0,0,0,0,0,"0","0","1","0","0","0","0","0","0","0","0","0","0","0","0","0","0","0","0","0","0","0","0","0","1","0","0","0","1","1","0","0","0","0","0","0","0","0","0","0","0","0","0","0","0","0","0","0","0","0","0","0","0","0","0","1","0","0","0","0","0","0","0","0","0","0","0","0","0","0","0","0","0","0","0","0","0","0","0","0","0","0","0","0","0","0","0","0","0","0","0","0","1","202003","202204","2062"
"6792677","530010","73310317","61486650048038","3","1","00000000000000","","","","","","0","E","","","04","","03","39","03","","99","","","","","","","","","","","","","","","","0","0","1","0","0","0","1","0","0","0","0","0","0","0",0,0,0,"0",0,0,0,0,0,0,0,0,0,0,0,0,0,0,"0",0,0,0,0,0,0,0,1,0,0,0,0,0,0,0,0,"1",0,0,0,"0",0,0,0,0,"0",0,0,0,0,0,0,0,0,1,0,0,0,0,0,0,"0","0","0","0","0","0","0","0","0","0","0","0","0","0","0","0","0","0","1","0","0","0","0","0","1","1","0","0","1","1","0","0","0","0","0","0","0","0","0","0","0","0","0","0","0","0","0","0","0","0","0","0","0","0","0","0","0","0","1","0","0","0","1","0","0","0","0","0","0","0","0","0","0","0","0","0","0","0","0","0","0","0","0","0","0","0","0","0","0","0","0","0","1","202010","202204","2046"
"6794432","530010","70390700","12698716000193","3","1","00000000000000","","","","0010","","0","E","","","04","","01","36","03","","99","","","","","","","","REDE SIM DF","20210802","1","","","","","","0","0","1","0","0","0","1","0","0","0","0","0","0","0",0,0,0,"0",0,0,0,0,0,0,0,0,0,0,0,0,0,0,"0",0,3,0,0,0,0,0,0,0,0,0,0,0,0,0,0,"1",0,0,0,"0",0,0,0,0,"0",0,0,0,0,0,0,0,0,0,0,0,0,0,0,0,"0","0","1","0","0","0","0","0","0","0","0","0","0","0","0","0","0","0","0","0","0","0","0","0","1","0","0","0","1","1","0","0","0","0","0","0","0","0","0","0","0","0","0","0","0","0","0","0","0","0","0","1","0","0","0","0","0","0","0","0","0","0","0","0","0","0","0","0","0","0","0","0","0","0","0","0","0","0","0","0","0","0","0","0","0","0","0","0","0","0","0","0","1","202108","202204","2062"
"6794513","530010","70390108","02777949000632","3","1","00000000000000","","","","","","0","E","","","04","","01","39","03","","99","","","","","","","","DFP1900030237","20190315","1","","","","","","0","0","1","0","0","0","1","0","0","0","0","0","0","0",0,0,0,"0",0,0,0,0,0,0,0,0,0,0,0,0,0,0,"0",0,0,0,0,0,0,0,0,0,0,0,0,0,0,0,0,"0",0,0,0,"0",0,0,0,0,"0",0,0,0,0,0,0,0,0,0,0,0,0,0,0,0,"0","0","1","0","0","0","0","0","0","0","0","0","0","0","0","0","0","0","0","0","0","0","0","0","1","0","0","0","1","1","0","0","0","0","0","0","0","0","0","0","0","0","0","0","0","0","0","0","0","0","0","0","0","0","0","0","0","0","1","0","0","0","1","0","0","0","0","0","0","0","0","0","0","0","0","0","0","0","0","0","0","0","0","0","0","0","0","0","0","0","0","0","1","201905","202204","2062"
"6794521","530010","70390145","06556028000196","3","1","00000000000000","","","","","","0","E","","","04","","03","36","03","","99","","","","","","","","EAS 02646-01","20201002","1","","","","","","0","0","1","0","0","0","1","0","0","0","0","0","0","0",0,0,0,"0",0,0,0,0,0,0,0,0,0,0,0,0,0,0,"0",0,1,0,0,0,0,0,0,0,0,0,0,0,0,0,0,"1",0,0,0,"0",0,0,0,0,"0",0,0,0,0,0,0,0,0,0,0,0,0,0,0,0,"0","0","1","0","0","0","0","0","0","0","0","0","0","0","0","0","0","0","0","0","0","0","0","0","1","1","0","0","1","1","0","0","0","0","0","0","0","0","0","0","0","0","0","0","0","0","0","0","0","0","0","1","0","0","0","1","0","0","0","0","0","0","0","0","0","0","0","0","0","0","0","0","0","0","0","0","0","0","0","0","0","0","0","0","0","0","0","0","0","0","0","0","1","202010","202204","2062"
"6797911","530010","72010010","13259115000147","3","1","00000000000000","","","","","","0","E","","","04","","01","36","03","","99","","","","","","","","ODO.00122-15","20180914","1","","","","","","0","0","1","0","0","0","1","0","0","0","0","0","0","0",0,0,0,"0",0,0,0,0,0,0,0,0,0,0,0,0,0,0,"0",0,0,0,0,0,0,0,0,2,0,0,0,0,0,0,0,"1",0,0,0,"0",0,0,0,0,"0",0,0,0,0,0,0,0,0,0,0,0,0,0,0,0,"0","0","1","0","0","0","0","0","0","0","0","0","0","0","0","0","0","0","0","1","0","0","0","0","1","0","0","0","1","1","0","0","0","0","0","0","0","0","0","0","0","0","0","0","0","0","0","0","0","0","0","1","0","0","0","1","0","0","0","0","0","0","0","0","0","0","0","0","0","0","0","0","0","0","0","0","0","0","0","0","0","0","0","0","0","0","0","0","0","0","0","0","1","201907","202204","2062"
"6798365","530010","70390095","10841552000186","3","1","00000000000000","","","","0015","","0","E","","","04","","01","04","03","","99","","","","","","","","AES 1525-2021","20211015","1","","","","","","0","0","1","0","0","0","1","0","0","0","0","0","0","0",0,0,0,"0",0,0,0,0,0,0,0,0,0,0,0,0,0,0,"0",0,7,0,0,0,0,0,0,0,0,0,0,0,0,0,0,"1",0,0,0,"0",0,0,0,0,"0",0,0,0,0,0,0,0,0,0,0,0,0,0,0,0,"0","0","1","0","0","0","0","0","0","0","0","0","0","0","0","0","0","0","0","0","0","0","0","0","1","1","1","0","1","1","0","0","0","0","0","0","0","0","0","0","0","0","0","0","0","0","0","0","0","0","0","1","0","0","1","1","0","0","0","0","0","0","0","0","0","0","0","0","0","0","0","0","0","0","0","0","0","0","0","0","0","0","0","0","0","0","0","0","0","0","0","0","1","202203","202204","2062"
"6798748","530010","70390150","13294260000169","3","1","00000000000000","","","","","","0","E","","","04","","03","36","03","","99","","","","","","","","20161400124518","20160429","1","","","","","","0","0","1","0","0","0","1","0","0","0","0","0","0","0",0,0,0,"0",0,0,0,0,0,0,0,0,0,0,0,0,0,0,"0",5,0,0,0,0,0,0,0,0,0,0,0,0,0,0,0,"1",0,0,0,"0",0,0,0,0,"0",0,0,0,0,0,0,0,0,0,0,0,0,0,0,0,"0","0","1","0","0","0","0","0","0","0","0","0","0","0","0","0","0","0","0","0","0","0","0","0","1","0","0","0","1","1","0","0","0","0","0","0","0","0","0","0","0","0","0","0","0","0","0","0","0","0","0","1","0","0","0","1","0","0","0","0","0","0","0","0","0","0","0","0","0","0","0","0","0","0","0","0","0","0","0","0","0","0","0","0","0","0","0","0","0","0","0","0","1","202201","202204","2062"
"6804608","530010","70390108","13816503000181","3","1","00000000000000","","","","","","0","E","","","04","","01","22","03","","99","","","","","","","","EAS 02992-01","20181113","1","","","","","","0","0","1","0","0","0","1","0","0","0","0","0","0","0",0,0,0,"0",0,0,0,0,0,0,0,0,0,0,0,0,0,0,"0",0,1,0,0,0,0,0,0,0,0,0,0,0,0,0,0,"1",0,0,0,"0",0,0,0,0,"0",0,0,0,0,0,0,0,0,0,0,0,0,0,0,0,"0","0","1","0","0","0","0","0","0","0","0","0","0","0","0","0","0","0","0","0","0","0","0","0","1","0","0","0","1","1","0","0","0","0","0","0","0","0","0","0","0","0","0","0","0","0","0","0","0","0","0","1","0","0","0","0","0","0","0","0","0","0","0","0","0","0","0","0","0","0","0","0","0","0","0","0","0","0","0","0","0","0","0","0","0","0","0","0","0","0","0","0","1","202104","202204","2062"
"6804632","530010","70324900","13589358000143","3","1","00000000000000","","","","0015","","0","E","","","04","","01","36","04","","99","","","","","","","","RLE DIGITAL","20190820","1","","","","","","0","0","1","0","0","0","1","0","0","0","0","0","0","0",0,0,0,"0",0,0,0,0,0,0,0,0,0,0,0,0,0,0,"0",0,1,0,0,0,0,0,0,0,0,0,0,0,0,0,0,"1",0,0,0,"0",0,0,0,0,"0",0,0,0,0,0,0,0,0,0,0,0,0,0,0,0,"0","0","1","0","0","0","0","0","0","0","0","0","0","0","0","0","0","0","0","0","0","0","0","0","1","0","0","0","1","1","0","0","0","0","0","0","0","0","0","0","0","0","0","0","0","0","0","0","0","0","0","1","0","0","0","1","0","0","0","0","0","0","0","0","0","0","0","0","0","0","0","0","0","0","0","0","0","0","0","0","0","0","0","0","0","0","0","0","0","0","0","0","1","202101","202204","2062"
"6810799","530010","70673416","04722798000136","3","1","00000000000000","","","","","","0","E","","","04","","01","04","03","","99","","","","","","","","EAS.00010-07","20211007","1","","","","","","0","0","1","0","0","0","1","0","0","0","0","0","0","0",0,0,0,"0",0,0,0,0,0,0,0,0,0,0,0,0,0,0,"0",1,0,0,0,0,0,0,0,2,0,0,0,0,0,0,0,"1",0,0,0,"0",0,0,0,0,"0",0,0,0,0,0,0,0,0,0,0,0,0,0,0,0,"0","0","1","0","0","0","0","0","1","0","0","0","0","0","0","0","0","0","0","0","0","0","0","0","1","1","1","0","0","1","0","0","0","0","0","0","0","0","0","0","0","0","0","0","0","0","0","0","0","0","0","1","0","0","0","0","0","0","0","0","0","0","0","0","0","0","0","0","0","0","0","0","0","0","0","0","0","0","0","0","0","0","0","0","0","0","0","0","0","0","0","0","1","202111","202204","2240"
"6820107","530010","70710100","11487488000140","3","1","00000000000000","","","","","","0","E","","","04","","01","22","03","","99","","","","","","","","EAS 00162-02/2021","20211216","1","","","","","","0","0","1","0","0","0","1","0","0","0","0","0","0","0",0,0,0,"0",0,0,0,0,0,0,0,0,0,0,0,0,0,0,"0",0,0,0,1,0,0,0,0,0,0,0,0,0,0,0,0,"1",0,0,0,"0",0,0,0,0,"0",0,0,0,0,0,0,0,0,0,0,0,0,0,0,0,"0","0","0","0","0","0","0","0","0","0","0","0","0","0","0","0","0","0","0","0","0","0","0","0","0","0","0","0","1","1","0","0","0","0","0","0","0","0","0","0","0","0","0","0","0","0","0","0","0","0","0","1","0","0","0","1","0","0","0","0","0","0","0","0","0","0","0","0","0","0","0","0","0","0","0","0","0","0","0","0","0","0","0","0","0","0","0","0","0","0","0","0","1","202204","202204","2240"
"6820115","530010","70200730","61590410000558","3","1","00000000000000","","","","0015","","0","E","","","04","","02","04","04","","99","","","","","","","","LICENCA SANITARIA","20210122","1","","","","","","0","0","1","0","0","0","1","0","0","0","0","0","0","0",0,0,0,"0",0,0,0,0,0,0,0,0,0,0,0,0,0,0,"0",1,1,0,1,0,0,0,0,0,0,0,0,0,0,0,0,"1",0,0,0,"0",0,0,0,0,"0",0,0,0,0,0,0,0,0,0,0,0,0,0,0,0,"0","0","1","0","0","0","1","0","0","0","1","0","0","0","0","0","0","1","0","1","0","1","0","0","1","1","0","1","1","1","0","0","0","0","0","0","0","0","0","0","0","0","0","0","0","0","0","0","0","0","0","1","0","0","0","1","0","0","0","0","0","0","0","0","0","0","0","0","0","0","0","0","0","0","0","0","0","0","0","0","0","0","0","0","0","0","0","0","0","0","0","0","1","202112","202204","3999"
"6820123","530010","70390908","00718528006131","3","1","00000000000000","","","","0010","","0","E","","","04","","03","39","03","","99","","","","","","","","LAB 05694/2021","20210406","1","","","","","","0","0","1","0","0","0","1","0","0","0","0","0","0","0",0,0,0,"0",0,0,0,0,0,0,0,0,0,0,0,0,0,0,"0",0,0,0,0,0,0,0,0,0,0,0,1,0,0,0,0,"1",0,0,0,"0",0,0,0,0,"0",0,0,0,0,0,0,0,0,0,0,0,0,0,0,0,"0","0","1","0","0","0","0","0","0","0","0","0","0","0","0","0","0","0","0","0","0","0","0","0","1","1","0","0","1","1","0","0","0","0","0","0","0","0","0","0","0","0","0","0","0","0","0","0","0","0","0","0","0","0","0","0","0","0","1","0","0","1","1","0","0","0","0","0","0","0","0","0","0","0","0","0","0","0","0","0","0","0","0","0","0","0","0","0","0","0","0","0","1","202108","202204","2054"
"6820131","530010","70390150","13060180000149","3","1","00000000000000","","","","0015","","0","E","","","04","","02","36","03","","99","","","","","","","","CERTIFICADO RLE","20190725","1","","","","","","0","0","1","0","0","0","1","0","0","0","0","0","0","0",0,0,0,"0",0,0,0,0,0,0,0,0,0,0,0,0,0,0,"0",0,0,0,5,0,0,0,0,0,0,0,0,0,0,0,0,"1",0,0,0,"0",0,0,0,0,"0",0,0,0,0,0,0,0,0,0,0,0,0,0,0,0,"0","0","1","0","0","0","0","0","0","0","0","0","0","0","0","0","0","0","0","0","0","0","0","0","1","0","0","0","1","1","0","0","0","0","0","0","0","0","0","0","0","0","0","0","0","0","0","0","0","0","0","1","0","0","0","0","0","0","0","0","0","0","0","0","0","0","0","0","0","0","0","0","0","0","0","0","0","0","0","0","0","0","0","0","0","0","0","0","0","0","0","0","1","202201","202204","2062"
"6822053","530010","70070120","13431059000186","3","1","00000000000000","","","","0015","","0","E","","","04","","01","36","03","","99","","","","","","","","EAS","20200101","1","","","","","","0","0","1","0","0","0","1","0","0","0","0","0","0","0",0,0,0,"0",0,0,0,0,0,0,0,0,0,0,0,0,0,0,"0",0,1,0,0,0,0,0,0,0,0,0,0,0,0,0,0,"1",0,0,0,"0",0,0,0,0,"0",0,0,0,0,0,0,0,0,0,0,0,0,0,0,0,"0","0","1","0","0","0","0","0","0","0","0","0","0","0","0","0","0","0","0","0","0","0","0","0","1","0","0","0","1","1","0","0","0","0","0","0","0","0","0","0","0","0","0","0","0","0","0","0","0","0","0","1","0","0","0","1","0","0","0","0","0","0","0","0","0","0","0","0","0","0","0","0","0","0","0","0","0","0","0","0","0","0","0","0","0","0","0","0","0","0","0","0","1","202006","202204","2062"
"6824722","530010","71205050","09277457000112","3","1","00000000000000","","","","","","0","E","","","04","","01","22","03","","99","","","","","","","","EAS2410","20190516","1","","","","","","0","0","1","0","0","0","1","0","0","0","0","0","0","0",0,0,0,"0",0,0,0,0,0,0,0,0,0,0,0,0,0,0,"0",0,1,0,0,0,0,0,0,0,0,0,0,0,0,0,0,"1",0,0,0,"0",0,0,0,0,"0",0,0,0,0,0,0,0,0,0,0,0,0,0,0,0,"0","0","1","0","0","0","0","0","0","0","0","0","0","0","0","0","0","0","0","0","0","0","0","0","1","0","0","0","1","1","0","0","0","0","0","0","0","0","0","0","0","0","0","0","0","0","0","0","0","0","0","1","0","0","0","1","0","0","0","0","0","0","0","0","0","0","0","0","0","0","0","0","0","0","0","0","0","0","0","0","0","0","0","0","0","0","0","0","0","0","0","0","1","202003","202204","2062"
"6831265","530010","70360700","10702154000189","3","1","00000000000000","","","","","","0","E","","","04","","01","36","03","","99","","","","","","","","EAS.02924-01","20200721","1","","","","","","0","0","1","0","0","0","1","0","0","0","0","0","0","0",0,0,0,"0",0,0,0,0,0,0,0,0,0,0,0,0,0,0,"0",0,2,0,0,0,0,0,0,0,0,0,0,0,0,0,0,"1",0,0,0,"0",0,0,0,0,"0",0,0,0,0,0,0,0,0,0,0,0,0,0,0,0,"0","0","1","0","0","0","0","0","1","0","0","0","0","0","0","0","0","0","0","0","0","0","0","0","1","1","0","0","1","1","0","0","0","0","0","0","0","0","0","0","0","0","0","0","0","0","0","0","0","0","0","1","0","0","0","0","0","0","0","0","0","0","0","0","0","0","0","0","0","0","0","0","0","0","0","0","0","0","0","0","0","0","0","0","0","0","0","0","0","0","0","0","1","202010","202204","2240"
"6831281","530010","70200740","13778597000141","3","1","00000000000000","","","","0015","","0","E","","","04","","03","36","03","","99","","","","","","","","EAS 20417-01","20211002","1","","","","","","0","0","1","0","0","0","1","0","0","0","0","0","0","0",0,0,0,"0",0,0,0,0,0,0,0,0,0,0,0,0,0,0,"0",0,1,0,0,0,0,0,0,0,0,0,0,0,0,0,0,"1",0,0,0,"0",0,0,0,0,"0",0,0,0,0,0,0,0,0,0,0,0,0,0,0,0,"0","0","1","0","0","0","0","0","0","0","0","0","0","0","0","0","0","0","0","0","0","0","0","0","1","0","0","0","1","1","0","0","0","0","0","0","0","0","0","0","0","0","0","0","0","0","0","0","0","0","0","1","0","0","0","1","0","0","0","0","0","0","0","0","0","0","0","0","0","0","0","0","0","0","0","0","0","0","0","0","0","0","0","0","0","0","0","0","0","0","0","0","1","202112","202204","2062"
"6848338","530010","72115700","00873730000440","3","1","00000000000000","","","","0180","","0","E","","","04","","03","36","03","","99","","","","","","","","EAS.00006-15","20200220","1","","","","","","0","0","1","0","0","0","1","0","0","0","0","0","0","0",0,0,0,"0",0,0,0,0,0,0,0,0,0,0,0,0,0,0,"0",0,2,0,0,0,0,0,0,0,0,0,0,0,0,0,0,"1",0,0,0,"0",0,0,0,0,"0",0,0,0,0,0,0,0,0,0,0,0,0,0,0,0,"0","0","1","0","0","0","0","0","0","0","0","0","0","0","0","0","0","0","0","0","0","0","0","0","1","0","0","0","1","1","0","0","0","0","0","0","0","0","0","0","0","0","0","0","0","0","0","0","0","0","0","1","0","0","0","1","0","0","0","0","0","0","0","0","0","0","0","0","0","0","0","0","0","0","0","0","0","0","0","0","0","0","0","0","0","0","0","0","0","0","0","0","1","202007","202204","2062"
"6851622","530010","70308000","11411010000136","3","1","00000000000000","","","","","","0","E","","","04","","03","36","03","","99","","","","","","","","EAS20171-01","20190210","1","","","","","","0","0","1","0","0","0","1","0","0","0","0","0","0","0",0,0,0,"0",0,0,0,0,0,0,0,0,0,0,0,0,0,0,"0",0,3,0,0,0,0,0,0,0,0,0,0,0,0,0,0,"1",0,0,0,"0",0,0,0,0,"0",0,0,0,0,0,0,0,0,0,0,0,0,0,0,0,"0","0","0","1","0","0","0","0","0","0","0","0","0","0","0","0","0","0","0","0","0","0","0","0","1","0","0","0","1","1","0","0","0","0","0","0","0","0","0","0","0","0","0","0","0","0","0","0","0","0","0","1","0","0","1","1","0","0","0","0","0","0","0","0","0","0","0","0","0","0","0","0","0","0","0","0","0","0","0","0","0","0","0","0","0","0","0","0","0","0","0","0","1","202102","202204","2062"
"6854257","530010","72220283","08990626000102","3","1","00000000000000","","","","","","1","E","","","04","","03","36","04","","99","001","12319","1546376","","","","","LICENCA SANITARIA","20190227","1","","","","","","0","0","1","0","0","0","1","0","0","0","0","0","0","0",0,0,0,"0",0,0,0,0,0,0,0,0,0,0,0,0,0,0,"0",0,1,0,0,0,0,0,0,0,0,0,0,0,0,0,0,"1",0,0,0,"0",0,0,0,0,"0",0,0,0,0,0,0,0,0,0,0,0,0,0,0,0,"0","0","0","1","0","0","0","0","0","1","0","0","0","0","0","0","0","1","0","1","0","0","0","0","1","0","0","1","1","1","0","0","0","0","0","0","0","0","0","0","0","0","0","0","0","0","0","0","0","0","1","1","0","0","0","1","0","1","0","0","0","0","0","0","0","0","0","0","0","0","0","0","0","0","0","0","0","0","0","0","0","0","0","0","0","0","0","0","0","0","0","0","1","202008","202204","2062"
"6857582","530010","70390125","13813545000169","3","1","00000000000000","","","","0010","","0","E","","","04","","03","22","03","","99","","","","","","","","EAS-03987-01","20191101","1","","","","","","0","0","1","0","0","0","1","0","0","0","0","0","0","0",0,0,0,"0",0,0,0,0,0,0,0,0,0,0,0,0,0,0,"0",0,0,0,1,0,0,0,0,0,0,0,0,0,0,0,0,"1",0,0,0,"0",0,0,0,0,"0",0,0,0,0,0,0,0,0,0,0,0,0,0,0,0,"0","0","1","0","0","0","0","0","0","0","0","0","0","0","0","0","0","0","0","0","0","0","0","0","1","0","0","0","1","1","0","0","0","0","0","0","0","0","0","0","0","0","0","0","0","0","0","0","0","0","0","0","0","0","0","1","0","0","0","0","0","0","0","0","0","0","0","0","0","0","0","0","0","0","0","0","0","0","0","0","0","0","0","0","0","0","0","0","0","0","0","0","1","202001","202204","2062"
"6857612","530010","70390145","00346098001610","3","1","00000000000000","","","","0015","","0","E","","","04","","01","39","03","","99","","","","","","","","0569501","20210623","1","","","","","","0","0","1","0","0","0","1","0","0","0","0","0","0","0",0,0,0,"0",0,0,0,0,0,0,0,0,0,0,0,0,0,0,"0",0,0,0,0,0,0,0,0,0,0,0,0,0,0,0,0,"0",0,0,0,"0",0,0,0,0,"0",0,0,0,0,0,0,0,0,0,0,0,0,0,0,0,"0","0","1","0","0","0","0","0","0","1","0","0","0","0","0","0","0","1","0","0","0","0","0","0","1","1","0","0","1","1","0","0","0","0","0","0","0","0","0","0","0","0","0","0","0","0","0","0","0","0","0","1","0","0","0","1","0","0","0","0","0","0","0","0","0","0","0","0","0","0","0","0","0","0","0","0","0","0","0","0","0","0","0","0","0","0","0","0","0","0","0","0","1","202107","202204","2062"
"6865089","530010","70770525","00623106000575","3","1","00000000000000","","","","0010","","0","E","","","04","","03","04","04","","99","001","34789","4058585","","","","","RAD0017-02","20200924","1","","","","","","0","0","1","0","1","0","1","0","0","0","0","0","0","0",0,0,0,"0",0,0,0,0,0,0,0,0,0,0,0,0,0,0,"0",4,9,0,0,0,0,0,1,0,0,0,0,0,0,0,0,"1",0,0,0,"0",0,0,0,0,"0",0,0,0,0,0,0,0,0,0,0,0,0,0,0,0,"0","0","1","0","0","0","0","0","0","1","0","0","0","0","0","0","0","1","0","1","0","1","0","0","1","1","1","0","1","1","1","0","0","0","0","1","0","0","0","0","0","0","1","0","0","0","0","0","0","0","0","1","0","0","1","1","0","0","0","0","0","0","0","0","0","0","0","0","0","0","0","0","0","0","0","0","0","0","0","0","0","0","0","0","0","0","0","0","0","0","0","0","1","202110","202204","2062"
"6876617","530010","70684831","00394700002828","3","1","00000000000000","","08","","0005","","1","E","","","03","","02","07","06","","99","070","060","0383466","","","","","","","","","","","","","1","0","1","0","1","0","1","0","0","1","0","1","0","1",0,0,58,"1",0,0,0,0,0,0,0,0,0,0,0,0,0,0,"0",0,30,0,12,0,0,0,0,3,0,1,1,1,0,1,0,"1",6,2,2,"1",0,0,0,0,"0",0,0,0,0,0,0,0,0,0,0,12,0,0,0,0,"0","1","1","0","1","0","1","0","1","1","1","0","0","0","0","0","1","0","0","0","1","0","1","0","1","1","1","0","1","1","1","1","1","1","0","1","1","1","1","0","0","0","1","1","0","0","0","0","0","0","1","0","0","0","0","0","0","0","0","0","0","0","0","0","0","0","0","0","0","0","0","0","0","0","0","0","0","0","0","0","0","0","0","0","0","0","0","0","0","0","0","0","1","202205","202204","1023"
"6877214","530010","71906750","13888605000102","3","1","00000000000000","","","","0005","","0","E","","","04","","","36","04","","99","","","","","","","","RLE","20200117","1","","","","","","0","0","1","0","0","0","1","0","0","0","0","0","0","0",0,0,0,"0",0,0,0,0,0,0,0,0,0,0,0,0,0,0,"0",0,0,0,10,0,0,0,0,0,0,0,0,0,0,0,0,"1",0,0,0,"0",0,0,0,0,"0",0,0,0,0,0,0,0,0,0,0,0,0,0,0,0,"0","0","1","0","0","0","0","0","0","0","0","0","0","0","0","0","0","0","0","0","0","0","0","0","1","0","0","0","1","1","0","0","0","0","0","0","0","0","0","0","0","0","0","0","0","0","0","0","0","0","0","0","0","0","0","0","0","0","1","0","0","0","1","0","0","0","0","0","0","0","0","0","0","0","0","0","0","0","0","0","0","0","0","0","0","0","0","0","0","0","0","0","1","202003","202204","2062"
"6885608","530010","70390055","04045769000187","3","1","00000000000000","","","","","","0","E","","","04","","03","22","03","","99","","","","","","","","CERTIFICADO DE LICENCIAME","20211017","1","","","","","","0","0","1","0","0","0","1","0","0","0","0","0","0","0",0,0,0,"0",0,0,0,0,0,0,0,0,0,0,0,0,0,0,"0",1,0,0,1,0,0,0,0,0,0,0,0,0,0,0,0,"1",0,0,0,"0",0,0,0,0,"0",0,0,0,0,0,0,0,0,0,0,0,0,0,0,0,"0","0","0","1","0","0","0","0","0","0","0","0","0","0","0","0","0","0","0","0","0","0","0","0","1","1","0","0","1","1","0","0","0","0","0","0","0","0","0","0","0","0","0","0","0","0","0","0","0","0","0","1","0","0","0","0","0","0","0","0","0","0","0","0","0","0","0","0","0","0","0","0","0","0","0","0","0","0","0","0","0","0","0","0","0","0","0","0","0","0","0","0","1","202110","202204","2062"
"6890105","530010","70715900","13474233000178","3","1","00000000000000","","","","0005","","0","E","","","04","","03","36","03","","99","","","","","","","","EAS 00503-02","20190110","1","","","","","","0","0","1","0","0","0","1","0","0","0","0","0","0","0",0,0,0,"0",0,0,0,0,0,0,0,0,0,0,0,0,0,0,"0",0,2,0,0,0,0,0,0,0,0,0,0,0,0,0,0,"1",0,0,0,"0",0,0,0,0,"0",0,0,0,0,0,0,0,0,0,0,0,0,0,0,0,"0","0","1","0","0","0","0","0","0","0","0","0","0","0","0","0","0","0","0","0","0","0","0","0","1","0","0","0","1","1","0","0","0","0","0","0","0","0","0","0","0","0","0","0","0","0","0","0","0","0","0","1","0","0","0","0","0","0","0","0","0","0","0","0","0","0","0","0","0","0","0","0","0","0","0","0","0","0","0","0","0","0","0","0","0","0","0","0","0","0","0","0","1","201910","202204","2062"
"6890202","530010","71503505","13749124000116","3","1","00000000000000","","","","0080","","0","E","","","04","","01","22","04","","99","","","","","","","","LICENCA DE FUNCIONAMENTO","20190726","1","","","","","","0","0","1","0","0","0","1","0","0","0","0","0","0","0",0,0,0,"0",0,0,0,0,0,0,0,0,0,0,0,0,0,0,"0",0,0,0,1,0,0,0,0,0,0,0,0,0,0,0,0,"1",0,0,0,"0",0,0,0,0,"0",0,0,0,0,0,0,0,0,0,0,0,0,0,0,0,"0","0","0","0","0","0","0","0","0","0","0","0","0","0","0","0","0","0","0","0","0","0","0","0","0","0","0","0","1","1","0","0","0","0","0","0","0","0","0","0","0","0","0","0","0","0","0","0","0","0","0","0","0","0","0","1","0","0","0","0","0","0","0","0","0","0","0","0","0","0","0","0","0","0","0","0","0","0","0","0","0","0","0","0","0","0","0","0","0","0","0","0","1","201909","202204","2305"
"6893120","530010","72120470","00404947000320","3","1","00000000000000","","","","0180","","0","E","","","04","","03","39","03","","99","","","","","","","","EAS0002154","20200101","1","","","","","","0","0","1","0","0","0","1","0","0","0","0","0","0","0",0,0,0,"0",0,0,0,0,0,0,0,0,0,0,0,0,0,0,"0",0,0,0,0,0,0,0,0,0,0,0,0,0,0,0,0,"0",0,0,0,"0",0,0,0,0,"0",0,0,0,0,0,0,0,0,0,0,0,0,0,0,0,"0","0","0","0","0","0","0","0","1","0","0","0","0","0","0","0","0","0","0","0","0","0","0","0","1","1","0","0","1","1","0","0","0","0","0","0","0","0","0","0","0","0","0","0","0","0","0","0","0","0","0","1","0","0","0","0","0","0","1","0","0","0","0","0","0","0","0","0","0","0","0","0","0","0","0","0","0","0","0","0","0","0","0","0","0","0","0","0","0","0","0","0","1","202010","202204","2062"
"6895042","530010","71571033","12602484000128","3","1","00000000000000","","","","0110","","0","E","","","04","","01","36","03","","99","","","","","","","","RAD.0001-05/2021","20210427","1","","","","","","0","0","1","0","0","0","1","0","0","0","0","0","0","0",0,0,0,"0",0,0,0,0,0,0,0,0,0,0,0,0,0,0,"0",0,2,0,0,0,0,0,0,0,0,0,0,0,0,0,0,"1",0,0,0,"0",0,0,0,0,"0",0,0,0,0,0,0,0,0,0,0,0,0,0,0,0,"0","0","1","0","0","0","0","0","0","0","0","0","0","0","0","0","0","0","0","0","0","0","0","0","1","0","0","0","1","1","0","0","0","0","0","0","0","0","0","0","0","0","0","0","0","0","0","0","0","0","0","1","0","0","1","1","0","0","0","0","0","0","0","0","0","0","0","0","0","0","0","0","0","0","0","0","0","0","0","0","0","0","0","0","0","0","0","0","0","0","0","0","1","202111","202204","2305"
"6900372","530010","70710146","14108109000151","3","1","00000000000000","","","","","","0","E","","","04","","03","04","03","","99","","","","","","","","EAS 000505-02","20191011","1","","","","","","0","0","1","0","0","0","1","0","0","0","0","0","0","0",0,0,0,"0",0,0,0,0,0,0,0,0,0,0,0,0,0,0,"0",0,5,0,1,0,0,0,0,0,0,0,0,0,0,0,2,"1",0,0,0,"0",0,0,0,0,"0",0,0,0,0,0,0,0,0,0,0,0,0,0,0,0,"0","0","1","0","0","0","0","0","1","0","0","0","0","0","0","0","0","0","0","0","0","0","0","0","1","1","0","0","1","1","0","0","0","0","0","0","0","0","0","0","0","0","0","0","0","0","0","0","0","0","0","1","0","0","0","1","0","0","0","0","0","0","0","0","0","0","0","0","0","0","0","0","0","0","0","0","0","0","0","0","0","0","0","0","0","0","0","0","0","0","0","0","1","202003","202204","2062"
"6900399","530010","70770560","11212018000173","3","1","00000000000000","","","","0010","","0","E","","","04","","01","22","03","","99","","","","","","","","EAS -00438-02","20191219","1","","","","","","0","0","1","0","0","0","1","0","0","0","0","0","0","0",0,0,0,"0",0,0,0,0,0,0,0,0,0,0,0,0,0,0,"0",1,0,0,0,0,0,0,0,0,0,0,0,0,0,0,0,"1",0,0,0,"0",0,0,0,0,"0",0,0,0,0,0,0,0,0,0,0,0,0,0,0,0,"0","0","1","0","0","0","0","0","0","0","0","0","0","0","0","0","0","0","0","0","0","0","0","0","1","0","0","0","1","1","0","0","0","0","0","0","0","0","0","0","0","0","0","0","0","0","0","0","0","0","0","1","0","0","0","0","0","0","0","0","0","0","0","0","0","0","0","0","0","0","0","0","0","0","0","0","0","0","0","0","0","0","0","0","0","0","0","0","0","0","0","0","1","202010","202204","2240"
"6910688","530010","70390095","12114198000113","3","1","00000000000000","","","","","","0","E","","","04","","03","36","03","","99","","","","","","","","EAS-1243","20210719","1","","","","","","0","0","1","0","0","0","1","0","0","0","0","0","0","0",0,0,0,"0",0,0,0,0,0,0,0,0,0,0,0,0,0,0,"0",0,2,0,0,0,0,0,0,0,0,0,0,0,0,0,0,"1",0,0,0,"0",0,0,0,0,"0",0,0,0,0,0,0,0,0,0,0,0,0,0,0,0,"0","0","1","0","0","0","0","0","0","0","0","0","0","0","0","0","0","0","0","0","0","0","0","0","1","1","0","0","1","1","0","0","0","0","0","0","0","0","0","0","0","0","0","0","0","0","0","0","0","0","0","1","0","0","0","1","0","0","0","0","0","0","0","0","0","0","0","0","0","0","0","0","0","0","0","0","0","0","0","0","0","0","0","0","0","0","0","0","0","0","0","0","1","202112","202204","2062"
"6910742","530010","70390155","04496448000107","3","1","00000000000000","","","","","","0","E","","","04","","03","22","03","","99","","","","","","","","EAS 25/16","20200812","1","","","","","","0","0","1","0","0","0","1","0","0","0","0","0","0","0",0,0,0,"0",0,0,0,0,0,0,0,0,0,0,0,0,0,0,"0",0,1,0,0,0,0,0,0,0,0,0,0,0,0,0,0,"1",0,0,0,"0",0,0,0,0,"0",0,0,0,0,0,0,0,0,0,0,0,0,0,0,0,"0","0","1","0","0","0","0","0","0","0","0","0","0","0","0","0","0","0","0","0","0","0","0","0","1","0","0","0","1","1","0","0","0","0","0","0","0","0","0","0","0","0","0","0","0","0","0","0","0","0","0","1","0","0","0","1","0","0","0","0","0","0","0","0","0","0","0","0","0","0","0","0","0","0","0","0","0","0","0","0","0","0","0","0","0","0","0","0","0","0","0","0","1","202010","202204","2062"
"6919693","530010","72115015","13815939000156","3","1","00000000000000","","","","0180","","0","E","","","04","","03","22","03","","99","","","","","","","","EM ESTUDO","","1","","","","","","0","0","1","0","0","0","1","0","0","0","0","0","0","0",0,0,0,"0",0,0,0,0,0,0,0,0,0,0,0,0,0,0,"0",0,0,0,0,0,0,0,0,1,0,0,0,0,0,0,0,"1",0,0,0,"0",0,0,0,0,"0",0,0,0,0,0,0,0,0,0,0,0,0,0,0,0,"0","0","1","0","0","0","0","0","1","0","0","0","0","0","0","0","0","0","0","0","0","0","0","0","1","1","0","0","1","1","0","0","0","0","0","0","0","0","0","0","0","0","0","0","0","0","0","0","0","0","0","1","0","0","0","0","0","0","0","0","0","0","0","0","0","0","0","0","0","0","0","0","0","0","0","0","0","0","0","0","0","0","0","0","0","0","0","0","0","0","0","0","1","202203","202204","2062"
"6921434","530010","70390108","29435005004620","3","1","00000000000000","","","","","","0","E","","","04","","02","07","06","","99","","","","","","","","EAS.05021-01","20201208","1","","","","","","0","0","0","0","0","0","0","0","0","0","0","1","0","1",39,31,27,"1",0,0,0,0,0,0,0,1,0,0,1,1,1,9,"1",3,8,0,1,0,0,0,1,0,0,1,0,0,0,0,0,"1",6,1,0,"1",0,0,0,0,"0",0,0,0,8,0,0,0,0,1,0,7,0,0,0,0,"0","1","1","0","0","0","1","0","1","0","0","1","0","0","0","0","0","1","0","1","0","1","1","0","1","1","1","0","1","1","0","0","0","0","0","0","0","0","0","0","0","0","0","0","1","0","0","0","1","0","0","0","0","0","0","0","0","0","0","0","0","0","0","0","0","1","0","0","0","1","0","0","0","0","0","0","0","0","0","0","0","0","0","0","0","0","0","0","0","0","0","0","1","202104","202204","2054"
"6921736","530010","72317520","00000000000000","3","3","00394700000108","","04","","0140","","1","E","","","04","","03","02","03","","99","","","","","","","","","","","","","","","","1","0","1","0","0","0","1","0","0","0","0","0","0","0",0,0,0,"0",0,0,0,0,0,0,0,0,0,0,0,0,0,0,"0",6,0,0,0,0,0,0,0,3,0,3,1,1,0,1,0,"1",0,0,0,"0",0,0,0,0,"0",0,0,0,0,0,0,0,0,0,0,0,0,0,0,0,"0","0","1","0","0","0","1","0","0","0","0","0","0","0","0","0","0","0","0","0","0","0","0","0","1","1","0","0","1","1","0","0","0","0","0","0","0","0","0","0","0","0","0","0","0","0","0","0","0","0","1","0","0","0","0","0","0","0","0","0","0","0","0","0","0","0","0","0","0","0","0","0","0","0","0","0","0","0","0","0","0","0","0","0","0","0","0","0","0","0","0","0","1","202205","202204","1023"
"6922740","530010","70390700","11485600000103","3","1","00000000000000","","","","","","0","E","","","04","","01","36","03","","99","","","","","","","","LICENCA SANITARIA","20200201","1","","","","","","0","0","1","0","0","0","1","0","0","0","0","0","0","0",0,0,0,"0",0,0,0,0,0,0,0,0,0,0,0,0,0,0,"0",0,1,0,0,0,0,0,0,0,0,0,0,0,0,0,0,"1",0,0,0,"0",0,0,0,0,"0",0,0,0,0,0,0,0,0,0,0,0,0,0,0,0,"0","0","1","0","0","0","0","0","0","0","0","0","0","0","0","0","0","0","0","0","0","0","0","0","1","1","0","0","1","1","0","0","0","0","0","0","0","0","0","0","0","0","0","0","0","0","0","0","0","0","0","1","0","0","0","1","0","0","0","0","0","0","0","0","0","0","0","0","0","0","0","0","0","0","0","0","0","0","0","0","0","0","0","0","0","0","0","0","0","0","0","0","1","202102","202204","2062"
"6926967","530010","72210550","00000000000000","3","3","00394700000108","","0008","","0040","","1","E","","","04","","02","43","03","","99","","","","","","","","","","","","","","","","0","0","1","0","0","0","1","0","0","0","0","0","0","0",0,0,0,"0",0,0,0,0,0,0,0,0,0,0,0,0,0,0,"0",0,0,0,0,0,0,0,0,0,0,0,0,0,0,0,0,"0",0,0,0,"0",0,0,0,0,"0",0,0,0,0,0,0,0,0,0,0,0,0,0,0,0,"0","0","0","0","0","0","1","0","0","0","0","0","0","0","0","0","0","0","0","0","0","0","0","0","1","0","0","0","1","1","0","0","0","0","0","0","0","0","0","0","0","0","0","0","0","0","0","0","0","0","0","0","0","0","0","0","0","0","0","0","0","0","0","0","0","0","0","0","0","0","0","1","0","0","0","0","0","0","0","0","0","0","0","0","0","0","0","0","0","0","0","0","1","202203","202204","1023"
"6930344","530010","70770905","09353844000190","3","1","00000000000000","","","","","","0","E","","","04","","03","36","03","","99","","","","","","","","EAS-00436-02","20200804","1","","","","","","0","0","1","0","0","0","1","0","0","0","0","0","0","0",0,0,0,"0",0,0,0,0,0,0,0,0,0,0,0,0,0,0,"0",1,0,0,1,0,0,0,0,0,0,0,0,0,0,0,0,"1",0,0,0,"0",0,0,0,0,"0",0,0,0,0,0,0,0,0,0,0,0,0,0,0,0,"0","0","1","0","0","0","0","0","0","0","0","0","0","0","0","0","0","0","0","0","0","0","0","0","1","0","0","0","1","1","0","0","0","0","0","0","0","0","0","0","0","0","0","0","0","0","0","0","0","0","0","1","0","0","0","1","0","0","0","0","0","0","0","0","0","0","0","0","0","0","0","0","0","0","0","0","0","0","0","0","0","0","0","0","0","0","0","0","0","0","0","0","1","202103","202204","2062"
"6932851","530010","72215511","10733078000179","3","1","00000000000000","","","","0040","","0","E","","","04","","01","62","03","","99","001","29114","523658","","","","","EAS 00090-16","20190401","1","","","","","","0","0","1","0","0","0","1","0","0","0","0","1","0","1",1,1,0,"1",0,0,0,0,0,0,0,0,0,0,0,0,0,0,"0",0,8,0,0,0,0,0,0,0,0,0,0,0,0,0,0,"1",1,2,0,"1",0,0,0,0,"0",0,0,0,0,0,0,0,0,0,0,0,0,0,0,0,"0","1","1","0","0","0","1","0","1","0","0","0","0","0","0","0","0","1","0","1","0","1","0","0","1","0","1","0","1","1","0","0","0","0","0","0","0","0","0","0","0","0","0","0","0","0","0","0","0","0","0","1","0","0","0","1","0","0","0","0","0","0","1","0","0","0","0","0","0","0","0","0","0","0","0","0","0","0","0","0","0","0","0","0","0","0","0","0","0","0","0","0","1","201909","202204","2305"
"6938841","530010","72115700","13676621000131","3","1","00000000000000","","","","0180","","0","E","","","04","","01","36","07","","99","","","","","","","","53201723208","20210804","1","","","","","","0","0","1","0","0","0","1","0","0","0","0","0","0","0",0,0,0,"0",0,0,0,0,0,0,0,0,0,0,0,0,0,0,"0",0,2,0,0,0,0,0,0,0,0,0,0,0,0,0,0,"1",0,0,0,"0",0,0,0,0,"0",0,0,0,0,0,0,0,0,0,0,0,0,0,0,0,"0","0","1","0","0","0","0","0","0","0","0","0","0","0","0","0","0","0","0","0","0","1","0","0","1","0","0","0","1","1","0","0","0","0","0","0","0","0","0","0","0","0","0","0","0","0","0","0","0","0","0","1","0","0","0","0","0","0","0","0","0","0","0","0","0","0","0","0","0","0","0","0","0","0","0","0","0","0","0","0","0","0","0","0","0","0","0","0","0","0","0","0","1","202108","202204","2062"
"6938957","530010","71936970","13812729000104","3","1","00000000000000","","","","","","0","E","","","04","","01","22","03","","99","","","","","","","","00000000000000","","1","","","","","","0","0","1","0","0","0","1","0","0","0","0","0","0","0",0,0,0,"0",0,0,0,0,0,0,0,0,0,0,0,0,0,0,"0",0,0,0,0,0,0,0,0,1,0,0,0,0,0,0,0,"1",0,0,0,"0",0,0,0,0,"0",0,0,0,0,0,0,0,0,0,0,0,0,0,0,0,"0","0","1","0","0","0","0","0","1","0","0","0","0","0","0","0","0","0","0","0","0","0","0","0","1","1","1","0","1","1","0","0","0","0","0","0","0","0","0","0","0","0","0","0","0","0","0","0","0","0","0","1","0","0","0","0","0","0","0","0","0","0","0","0","0","0","0","0","0","0","0","0","0","0","0","0","0","0","0","0","0","0","0","0","0","0","0","0","0","0","0","0","1","202008","202204","2305"
"6940684","530010","72115115","14456642000104","3","1","00000000000000","","","","","","0","E","","","04","","01","36","03","","99","","","","","","","","","","","","","","","","0","0","1","0","0","0","1","0","0","0","0","0","0","0",0,0,0,"0",0,0,0,0,0,0,0,0,0,0,0,0,0,0,"0",0,0,0,0,0,0,0,0,1,0,0,0,0,0,0,0,"1",0,0,0,"0",0,0,0,0,"0",0,0,0,0,0,0,0,0,0,0,0,0,0,0,0,"0","0","1","0","0","0","0","0","1","0","0","0","0","0","0","0","0","0","0","0","0","0","0","0","1","0","0","0","1","1","0","0","0","0","0","0","0","0","0","0","0","0","0","0","0","0","0","0","0","0","0","1","0","0","1","1","0","0","0","0","0","0","0","0","0","0","0","0","0","0","0","0","0","0","0","0","0","0","0","0","0","0","0","0","0","0","0","0","0","0","0","0","1","202104","202204","2062"
"6940692","530010","71950770","13762196000101","3","1","00000000000000","","","","9901","","0","E","","","04","","03","36","03","","99","","","","","","","","RLE","20220114","1","","","","","","0","0","1","0","0","0","1","0","0","0","0","0","0","0",0,0,0,"0",0,0,0,0,0,0,0,0,0,0,0,0,0,0,"0",0,0,0,2,0,0,0,0,0,0,0,0,0,0,0,0,"1",0,0,0,"0",0,0,0,0,"0",0,0,0,0,0,0,0,0,0,0,0,0,0,0,0,"0","0","1","0","0","0","0","0","0","0","0","0","0","0","0","0","0","0","0","0","0","0","0","0","1","0","0","0","1","1","0","0","0","0","0","0","0","0","0","0","0","0","0","0","0","0","0","0","0","0","0","1","0","0","0","1","0","0","0","0","0","0","0","0","0","0","0","0","0","0","0","0","0","0","0","0","0","0","0","0","0","0","0","0","0","0","0","0","0","0","0","0","1","202203","202204","2062"
"6950736","530010","70710143","14544251000141","3","1","00000000000000","","","","","","0","E","","","04","","03","36","03","","99","","","","","","","","EAS N 00539-02","20210309","2","","","","","","0","0","1","0","0","0","1","0","0","0","0","0","0","0",0,0,0,"0",0,0,0,0,0,0,0,0,0,0,0,0,0,0,"0",0,0,0,4,0,0,0,0,0,0,0,0,0,0,0,0,"1",0,0,0,"0",0,0,0,0,"0",0,0,0,0,0,0,0,0,0,0,0,0,0,0,0,"0","0","1","0","0","0","0","0","0","0","0","0","0","0","0","0","0","0","0","0","0","0","0","0","1","1","0","0","1","1","0","0","0","0","0","0","0","0","0","0","0","0","0","0","0","0","0","0","0","0","0","1","0","0","0","1","0","0","0","0","0","0","0","0","0","0","0","0","0","0","0","0","0","0","0","0","0","0","0","0","0","0","0","0","0","0","0","0","0","0","0","0","1","202108","202204","2062"
"6959709","530010","71825300","00000000000000","3","3","00394700000108","","","","0135","","1","E","","","03","","01","43","03","","99","","","","","","","","","","","","","","","","0","0","1","0","0","0","1","0","0","0","0","0","0","0",0,0,0,"0",0,0,0,0,0,0,0,0,0,0,0,0,0,0,"0",0,0,0,0,0,0,0,0,0,0,0,0,0,0,0,0,"0",0,0,0,"0",0,0,0,0,"0",0,0,0,0,0,0,0,0,0,0,0,0,0,0,0,"0","0","0","0","0","0","0","0","0","0","0","0","0","0","0","0","0","0","0","0","0","0","0","0","0","0","0","0","1","1","0","0","0","0","0","0","0","0","0","0","0","0","0","0","0","0","0","0","0","0","0","0","0","0","0","0","0","0","0","0","0","0","0","0","0","0","0","0","0","0","0","1","0","0","0","0","0","0","0","0","0","0","0","0","0","0","0","0","0","0","0","0","1","202106","202204","1023"
"6963447","530010","70719040","00000000000000","3","3","00394700000108","","","","0010","","1","E","","","04","","03","68","03","","99","","","","","","","","","","","","","","","","0","0","1","0","0","0","1","0","0","0","0","0","0","0",0,0,0,"0",0,0,0,0,0,0,0,0,0,0,0,0,0,0,"0",0,0,0,0,0,0,0,0,0,0,0,0,0,0,0,0,"0",0,0,0,"0",0,0,0,0,"0",0,0,0,0,0,0,0,0,0,0,0,0,0,0,0,"0","0","0","0","0","0","0","0","0","0","0","0","0","0","0","0","0","0","0","0","0","0","0","0","0","0","0","0","0","0","0","0","0","0","0","0","0","0","0","0","0","0","0","0","0","0","0","0","0","0","1","0","0","0","0","0","0","0","0","0","0","0","0","0","0","0","0","0","0","0","0","0","0","0","0","0","0","0","1","0","0","0","0","0","0","0","0","0","0","0","0","0","1","202204","202204","1023"
"6964095","530010","71215261","07720240000100","3","1","00000000000000","","","","0070","","0","E","","","04","","01","40","06","","99","","","","","","","","EAS-00063-10","20220307","1","","","","","","0","0","1","0","0","0","1","0","0","0","0","0","0","0",0,0,0,"0",0,0,0,0,0,0,0,0,0,0,0,0,0,1,"1",0,0,0,0,0,0,0,0,0,0,0,0,0,0,0,0,"0",0,0,0,"0",0,0,0,0,"0",0,0,0,0,0,0,0,0,0,0,0,0,0,0,0,"0","0","0","0","0","0","1","0","0","0","0","0","0","0","0","0","0","0","0","0","1","0","0","0","1","0","0","0","1","1","0","0","0","0","0","0","0","0","0","0","0","0","0","0","0","0","0","0","0","0","0","0","0","0","0","0","0","0","0","0","0","0","0","0","0","0","0","0","0","1","0","0","0","0","0","0","0","0","0","0","0","0","0","0","0","0","0","0","0","0","0","0","1","202204","202204","2062"
"6975003","530010","70390108","05927089000150","3","1","00000000000000","","","","0015","","0","E","","","04","","01","22","03","","99","","","","","","","","EAS03601-01","20220130","1","","","","","","0","0","1","0","0","0","1","0","0","0","0","0","0","0",0,0,0,"0",0,0,0,0,0,0,0,0,0,0,0,0,0,0,"0",0,0,0,1,0,0,0,0,0,0,0,0,0,0,0,0,"1",0,0,0,"0",0,0,0,0,"0",0,0,0,0,0,0,0,0,0,0,0,0,0,0,0,"0","0","1","0","0","0","0","0","0","0","0","0","0","0","0","0","0","0","0","0","0","0","0","0","1","0","0","0","1","1","0","0","0","0","0","0","0","0","0","0","0","0","0","0","0","0","0","0","0","0","0","1","0","0","0","1","0","0","0","0","0","0","0","0","0","0","0","0","0","0","0","0","0","0","0","0","0","0","0","0","0","0","0","0","0","0","0","0","0","0","0","0","1","202202","202204","2305"
"6976093","530010","70390700","07250472000141","3","1","00000000000000","","","","","","0","E","","","04","","03","22","03","","99","","","","","","","","1679","20200917","1","","","","","","0","0","1","0","0","0","1","0","0","0","0","0","0","0",0,0,0,"0",0,0,0,0,0,0,0,0,0,0,0,0,0,0,"0",0,0,0,0,0,0,0,0,4,0,0,0,0,0,0,0,"1",0,0,0,"0",0,0,0,0,"0",0,0,0,0,0,0,0,0,0,0,0,0,0,0,0,"0","0","1","0","0","0","0","0","0","0","0","0","0","0","0","0","0","0","0","0","0","0","0","0","1","1","0","0","1","1","0","0","0","0","0","0","0","0","0","0","0","0","0","0","0","0","0","0","0","0","0","1","0","0","0","0","0","0","0","0","0","0","0","0","0","0","0","0","0","0","0","0","0","0","0","0","0","0","0","0","0","0","0","0","0","0","0","0","0","0","0","0","1","202104","202204","2062"
"6991378","530010","70770100","00001271256630","1","1","00000000000000","","","","0010","","0","E","","","04","","03","22","03","","99","","","","","","","","ODO 00329-02/2021","20210415","1","","","","","","0","0","1","0","0","0","1","0","0","0","0","0","0","0",0,0,0,"0",0,0,0,0,0,0,0,0,0,0,0,0,0,0,"0",0,0,0,0,0,0,0,0,1,0,0,0,0,0,0,0,"1",0,0,0,"0",0,0,0,0,"0",0,0,0,0,0,0,0,0,0,0,0,0,0,0,0,"0","0","0","1","0","0","0","0","0","0","0","0","0","0","0","0","0","0","0","0","0","0","0","0","1","1","0","0","0","1","0","0","0","0","0","0","0","0","0","0","0","0","0","0","0","0","0","0","0","0","0","1","0","0","0","0","0","0","0","0","0","0","0","0","0","0","0","0","0","0","0","0","0","0","0","0","0","0","0","0","0","0","0","0","0","0","0","0","0","0","0","0","1","202201","202204","4000"
"6993664","530010","72260701","13031243000139","3","1","00000000000000","","","","","","0","E","","","04","","03","39","03","","99","","","","","","","","LAB.00434-16","20190403","1","","","","","","0","0","1","0","0","0","1","0","0","0","0","0","0","0",0,0,0,"0",0,0,0,0,0,0,0,0,0,0,0,0,0,0,"0",0,1,0,0,0,0,0,0,0,0,0,0,0,0,0,0,"1",0,0,0,"0",0,0,0,0,"0",0,0,0,0,0,0,0,0,0,0,0,0,0,0,0,"0","0","1","0","0","0","0","0","0","0","0","0","0","0","0","0","0","0","0","0","0","0","0","0","1","1","1","0","1","1","0","0","0","0","0","0","0","0","0","0","0","0","0","0","0","0","0","0","0","0","0","0","0","0","0","0","0","0","1","0","0","0","0","0","0","0","0","0","0","0","0","0","0","0","0","0","0","0","0","0","0","0","0","0","0","0","0","0","0","0","0","0","1","201905","202204","2062"
"7009054","530010","72115610","00520237000446","3","1","00000000000000","","","","0180","","0","E","","","04","","01","36","03","","99","","","","","","","","AES.00030-15/2021","20210708","1","","","","","","0","0","1","0","0","0","1","0","0","0","0","0","0","0",0,0,0,"0",0,0,0,0,0,0,0,0,0,0,0,0,0,0,"0",7,3,0,0,0,0,0,0,0,0,0,0,0,0,0,0,"1",0,0,0,"0",0,0,0,0,"0",0,0,0,0,0,0,0,0,0,0,0,0,0,0,0,"0","0","1","0","0","0","0","0","0","0","0","0","0","0","0","0","0","0","0","0","0","1","0","0","1","0","1","0","1","1","0","0","0","0","0","0","0","0","0","0","0","0","0","0","0","0","0","0","0","0","0","1","0","0","1","1","0","0","0","0","0","0","0","0","0","0","0","0","0","0","0","0","0","0","0","0","0","0","0","0","0","0","0","0","0","0","0","0","0","0","0","0","1","202202","202204","2062"
"7009313","530010","70200730","09453106000115","3","1","00000000000000","","","","0015","","0","E","","","04","","01","04","04","","99","","","","","","","","LICENCA SANITARIA","20181121","1","","","","","","0","0","1","0","0","0","1","0","0","0","0","0","0","0",0,0,0,"0",0,0,0,0,0,0,0,0,0,0,0,0,0,0,"0",1,1,0,0,0,0,0,0,0,0,0,0,0,0,0,0,"1",0,0,0,"0",0,0,0,0,"0",0,0,0,0,0,0,0,0,0,0,0,0,0,0,0,"0","0","1","0","0","0","0","0","0","0","0","0","0","0","0","0","0","0","0","0","0","0","0","0","1","0","0","0","1","1","0","0","0","0","0","0","0","0","0","0","0","0","0","0","0","0","0","0","0","0","0","1","0","0","0","1","0","0","0","0","0","0","0","0","0","0","0","0","0","0","0","0","0","0","0","0","0","0","0","0","0","0","0","0","0","0","0","0","0","0","0","0","1","202204","202204","2062"
"7009941","530010","70830101","00719500000188","3","1","00000000000000","","","","0005","","0","E","","","04","","03","22","06","","99","","","","","","","","ILPI 00001-02","20200324","1","","","","","","0","0","1","0","0","0","1","0","0","0","0","0","0","0",0,0,0,"0",0,0,0,0,0,0,0,0,0,0,0,0,0,0,"0",1,0,0,0,0,0,0,0,0,0,0,0,0,0,0,0,"1",0,0,0,"0",0,0,0,0,"0",0,0,0,0,0,0,0,0,0,0,0,0,0,0,0,"0","0","0","0","0","0","0","0","0","0","0","0","0","0","0","0","0","0","0","0","0","0","0","0","0","0","0","0","1","1","0","0","0","0","0","0","0","0","0","0","0","0","0","0","0","0","0","0","0","0","0","1","0","0","0","0","0","0","0","0","0","0","0","0","0","0","0","0","0","0","0","0","0","0","0","0","0","0","0","0","0","0","0","0","0","0","0","0","0","0","0","0","1","202007","202204","3999"
"7009976","530010","70715900","05529643000140","3","1","00000000000000","","","","0010","","0","E","","","04","","01","22","03","","99","","","","","","","","","","","","","","","","0","0","1","0","0","0","1","0","0","0","0","0","0","0",0,0,0,"0",0,0,0,0,0,0,0,0,0,0,0,0,0,0,"0",0,1,0,0,0,0,0,0,0,0,0,0,0,0,0,0,"1",0,0,0,"0",0,0,0,0,"0",0,0,0,0,0,0,0,0,0,0,0,0,0,0,0,"0","0","0","0","0","0","0","0","0","0","0","0","0","0","0","0","0","0","0","0","0","0","0","0","0","0","0","0","1","1","0","0","0","0","0","0","0","0","0","0","0","0","0","0","0","0","0","0","0","0","0","1","0","0","0","0","0","0","0","0","0","0","0","0","0","0","0","0","0","0","0","0","0","0","0","0","0","0","0","0","0","0","0","0","0","0","0","0","0","0","0","0","1","201910","202204","2240"
"7015755","530010","73060701","61486650037699","3","1","00000000000000","","","","","","0","E","","","04","","03","39","03","","99","","","","","","","","","","","","","","","","0","0","1","0","0","0","1","0","0","0","0","0","0","0",0,0,0,"0",0,0,0,0,0,0,0,0,0,0,0,0,0,0,"0",0,0,0,0,0,0,0,0,0,0,0,0,0,0,0,0,"0",0,0,0,"0",0,0,0,0,"0",0,0,0,0,0,0,0,0,0,0,0,0,0,0,0,"0","0","0","0","0","0","0","0","0","0","0","0","0","0","0","0","0","0","1","0","0","0","0","0","1","1","0","0","1","1","0","0","0","0","0","0","0","0","0","0","0","0","0","0","0","0","0","0","0","0","0","0","0","0","0","0","0","0","1","0","0","0","1","0","0","0","0","0","0","0","0","0","0","0","0","0","0","0","0","0","0","0","0","0","0","0","0","0","0","0","0","0","1","202010","202204","2046"
"7017413","530010","70200760","14514133000190","3","1","00000000000000","","","","","","0","E","","","04","","01","22","03","","99","","","","","","","","LICENCA SANITARIO","20170207","1","","","","","","0","0","1","0","0","0","1","0","0","0","0","0","0","0",0,0,0,"0",0,0,0,0,0,0,0,0,0,0,0,0,0,0,"0",0,0,0,1,0,0,0,0,0,0,0,0,0,0,0,0,"1",0,0,0,"0",0,0,0,0,"0",0,0,0,0,0,0,0,0,0,0,0,0,0,0,0,"0","0","0","0","0","0","0","0","0","0","0","0","0","0","0","0","0","0","0","0","0","0","0","0","0","0","0","0","1","1","0","0","0","0","0","0","0","0","0","0","0","0","0","0","0","0","0","0","0","0","0","1","0","0","0","1","0","0","0","0","0","0","0","0","0","0","0","0","0","0","0","0","0","0","0","0","0","0","0","0","0","0","0","0","0","0","0","0","0","0","0","0","1","201908","202204","2062"
"7022174","530010","72020090","13919613000179","3","1","00000000000000","","","","","","0","E","","","04","","01","04","03","","99","","","","","","","","EAS 00016-14","20210430","1","","","","","","0","0","1","0","0","0","1","0","0","0","0","0","0","0",0,0,0,"0",0,0,0,0,0,0,0,0,0,0,0,0,0,0,"0",1,0,0,1,0,0,0,0,0,0,0,0,0,0,0,0,"1",0,0,0,"0",0,0,0,0,"0",0,0,0,0,0,0,0,0,0,0,0,0,0,0,0,"0","0","1","0","0","0","0","0","0","0","0","0","0","0","0","0","0","0","0","0","0","0","0","0","1","0","0","0","1","1","0","0","0","0","0","0","0","0","0","0","0","0","0","0","0","0","0","0","0","0","0","1","0","0","0","0","0","0","0","0","0","0","0","0","0","0","0","0","0","0","0","0","0","0","0","0","0","0","0","0","0","0","0","0","0","0","0","0","0","0","0","0","1","202112","202204","2062"
"7022182","530010","72010010","15138785000130","3","1","00000000000000","","","","0180","","0","E","","","04","","03","36","03","","99","","","","","","","","RLE DIGITAL","20211108","1","","","","","","0","0","1","0","0","0","1","0","0","0","0","0","0","0",0,0,0,"0",0,0,0,0,0,0,0,0,0,0,0,0,0,0,"0",0,0,0,3,0,0,0,0,0,0,0,0,0,0,0,0,"1",0,0,0,"0",0,0,0,0,"0",0,0,0,0,0,0,0,0,0,0,0,0,0,0,0,"0","0","1","0","0","0","0","0","0","0","0","0","0","0","0","0","0","0","0","0","0","0","0","0","1","0","0","0","1","1","0","0","0","0","0","0","0","0","0","0","0","0","0","0","0","0","0","0","0","0","0","1","0","0","0","1","0","0","0","0","0","0","0","0","0","0","0","0","0","0","0","0","0","0","0","0","0","0","0","0","0","0","0","0","0","0","0","0","0","0","0","0","1","202203","202204","2062"
"7022212","530010","72025001","14353297000183","3","1","00000000000000","","","","0180","","0","E","","","04","","01","36","03","","99","","","","","","","","EAS00025-14","20200330","1","","","","","","0","0","1","0","0","0","1","0","0","0","0","0","0","0",0,0,0,"0",0,0,0,0,0,0,0,0,0,0,0,0,0,0,"0",0,3,0,0,0,0,0,0,0,0,0,0,0,0,0,0,"1",0,0,0,"0",0,0,0,0,"0",0,0,0,0,0,0,0,0,0,0,0,0,0,0,0,"0","0","0","1","0","0","0","0","0","0","0","0","0","0","0","0","0","0","0","0","0","0","0","0","1","1","0","0","1","1","0","0","0","0","0","0","0","0","0","0","0","0","0","0","0","0","0","0","0","0","0","1","0","0","1","1","0","0","0","0","0","0","0","0","0","0","0","0","0","0","0","0","0","0","0","0","0","0","0","0","0","0","0","0","0","0","0","0","0","0","0","0","1","202006","202204","2062"
"7024916","530010","70390095","14736261000189","3","1","00000000000000","","","","0010","","0","E","","","04","","03","04","03","","99","","","","","","","","EAS0399101","20180615","1","","","","","","0","0","1","0","0","0","1","0","0","0","0","0","0","0",0,0,0,"0",0,0,0,0,0,0,0,0,0,0,0,0,0,0,"0",0,0,0,1,0,0,0,0,0,0,0,0,0,0,0,0,"1",0,0,0,"0",0,0,0,0,"0",0,0,0,0,0,0,0,0,0,0,0,0,0,0,0,"0","0","1","0","0","0","0","0","0","0","0","0","0","0","0","0","0","0","0","0","0","0","0","0","1","0","0","0","1","1","0","0","0","0","0","0","0","0","0","0","0","0","0","0","0","0","0","0","0","0","0","0","0","0","0","1","0","0","0","0","0","0","0","0","0","0","0","0","0","0","0","0","0","0","0","0","0","0","0","0","0","0","0","0","0","0","0","0","0","0","0","0","1","202001","202204","2305"
"7024959","530010","70719903","14313631000175","3","1","00000000000000","","","","0005","","0","E","","","04","","01","22","05","","99","","","","","","","","","","","","","","","","0","0","1","0","0","0","1","0","0","0","0","0","0","0",0,0,0,"0",0,0,0,0,0,0,0,0,0,0,0,0,0,0,"0",0,0,0,1,0,0,0,0,0,0,0,0,0,0,0,0,"1",0,0,0,"0",0,0,0,0,"0",0,0,0,0,0,0,0,0,0,0,0,0,0,0,0,"0","0","0","0","0","0","0","0","0","0","0","0","0","0","0","0","0","0","0","0","0","0","0","0","0","1","0","0","1","1","0","0","0","0","0","0","0","0","0","0","0","0","0","0","0","0","0","0","0","0","0","1","0","0","0","1","0","0","0","0","0","0","0","0","0","0","0","0","0","0","0","0","0","0","0","0","0","0","0","0","0","0","0","0","0","0","0","0","0","0","0","0","1","202108","202204","2062"
"7025378","530010","70710149","09104513000206","3","1","00000000000000","","","","","","0","E","","","04","","03","36","04","","99","","","","","","","","00584-02/2021","20211119","1","","","","","","0","0","1","0","0","0","1","0","0","0","0","0","0","0",0,0,0,"0",0,0,0,0,0,0,0,0,0,0,0,0,0,0,"0",3,7,0,1,0,0,0,0,0,0,0,0,0,0,0,0,"1",0,0,0,"0",0,0,0,0,"0",0,0,0,0,0,0,0,0,0,0,0,0,0,0,0,"0","0","1","0","0","0","1","0","0","1","0","0","0","0","0","0","0","1","0","1","0","1","0","0","1","1","1","0","1","1","0","0","0","0","0","0","0","0","0","0","0","0","0","0","0","0","0","0","0","0","0","1","0","0","0","1","0","0","0","0","0","0","0","0","0","0","0","0","0","0","0","0","0","0","0","0","0","0","0","0","0","0","0","0","0","0","0","0","0","0","0","0","1","202204","202204","2054"
"7025394","530010","70715900","15023333000103","3","1","00000000000000","","","","0005","","0","E","","","04","","03","36","03","","99","","","","","","","","ODO 00349-02/2021","20210810","1","","","","","","0","0","1","0","0","0","1","0","0","0","0","0","0","0",0,0,0,"0",0,0,0,0,0,0,0,0,0,0,0,0,0,0,"0",0,0,0,0,0,0,0,0,1,0,0,0,0,0,0,0,"1",0,0,0,"0",0,0,0,0,"0",0,0,0,0,0,0,0,0,0,0,0,0,0,0,0,"0","0","1","0","0","0","0","0","1","0","0","0","0","0","0","0","0","0","0","0","0","0","0","0","1","1","0","0","1","1","0","0","0","0","0","0","0","0","0","0","0","0","0","0","0","0","0","0","0","0","0","1","0","0","0","0","0","0","0","0","0","0","0","0","0","0","0","0","0","0","0","0","0","0","0","0","0","0","0","0","0","0","0","0","0","0","0","0","0","0","0","0","1","202202","202204","2062"
"7026625","530010","70393905","14465981000157","3","1","00000000000000","","","","0015","","0","E","","","04","","01","04","03","","99","001","04529","4136810","","","","","EAS.20012-01","20180202","1","","","","","","0","0","1","0","0","0","1","0","0","0","0","0","0","0",0,0,0,"0",0,0,0,0,0,0,0,0,0,0,0,0,0,0,"0",1,0,0,0,0,0,0,0,0,0,0,0,0,0,0,0,"1",0,0,0,"0",0,0,0,0,"0",0,0,0,0,0,0,0,0,0,0,0,0,0,0,0,"0","0","1","0","0","0","0","0","0","0","0","0","0","0","0","0","0","0","0","0","0","0","0","0","1","0","0","0","1","1","0","0","0","0","0","0","0","0","0","0","0","0","0","0","0","0","0","0","0","0","0","1","0","0","0","0","0","0","0","0","0","0","0","0","0","0","0","0","0","0","0","0","0","0","0","0","0","0","0","0","0","0","0","0","0","0","0","0","0","0","0","0","1","201905","202204","2062"
"7026633","530010","70390145","05790793000103","3","1","00000000000000","","","","0010","","0","E","","","04","","03","36","03","","99","","","","","","","","1260/2010","20190620","1","","","","","","0","0","1","0","0","0","1","0","0","0","0","0","0","0",0,0,0,"0",0,0,0,0,0,0,0,0,0,0,0,0,0,0,"0",0,3,0,0,0,0,0,0,0,0,0,0,0,0,0,0,"1",0,0,0,"0",0,0,0,0,"0",0,0,0,0,0,0,0,0,0,0,0,0,0,0,0,"0","0","1","0","0","0","0","0","0","0","0","0","0","0","0","0","0","0","0","0","0","0","0","0","1","0","0","0","1","1","0","0","0","0","0","0","0","0","0","0","0","0","0","0","0","0","0","0","0","0","0","1","0","0","0","0","0","0","0","0","0","0","0","0","0","0","0","0","0","0","0","0","0","0","0","0","0","0","0","0","0","0","0","0","0","0","0","0","0","0","0","0","1","201906","202204","2062"
"7028792","530010","72445000","12343904000280","3","1","00000000000000","","","","0060","","0","E","","","04","","03","22","01","","99","","","","","","","","EAS.0049-20","20171214","1","","","","","","0","0","1","0","0","0","1","0","0","0","0","0","0","0",0,0,0,"0",0,0,0,0,0,0,0,0,0,0,0,0,0,0,"0",0,1,0,0,0,0,0,0,0,0,0,0,0,0,0,0,"1",0,0,0,"0",0,0,0,0,"0",0,0,0,0,0,0,0,0,0,0,0,0,0,0,0,"0","0","0","1","0","0","0","0","0","0","0","0","0","0","0","0","0","0","0","0","0","0","0","0","1","0","0","0","1","1","0","0","0","0","0","0","0","0","0","0","0","0","0","0","0","0","0","0","0","0","0","1","0","0","0","1","0","0","0","0","0","0","0","0","0","0","0","0","0","0","0","0","0","0","0","0","0","0","0","0","0","0","0","0","0","0","0","0","0","0","0","0","1","202105","202204","2062"
"7029004","530010","70770100","13845429000121","3","1","00000000000000","","","","","","0","E","","","04","","03","22","03","","99","","","","","","","","EAS 00520-02","20210516","1","","","","","","0","0","1","0","0","0","1","0","0","0","0","0","0","0",0,0,0,"0",0,0,0,0,0,0,0,0,0,0,0,0,0,0,"0",0,2,0,0,0,0,0,0,0,0,0,0,0,0,0,0,"1",0,0,0,"0",0,0,0,0,"0",0,0,0,0,0,0,0,0,0,0,0,0,0,0,0,"0","0","1","0","0","0","0","0","0","0","0","0","0","0","0","0","0","0","0","1","0","0","0","0","1","1","0","0","1","1","0","0","0","0","0","0","0","0","0","0","0","0","0","0","0","0","0","0","0","0","0","1","0","0","0","1","0","0","0","0","0","0","0","0","0","0","0","0","0","0","0","0","0","0","0","0","0","0","0","0","0","0","0","0","0","0","0","0","0","0","0","0","1","202201","202204","2062"
"7029136","530010","72120190","04214135000100","3","1","00000000000000","","","","0180","","0","E","","","04","","01","22","03","","99","","","","","","","","ODO.00003-15","20211231","1","","","","","","0","0","1","0","0","0","1","0","0","0","0","0","0","0",0,0,0,"0",0,0,0,0,0,0,0,0,0,0,0,0,0,0,"0",0,0,0,0,0,0,0,0,1,0,0,0,0,0,0,0,"1",0,0,0,"0",0,0,0,0,"0",0,0,0,0,0,0,0,0,0,0,0,0,0,0,0,"0","0","1","0","0","0","0","0","1","0","0","0","0","0","0","0","0","0","0","0","0","0","0","0","1","1","0","0","1","1","0","0","0","0","0","0","0","0","0","0","0","0","0","0","0","0","0","0","0","0","0","1","0","0","0","1","0","0","0","0","0","0","0","0","0","0","0","0","0","0","0","0","0","0","0","0","0","0","0","0","0","0","0","0","0","0","0","0","0","0","0","0","1","202202","202204","2062"
"7029187","530010","72125340","10217581000171","3","1","00000000000000","","","","0180","","0","E","","","04","","03","36","03","","99","","","","","","","","ODO.259835","20211111","1","","","","","","0","0","1","0","0","0","1","0","0","0","0","0","0","0",0,0,0,"0",0,0,0,0,0,0,0,0,0,0,0,0,0,0,"0",0,0,0,0,0,0,0,0,3,0,0,0,0,0,0,0,"1",0,0,0,"0",0,0,0,0,"0",0,0,0,0,0,0,0,0,0,0,0,0,0,0,0,"0","0","1","0","0","0","0","0","1","0","0","0","0","0","0","0","0","0","0","0","0","0","0","0","1","1","0","0","1","1","0","0","0","0","0","0","0","0","0","0","0","0","0","0","0","0","0","0","0","0","0","1","0","0","0","1","0","0","0","0","0","0","0","0","0","0","0","0","0","0","0","0","0","0","0","0","0","0","0","0","0","0","0","0","0","0","0","0","0","0","0","0","1","202201","202204","2305"
"7033923","530010","70770913","12815870000106","3","1","00000000000000","","","","","","0","E","","","04","","03","04","03","","99","","","","","","","","CERTIFICADO DIGITAL","20181220","1","","","","","","0","0","1","0","0","0","1","0","0","0","0","0","0","0",0,0,0,"0",0,0,0,0,0,0,0,0,0,0,0,0,0,0,"0",0,2,0,5,0,0,0,0,0,0,0,0,0,0,0,0,"1",0,0,0,"0",0,0,0,0,"0",0,0,0,0,0,0,0,0,0,0,0,0,0,0,0,"0","0","1","0","0","0","0","0","0","0","0","0","0","0","0","0","0","0","0","0","0","0","0","0","1","0","0","0","1","1","0","0","0","0","0","0","0","0","0","0","0","0","0","0","0","0","0","0","0","0","0","1","0","0","0","1","0","0","0","0","0","0","0","0","0","0","0","0","0","0","0","0","0","0","0","0","0","0","0","0","0","0","0","0","0","0","0","0","0","0","0","0","1","202201","202204","2062"
"7035594","530010","72215170","14088437000133","3","1","00000000000000","","","","","","0","E","","","04","","02","36","03","","99","","","","","","","","EAS.00444-16","20190515","1","","","","","","0","0","1","0","0","0","1","0","0","0","0","0","0","0",0,0,0,"0",0,0,0,0,0,0,0,0,0,0,0,0,0,0,"1",0,1,0,0,0,0,0,1,0,0,1,0,0,0,0,0,"1",0,0,0,"0",0,0,0,0,"0",0,0,1,0,0,0,0,0,3,0,0,0,0,0,0,"0","0","1","0","0","0","0","0","0","0","0","0","0","0","0","0","0","0","0","0","0","0","0","0","1","1","0","0","0","1","0","0","0","0","0","0","0","0","0","0","0","0","0","0","0","0","0","0","0","0","0","1","0","0","0","0","0","0","0","0","0","0","1","0","0","0","0","0","0","0","0","0","0","0","0","0","0","0","0","0","0","0","0","0","0","0","0","0","0","0","0","0","1","202002","202204","2135"
"7035616","530010","72215178","15500164000155","3","1","00000000000000","","","","0040","","0","E","","","04","","03","22","03","","99","","","","","","","","LICENCA DE FUNCIONAMENTO","20181121","1","","","","","","0","0","1","0","0","0","1","0","0","0","0","0","0","0",0,0,0,"0",0,0,0,0,0,0,0,0,0,0,0,0,0,0,"0",0,1,0,0,0,0,0,0,0,0,0,0,0,0,0,0,"1",0,0,0,"0",0,0,0,0,"0",0,0,0,0,0,0,0,0,0,0,0,0,0,0,0,"0","0","1","0","0","0","0","0","0","0","0","0","0","0","0","0","0","0","0","0","0","0","0","0","1","0","0","0","1","1","0","0","0","0","0","0","0","0","0","0","0","0","0","0","0","0","0","0","0","0","0","1","0","0","1","1","0","0","0","0","0","0","0","0","0","0","0","0","0","0","0","0","0","0","0","0","0","0","0","0","0","0","0","0","0","0","0","0","0","0","0","0","1","201912","202204","2305"
"7037341","530010","70390095","15241874000108","3","1","00000000000000","","","","0015","","0","E","","","04","","01","04","03","","99","","","","","","","","CERT. DE LICENCIAMENTO","20190218","1","","","","","","0","0","1","0","0","0","1","0","0","0","0","0","0","0",0,0,0,"0",0,0,0,0,0,0,0,0,0,0,0,0,0,0,"0",0,0,0,5,0,0,0,0,0,0,0,0,0,0,0,0,"1",0,0,0,"0",0,0,0,0,"0",0,0,0,0,0,0,0,0,0,0,0,0,0,0,0,"0","0","1","0","0","0","0","0","0","0","0","0","0","0","0","0","0","0","0","0","0","0","0","0","1","0","0","0","1","1","0","0","0","0","0","0","0","0","0","0","0","0","0","0","0","0","0","0","0","0","0","1","0","0","1","1","0","0","0","0","0","0","0","0","0","0","0","0","0","0","0","0","0","0","0","0","0","0","0","0","0","0","0","0","0","0","0","0","0","0","0","0","1","202204","202204","2062"
"7038143","530010","70200700","13938339000185","3","1","00000000000000","","","","0015","","0","E","","","04","","03","36","03","","99","","","","","","","","EAS.20265-01","20200120","1","","","","","","0","0","1","0","0","0","1","0","0","0","0","0","0","0",0,0,0,"0",0,0,0,0,0,0,0,0,0,0,0,0,0,0,"0",0,6,0,0,0,0,0,0,0,0,0,0,0,0,0,0,"1",0,0,0,"0",0,0,0,0,"0",0,0,0,0,0,0,0,0,0,0,0,0,0,0,0,"0","0","1","0","0","0","0","0","0","0","0","0","0","0","0","0","0","0","0","0","0","0","0","0","1","1","0","0","1","1","0","0","0","0","0","0","0","0","0","0","0","0","0","0","0","0","0","0","0","0","0","1","0","0","0","1","0","0","0","0","0","0","0","0","0","0","0","0","0","0","0","0","0","0","0","0","0","0","0","0","0","0","0","0","0","0","0","0","0","0","0","0","1","202003","202204","2062"
"7041594","530010","73070056","00000000000000","3","3","00394700000108","","06","","0170","","1","E","","","04","","01","02","03","","99","","","","","","","","","","","","","","","","1","0","0","0","0","0","1","0","0","0","0","0","0","0",0,0,0,"0",0,0,0,0,0,0,0,0,0,0,0,0,0,0,"0",1,0,0,1,0,0,0,0,0,0,1,1,0,0,0,0,"1",0,0,0,"0",0,0,0,0,"0",0,0,0,0,0,0,0,0,0,0,0,0,0,0,0,"0","0","1","0","0","0","0","0","0","0","0","0","0","0","0","0","0","0","0","0","0","0","0","0","1","1","0","0","1","1","0","0","0","0","0","0","0","0","0","0","0","0","0","0","0","0","0","0","0","0","1","0","0","0","0","0","0","0","0","0","0","0","0","0","0","0","0","0","0","0","0","0","0","0","0","0","0","0","1","0","0","0","0","0","0","0","0","0","0","0","0","0","1","202204","202204","1023"
"7043872","530010","70715010","08344971000160","3","1","00000000000000","","","","0005","","0","E","","","04","","03","22","03","","99","","","","","","","","53600294661","20200701","1","","","","","","0","0","1","0","0","0","1","0","0","0","0","0","0","0",0,0,0,"0",0,0,0,0,0,0,0,0,0,0,0,0,0,0,"0",0,0,0,0,0,0,0,0,1,0,0,0,0,0,0,0,"1",0,0,0,"0",0,0,0,0,"0",0,0,0,0,0,0,0,0,0,0,0,0,0,0,0,"0","0","1","0","0","0","0","0","1","0","0","0","0","0","0","0","0","0","0","0","0","0","0","0","1","1","0","0","1","1","0","0","0","0","0","0","0","0","0","0","0","0","0","0","0","0","0","0","0","0","0","1","0","0","0","0","0","0","0","0","0","0","0","0","0","0","0","0","0","0","0","0","0","0","0","0","0","0","0","0","0","0","0","0","0","0","0","0","0","0","0","0","1","202009","202204","2305"
"7045077","530010","72318597","14453375000111","3","1","00000000000000","","","","0140","","0","E","","","04","","03","22","04","","99","","","","","","","","ODO00029-18","20210129","1","","","","","","0","0","1","0","0","0","1","0","0","0","0","0","0","0",0,0,0,"0",0,0,0,0,0,0,0,0,0,0,0,0,0,0,"0",0,0,0,0,0,0,0,0,1,0,0,0,0,0,0,0,"1",0,0,0,"0",0,0,0,0,"0",0,0,0,0,0,0,0,0,0,1,0,0,0,0,0,"0","0","1","0","0","0","0","0","0","0","0","0","0","0","0","0","0","0","0","0","0","0","0","0","1","0","0","0","1","1","0","0","0","0","0","0","0","0","0","0","0","0","0","0","0","0","0","0","0","0","0","1","0","0","0","0","0","0","0","0","0","0","0","0","0","0","0","0","0","0","0","0","0","0","0","0","0","0","0","0","0","0","0","0","0","0","0","0","0","0","0","0","1","202112","202204","2062"
"7046618","530010","70390150","15022931000168","3","1","00000000000000","","","","0015","","0","E","","","04","","03","36","03","","99","","","","","","","","EAS.20020-01","20211229","1","","","","","","0","0","1","0","0","0","1","0","0","0","0","0","0","0",0,0,0,"0",0,0,0,0,0,0,0,0,0,0,0,0,0,0,"0",0,2,0,0,0,0,0,0,0,0,0,0,0,0,0,0,"1",0,0,0,"0",0,0,0,0,"0",0,0,0,0,0,0,0,0,0,0,0,0,0,0,0,"0","0","1","0","0","0","0","0","1","0","0","0","0","0","0","0","0","1","0","1","0","0","0","0","1","1","0","0","1","1","0","0","0","0","0","0","0","0","0","0","0","0","0","0","0","0","0","0","0","0","0","1","0","0","0","1","0","0","0","0","0","0","0","0","0","0","0","0","0","0","0","0","0","0","0","0","0","0","0","0","0","0","0","0","0","0","0","0","0","0","0","0","1","202201","202204","2062"
"7046650","530010","70390055","14998042000178","3","1","00000000000000","","","","","","0","E","","","04","","03","22","04","","99","","","","","","","","LICENCA SANITARIA","20200313","1","","","","","","0","0","1","0","0","0","1","0","0","0","0","0","0","0",0,0,0,"0",0,0,0,0,0,0,0,0,0,0,0,0,0,0,"0",0,0,0,1,0,0,0,0,0,0,0,0,0,0,0,0,"1",0,0,0,"0",0,0,0,0,"0",0,0,0,0,0,0,0,0,0,0,0,0,0,0,0,"0","0","0","0","0","0","0","0","0","0","0","0","0","0","0","0","0","0","0","0","0","0","0","0","0","0","0","0","1","1","0","0","0","0","0","0","0","0","0","0","0","0","0","0","0","0","0","0","0","0","0","1","0","0","1","1","0","0","0","0","0","0","0","0","0","0","0","0","0","0","0","0","0","0","0","0","0","0","0","0","0","0","0","0","0","0","0","0","0","0","0","0","1","202103","202204","2062"
"7049188","530010","70335900","00000000000000","3","3","00394700000108","","","","0010","","1","E","","","04","","02","81","04","","99","","","","","","","","","","","","","","","","0","0","0","0","0","0","0","0","0","0","0","0","0","0",0,0,0,"0",0,0,0,0,0,0,0,0,0,0,0,0,0,0,"0",0,0,0,0,0,0,0,0,0,0,0,0,0,0,0,0,"0",0,0,0,"0",0,0,0,0,"0",0,0,0,0,0,0,0,0,0,0,0,0,0,0,0,"0","0","0","0","0","0","0","0","0","0","0","0","0","0","0","0","0","0","0","0","0","0","0","0","0","0","0","0","0","0","0","0","0","0","0","0","0","0","0","0","0","0","0","0","0","0","0","0","0","0","0","0","0","0","0","0","0","0","0","0","0","0","0","0","0","0","0","0","0","0","0","0","0","0","0","0","0","0","0","0","0","0","0","0","0","1","0","0","0","0","0","0","1","202203","202204","1023"
"7050224","530010","71919540","13295202000150","3","1","00000000000000","","","","9901","","0","E","","","04","","03","04","03","","99","","","","","","","","EAS.00156-22","20200916","1","","","","","","0","0","1","0","0","0","1","0","0","0","0","0","0","0",0,0,0,"0",0,0,0,0,0,0,0,0,0,0,0,0,0,0,"0",6,2,0,2,0,0,0,0,0,0,0,0,0,0,0,0,"1",0,0,0,"0",0,0,0,0,"0",0,0,0,0,0,0,0,0,0,0,0,0,0,0,0,"0","0","1","0","0","0","0","0","1","0","0","0","0","0","0","0","0","0","0","0","0","0","0","0","1","0","0","0","1","1","0","0","0","0","0","0","0","0","0","0","0","0","0","0","0","0","0","0","0","0","0","1","0","0","0","1","0","0","0","0","0","0","0","0","0","0","0","0","0","0","0","0","0","0","0","0","0","0","0","0","0","0","0","0","0","0","0","0","0","0","0","0","1","202011","202204","2062"
"7050240","530010","72110410","14599193000153","3","1","00000000000000","","","","","","0","E","","","04","","01","22","03","","99","","","","","","","","EAS.00281-15","20181217","1","","","","","","0","0","1","0","0","0","1","0","0","0","0","0","0","0",0,0,0,"0",0,0,0,0,0,0,0,0,0,0,0,0,0,0,"0",1,0,0,0,0,0,0,0,0,0,0,0,0,0,0,0,"1",0,0,0,"0",0,0,0,0,"0",0,0,0,0,0,0,0,0,0,0,0,0,0,0,0,"0","0","0","1","0","0","0","0","0","0","0","0","0","0","0","0","0","0","0","0","0","0","0","0","1","0","0","0","1","1","0","0","0","0","0","0","0","0","0","0","0","0","0","0","0","0","0","0","0","0","0","1","0","0","0","0","0","0","0","0","0","0","0","0","0","0","0","0","0","0","0","0","0","0","0","0","0","0","0","0","0","0","0","0","0","0","0","0","0","0","0","0","1","201911","202204","2062"
"7051719","530010","70390150","14990692000177","3","1","00000000000000","","","","0015","","0","E","","","04","","03","36","03","","99","001","35998","984809","","","","","RLE","20200311","1","","","","","","0","0","1","0","0","0","1","0","0","0","0","0","0","0",0,0,0,"0",0,0,0,0,0,0,0,0,0,0,0,0,0,0,"0",0,0,0,7,0,0,0,0,0,0,0,0,0,0,0,0,"1",0,0,0,"0",0,0,0,0,"0",0,0,0,0,0,0,0,0,0,0,0,0,0,0,0,"0","0","1","0","0","0","0","0","0","0","0","0","0","0","0","0","0","0","0","0","0","0","0","0","1","0","0","0","1","1","0","0","0","0","0","0","0","0","0","0","0","0","0","0","0","0","0","0","0","0","0","1","0","0","0","1","0","0","0","0","0","0","0","0","0","0","0","0","0","0","0","0","0","0","0","0","0","0","0","0","0","0","0","0","0","0","0","0","0","0","0","0","1","202104","202204","2062"
"7053754","530010","72304526","00000000000000","3","3","00394700000108","","04","","0140","","1","E","","","04","","03","02","03","","99","","","","","","","","","","","","","","","","1","0","1","0","0","0","1","0","0","0","0","0","0","0",0,0,0,"0",0,0,0,0,0,0,0,0,0,0,0,0,0,0,"0",6,0,0,6,0,0,0,0,4,0,3,0,1,0,1,0,"1",0,0,0,"0",0,0,0,0,"0",0,0,0,0,0,0,0,0,0,0,0,0,0,0,0,"0","0","1","0","0","0","1","0","0","0","0","0","0","0","0","0","0","0","0","0","0","0","0","0","1","1","1","0","1","1","0","0","0","0","0","0","0","0","0","0","0","0","0","0","0","0","0","0","0","0","1","0","0","0","0","0","0","0","0","0","0","0","0","0","0","0","0","0","0","0","0","0","0","0","0","0","0","0","0","0","0","0","0","0","0","0","0","0","0","0","0","0","1","202205","202204","1023"
"7055919","530010","72542508","00000000000000","3","3","00394700000108","","03","","0150","","1","E","","","04","","01","70","03","","99","","","","","","","","","","1","","","","","","1","0","1","0","0","0","1","0","0","0","0","0","0","0",0,0,0,"0",0,0,0,0,0,0,0,0,0,0,0,0,0,0,"0",0,0,0,4,0,0,0,1,0,0,1,0,0,0,0,0,"1",0,0,0,"0",0,0,0,0,"0",0,0,0,0,0,0,0,0,1,0,0,0,0,0,0,"0","0","1","0","1","0","0","0","0","0","0","0","0","0","0","0","0","0","0","0","0","0","0","0","1","0","0","0","1","1","0","0","0","0","0","0","0","0","0","0","0","0","0","0","0","0","0","0","0","0","1","0","0","0","0","0","0","0","0","0","0","0","0","0","0","0","0","0","0","0","0","0","0","0","0","0","0","0","1","0","0","0","0","0","0","0","0","0","0","0","0","0","1","202106","202204","1023"
"7057261","530010","70710100","12306840000166","3","1","00000000000000","","","","","","0","E","","","04","","03","36","03","","99","","","","","","","","LICENCA SANIT.EAS 0055702","20190905","1","","","","","","0","0","1","0","0","0","1","0","0","0","0","0","0","0",0,0,0,"0",0,0,0,0,0,0,0,0,0,0,0,0,0,0,"0",0,1,0,0,0,0,0,0,0,0,0,0,0,0,0,0,"1",0,0,0,"0",0,0,0,0,"0",0,0,0,0,0,0,0,0,0,0,0,0,0,0,0,"0","0","1","0","0","0","0","0","0","0","0","0","0","0","0","0","0","0","0","0","0","0","0","0","1","1","0","0","1","1","0","0","0","0","0","0","0","0","0","0","0","0","0","0","0","0","0","0","0","0","0","1","0","0","0","0","0","0","0","0","0","0","0","0","0","0","0","0","0","0","0","0","0","0","0","0","0","0","0","0","0","0","0","0","0","0","0","0","0","0","0","0","1","202008","202204","2062"
"7059892","530010","72650760","00000000000000","3","3","00394700000108","","4","","0130","","1","E","","","04","","03","02","03","","99","","","","","","","","","","","","","","","","1","0","1","0","0","0","1","0","0","0","0","0","0","0",0,0,0,"0",0,0,0,0,0,0,0,0,0,0,0,0,0,0,"0",1,0,0,1,0,0,0,0,1,0,1,1,0,0,0,0,"1",0,0,0,"0",0,0,0,0,"0",0,0,0,0,0,0,0,0,0,0,0,0,0,0,0,"0","0","1","0","0","0","0","0","0","0","0","0","0","0","0","0","0","0","0","0","0","0","0","0","1","1","0","0","1","1","0","0","0","0","0","0","0","0","0","0","0","0","0","0","0","0","0","0","0","0","1","0","0","0","0","0","0","0","0","0","0","0","0","0","0","0","0","0","0","0","0","0","0","0","0","0","0","0","0","0","0","0","0","0","0","0","0","0","0","0","0","0","1","202205","202204","1023"
"7069138","530010","70640010","00718528006646","3","1","00000000000000","","","","9931","","0","E","","","04","","03","39","03","","99","","","","","","","","LAB 0001107","20210518","1","","","","","","0","0","1","0","0","0","1","0","0","0","0","0","0","0",0,0,0,"0",0,0,0,0,0,0,0,0,0,0,0,0,0,0,"0",0,0,0,0,0,0,0,0,0,0,0,0,0,0,0,0,"0",0,0,0,"0",0,0,0,0,"0",0,0,0,0,0,0,0,0,0,0,0,0,0,0,0,"0","0","1","0","0","0","0","0","0","0","0","0","0","0","0","0","0","0","0","0","0","0","0","0","1","1","0","0","1","1","0","0","0","0","0","0","0","0","0","0","0","0","0","0","0","0","0","0","0","0","0","0","0","0","0","0","0","0","1","0","0","1","1","0","0","0","0","0","0","0","0","0","0","0","0","0","0","0","0","0","0","0","0","0","0","0","0","0","0","0","0","0","1","202108","202204","2054"
"7069413","530010","70710143","10678970000102","3","1","00000000000000","","","","0005","","0","E","","","04","","01","36","03","","99","","","","","","","","202-02","20180402","1","","","","","","0","0","1","0","0","0","1","0","0","0","0","0","0","0",0,0,0,"0",0,0,0,0,0,0,0,0,0,0,0,0,0,0,"0",3,0,0,0,0,0,0,0,0,0,0,0,0,0,0,0,"1",0,0,0,"0",0,0,0,0,"0",0,0,0,0,0,0,0,0,0,0,0,0,0,0,0,"0","0","1","0","0","0","0","0","0","0","0","0","0","0","0","0","0","0","0","0","0","0","0","0","1","1","0","0","1","1","0","0","0","0","0","0","0","0","0","0","0","0","0","0","0","0","0","0","0","0","0","1","0","0","0","1","0","0","0","0","0","0","0","0","0","0","0","0","0","0","0","0","0","0","0","0","0","0","0","0","0","0","0","0","0","0","0","0","0","0","0","0","1","201902","202204","2062"
"7075596","530010","71590000","00000000000000","3","3","00394700000108","","07","","0110","","1","E","","","04","","01","02","03","","99","","","","","","","","","","","","","","","","1","0","0","0","0","0","1","0","0","0","0","0","0","0",0,0,0,"0",0,0,0,0,0,0,0,0,0,0,0,0,0,0,"0",2,0,0,1,0,0,0,0,0,0,1,1,0,0,0,0,"1",0,0,0,"0",0,0,0,0,"0",0,0,0,0,0,0,0,0,0,0,0,0,0,0,0,"0","0","1","0","0","0","1","0","0","0","0","0","0","0","0","0","0","0","0","0","0","0","0","0","1","1","0","0","1","1","0","0","0","0","0","0","0","0","0","0","0","0","0","0","0","0","0","0","0","0","1","0","0","0","0","0","0","0","0","0","0","0","0","0","0","0","0","0","0","0","0","0","0","0","0","0","0","0","0","0","0","0","0","0","0","0","0","0","0","0","0","0","1","202203","202204","1023"
"7075979","530010","70830301","11721475000193","3","1","00000000000000","","","","0005","","0","E","","","04","","03","36","03","","99","","","","","","","","LICENCA SANITARIA","20190427","1","","","","","","0","0","1","0","0","0","1","0","0","0","0","0","0","0",0,0,0,"0",0,0,0,0,0,0,0,0,0,0,0,0,0,0,"0",0,6,0,0,0,0,0,0,0,0,0,0,0,0,0,0,"1",0,0,0,"0",0,0,0,0,"0",0,0,0,0,0,0,0,0,0,0,0,0,0,0,0,"0","0","1","0","0","0","0","0","1","0","0","0","0","0","0","0","0","0","0","0","0","0","0","0","1","1","0","0","1","1","0","0","0","0","0","0","0","0","0","0","0","0","0","0","0","0","0","0","0","0","0","1","0","0","0","1","0","0","0","0","0","0","0","0","0","0","0","0","0","0","0","0","0","0","0","0","0","0","0","0","0","0","0","0","0","0","0","0","0","0","0","0","1","201907","202204","2062"
"7078730","530010","72630250","00394700003557","3","3","00394700000108","","","","0130","","1","E","","","04","","03","73","06","","99","","","","","","","","","","","","","","","","0","0","1","0","0","0","1","0","0","0","0","0","0","0",0,0,0,"0",0,0,0,3,1,0,0,1,0,1,0,0,0,6,"1",0,0,0,0,0,0,0,0,0,0,0,0,0,0,0,0,"0",0,0,0,"0",0,0,0,0,"0",4,0,0,9,0,0,0,0,0,0,0,0,0,0,0,"0","0","1","0","0","0","1","0","1","0","0","0","0","0","0","0","0","0","0","0","1","0","0","0","1","1","1","0","1","1","0","0","0","0","0","0","0","0","0","0","0","0","0","0","0","0","0","0","0","0","0","0","0","0","0","0","0","0","0","0","0","0","0","0","1","0","0","0","0","0","0","0","0","0","0","0","0","0","0","0","0","0","0","0","0","0","0","0","0","0","0","0","1","202204","202204","1023"
"7079451","530010","72025001","15244891000107","3","1","00000000000000","","","","0180","","0","E","","","04","","01","36","03","","99","","","","","","","","EAS-00074-2014","20200629","1","","","","","","0","0","1","0","0","0","1","0","0","0","0","0","0","0",0,0,0,"0",0,0,0,0,0,0,0,0,0,0,0,0,0,0,"0",0,3,0,0,0,0,0,0,0,0,0,0,0,0,0,0,"1",0,0,0,"0",0,0,0,0,"0",0,0,0,0,0,0,0,0,0,0,0,0,0,0,0,"0","0","1","0","0","0","0","0","0","0","0","0","0","0","0","0","0","0","0","1","0","0","0","0","1","1","1","0","1","1","0","0","0","0","0","0","0","0","0","0","0","0","0","0","0","0","0","0","0","0","0","1","0","0","0","1","0","0","0","0","0","0","0","0","0","0","0","0","0","0","0","0","0","0","0","0","0","0","0","0","0","0","0","0","0","0","0","0","0","0","0","0","1","202205","202204","2305"
"7080875","530010","70200730","15644518000135","3","1","00000000000000","","","","","","0","E","","","04","","03","36","03","","99","","","","","","","","EAS.20031-01","20210208","1","","","","","","0","0","1","0","0","0","1","0","0","0","0","0","0","0",0,0,0,"0",0,0,0,0,0,0,0,0,0,0,0,0,0,0,"0",5,0,0,0,0,0,0,0,0,0,0,0,0,0,0,0,"1",0,0,0,"0",0,0,0,0,"0",0,0,0,0,0,0,0,0,0,0,0,0,0,0,0,"0","0","1","0","0","0","0","0","1","0","0","0","0","0","0","0","0","0","0","1","0","0","0","0","1","1","0","0","1","1","0","0","0","0","0","0","0","0","0","0","0","0","0","0","0","0","0","0","0","0","0","1","0","0","1","1","0","0","0","0","0","0","0","0","0","0","0","0","0","0","0","0","0","0","0","0","0","0","0","0","0","0","0","0","0","0","0","0","0","0","0","0","1","202108","202204","2062"
"7081537","530010","70390095","15425983000185","3","1","00000000000000","","","","0010","","0","E","","","04","","03","04","05","","99","","","","","","","","EAS.20202-01","20181004","1","","","","","","0","0","1","0","0","0","1","0","0","0","0","0","0","0",0,0,0,"0",0,0,0,0,0,0,0,0,0,0,0,0,0,0,"0",0,2,0,0,0,0,0,0,0,0,0,0,0,0,0,0,"1",0,0,0,"0",0,0,0,0,"0",0,0,0,0,0,0,0,0,0,0,0,0,0,0,0,"0","0","1","0","0","0","0","0","0","0","0","0","0","0","0","0","0","0","0","0","0","0","0","0","1","1","0","0","1","1","0","0","0","0","0","0","0","0","0","0","0","0","0","0","0","0","0","0","0","0","0","1","0","0","0","1","0","0","0","0","0","0","0","0","0","0","0","0","0","0","0","0","0","0","0","0","0","0","0","0","0","0","0","0","0","0","0","0","0","0","0","0","1","202003","202204","2305"
"7083084","530010","72010010","15725891000110","3","1","00000000000000","","","","0180","","0","E","","","04","","03","22","04","","99","","","","","","","","ALVARA","20180122","1","","","","","","0","0","1","0","0","0","1","0","0","0","0","0","0","0",0,0,0,"0",0,0,0,0,0,0,0,0,0,0,0,0,0,0,"0",0,0,0,2,0,0,0,0,0,0,0,0,0,0,0,0,"1",0,0,0,"0",0,0,0,0,"0",0,0,0,0,0,0,0,0,0,0,0,0,0,0,0,"0","0","1","0","0","0","0","0","0","0","0","0","0","0","0","0","0","0","0","0","0","0","0","0","1","0","0","0","1","1","0","0","0","0","0","0","0","0","0","0","0","0","0","0","0","0","0","0","0","0","0","1","0","0","0","0","0","0","0","0","0","0","0","0","0","0","0","0","0","0","0","0","0","0","0","0","0","0","0","0","0","0","0","0","0","0","0","0","0","0","0","0","1","202009","202204","2062"
"7087837","530010","71600700","13699531000166","3","1","00000000000000","","","","0005","","0","E","","","04","","03","22","03","","99","","","","","","","","EAS-00242-03","20190508","1","","","","","","0","0","1","0","0","0","1","0","0","0","0","0","0","0",0,0,0,"0",0,0,0,0,0,0,0,0,0,0,0,0,0,0,"0",0,1,0,0,0,0,0,0,0,0,0,0,0,0,0,0,"1",0,0,0,"0",0,0,0,0,"0",0,0,0,0,0,0,0,0,0,0,0,0,0,0,0,"0","0","1","0","0","0","0","0","0","0","0","0","0","0","0","0","0","0","0","0","0","0","0","0","1","1","0","0","1","1","0","0","0","0","0","0","0","0","0","0","0","0","0","0","0","0","0","0","0","0","0","1","0","0","0","0","0","0","0","0","0","0","0","0","0","0","0","0","0","0","0","0","0","0","0","0","0","0","0","0","0","0","0","0","0","0","0","0","0","0","0","0","1","202002","202204","2062"
"7092725","530010","70770902","08383315000177","3","1","00000000000000","","","","0005","","0","E","","","04","","03","04","03","","99","","","","","","","","EAS 0035102/2021","20210805","1","","","","","","0","0","1","0","0","0","1","0","0","0","0","0","0","0",0,0,0,"0",0,0,0,0,0,0,0,0,0,0,0,0,0,0,"0",0,1,0,1,0,0,0,0,0,0,0,0,0,0,0,0,"1",0,0,0,"0",0,0,0,0,"0",0,0,0,0,0,0,0,0,0,0,0,0,0,0,0,"0","0","1","0","0","0","0","0","0","0","0","0","0","0","0","0","0","0","0","0","0","0","0","0","1","1","0","0","1","1","0","0","0","0","0","0","0","0","0","0","0","0","0","0","0","0","0","0","0","0","0","1","0","0","0","1","0","0","0","0","0","0","0","0","0","0","0","0","0","0","0","0","0","0","0","0","0","0","0","0","0","0","0","0","0","0","0","0","0","0","0","0","1","202110","202204","2240"
"7094116","530010","71593620","00000000000000","3","3","00394700000108","","07","","9928","","1","E","","","04","","03","70","03","","99","","","","","","","","","","","","","","","","0","0","1","0","0","0","1","0","0","0","0","0","0","0",0,0,0,"0",0,0,0,0,0,0,0,0,0,0,0,0,0,0,"0",0,0,0,0,0,0,0,1,0,0,1,0,0,0,0,0,"1",0,0,0,"0",0,0,0,0,"0",0,0,0,0,0,0,0,0,2,0,0,0,0,0,0,"0","0","1","0","1","0","0","0","0","0","0","1","0","0","0","0","0","0","0","0","0","0","0","0","1","1","0","0","1","1","0","0","0","0","0","0","0","0","0","0","0","0","0","0","0","0","0","0","0","0","1","0","0","0","0","0","0","0","0","0","0","0","0","0","0","0","0","0","0","0","0","0","0","0","0","0","0","0","0","0","0","0","0","0","0","0","0","0","0","0","0","0","1","202204","202204","1023"
"7094159","530010","70710149","15321866000171","3","1","00000000000000","","","","","","0","E","","","04","","03","36","03","","99","","","","","","","","2021902852","20210514","1","","","","","","0","0","1","0","0","0","1","0","0","0","0","0","0","0",0,0,0,"0",0,0,0,0,0,0,0,0,0,0,0,0,0,0,"0",0,1,0,1,0,0,0,0,0,0,0,0,0,0,0,0,"1",0,0,0,"0",0,0,0,0,"0",0,0,0,0,0,0,0,0,0,0,0,0,0,0,0,"0","0","1","0","0","0","0","0","0","0","0","0","0","0","0","0","0","0","0","0","0","0","0","0","1","0","0","0","1","1","0","0","0","0","0","0","0","0","0","0","0","0","0","0","0","0","0","0","0","0","0","1","0","0","0","0","0","0","0","0","0","0","0","0","0","0","0","0","0","0","0","0","0","0","0","0","0","0","0","0","0","0","0","0","0","0","0","0","0","0","0","0","1","202203","202204","2062"
"7094183","530010","70390150","15321808000148","3","1","00000000000000","","","","0010","","0","E","","","04","","03","22","03","","99","","","","","","","","EAS-2021301","20200228","1","","","","","","0","0","1","0","0","0","1","0","0","0","0","0","0","0",0,0,0,"0",0,0,0,0,0,0,0,0,0,0,0,0,0,0,"0",1,0,0,0,0,0,0,0,0,0,0,0,0,0,0,0,"1",0,0,0,"0",0,0,0,0,"0",0,0,0,0,0,0,0,0,0,0,0,0,0,0,0,"0","0","1","0","0","0","0","0","0","0","0","0","0","0","0","0","0","0","0","0","0","0","0","0","1","0","0","0","1","1","0","0","0","0","0","0","0","0","0","0","0","0","0","0","0","0","0","0","0","0","0","0","0","0","0","1","0","0","0","0","0","0","0","0","0","0","0","0","0","0","0","0","0","0","0","0","0","0","0","0","0","0","0","0","0","0","0","0","0","0","0","0","1","202103","202204","2062"
"7094671","530010","70390125","13059531000100","3","1","00000000000000","","","","0015","","0","E","","","04","","01","36","03","","99","","","","","","","","EAS 03614-01","20180620","1","","","","","","0","0","1","0","0","0","1","0","0","0","0","0","0","0",0,0,0,"0",0,0,0,0,0,0,0,0,0,0,0,0,0,0,"0",0,1,0,0,0,0,0,0,0,0,0,0,0,0,0,0,"1",0,0,0,"0",0,0,0,0,"0",0,0,0,0,0,0,0,0,0,0,0,0,0,0,0,"0","0","1","0","0","0","0","0","0","0","0","0","0","0","0","0","0","0","0","0","0","0","0","0","1","0","0","0","1","1","0","0","0","0","0","0","0","0","0","0","0","0","0","0","0","0","0","0","0","0","0","1","0","0","0","1","0","0","0","0","0","0","0","0","0","0","0","0","0","0","0","0","0","0","0","0","0","0","0","0","0","0","0","0","0","0","0","0","0","0","0","0","1","201908","202204","2062"
"7094698","530010","70770100","15086112000184","3","1","00000000000000","","","","","","0","E","","","04","","02","77","06","","99","","","","","","","","EAS00467-02","20191216","1","","","","","","0","0","0","0","0","0","0","0","0","1","0","1","0","1",0,0,0,"0",0,0,0,0,0,0,0,0,0,0,0,0,0,0,"1",0,1,0,0,0,0,0,0,0,0,0,0,0,0,0,0,"1",0,0,0,"0",0,0,0,0,"0",1,1,1,0,0,0,0,0,0,0,0,0,0,0,0,"0","0","0","0","0","0","1","0","0","0","0","1","0","0","0","0","0","0","0","1","0","1","0","0","1","0","1","0","1","1","0","0","0","0","0","0","0","0","0","0","0","0","0","0","1","0","0","0","0","0","0","0","0","0","0","0","0","0","0","0","0","0","0","0","0","0","0","0","0","0","0","0","0","0","0","0","0","0","0","0","0","0","0","0","0","0","0","0","0","0","0","0","1","202003","202204","2062"
"7098383","530010","72302517","30818613000100","3","1","00000000000000","","","","","","0","E","","","04","","01","36","03","","99","","","","","","","","ODO.00031-18","20191018","1","","","","","","0","0","1","0","0","0","1","0","0","0","0","0","0","0",0,0,0,"0",0,0,0,0,0,0,0,0,0,0,0,0,0,0,"0",0,0,0,0,0,0,0,0,2,0,0,0,0,0,0,0,"1",0,0,0,"0",0,0,0,0,"0",0,0,0,0,0,0,0,0,0,0,0,0,0,0,0,"0","0","1","0","0","0","0","0","1","0","0","0","0","0","0","0","0","0","0","1","0","0","0","0","1","1","0","0","1","1","0","0","0","0","0","0","0","0","0","0","0","0","0","0","0","0","0","0","0","0","0","1","0","0","0","0","0","0","0","0","0","0","0","0","0","0","0","0","0","0","0","0","0","0","0","0","0","0","0","0","0","0","0","0","0","0","0","0","0","0","0","0","1","201910","202204","2062"
"7102690","530010","70200740","13328821000101","3","1","00000000000000","","","","","","0","E","","","04","","01","36","03","","99","","","","","","","","00113/2017","20170217","1","","","","","","0","0","1","0","0","0","1","0","0","0","0","0","0","0",0,0,0,"0",0,0,0,0,0,0,0,0,0,0,0,0,0,0,"0",0,1,0,0,0,0,0,0,0,0,0,0,0,0,0,0,"1",0,0,0,"0",0,0,0,0,"0",0,0,0,0,0,0,0,0,0,0,0,0,0,0,0,"0","0","0","1","0","0","0","0","0","0","0","0","0","0","0","0","0","0","0","0","0","0","0","0","1","0","0","0","1","1","0","0","0","0","0","0","0","0","0","0","0","0","0","0","0","0","0","0","0","0","0","1","0","0","0","0","0","0","0","0","0","0","0","0","0","0","0","0","0","0","0","0","0","0","0","0","0","0","0","0","0","0","0","0","0","0","0","0","0","0","0","0","1","201911","202204","2305"
"7107803","530010","71635600","15425890000150","3","1","00000000000000","","","","","","0","E","","","04","","03","36","03","","99","","","","","","","","EAS 310/2022","20220112","1","","","","","","0","0","1","0","0","0","1","0","0","0","0","0","0","0",0,0,0,"0",0,0,0,0,0,0,0,0,0,0,0,0,0,0,"0",0,2,0,0,0,0,0,0,0,0,0,0,0,0,0,0,"1",0,0,0,"0",0,0,0,0,"0",0,0,0,0,0,0,0,0,0,0,0,0,0,0,0,"0","0","1","0","0","0","0","0","0","0","0","0","0","0","0","0","0","0","0","0","0","0","0","0","1","1","0","0","1","1","0","0","0","0","0","0","0","0","0","0","0","0","0","0","0","0","0","0","0","0","0","1","0","0","0","1","0","0","0","0","0","0","0","0","0","0","0","0","0","0","0","0","0","0","0","0","0","0","0","0","0","0","0","0","0","0","0","0","0","0","0","0","1","202204","202204","2062"
"7108923","530010","72130077","00000000000000","3","3","00394700000108","","04","","0180","","1","E","","","04","","03","02","04","","99","","","","","","","","","","","","","","","","1","0","1","0","0","0","1","0","0","0","0","0","0","0",0,0,0,"0",0,0,0,0,0,0,0,0,0,0,0,0,0,0,"0",6,0,0,3,0,0,0,0,3,0,1,1,1,0,1,0,"1",0,0,0,"0",0,0,0,0,"0",0,0,0,0,0,0,0,0,0,0,0,0,0,0,0,"0","0","1","0","0","0","0","0","0","0","0","0","0","0","0","0","0","0","0","0","0","0","0","0","1","1","1","0","1","1","0","0","0","0","0","0","0","0","0","0","0","0","0","0","0","0","0","0","0","0","1","0","0","0","0","0","0","0","0","0","0","0","0","0","0","0","0","0","0","0","0","0","0","0","0","0","0","0","0","0","0","0","0","0","0","0","0","0","0","0","0","0","1","202204","202204","1023"
"7110766","530010","70390150","16634049000136","3","1","00000000000000","","","","0015","","0","E","","","04","","03","36","03","","99","","","","","","","","RLE VISA DF","20210507","1","","","","","","0","0","1","0","0","0","1","0","0","0","0","0","0","0",0,0,0,"0",0,0,0,0,0,0,0,0,0,0,0,0,0,0,"0",0,2,0,0,0,0,0,0,0,0,0,0,0,0,0,0,"1",0,0,0,"0",0,0,0,0,"0",0,0,0,0,0,0,0,0,0,0,0,0,0,0,0,"0","0","1","0","0","0","0","0","0","0","0","0","0","0","0","0","0","0","0","0","0","0","0","0","1","1","0","0","1","1","0","0","0","0","0","0","0","0","0","0","0","0","0","0","0","0","0","0","0","0","0","1","0","0","0","1","0","0","0","0","0","0","0","0","0","0","0","0","0","0","0","0","0","0","0","0","0","0","0","0","0","0","0","0","0","0","0","0","0","0","0","0","1","202204","202204","2062"
"7111045","530010","70710146","15684249000130","3","1","00000000000000","","","","0005","","0","E","","","04","","03","36","03","","99","","","","","","","","EAS 00640-02/2021","20210805","1","","","","","","0","0","1","0","0","0","1","0","0","0","0","0","0","0",0,0,0,"0",0,0,0,0,0,0,0,0,0,0,0,0,0,0,"0",0,5,0,0,0,0,0,0,0,0,0,0,0,0,0,0,"1",0,0,0,"0",0,0,0,0,"0",0,0,0,0,0,0,0,0,0,0,0,0,0,0,0,"0","0","1","0","0","0","0","0","1","0","0","0","0","0","0","0","0","0","0","1","0","0","0","0","1","0","0","0","1","1","0","0","0","0","0","0","0","0","0","0","0","0","0","0","0","0","0","0","0","0","0","1","0","0","1","1","0","0","0","0","0","0","0","0","0","0","0","0","0","0","0","0","0","0","0","0","0","0","0","0","0","0","0","0","0","0","0","0","0","0","0","0","1","202202","202204","2062"
"7111843","530010","73062404","04430077000152","3","1","00000000000000","","","","9922","","0","E","","","04","","03","83","03","","99","","","","","","","","9293","20180523","1","","","","","","0","0","1","0","0","0","1","0","0","0","0","0","0","0",0,0,0,"0",0,0,0,0,0,0,0,0,0,0,0,0,0,0,"0",0,0,0,1,0,0,0,0,0,0,0,0,0,0,0,0,"1",0,0,0,"0",0,0,0,0,"0",0,0,0,0,0,0,0,0,0,0,0,0,0,0,0,"0","0","1","0","1","0","0","0","0","0","0","0","0","0","0","0","0","0","0","0","0","0","0","0","1","0","0","0","1","1","0","0","0","0","0","0","0","0","0","0","0","0","0","0","0","0","0","0","0","0","0","0","0","0","0","0","0","0","0","0","0","0","0","0","0","0","0","0","0","0","0","0","0","0","0","0","0","1","0","0","0","0","0","0","0","0","0","0","0","0","0","0","1","202204","202204","3999"
"7111924","530010","71732010","00394700003476","3","3","00394700000108","","01","","0100","","1","E","","","04","","01","73","06","","99","","","","","","","","","","","","","","","","0","0","1","0","0","0","1","0","0","0","0","0","0","0",0,0,0,"0",0,0,0,0,1,0,0,1,1,1,0,1,0,6,"1",0,0,0,0,0,0,0,0,0,0,0,0,0,0,0,0,"0",0,0,0,"0",0,0,0,0,"0",4,0,0,9,0,0,0,0,0,0,0,0,0,0,0,"0","0","1","0","0","0","0","0","1","0","0","0","0","0","0","0","0","0","0","0","1","0","0","0","1","1","1","0","1","1","0","0","0","0","0","0","0","0","0","0","0","0","0","0","0","0","0","0","0","0","1","0","0","0","0","0","0","0","0","0","0","0","0","0","1","0","0","0","0","0","0","0","0","0","0","0","0","0","0","0","0","0","0","0","0","0","0","0","0","0","0","0","1","202204","202204","1023"
"7114303","530010","71635610","15758371000104","3","1","00000000000000","","","","0090","","0","E","","","04","","01","36","03","","99","","","","","","","","EAS 313-03/2021","20210526","1","","","","","","0","0","1","0","0","0","1","0","0","0","0","0","0","0",0,0,0,"0",0,0,0,0,0,0,0,0,0,0,0,0,0,0,"0",2,2,0,0,0,0,0,0,0,0,0,0,0,0,0,0,"1",0,0,0,"0",0,0,0,0,"0",0,0,0,0,0,0,0,0,0,0,0,0,0,0,0,"0","0","1","0","0","0","0","0","1","0","0","0","0","0","0","0","0","0","0","0","0","1","0","0","1","0","0","1","1","1","0","0","0","0","0","0","0","0","0","0","0","0","0","0","0","0","0","0","0","0","0","1","0","0","0","1","0","0","0","0","0","0","0","0","0","0","0","0","0","0","0","0","0","0","0","0","0","0","0","0","0","0","0","0","0","0","0","0","0","0","0","0","1","202203","202204","2062"
"7114338","530010","71615570","15812791000121","3","1","00000000000000","","","","0090","","0","E","","","02","","03","36","03","","99","","","","","","","","EAS 00315 - 03","20210325","1","","","","","","0","0","1","0","0","0","1","0","0","0","0","0","0","0",0,0,0,"0",0,0,0,0,0,0,0,0,0,0,0,0,0,0,"0",0,1,0,0,0,0,0,0,0,0,0,0,0,0,0,0,"1",0,0,0,"0",0,0,0,0,"0",0,0,0,0,0,0,0,0,0,0,0,0,0,0,0,"0","0","0","0","0","0","0","0","0","0","0","0","0","0","0","0","0","0","1","0","0","0","0","0","1","0","0","0","1","1","0","0","0","0","0","0","0","0","0","0","0","0","0","0","0","0","0","0","0","0","0","1","0","0","0","1","0","0","0","0","0","0","0","0","0","0","0","0","0","0","0","0","0","0","0","0","0","0","0","0","0","0","0","0","0","0","0","0","0","0","0","0","1","202103","202204","2062"
"7114397","530010","72308515","00000000000000","3","3","00394700000108","","04","","0140","","1","E","","","04","","03","02","03","","99","","","","","","","","","","","","","","","","1","0","1","0","0","0","1","0","0","0","0","0","0","0",0,0,0,"0",0,0,0,0,0,0,0,0,0,0,0,0,0,0,"0",3,0,0,3,0,0,0,0,3,0,0,0,1,0,1,0,"1",0,0,0,"0",0,0,0,0,"0",0,0,0,0,0,0,0,0,0,0,0,0,0,0,0,"0","0","1","0","0","0","1","0","0","0","0","0","0","0","0","0","0","0","0","0","0","0","0","0","1","1","0","0","1","1","0","0","0","0","0","0","0","0","0","0","0","0","0","0","0","0","0","0","0","0","1","0","0","0","0","0","0","0","0","0","0","0","0","0","0","0","0","0","0","0","0","0","0","0","0","0","0","0","0","0","0","0","0","0","0","0","0","0","0","0","0","0","1","202110","202204","1023"
"7115180","530010","72115115","16524725000119","3","1","00000000000000","","","","0180","","0","E","","","04","","03","36","03","","99","","","","","","","","RAD.00018-15","20191126","1","","","","","","0","0","1","0","0","0","1","0","0","0","0","0","0","0",0,0,0,"0",0,0,0,0,0,0,0,0,0,0,0,0,0,0,"0",0,0,0,0,0,0,0,0,5,0,0,0,0,0,0,0,"1",0,0,0,"0",0,0,0,0,"0",0,0,0,0,0,0,0,0,0,0,0,0,0,0,0,"0","0","1","0","0","0","0","0","1","0","0","0","0","0","0","0","0","1","0","0","0","0","0","0","1","1","0","0","1","1","0","0","0","0","0","0","0","0","0","0","0","0","0","0","0","0","0","0","0","0","0","1","0","0","0","0","0","0","0","0","0","0","0","0","0","0","0","0","0","0","0","0","0","0","0","0","0","0","0","0","0","0","0","0","0","0","0","0","0","0","0","0","1","202010","202204","2062"
"7116101","530010","70710149","13068898000181","3","1","00000000000000","","","","0005","","0","E","","","04","","01","36","03","","99","","","","","","","","ODO 00459-02","20180831","1","","","","","","0","0","1","0","0","0","1","0","0","0","0","0","0","0",0,0,0,"0",0,0,0,0,0,0,0,0,0,0,0,0,0,0,"0",0,0,0,0,0,0,0,0,2,0,0,0,0,0,0,0,"1",0,0,0,"0",0,0,0,0,"0",0,0,0,0,0,0,0,0,0,0,0,0,0,0,0,"0","0","1","0","0","0","0","0","1","0","0","0","0","0","0","0","0","0","0","0","0","0","0","0","1","1","0","0","1","1","0","0","0","0","0","0","0","0","0","0","0","0","0","0","0","0","0","0","0","0","0","1","0","0","0","1","0","0","0","0","0","0","0","0","0","0","0","0","0","0","0","0","0","0","0","0","0","0","0","0","0","0","0","0","0","0","0","0","0","0","0","0","1","201908","202204","2062"
"7116136","530010","70770913","14726482000176","3","1","00000000000000","","","","0010","","0","E","","","04","","01","36","04","","99","","","","","","","","RLE@DIGITAL","20200417","1","","","","","","0","0","1","0","0","0","1","0","0","0","0","0","0","0",0,0,0,"0",0,0,0,0,0,0,0,0,0,0,0,0,0,0,"0",0,0,0,0,0,0,0,0,7,0,0,0,0,0,0,0,"1",0,0,0,"0",0,0,0,0,"0",0,0,0,0,0,0,0,0,0,0,0,0,0,0,0,"0","0","1","0","0","0","0","0","1","0","0","0","0","0","0","0","0","0","0","0","0","0","0","0","1","1","0","0","1","1","0","0","0","0","0","0","0","0","0","0","0","0","0","0","0","0","0","0","0","0","0","1","0","0","0","1","0","0","0","0","0","0","0","0","0","0","0","0","0","0","0","0","0","0","0","0","0","0","0","0","0","0","0","0","0","0","0","0","0","0","0","0","1","202004","202204","2062"
"7116330","530010","70070120","15192877000107","3","1","00000000000000","","","","0010","","0","E","","","04","","03","04","03","","99","","","","","","","","EAS-2004601","20210126","1","","","","","","0","0","1","0","0","0","1","0","0","0","0","0","0","0",0,0,0,"0",0,0,0,0,0,0,0,0,0,0,0,0,0,0,"0",1,1,0,1,0,0,0,0,0,0,0,0,0,0,0,0,"1",0,0,0,"0",0,0,0,0,"0",0,0,0,0,0,0,0,0,0,0,0,0,0,0,0,"0","0","1","0","0","0","0","0","0","0","0","0","0","0","0","0","0","0","0","0","0","0","0","0","1","0","0","0","1","1","0","0","0","0","0","0","0","0","0","0","0","0","0","0","0","0","0","0","0","0","0","0","0","0","0","1","0","0","0","0","0","0","0","0","0","0","0","0","0","0","0","0","0","0","0","0","0","0","0","0","0","0","0","0","0","0","0","0","0","0","0","0","1","202103","202204","2062"
"7116365","530010","70390095","15829358000107","3","1","00000000000000","","","","0015","","0","E","","","04","","03","36","03","","99","","","","","","","","ODO01689-01","20190619","1","","","","","","0","0","1","0","0","0","1","0","0","0","0","0","0","0",0,0,0,"0",0,0,0,0,0,0,0,0,0,0,0,0,0,0,"0",0,0,0,0,0,0,0,0,2,0,0,0,0,0,0,0,"1",0,0,0,"0",0,0,0,0,"0",0,0,0,0,0,0,0,0,0,0,0,0,0,0,0,"0","0","1","0","0","0","0","0","0","0","0","0","0","0","0","0","0","0","0","0","0","0","0","0","1","1","0","0","1","1","0","0","0","0","0","0","0","0","0","0","0","0","0","0","0","0","0","0","0","0","0","1","0","0","1","1","0","0","0","0","0","0","0","0","0","0","0","0","0","0","0","0","0","0","0","0","0","0","0","0","0","0","0","0","0","0","0","0","0","0","0","0","1","201907","202204","2062"
"7116373","530010","70761640","16739984000167","3","1","00000000000000","","","","","","1","E","","","04","","03","77","06","","99","070","050","28377-0","","","","","EAS00650-02","20210112","1","","","","","","0","0","1","0","1","0","1","0","0","0","0","0","0","0",0,0,0,"0",0,0,0,0,0,0,0,0,0,0,0,0,0,0,"1",0,0,0,0,0,0,0,0,0,0,0,0,0,0,0,0,"0",0,0,0,"0",0,0,0,0,"0",0,0,1,0,1,0,0,0,0,0,0,0,0,0,0,"0","0","0","0","0","0","1","0","0","0","0","0","0","0","0","0","0","0","0","0","0","0","0","0","1","1","0","0","1","1","0","0","0","0","0","0","0","0","0","0","0","0","0","0","0","0","0","0","0","0","1","1","0","0","0","1","0","0","0","0","0","0","0","0","0","0","0","0","0","0","0","0","0","0","0","0","0","0","0","0","0","0","0","0","0","0","0","0","0","0","0","0","1","202205","202204","2062"
"7116756","530010","71692101","00394700003395","3","3","00394700000108","","07","","0160","","1","E","","","04","","01","73","06","","99","","","","","","","","","","","","","","","","0","0","1","0","0","0","1","0","0","0","0","0","0","0",0,0,0,"0",0,0,0,0,2,0,0,2,1,1,0,1,0,3,"1",0,0,0,0,0,0,0,0,0,0,1,1,0,0,0,0,"1",0,0,0,"0",0,0,0,0,"0",5,0,0,13,1,0,0,0,0,0,0,0,0,0,0,"0","0","1","0","1","0","1","0","1","0","0","1","0","0","0","0","1","0","0","0","1","0","1","0","1","1","1","0","1","1","0","0","0","0","0","0","0","0","0","0","0","0","0","0","0","0","0","0","0","0","1","0","0","0","0","0","0","0","0","0","0","0","0","0","1","0","0","0","0","0","0","0","0","0","0","0","0","0","0","0","0","0","0","0","0","0","0","0","0","0","0","0","1","202204","202204","1023"
"7118473","530010","70390095","15787847000135","3","1","00000000000000","","","","","","0","E","","","04","","01","22","03","","99","","","","","","","","","","","","","","","","0","0","1","0","0","0","1","0","0","0","0","0","0","0",0,0,0,"0",0,0,0,0,0,0,0,0,0,0,0,0,0,0,"0",0,0,0,0,0,0,0,0,2,0,0,0,0,0,0,0,"1",0,0,0,"0",0,0,0,0,"0",0,0,0,0,0,0,0,0,0,0,0,0,0,0,0,"0","0","1","0","0","0","0","0","0","0","0","0","0","0","0","0","0","0","0","0","0","0","0","0","1","1","0","0","1","1","0","0","0","0","0","0","0","0","0","0","0","0","0","0","0","0","0","0","0","0","0","1","0","0","0","1","0","0","0","0","0","0","0","0","0","0","0","0","0","0","0","0","0","0","0","0","0","0","0","0","0","0","0","0","0","0","0","0","0","0","0","0","1","201810","202204","2062"
"7121830","530010","70770909","10494766000123","3","1","00000000000000","","","","0005","","0","E","","","04","","03","04","03","","99","","","","","","","","RLE","20211129","1","","","","","","0","0","1","0","0","0","1","0","0","0","0","0","0","0",0,0,0,"0",0,0,0,0,0,0,0,0,0,0,0,0,0,0,"0",4,1,0,0,0,0,0,0,0,0,0,0,0,0,0,0,"1",0,0,0,"0",0,0,0,0,"0",0,0,0,0,0,0,0,0,0,0,0,0,0,0,0,"0","0","1","0","0","0","0","0","0","0","0","0","0","0","0","0","0","0","0","0","0","0","0","0","1","0","0","0","1","1","0","0","0","0","0","0","0","0","0","0","0","0","0","0","0","0","0","0","0","0","0","1","0","0","0","1","0","0","0","0","0","0","0","0","0","0","0","0","0","0","0","0","0","0","0","0","0","0","0","0","0","0","0","0","0","0","0","0","0","0","0","0","1","202202","202204","2062"
"7121849","530010","70200700","15122319000167","3","1","00000000000000","","","","","","0","E","","","04","","03","36","03","","99","","","","","","","","EAS 20383-1","20220319","1","","","","","","0","0","1","0","0","0","1","0","0","0","0","0","0","0",0,0,0,"0",0,0,0,0,0,0,0,0,0,0,0,0,0,0,"0",4,1,0,0,0,0,0,0,0,0,0,0,0,0,0,0,"1",0,0,0,"0",0,0,0,0,"0",0,0,0,0,0,0,0,0,0,0,0,0,0,0,0,"0","0","1","0","0","0","0","0","0","0","0","0","0","0","0","0","0","0","0","0","0","0","0","0","1","0","0","0","1","1","0","0","0","0","0","0","0","0","0","0","0","0","0","0","0","0","0","0","0","0","0","1","0","0","0","1","0","0","0","0","0","0","0","0","0","0","0","0","0","0","0","0","0","0","0","0","0","0","0","0","0","0","0","0","0","0","0","0","0","0","0","0","1","202203","202204","2062"
"7122942","530010","70760521","16739606000183","3","1","00000000000000","","","","","","0","E","","","04","","01","04","04","","99","","","","","","","","LICENCA SANITARIA","20210419","1","","","","","","0","0","1","0","0","0","1","0","0","0","0","0","0","0",0,0,0,"0",0,0,0,0,0,0,0,0,0,0,0,0,0,0,"0",1,0,0,4,0,0,0,0,0,0,0,0,0,0,0,0,"1",0,0,0,"0",0,0,0,0,"0",0,0,0,0,0,0,0,0,0,0,0,0,0,0,0,"0","0","1","0","0","0","0","0","0","0","0","0","0","0","0","0","0","0","0","0","0","0","0","0","1","0","0","0","1","1","0","0","0","0","0","0","0","0","0","0","0","0","0","0","0","0","0","0","0","0","0","1","0","0","1","1","0","0","0","0","0","0","0","0","0","0","0","0","0","0","0","0","0","0","0","0","0","0","0","0","0","0","0","0","0","0","0","0","0","0","0","0","1","202111","202204","2062"
"7122977","530010","70390108","11859927000360","3","1","00000000000000","","","","0015","","0","E","","","04","","01","04","03","","99","","","","","","","","EAS 20086-01","20211204","","","","","","","0","0","1","0","0","0","1","0","0","0","0","0","0","0",0,0,0,"0",0,0,0,0,0,0,0,0,0,0,0,0,0,0,"0",2,7,0,0,0,0,0,0,0,0,0,0,0,0,0,0,"1",0,0,0,"0",0,0,0,0,"0",0,0,0,0,0,0,0,0,0,0,0,0,0,0,0,"0","0","1","0","0","0","0","0","1","0","0","0","0","0","0","0","0","0","0","1","0","1","0","0","1","0","1","0","1","1","0","0","0","0","0","0","0","0","0","0","0","0","0","0","0","0","0","0","0","0","0","1","0","0","1","1","0","0","0","0","0","0","0","0","0","0","0","0","0","0","0","0","0","0","0","0","0","0","0","0","0","0","0","0","0","0","0","0","0","0","0","0","1","202204","202204","2062"
"7129297","530010","70390905","15631033000107","3","1","00000000000000","","","","","","0","E","","","04","","03","36","03","","99","","","","","","","","EAS 20043-01","20180307","1","","","","","","0","0","1","0","0","0","1","0","0","0","0","0","0","0",0,0,0,"0",0,0,0,0,0,0,0,0,0,0,0,0,0,0,"0",0,1,0,0,0,0,0,0,0,0,0,0,0,0,0,0,"1",0,0,0,"0",0,0,0,0,"0",0,0,0,0,0,0,0,0,0,0,0,0,0,0,0,"0","0","1","0","0","0","0","0","0","0","1","0","0","0","0","0","0","0","0","0","0","0","0","0","1","0","0","0","1","1","0","0","0","0","0","0","0","0","0","0","0","0","0","0","0","0","0","0","0","0","0","1","0","0","0","0","0","0","0","0","0","0","0","0","0","0","0","0","0","0","0","0","0","0","0","0","0","0","0","0","0","0","0","0","0","0","0","0","0","0","0","0","1","201812","202204","2062"
"7133308","530010","70200700","15680052000123","3","1","00000000000000","","","","","","0","E","","","04","","03","04","03","","99","","","","","","","","EAS 2005401","20201009","1","","","","","","0","0","1","0","0","0","1","0","0","0","0","0","0","0",0,0,0,"0",0,0,0,0,0,0,0,0,0,0,0,0,0,0,"0",1,0,0,0,0,0,0,0,0,0,0,0,0,0,0,0,"1",0,0,0,"0",0,0,0,0,"0",0,0,0,0,0,0,0,0,0,0,0,0,0,0,0,"0","0","1","0","0","0","0","0","0","0","0","0","0","0","0","0","0","0","0","0","0","0","0","0","1","0","0","0","1","1","0","0","0","0","0","0","0","0","0","0","0","0","0","0","0","0","0","0","0","0","0","1","0","0","0","0","0","0","0","0","0","0","0","0","0","0","0","0","0","0","0","0","0","0","0","0","0","0","0","0","0","0","0","0","0","0","0","0","0","0","0","0","1","202010","202204","2062"
"7136757","530010","72445010","12258607000155","3","1","00000000000000","","","","","","0","E","","","04","","03","36","03","","99","","","","","","","","00427/2021","20120830","2","","","","","","0","0","1","0","0","0","1","0","0","0","0","0","0","0",0,0,0,"0",0,0,0,0,0,0,0,0,0,0,0,0,0,0,"0",0,3,0,0,0,0,0,0,0,0,0,0,0,0,0,0,"1",0,0,0,"0",0,0,0,0,"0",0,0,0,0,0,0,0,0,0,0,0,0,0,0,0,"0","0","1","0","0","0","0","0","0","0","0","0","0","0","0","0","0","0","0","0","0","0","0","0","1","0","0","0","1","1","0","0","0","0","0","0","0","0","0","0","0","0","0","0","0","0","0","0","0","0","0","1","0","0","0","1","0","0","0","0","0","0","0","0","0","0","0","0","0","0","0","0","0","0","0","0","0","0","0","0","0","0","0","0","0","0","0","0","0","0","0","0","1","202108","202204","2062"
"7140622","530010","70390095","08270844000164","3","1","00000000000000","","","","","","0","E","","","04","","02","22","03","","99","","","","","","","","3445/2018","20180301","1","","","","","","0","0","1","0","0","0","1","0","0","0","0","0","0","0",0,0,0,"0",0,0,0,0,0,0,0,0,0,0,0,0,0,0,"0",1,0,0,0,0,0,0,0,0,0,0,0,0,0,0,0,"1",0,0,0,"0",0,0,0,0,"0",0,0,0,0,0,0,0,0,0,0,0,0,0,0,0,"0","0","1","0","0","0","0","0","0","0","0","0","0","0","0","0","0","0","0","0","0","0","0","0","1","0","0","0","1","1","0","0","0","0","0","0","0","0","0","0","0","0","0","0","0","0","0","0","0","0","0","1","0","0","0","1","0","0","0","0","0","0","0","0","0","0","0","0","0","0","0","0","0","0","0","0","0","0","0","0","0","0","0","0","0","0","0","0","0","0","0","0","1","201812","202204","2062"
"7141491","530010","70041906","12007751000119","3","1","00000000000000","","","","","","0","E","","","04","","01","22","04","","99","","","","","","","","LICENCA","20200603","1","","","","","","0","0","1","0","0","0","1","0","0","0","0","0","0","0",0,0,0,"0",0,0,0,0,0,0,0,0,0,0,0,0,0,0,"0",0,0,0,0,0,0,0,0,1,0,0,0,0,0,0,0,"1",0,0,0,"0",0,0,0,0,"0",0,0,0,0,0,0,0,0,0,0,0,0,0,0,0,"0","0","0","0","0","0","0","0","0","0","0","0","0","0","0","0","0","0","0","0","0","0","0","0","0","1","0","0","1","1","0","0","0","0","0","0","0","0","0","0","0","0","0","0","0","0","0","0","0","0","0","1","0","0","0","0","0","0","0","0","0","0","0","0","0","0","0","0","0","0","0","0","0","0","0","0","0","0","0","0","0","0","0","0","0","0","0","0","0","0","0","0","1","202102","202204","2305"
"7144172","530010","70770909","02781387000277","3","1","00000000000000","","","","","","0","E","","","04","","01","36","03","","99","","","","","","","","EAS.00523-02","20190121","1","","","","","","0","0","1","0","0","0","1","0","0","0","0","0","0","0",0,0,0,"0",0,0,0,0,0,0,0,0,0,0,0,0,0,0,"0",0,3,0,0,0,0,0,0,0,0,0,0,0,0,0,0,"1",0,0,0,"0",0,0,0,0,"0",0,0,0,0,0,0,0,0,0,0,0,0,0,0,0,"0","0","1","0","0","0","0","0","0","0","0","0","0","0","0","0","0","0","0","0","0","0","0","0","1","0","0","0","1","1","0","0","0","0","0","0","0","0","0","0","0","0","0","0","0","0","0","0","0","0","0","1","0","0","0","1","0","0","0","0","0","0","0","0","0","0","0","0","0","0","0","0","0","0","0","0","0","0","0","0","0","0","0","0","0","0","0","0","0","0","0","0","1","202001","202204","2062"
"7145373","530010","70390095","15916061000170","3","1","00000000000000","","","","0010","","0","E","","","04","","01","36","03","","99","","","","","","","","EAS.9876496","20190301","1","","","","","","0","0","1","0","0","0","1","0","0","0","0","0","0","0",0,0,0,"0",0,0,0,0,0,0,0,0,0,0,0,0,0,0,"0",0,0,0,0,0,0,0,0,2,0,0,0,0,0,0,0,"1",0,0,0,"0",0,0,0,0,"0",0,0,0,0,0,0,0,0,0,0,0,0,0,0,0,"0","0","1","0","0","0","0","0","1","0","0","0","0","0","0","0","0","0","1","1","0","0","0","0","1","1","0","0","1","1","0","0","0","0","0","0","0","0","0","0","0","0","0","0","0","0","0","0","0","0","0","1","0","0","0","1","0","0","0","0","0","0","0","0","0","0","0","0","0","0","0","0","0","0","0","0","0","0","0","0","0","0","0","0","0","0","0","0","0","0","0","0","1","202002","202204","2062"
"7155042","530010","72600500","14877709000184","3","1","00000000000000","","","","0010","","0","E","","","04","","01","36","03","","99","","","","","","","","14877","20191220","1","","","","","","0","0","1","0","0","0","1","0","0","0","0","0","0","0",0,0,0,"0",0,0,0,0,0,0,0,0,0,0,0,0,0,0,"0",0,1,0,0,0,0,0,0,0,0,0,0,0,0,0,0,"1",0,0,0,"0",0,0,0,0,"0",0,0,0,0,0,0,0,0,0,0,0,0,0,0,0,"0","0","1","0","0","0","0","0","0","0","0","0","0","0","0","0","0","0","0","0","0","0","0","0","1","0","0","0","1","1","0","0","0","0","0","0","0","0","0","0","0","0","0","0","0","0","0","0","0","0","0","1","0","0","0","0","0","0","0","0","0","0","0","0","0","0","0","0","0","0","0","0","0","0","0","0","0","0","0","0","0","0","0","0","0","0","0","0","0","0","0","0","1","202001","202204","2062"
"7155794","530010","70200730","14619574000157","3","1","00000000000000","","","","0015","","0","E","","","04","","01","36","03","","99","","","","","","","","RLE","20201222","1","","","","","","0","0","1","0","0","0","1","0","0","0","0","0","0","0",0,0,0,"0",0,0,0,0,0,0,0,0,0,0,0,0,0,0,"0",0,7,0,3,0,0,0,4,0,0,0,0,0,0,0,0,"1",0,0,0,"0",0,0,0,0,"0",0,0,0,0,0,0,0,0,0,0,0,0,0,0,0,"0","0","1","0","0","0","0","0","1","0","0","0","0","0","0","0","1","0","0","0","0","0","0","0","1","0","0","0","1","1","0","0","0","0","0","0","0","0","0","0","0","0","0","0","0","0","0","0","0","0","0","1","0","0","1","1","0","0","0","0","0","0","0","0","0","0","0","0","0","0","0","0","0","0","0","0","0","0","0","0","0","0","0","0","0","0","0","0","0","0","0","0","1","202112","202204","2062"
"7155808","530010","70390155","16846017000102","3","1","00000000000000","","","","","","0","E","","","04","","01","22","04","","99","","","","","","","","53101251533","20200117","1","","","","","","0","0","1","0","0","0","1","0","0","0","0","0","0","0",0,0,0,"0",0,0,0,0,0,0,0,0,0,0,0,0,0,0,"0",1,0,0,0,0,0,0,0,0,0,0,0,0,0,0,0,"1",0,0,0,"0",0,0,0,0,"0",0,0,0,0,0,0,0,0,0,0,0,0,0,0,0,"0","0","1","0","0","0","0","0","0","0","0","0","0","0","0","0","0","0","1","0","0","0","0","0","1","0","0","0","1","1","0","0","0","0","0","0","0","0","0","0","0","0","0","0","0","0","0","0","0","0","0","1","0","0","0","1","0","0","0","0","0","0","0","0","0","0","0","0","0","0","0","0","0","0","0","0","0","0","0","0","0","0","0","0","0","0","0","0","0","0","0","0","1","202001","202204","2135"
"7161158","530010","70630000","09553484000170","3","1","00000000000000","","","","0010","","0","E","","","04","","01","05","06","","99","","","","","","","","","","","","","","","","0","0","1","0","1","0","1","0","0","1","0","1","0","1",5,5,10,"1",0,0,0,6,0,0,0,1,1,0,0,1,0,3,"1",2,26,0,0,0,0,0,0,15,0,1,1,0,1,0,3,"1",4,1,0,"1",0,0,0,0,"0",0,0,0,6,0,0,0,0,0,0,4,0,0,0,0,"0","1","1","0","1","0","1","0","1","0","1","0","0","0","0","0","1","0","0","1","1","0","0","0","1","1","1","0","1","1","0","0","0","0","0","0","0","0","0","0","0","0","0","0","0","0","0","1","0","0","0","0","0","0","1","0","0","0","0","0","0","1","0","0","0","0","0","0","1","0","0","0","0","0","0","0","0","0","0","0","0","0","0","0","0","0","0","0","0","0","0","0","1","202112","202204","1015"
"7162650","530010","70200760","14453064000152","3","1","00000000000000","","","","","","0","E","","","04","","03","36","02","","99","","","","","","","","RAD 05467-01","20200812","1","","","","","","0","0","1","0","0","0","1","0","0","0","0","0","0","0",0,0,0,"0",0,0,0,0,0,0,0,0,0,0,0,0,0,0,"0",0,1,0,0,0,0,0,0,0,0,0,0,0,0,0,0,"1",0,0,0,"0",0,0,0,0,"0",0,0,0,0,0,0,0,0,0,0,0,0,0,0,0,"0","0","1","0","0","0","0","0","0","0","0","0","0","0","0","0","0","0","0","0","0","0","0","0","1","0","0","0","1","1","0","0","0","0","0","0","0","0","0","0","0","0","0","0","0","0","0","0","0","0","0","1","0","0","0","1","0","0","0","0","0","0","0","0","0","0","0","0","0","0","0","0","0","0","0","0","0","0","0","0","0","0","0","0","0","0","0","0","0","0","0","0","1","202008","202204","2062"
"7162677","530010","70340909","17088181000152","3","1","00000000000000","","","","","","0","E","","","04","","01","36","03","","99","","","","","","","","ODO.01694-01","20130206","1","","","","","","0","0","1","0","0","0","1","0","0","0","0","0","0","0",0,0,0,"0",0,0,0,0,0,0,0,0,0,0,0,0,0,0,"0",0,0,0,0,0,0,0,0,1,0,0,0,0,0,0,0,"1",0,0,0,"0",0,0,0,0,"0",0,0,0,0,0,0,0,0,0,0,0,0,0,0,0,"0","0","1","0","0","0","0","0","0","0","0","0","0","0","0","0","0","0","0","0","0","0","0","0","1","1","0","0","1","1","0","0","0","0","0","0","0","0","0","0","0","0","0","0","0","0","0","0","0","0","0","1","0","0","0","0","0","0","0","0","0","0","0","0","0","0","0","0","0","0","0","0","0","0","0","0","0","0","0","0","0","0","0","0","0","0","0","0","0","0","0","0","1","201910","202204","2062"
"7169752","530010","71635610","57001604002202","3","1","00000000000000","","","","","","0","E","","","04","","03","69","04","","99","","","","","","","","57001604002202","20200830","1","","","","","","0","0","1","0","0","0","1","0","0","0","0","0","0","0",0,0,0,"0",0,0,0,0,0,0,0,0,0,0,0,0,0,0,"0",1,0,0,0,0,0,0,0,0,0,0,0,0,0,0,0,"1",0,0,0,"0",0,0,0,0,"0",0,0,0,0,0,0,0,0,0,0,0,0,0,0,0,"0","0","1","0","0","0","0","0","0","0","0","0","0","0","0","0","0","0","0","0","0","0","0","0","1","1","0","0","0","1","0","0","0","0","0","0","0","0","0","0","0","0","0","0","0","0","0","0","0","0","0","0","0","0","0","1","0","0","0","0","0","0","0","0","0","0","0","0","0","0","0","0","0","0","0","0","0","0","0","0","0","0","0","0","0","0","0","0","0","0","0","0","1","202104","202204","3999"
"7170939","530010","72600400","00000000000000","3","3","00394700000108","","4","","0130","","1","E","","","04","","03","02","03","","99","","","","","","","","","","","","","","","","1","0","1","0","0","0","1","0","0","0","0","0","0","0",0,0,0,"0",0,0,0,0,0,0,0,0,0,0,0,0,0,0,"0",7,0,0,1,0,0,0,0,7,0,7,1,1,0,1,0,"1",0,0,0,"0",0,0,0,0,"0",0,0,0,0,0,0,0,0,0,0,0,0,0,0,0,"0","0","1","0","0","0","1","0","1","0","0","0","0","0","0","0","0","0","0","0","0","0","0","0","1","1","1","0","1","1","0","0","0","0","0","0","0","0","0","0","0","0","0","0","0","0","0","0","0","0","1","0","0","0","0","0","0","0","0","0","0","0","0","0","0","0","0","0","0","0","0","0","0","0","0","0","0","0","0","0","0","0","0","0","0","0","0","0","0","0","0","0","1","202205","202204","1023"
"7178050","530010","71907720","17213119000145","3","1","00000000000000","","","","9901","","0","E","","","04","","03","04","03","","99","","","","","","","","EAS 00026-22/2022","20220315","1","","","","","","0","0","1","0","0","0","1","0","0","0","0","0","0","0",0,0,0,"0",0,0,0,0,0,0,0,0,0,0,0,0,0,0,"0",0,6,0,0,0,0,0,1,0,0,0,0,0,0,0,0,"1",0,0,0,"0",0,0,0,0,"0",0,0,0,0,0,0,0,0,0,0,0,0,0,0,0,"0","0","1","0","0","0","0","0","0","0","0","0","0","0","0","0","0","0","0","0","0","0","0","0","1","1","0","0","1","1","0","0","0","0","0","0","0","0","0","0","0","0","0","0","0","0","0","0","0","0","0","1","0","0","0","1","0","0","0","0","0","0","0","0","0","0","0","0","0","0","0","0","0","0","0","0","0","0","0","0","0","0","0","0","0","0","0","0","0","0","0","0","1","202204","202204","2062"
"7180179","530010","71065182","15639493000181","3","1","00000000000000","","","","0070","","0","E","","","04","","01","22","03","","99","","","","","","","","LICENCIAMENTO SANITARIO","20210531","1","","","","","","0","0","1","0","0","0","1","0","0","0","0","0","0","0",0,0,0,"0",0,0,0,0,0,0,0,0,0,0,0,0,0,0,"0",0,0,0,1,0,0,0,0,0,0,0,0,0,0,0,0,"1",0,0,0,"0",0,0,0,0,"0",0,0,0,0,0,0,0,0,0,0,0,0,0,0,0,"0","0","0","1","0","0","0","0","0","0","0","0","0","0","0","0","0","0","0","0","0","0","0","0","1","0","0","0","1","1","0","0","0","0","0","0","0","0","0","0","0","0","0","0","0","0","0","0","0","0","0","1","0","0","0","0","0","0","0","0","0","0","0","0","0","0","0","0","0","0","0","0","0","0","0","0","0","0","0","0","0","0","0","0","0","0","0","0","0","0","0","0","1","202110","202204","2062"
"7181426","530010","70790115","00643692000196","3","1","00000000000000","","","","","","0","E","","","04","","01","36","03","","99","001","27278","1402498","","","","","","","","","","","","","0","0","1","0","0","0","1","0","0","0","0","0","0","0",0,0,0,"0",0,0,0,0,0,0,0,0,0,0,0,0,0,0,"0",0,0,0,10,0,0,0,0,0,0,0,0,0,0,0,0,"1",0,0,0,"0",0,0,0,0,"0",0,0,0,0,0,0,0,0,0,0,0,0,0,0,0,"0","0","1","0","1","0","0","0","0","0","0","0","0","0","0","0","0","0","0","0","0","0","0","0","1","0","0","0","1","1","0","0","0","0","0","0","0","0","0","0","0","0","0","0","0","0","0","0","0","0","0","0","0","0","0","0","1","0","0","0","0","0","0","0","0","0","0","0","0","0","0","0","0","0","0","0","0","0","0","0","0","0","0","0","0","0","0","0","0","0","0","0","1","202002","202204","3999"
"7197136","530010","70712040","13213238000147","3","1","00000000000000","","","","","","0","E","","","04","","03","36","04","","99","","","","","","","","53203363850","20201013","1","","","","","","0","0","1","0","0","0","1","0","0","0","0","0","0","0",0,0,0,"0",0,0,0,0,0,0,0,0,0,0,0,0,0,0,"0",0,0,0,0,0,0,0,0,3,0,0,0,0,0,0,0,"1",0,0,0,"0",0,0,0,0,"0",0,0,0,0,0,0,0,0,0,0,0,0,0,0,0,"0","0","1","0","0","0","0","0","0","0","0","0","0","0","0","0","0","0","0","1","0","0","0","0","1","1","0","0","1","1","0","0","0","0","0","0","0","0","0","0","0","0","0","0","0","0","0","0","0","0","0","1","0","0","0","1","0","0","0","0","0","0","0","0","0","0","0","0","0","0","0","0","0","0","0","0","0","0","0","0","0","0","0","0","0","0","0","0","0","0","0","0","1","202109","202204","2062"
"7197160","530010","70770905","16874020000121","3","1","00000000000000","","","","","","0","E","","","04","","02","04","03","","99","","","","","","","","008082016","20210421","2","","","","","","0","0","1","0","0","0","1","0","0","0","0","0","0","0",0,0,0,"0",0,0,0,0,0,0,0,0,0,0,0,0,0,0,"0",0,2,0,1,0,0,0,0,0,0,0,0,0,0,0,0,"1",0,0,0,"0",0,0,0,0,"0",0,0,0,0,0,0,0,0,0,0,0,0,0,0,0,"0","0","1","0","0","0","0","0","0","0","0","0","0","0","0","0","0","0","1","0","0","0","0","0","1","1","0","0","1","1","0","0","0","0","0","0","0","0","0","0","0","0","0","0","0","0","0","0","0","0","0","1","0","0","0","1","0","0","0","0","0","0","0","0","0","0","0","0","0","0","0","0","0","0","0","0","0","0","0","0","0","0","0","0","0","0","0","0","0","0","0","0","1","202106","202204","2062"
"7203381","530010","70673603","13649407000196","3","1","00000000000000","","","","","","0","E","","","04","","01","04","03","","99","","","","","","","","","20210222","","","","","","","0","0","1","0","0","0","1","0","0","0","0","0","0","0",0,0,0,"0",0,0,0,0,0,0,0,0,0,0,0,0,0,0,"0",0,0,0,1,0,0,0,0,0,0,0,0,0,0,0,0,"1",0,0,0,"0",0,0,0,0,"0",0,0,0,0,0,0,0,0,0,0,0,0,0,0,0,"0","0","1","0","0","0","0","0","0","0","0","0","0","0","0","0","0","0","0","0","0","1","0","0","1","0","0","0","1","1","0","0","0","0","0","0","0","0","0","0","0","0","0","0","0","0","0","0","0","0","0","1","0","0","0","0","0","0","0","0","0","0","0","0","0","0","0","0","0","0","0","0","0","0","0","0","0","0","0","0","0","0","0","0","0","0","0","0","0","0","0","0","1","202103","202204","2062"
"7209738","530010","71907720","11999286000187","3","1","00000000000000","","","","","","0","E","","","04","","03","22","03","","99","","","","","","","","LICENSA SANITARIA","20190430","1","","","","","","0","0","1","0","0","0","1","0","0","0","0","0","0","0",0,0,0,"0",0,0,0,0,0,0,0,0,0,0,0,0,0,0,"0",0,1,0,0,0,0,0,0,0,0,0,0,0,0,0,0,"1",0,0,0,"0",0,0,0,0,"0",0,0,0,0,0,0,0,0,0,0,0,0,0,0,0,"0","0","0","0","0","0","0","0","0","0","0","0","0","0","0","0","0","0","0","0","0","0","0","0","0","0","0","0","1","1","0","0","0","0","0","0","0","0","0","0","0","0","0","0","0","0","0","0","0","0","0","0","0","0","0","0","0","0","0","0","0","0","1","0","0","0","0","0","0","0","0","0","0","0","0","0","0","0","0","0","0","0","0","0","0","0","0","0","0","0","0","0","1","202004","202204","2062"
"7215762","530010","70200740","17184229000126","3","1","00000000000000","","","","","","0","E","","","04","","01","36","03","","99","","","","","","","","EAS.20728-01","20191118","1","","","","","","0","0","1","0","0","0","1","0","0","0","0","0","0","0",0,0,0,"0",0,0,0,0,0,0,0,0,0,0,0,0,0,0,"0",0,0,0,0,0,0,0,0,0,0,0,0,0,0,0,1,"1",0,0,0,"0",0,0,0,0,"0",0,0,0,0,0,0,0,0,0,0,0,0,0,0,0,"0","0","0","0","0","0","0","0","0","0","0","0","0","0","0","0","0","0","0","0","0","0","0","0","0","1","0","0","1","1","0","0","0","0","0","0","0","0","0","0","0","0","0","0","0","0","0","0","0","0","0","1","0","0","0","0","0","0","0","0","0","0","0","0","0","0","0","0","0","0","0","0","0","0","0","0","0","0","0","0","0","0","0","0","0","0","0","0","0","0","0","0","1","202008","202204","2062"
"7216807","530010","71692601","14792927000116","3","1","00000000000000","","","","","","0","E","","","04","","03","04","04","","99","","","","","","","","","20200605","1","","","","","","0","0","1","0","0","0","1","0","0","0","0","0","0","0",0,0,0,"0",0,0,0,0,0,0,0,0,0,0,0,0,0,0,"0",5,0,0,1,0,0,0,0,0,0,0,0,0,0,0,0,"1",0,0,0,"0",0,0,0,0,"0",0,0,0,0,0,0,0,0,0,0,0,0,0,0,0,"0","0","1","0","0","0","0","0","0","0","0","0","0","0","0","0","0","0","0","0","0","0","0","0","1","1","0","0","1","1","0","0","0","0","0","0","0","0","0","0","0","0","0","0","0","0","0","0","0","0","0","1","0","0","0","0","0","0","0","0","0","0","0","0","0","0","0","0","0","0","0","0","0","0","0","0","0","0","0","0","0","0","0","0","0","0","0","0","0","0","0","0","1","202007","202204","2062"
"7219695","530010","70305000","00000000000000","3","3","00394700000108","","02","","","","1","E","","","04","","03","70","06","","99","","","","","","","","","","","","","","","","0","0","1","0","0","0","1","0","0","1","0","0","0","1",0,0,0,"0",0,0,0,0,0,0,0,0,0,0,0,0,0,0,"0",0,0,0,5,1,1,0,0,0,0,1,0,0,0,0,0,"1",0,0,0,"0",0,0,0,0,"0",0,0,0,0,0,0,0,0,0,0,0,0,0,0,0,"0","0","1","0","1","0","1","0","0","0","0","1","0","0","0","0","0","0","0","0","0","0","0","0","1","0","0","0","1","1","0","0","0","0","0","0","0","0","0","0","0","0","0","1","0","0","0","0","0","0","1","0","0","0","0","0","0","0","0","0","0","0","0","0","0","0","0","0","0","0","0","0","0","0","0","0","0","0","0","0","0","0","0","0","0","0","0","0","0","0","0","0","1","202204","202204","1023"
"7220219","530010","70712903","07345926000168","3","1","00000000000000","","","","0005","","0","E","","","04","","01","22","03","","99","","","","","","","","1913/2005","20050926","1","","","","","","0","0","1","0","0","0","1","0","0","0","0","0","0","0",0,0,0,"0",0,0,0,0,0,0,0,0,0,0,0,0,0,0,"0",0,1,0,0,0,0,0,0,0,0,0,0,0,0,0,0,"1",0,0,0,"0",0,0,0,0,"0",0,0,0,0,0,0,0,0,0,0,0,0,0,0,0,"0","0","0","0","0","0","0","0","0","0","0","0","0","0","0","0","0","0","0","0","0","0","0","0","0","0","0","0","1","1","0","0","0","0","0","0","0","0","0","0","0","0","0","0","0","0","0","0","0","0","0","1","0","0","0","0","0","0","0","0","0","0","0","0","0","0","0","0","0","0","0","0","0","0","0","0","0","0","0","0","0","0","0","0","0","0","0","0","0","0","0","0","1","201909","202204","2135"
"7220669","530010","72215170","16777414000161","3","1","00000000000000","","","","0040","","0","E","","","04","","01","36","03","","99","","","","","","","","RLE DIGITAL","20180830","1","","","","","","0","0","1","0","0","0","1","0","0","0","0","0","0","0",0,0,0,"0",0,0,0,0,0,0,0,0,0,0,0,0,0,0,"0",2,0,0,0,0,0,0,0,0,0,0,0,0,0,0,0,"1",0,0,0,"0",0,0,0,0,"0",0,0,0,0,0,0,0,0,0,0,0,0,0,0,0,"0","0","1","0","0","0","0","0","0","0","0","0","0","0","0","0","0","0","0","0","0","0","0","0","1","1","0","0","1","1","0","0","0","0","0","0","0","0","0","0","0","0","0","0","0","0","0","0","0","0","0","1","0","0","0","1","0","0","0","0","0","0","0","0","0","0","0","0","0","0","0","0","0","0","0","0","0","0","0","0","0","0","0","0","0","0","0","0","0","0","0","0","1","201910","202204","2062"
"7233329","530010","70390108","57001604002466","3","1","00000000000000","","","","","","0","E","","","04","","02","69","06","","99","","","","","","","","57001604002466","20201208","1","","","","","","0","0","0","0","0","0","0","0","0","0","0","1","0","1",0,1,0,"1",0,0,0,1,0,0,0,0,0,0,0,0,0,0,"1",0,0,0,0,0,0,0,0,0,0,0,0,0,0,0,0,"0",0,0,0,"0",0,0,0,0,"0",0,0,0,0,0,0,0,0,0,0,0,0,0,0,0,"0","0","0","0","0","0","0","0","0","0","0","0","0","0","0","0","0","0","0","0","0","0","0","0","0","1","0","0","1","1","0","0","0","0","0","0","0","0","0","0","0","0","0","0","0","0","0","0","1","0","0","0","0","0","0","0","0","0","0","0","0","0","0","0","0","0","0","0","0","1","0","0","0","0","0","0","0","0","0","0","0","0","0","0","0","0","0","0","0","0","0","0","1","202104","202204","3999"
"7233353","530010","70390095","16813690000138","3","1","00000000000000","","","","","","0","E","","","04","","01","36","03","","99","","","","","","","","EAS.20080-01","20200702","1","","","","","","0","0","1","0","0","0","1","0","0","0","0","0","0","0",0,0,0,"0",0,0,0,0,0,0,0,0,0,0,0,0,0,0,"0",0,2,0,0,0,0,0,0,0,0,0,0,0,0,0,0,"1",0,0,0,"0",0,0,0,0,"0",0,0,0,0,0,0,0,0,0,0,0,0,0,0,0,"0","0","1","0","0","0","0","0","0","0","0","0","0","0","0","0","0","0","0","0","0","0","0","0","1","0","0","0","1","1","0","0","0","0","0","0","0","0","0","0","0","0","0","0","0","0","0","0","0","0","0","1","0","0","0","1","0","0","0","0","0","0","0","0","0","0","0","0","0","0","0","0","0","0","0","0","0","0","0","0","0","0","0","0","0","0","0","0","0","0","0","0","1","202106","202204","2305"
"7236778","530010","71730000","00000000000000","3","3","00394700000108","","01","","0100","","1","E","","","04","","01","02","03","","99","","","","","","","","","","","","","","","","1","0","1","0","0","0","1","0","0","0","0","0","0","0",0,0,0,"0",0,0,0,0,0,0,0,0,0,0,0,0,0,0,"0",3,0,0,1,0,0,0,0,0,0,1,0,1,0,1,0,"1",0,0,0,"0",0,0,0,0,"0",0,0,0,0,0,0,0,0,0,0,0,0,0,0,0,"0","0","1","0","0","0","1","0","0","0","0","0","0","0","0","0","0","0","0","0","0","0","0","0","1","1","0","0","1","1","0","0","0","0","0","0","0","0","0","0","0","0","0","0","0","0","0","0","0","0","1","0","0","0","0","0","0","0","0","0","0","0","0","0","0","0","0","0","0","0","0","0","0","0","0","0","0","0","0","0","0","0","0","0","0","0","0","0","0","0","0","0","1","202204","202204","1023"
"7238703","530010","72125750","00000000000000","3","3","00394700000108","","04","","0180","","1","E","","","04","","03","70","03","","99","","","","","","","","","","","","","","","","0","0","1","0","0","0","1","0","0","0","0","0","0","0",0,0,0,"0",0,0,0,0,0,0,0,0,0,0,0,0,0,0,"0",0,2,1,5,0,0,0,0,0,0,0,0,0,0,0,0,"1",0,0,0,"0",0,0,0,0,"0",0,0,0,0,0,0,0,0,0,0,0,0,0,0,0,"0","0","1","0","1","0","0","0","0","0","0","0","0","0","0","0","0","0","0","0","0","0","0","0","1","0","0","0","1","1","0","0","0","0","0","0","0","0","0","0","0","0","0","0","0","0","0","0","0","0","1","0","0","0","0","0","0","0","0","0","0","0","0","0","0","0","0","0","0","0","0","0","0","0","0","0","0","0","0","0","0","0","0","0","0","0","0","0","0","0","0","0","1","202204","202204","1023"
"7242441","530010","73005080","02373139000106","3","1","00000000000000","","","","0170","","0","E","","","04","","01","07","06","","99","","","","","","","","00033/2013","20130122","1","","","","","","0","0","0","0","0","0","0","0","0","1","0","0","0","1",0,0,0,"0",0,0,0,0,0,0,0,0,0,0,0,0,0,3,"1",0,2,0,0,0,0,0,0,0,0,0,0,0,0,0,0,"1",0,0,0,"0",0,0,0,0,"0",0,0,0,0,0,0,0,0,0,0,0,0,0,0,0,"0","0","1","0","0","0","0","0","0","0","0","0","0","0","0","0","0","0","0","0","0","0","0","0","1","0","0","0","1","1","0","0","0","0","0","0","0","0","0","0","0","0","0","0","1","0","0","1","1","0","0","0","0","0","0","0","0","0","0","0","0","0","0","0","0","0","0","0","0","0","0","0","0","0","0","0","0","0","0","0","0","0","0","0","0","0","0","0","0","0","0","0","1","202204","202204","2062"
"7244630","530010","70276530","13372709000160","3","1","00000000000000","","","","","","0","E","","","04","","01","36","04","","99","","","","","","","","EAS.03633-01","20180629","1","","","","","","0","0","1","0","0","0","1","0","0","0","0","0","0","0",0,0,0,"0",0,0,0,0,0,0,0,0,0,0,0,0,0,0,"0",0,1,0,0,0,0,0,0,0,0,0,0,0,0,0,0,"1",0,0,0,"0",0,0,0,0,"0",0,0,0,0,0,0,0,0,0,0,0,0,0,0,0,"0","0","0","0","0","0","0","0","0","0","0","0","0","0","0","0","0","0","0","0","0","0","0","0","0","0","0","0","1","1","0","0","0","0","0","0","0","0","0","0","0","0","0","0","0","0","0","0","0","0","0","1","0","0","0","0","0","0","0","0","0","0","0","0","0","0","0","0","0","0","0","0","0","0","0","0","0","0","0","0","0","0","0","0","0","0","0","0","0","0","0","0","1","201911","202204","2062"
"7245408","530010","70770913","16857920000160","3","1","00000000000000","","","","0005","","0","E","","","04","","01","22","04","","99","","","","","","","","RLE","20180815","1","","","","","","0","0","1","0","0","0","1","0","0","0","0","0","0","0",0,0,0,"0",0,0,0,0,0,0,0,0,0,0,0,0,0,0,"0",0,0,0,1,0,0,0,0,0,0,0,0,0,0,0,0,"1",0,0,0,"0",0,0,0,0,"0",0,0,0,0,0,0,0,0,0,0,0,0,0,0,0,"0","0","1","0","0","0","0","0","0","0","0","0","0","0","0","0","0","0","0","0","0","0","0","0","1","0","0","0","0","0","0","0","0","0","0","0","0","0","0","0","0","0","0","0","0","0","0","0","0","0","0","1","0","0","0","0","0","0","0","0","0","0","0","0","0","0","0","0","0","0","0","0","0","0","0","0","0","0","0","0","0","0","0","0","0","0","0","0","0","0","0","0","1","201808","202204","2062"
"7250509","530010","70390095","17170982000162","3","1","00000000000000","","","","0015","","0","E","","","04","","03","36","03","","99","","","","","","","","EAS 20061-01","20210913","1","","","","","","0","0","1","0","0","0","1","0","0","0","0","0","0","0",0,0,0,"0",0,0,0,0,0,0,0,0,0,0,0,0,0,0,"0",0,1,0,0,0,0,0,0,0,0,0,0,0,0,0,0,"1",0,0,0,"0",0,0,0,0,"0",0,0,0,0,0,0,0,0,0,0,0,0,0,0,0,"0","0","1","0","0","0","0","0","0","0","0","0","0","0","0","0","0","0","0","0","0","0","0","0","1","1","0","0","1","1","0","0","0","0","0","0","0","0","0","0","0","0","0","0","0","0","0","0","0","0","0","1","0","0","0","1","0","0","0","0","0","0","0","0","0","0","0","0","0","0","0","0","0","0","0","0","0","0","0","0","0","0","0","0","0","0","0","0","0","0","0","0","1","202201","202204","2062"
"7253451","530010","72542220","01822763000180","3","1","00000000000000","","","","","","0","E","","","04","","03","36","03","","99","","","","","","","","53200858991","20210423","1","","","","","","0","0","1","0","0","0","1","0","0","0","0","0","0","0",0,0,0,"0",0,0,0,0,0,0,0,0,0,0,0,0,0,0,"0",0,7,0,0,0,0,0,0,1,0,0,0,0,0,0,0,"1",0,0,0,"0",0,0,0,0,"0",0,0,0,0,0,0,0,0,0,0,0,0,0,0,0,"0","0","1","0","0","0","0","0","1","0","0","0","0","0","0","0","0","0","0","1","0","0","0","0","1","1","0","0","1","1","0","0","0","0","0","0","0","0","0","0","0","0","0","0","0","0","0","0","0","0","0","1","0","0","0","1","0","0","0","0","0","0","0","0","0","0","0","0","0","0","0","0","0","0","0","0","0","0","0","0","0","0","0","0","0","0","0","0","0","0","0","0","1","202202","202204","2062"
"7259840","530010","70306000","17010045000140","3","1","00000000000000","","","","0010","","0","E","","","04","","01","04","03","","99","","","","","","","","EAS 20151-01","20180619","1","","","","","","0","0","1","0","0","0","1","0","0","0","0","0","0","0",0,0,0,"0",0,0,0,0,0,0,0,0,0,0,0,0,0,0,"0",1,2,0,0,0,0,0,1,0,0,0,0,0,0,0,0,"1",0,0,0,"0",0,0,0,0,"0",0,0,0,0,0,0,0,0,0,0,0,0,0,0,0,"0","0","1","0","0","0","0","0","0","0","0","0","0","0","0","0","1","0","0","0","0","0","0","0","1","1","1","1","1","1","0","0","0","0","0","0","0","0","0","0","0","0","0","0","0","0","0","0","0","0","0","1","0","0","0","1","0","0","0","0","0","0","0","0","0","0","0","0","0","0","0","0","0","0","0","0","0","0","0","0","0","0","0","0","0","0","0","0","0","0","0","0","1","201905","202204","2062"
"7261993","530010","72010120","17603011000169","3","1","00000000000000","","","","","","0","E","","","04","","01","36","03","","99","","","","","","","","EAS 00107-14","20190311","1","","","","","","0","0","1","0","0","0","1","0","0","0","0","0","0","0",0,0,0,"0",0,0,0,0,0,0,0,0,0,0,0,0,0,0,"0",0,0,0,2,0,0,0,0,0,0,0,0,0,0,0,0,"1",0,0,0,"0",0,0,0,0,"0",0,0,0,0,0,0,0,0,0,0,0,0,0,0,0,"0","0","1","0","0","0","0","0","0","0","0","0","0","0","0","0","0","0","0","0","0","0","0","0","1","0","0","0","1","1","0","0","0","0","0","0","0","0","0","0","0","0","0","0","0","0","0","0","0","0","0","1","0","0","0","0","0","0","0","0","0","0","0","0","0","0","0","0","0","0","0","0","0","0","0","0","0","0","0","0","0","0","0","0","0","0","0","0","0","0","0","0","1","202107","202204","2062"
"7262000","530010","71950550","03989821000433","3","1","00000000000000","","","","0180","","0","E","","","04","","03","04","03","","99","","","","","","","","EAS00104-14","20210624","1","","","","","","0","0","1","0","0","0","1","0","0","0","0","0","0","0",0,0,0,"0",0,0,0,0,0,0,0,0,0,0,0,0,0,0,"0",0,6,0,1,0,0,0,0,0,0,3,0,0,0,0,0,"1",0,0,0,"0",0,0,0,0,"0",0,0,0,0,0,0,0,0,0,0,0,0,0,0,0,"0","0","1","0","0","0","0","0","0","0","0","0","0","0","0","0","0","0","0","0","0","0","0","0","1","0","0","0","1","1","0","0","0","0","0","0","0","0","0","0","0","0","0","0","0","0","0","0","0","0","0","1","0","0","0","1","0","0","0","0","0","0","0","0","0","0","0","0","0","0","0","0","0","0","0","0","0","0","0","0","0","0","0","0","0","0","0","0","0","0","0","0","1","202204","202204","2054"
"7263414","530010","70390150","17538563000130","3","1","00000000000000","","","","","","0","E","","","04","","01","22","04","","99","","","","","","","","EAS 20078-01","20170908","1","","","","","","0","0","1","0","0","0","1","0","0","0","0","0","0","0",0,0,0,"0",0,0,0,0,0,0,0,0,0,0,0,0,0,0,"0",0,1,0,0,0,0,0,0,0,0,0,0,0,0,0,0,"1",0,0,0,"0",0,0,0,0,"0",0,0,0,0,0,0,0,0,0,0,0,0,0,0,0,"0","0","1","0","0","0","0","0","0","0","0","0","0","0","0","0","0","0","0","0","0","0","0","0","1","0","0","0","1","1","0","0","0","0","0","0","0","0","0","0","0","0","0","0","0","0","0","0","0","0","0","1","0","0","0","0","0","0","0","0","0","0","0","0","0","0","0","0","0","0","0","0","0","0","0","0","0","0","0","0","0","0","0","0","0","0","0","0","0","0","0","0","1","202201","202204","2305"
"7263422","530010","70390900","16575485000181","3","1","00000000000000","","","","0015","","0","E","","","04","","01","36","03","","99","","","","","","","","E.A.S 20059-01","20211208","1","","","","","","0","0","1","0","0","0","1","0","0","0","0","0","0","0",0,0,0,"0",0,0,0,0,0,0,0,0,0,0,0,0,0,3,"1",0,3,0,0,0,0,0,0,0,0,0,0,0,0,0,0,"1",0,0,0,"0",0,0,0,0,"0",0,0,0,0,0,0,0,0,0,0,0,0,0,0,0,"0","0","1","0","0","0","0","0","1","0","0","0","0","0","0","0","0","0","0","0","0","1","0","0","1","0","0","0","1","1","0","0","0","0","0","0","0","0","0","0","0","0","0","0","0","0","0","0","0","0","0","1","0","0","1","1","0","0","0","0","0","0","0","0","0","0","0","0","0","0","0","0","0","0","0","0","0","0","0","0","0","0","0","0","0","0","0","0","0","0","0","0","1","202203","202204","2062"
"7263430","530010","70390700","17538553000103","3","1","00000000000000","","","","","","0","E","","","04","","01","22","03","","99","","","","","","","","EAS 20073--01","20180622","1","","","","","","0","0","1","0","0","0","1","0","0","0","0","0","0","0",0,0,0,"0",0,0,0,0,0,0,0,0,0,0,0,0,0,0,"0",0,1,0,0,0,0,0,0,0,0,0,0,0,0,0,0,"1",0,0,0,"0",0,0,0,0,"0",0,0,0,0,0,0,0,0,0,0,0,0,0,0,0,"0","0","1","0","0","0","0","0","0","0","0","0","0","0","0","0","0","0","0","0","0","0","0","0","1","0","0","0","1","1","0","0","0","0","0","0","0","0","0","0","0","0","0","0","0","0","0","0","0","0","0","1","0","0","0","0","0","0","0","0","0","0","0","0","0","0","0","0","0","0","0","0","0","0","0","0","0","0","0","0","0","0","0","0","0","0","0","0","0","0","0","0","1","202201","202204","2305"
"7263961","530010","71635575","38050860000293","3","1","00000000000000","","","","0090","","0","E","","","04","","01","36","03","","99","","","","","","","","EAS.336-03/2020","20200602","1","","","","","","0","0","1","0","0","0","1","0","0","0","0","0","0","0",0,0,0,"0",0,0,0,0,0,0,0,0,0,0,0,0,0,0,"0",0,1,0,0,0,0,0,0,0,0,0,0,0,0,0,0,"1",0,0,0,"0",0,0,0,0,"0",0,0,0,0,0,0,0,0,0,0,0,0,0,0,0,"0","0","0","0","0","0","0","0","0","0","0","0","0","0","0","0","0","0","0","1","0","0","0","0","1","1","0","0","0","1","0","0","0","0","0","0","0","0","0","0","0","0","0","0","0","0","0","0","0","0","0","0","0","0","0","1","0","0","0","0","0","0","0","0","0","0","0","0","0","0","0","0","0","0","0","0","0","0","0","0","0","0","0","0","0","0","0","0","0","0","0","0","1","202006","202204","2062"
"7264003","530010","72125070","05508282000318","3","1","00000000000000","","","","0180","","0","E","","","04","","01","04","03","","99","","","","","","","","53900303933","20181016","1","","","","","","0","0","1","0","0","0","1","0","0","0","0","0","0","0",0,0,0,"0",0,0,0,0,0,0,0,0,0,0,0,0,0,0,"0",0,0,0,15,0,0,0,0,0,0,0,0,0,0,0,0,"1",0,0,0,"0",0,0,0,0,"0",0,0,0,0,0,0,0,0,0,0,0,0,0,0,0,"0","0","1","0","0","0","0","0","0","0","0","0","0","0","0","0","0","0","0","0","0","0","0","0","1","0","0","0","1","1","0","0","0","0","0","0","0","0","0","0","0","0","0","0","0","0","0","0","0","0","0","1","0","0","0","1","0","0","0","0","0","0","0","0","0","0","0","0","0","0","0","0","0","0","0","0","0","0","0","0","0","0","0","0","0","0","0","0","0","0","0","0","1","202005","202204","2062"
"7264690","530010","72430100","17900288000153","3","1","00000000000000","","","","","","0","E","","","04","","03","36","03","","99","","","","","","","","5360017072","20210518","1","","","","","","0","0","1","0","0","0","1","0","0","0","0","0","0","0",0,0,0,"0",0,0,0,0,0,0,0,0,0,0,0,0,0,0,"0",1,0,0,0,0,0,0,0,0,0,0,0,0,0,0,0,"1",0,0,0,"0",0,0,0,0,"0",0,0,0,0,0,0,0,0,0,0,0,0,0,0,0,"0","0","1","0","0","0","0","0","0","0","0","0","0","0","0","0","0","0","0","0","0","0","0","0","1","0","0","0","1","1","0","0","0","0","0","0","0","0","0","0","0","0","0","0","0","0","0","0","0","0","0","0","0","0","0","1","0","0","0","0","0","0","0","0","0","0","0","0","0","0","0","0","0","0","0","0","0","0","0","0","0","0","0","0","0","0","0","0","0","0","0","0","1","202108","202204","2305"
"7264895","530010","70390108","10699037000103","3","1","00000000000000","","","","0010","","0","E","","","04","","03","36","04","","99","","","","","","","","20048/2022","20220103","1","","","","","","0","0","1","0","0","0","1","0","0","0","0","0","0","0",0,0,0,"0",0,0,0,0,0,0,0,0,0,0,0,0,0,0,"0",0,3,0,0,0,0,0,1,0,1,0,0,0,0,0,0,"1",0,0,0,"0",0,0,0,0,"0",0,0,0,0,0,0,0,0,1,0,0,0,0,0,0,"0","0","1","0","0","0","0","0","0","0","0","0","0","0","0","0","0","0","1","0","0","0","0","0","1","1","0","0","1","1","0","0","0","0","0","0","0","0","0","0","0","0","0","0","0","0","0","0","0","0","0","1","0","0","0","1","0","0","0","0","0","0","0","0","0","0","0","0","0","0","0","0","0","0","0","0","0","0","0","0","0","0","0","0","0","0","0","0","0","0","0","0","1","202204","202204","2240"
"7268432","530010","70390700","07637917000221","3","1","00000000000000","","","","","","0","E","","","04","","03","36","03","","99","","","","","","","","EAS 20170-01","20210605","1","","","","","","0","0","1","0","0","0","1","0","0","0","0","0","0","0",0,0,0,"0",0,0,0,0,0,0,0,0,0,0,0,0,0,0,"0",0,3,0,0,0,0,0,0,0,0,0,0,0,0,0,0,"1",0,0,0,"0",0,0,0,0,"0",0,0,0,0,0,0,0,0,0,0,0,0,0,0,0,"0","0","1","0","0","0","0","0","0","0","0","0","0","0","0","0","0","0","0","0","0","0","0","0","1","1","0","0","1","1","0","0","0","0","0","0","0","0","0","0","0","0","0","0","0","0","0","0","0","0","0","1","0","0","0","1","0","0","0","0","0","0","0","0","0","0","0","0","0","0","0","0","0","0","0","0","0","0","0","0","0","0","0","0","0","0","0","0","0","0","0","0","1","202112","202204","2062"
"7268475","530010","70390150","18000366000126","3","1","00000000000000","","","","0010","","0","E","","","04","","03","36","03","","99","","","","","","","","EAS.20084-01","20210118","1","","","","","","0","0","1","0","0","0","1","0","0","0","0","0","0","0",0,0,0,"0",0,0,0,0,0,0,0,0,0,0,0,0,0,0,"0",0,3,0,0,0,0,0,0,0,0,0,0,0,0,0,0,"1",0,0,0,"0",0,0,0,0,"0",0,0,0,0,0,0,0,0,0,0,0,0,0,0,0,"0","0","1","0","0","0","0","0","0","0","0","0","0","0","0","0","0","0","0","0","0","0","0","0","1","0","0","0","1","1","0","0","0","0","0","0","0","0","0","0","0","0","0","0","0","0","0","0","0","0","0","1","0","0","0","1","0","0","0","0","0","0","0","0","0","0","0","0","0","0","0","0","0","0","0","0","0","0","0","0","0","0","0","0","0","0","0","0","0","0","0","0","1","202108","202204","2062"
"7269455","530010","70330700","03715989000108","3","1","00000000000000","","","","0010","","0","E","","","04","","03","36","03","","99","","","","","","","","EAS.20622-01","20210616","1","","","","","","0","0","1","0","0","0","1","0","0","0","0","0","0","0",0,0,0,"0",0,0,0,0,0,0,0,0,0,0,0,0,0,0,"0",0,5,0,0,0,0,0,0,0,0,0,0,0,0,0,0,"1",0,0,0,"0",0,0,0,0,"0",0,0,0,0,0,0,0,0,0,0,0,0,0,0,0,"0","0","1","0","0","0","0","0","0","0","0","0","0","0","0","0","0","0","0","0","0","0","0","0","1","0","0","0","1","1","0","0","0","0","0","0","0","0","0","0","0","0","0","0","0","0","0","0","0","0","0","1","0","0","1","1","0","0","0","0","0","0","0","0","0","0","0","0","0","0","0","0","0","0","0","0","0","0","0","0","0","0","0","0","0","0","0","0","0","0","0","0","1","202110","202204","2062"
"7273177","530010","72015597","09432656000310","3","1","00000000000000","","","","","","0","E","","","04","","03","36","04","","99","","","","","","","","53900316628","20200207","1","","","","","","0","0","1","0","0","0","1","0","0","0","0","0","0","0",0,0,0,"0",0,0,0,0,0,0,0,0,0,0,0,0,0,0,"0",0,0,0,6,0,0,0,0,0,0,0,0,0,0,0,0,"1",0,0,0,"0",0,0,0,0,"0",0,0,0,0,0,0,0,0,0,0,0,0,0,0,0,"0","0","0","1","0","0","0","0","0","0","0","0","0","0","0","0","0","0","0","0","0","0","0","0","1","0","0","0","1","1","0","0","0","0","0","0","0","0","0","0","0","0","0","0","0","0","0","0","0","0","0","1","0","0","0","1","0","0","0","0","0","0","0","0","0","0","0","0","0","0","0","0","0","0","0","0","0","0","0","0","0","0","0","0","0","0","0","0","0","0","0","0","1","202002","202204","2062"
"7274769","530010","72450150","00718528007880","3","1","00000000000000","","","","0060","","0","E","","","04","","03","39","03","","99","","","","","","","","LAB 00010-20","20211218","1","","","","","","0","0","1","0","0","0","1","0","0","0","0","0","0","0",0,0,0,"0",0,0,0,0,0,0,0,0,0,0,0,0,0,0,"0",0,0,0,0,0,0,0,0,0,0,0,0,0,0,0,0,"0",0,0,0,"0",0,0,0,0,"0",0,0,0,0,0,0,0,0,0,0,0,0,0,0,0,"0","0","1","0","0","0","0","0","0","0","0","0","0","0","0","0","0","0","0","0","0","0","0","0","1","1","0","0","1","1","0","0","0","0","0","0","0","0","0","0","0","0","0","0","0","0","0","0","0","0","0","0","0","0","0","0","0","0","1","0","0","1","1","0","0","0","0","0","0","0","0","0","0","0","0","0","0","0","0","0","0","0","0","0","0","0","0","0","0","0","0","0","1","202201","202204","2054"
"7278179","530010","70710146","13852468000156","3","1","00000000000000","","","","","","0","E","","","04","","01","04","03","","99","","","","","","","","53201733513","","1","","","","","","0","0","1","0","0","0","1","0","0","0","0","0","0","0",0,0,0,"0",0,0,0,0,0,0,0,0,0,0,0,0,0,0,"0",1,0,0,0,0,0,0,0,0,0,0,0,0,0,0,0,"1",0,0,0,"0",0,0,0,0,"0",0,0,0,0,0,0,0,0,0,0,0,0,0,0,0,"0","0","1","0","0","0","0","0","0","0","0","0","0","0","0","0","0","0","0","0","0","0","0","0","1","0","0","0","1","1","0","0","0","0","0","0","0","0","0","0","0","0","0","0","0","0","0","0","0","0","0","1","0","0","0","1","0","0","0","0","0","0","0","0","0","0","0","0","0","0","0","0","0","0","0","0","0","0","0","0","0","0","0","0","0","0","0","0","0","0","0","0","1","202008","202204","2062"
"7278268","530010","70770530","61486650081671","3","1","00000000000000","","","","","","0","E","","","04","","03","39","03","","99","","","","","","","","","","","","","","","","0","0","1","0","0","0","1","0","0","0","0","0","0","0",0,0,0,"0",0,0,0,0,0,0,0,0,0,0,0,0,0,0,"0",0,0,0,0,0,0,0,1,0,0,0,0,0,0,0,0,"1",0,0,0,"0",0,0,0,0,"0",0,0,0,0,0,0,0,0,1,0,0,0,0,0,0,"0","0","0","0","0","0","0","0","0","0","0","0","0","0","0","0","0","0","1","0","0","0","0","0","1","1","0","0","1","1","0","0","0","0","0","0","0","0","0","0","0","0","0","0","0","0","0","0","0","0","0","0","0","0","0","0","0","0","1","0","0","0","1","0","0","0","0","0","0","0","0","0","0","0","0","0","0","0","0","0","0","0","0","0","0","0","0","0","0","0","0","0","1","202010","202204","2046"
"7280866","530010","70200700","11076920000100","3","1","00000000000000","","","","0015","","0","E","","","04","","03","36","03","","99","","","","","","","","EAS 20575-01","20210427","1","","","","","","0","0","1","0","0","0","1","0","0","0","0","0","0","0",0,0,0,"0",0,0,0,0,0,0,0,0,0,0,0,0,0,0,"0",0,1,0,0,0,0,0,0,0,1,0,0,0,0,0,0,"1",0,0,0,"0",0,0,0,0,"0",0,0,0,0,0,0,0,0,0,0,0,0,0,0,0,"0","0","1","0","0","0","0","0","1","0","0","0","0","0","0","0","0","1","0","1","0","0","0","0","1","1","0","0","1","1","0","0","0","0","0","0","0","0","0","0","0","0","0","0","0","0","0","0","0","0","0","1","0","0","0","0","0","0","0","0","0","0","0","0","0","0","0","0","0","0","0","0","0","0","0","0","0","0","0","0","0","0","0","0","0","0","0","0","0","0","0","0","1","202201","202204","2062"
"7280904","530010","70390145","13919944000109","3","1","00000000000000","","","","","","0","E","","","04","","","22","04","","99","","","","","","","","","","","","","","","","0","0","1","0","0","0","1","0","0","0","0","0","0","0",0,0,0,"0",0,0,0,0,0,0,0,0,0,0,0,0,0,0,"0",0,0,0,1,0,0,0,0,0,0,0,0,0,0,0,0,"1",0,0,0,"0",0,0,0,0,"0",0,0,0,0,0,0,0,0,0,0,0,0,0,0,0,"0","0","0","0","0","0","0","0","0","0","0","0","0","0","0","0","0","0","0","0","0","0","0","0","0","0","0","0","1","1","0","0","0","0","0","0","0","0","0","0","0","0","0","0","0","0","0","0","0","0","0","1","0","0","0","0","0","0","0","0","0","0","0","0","0","0","0","0","0","0","0","0","0","0","0","0","0","0","0","0","0","0","0","0","0","0","0","0","0","0","0","0","1","202106","202204","2305"
"7281099","530010","72025120","17110809000179","3","1","00000000000000","","","","0180","","0","E","","","04","","01","36","04","","99","","","","","","","","EAS 000115 /2014","20211123","1","","","","","","0","0","1","0","0","0","1","0","0","0","0","0","0","0",0,0,0,"0",0,0,0,0,0,0,0,0,0,0,0,0,0,0,"0",4,0,0,0,0,0,0,0,0,0,0,0,0,0,0,0,"1",0,0,0,"0",0,0,0,0,"0",0,0,0,0,0,0,0,0,0,0,0,0,0,0,0,"0","0","1","0","0","0","0","0","0","0","0","0","0","0","0","0","0","0","0","0","0","0","0","0","1","1","1","0","1","1","0","0","0","0","0","0","0","0","0","0","0","0","0","0","0","0","0","0","0","0","0","1","0","0","0","1","0","0","0","0","0","0","0","0","0","0","0","0","0","0","0","0","0","0","0","0","0","0","0","0","0","0","0","0","0","0","0","0","0","0","0","0","1","202205","202204","2062"
"7282133","530010","72220311","11859927000440","3","1","00000000000000","","","","0040","","0","E","","","04","","01","36","03","","99","","","","","","","","EAS 001584","20210410","","","","","","","0","0","1","0","0","0","1","0","0","0","0","0","0","0",0,0,0,"0",0,0,0,1,0,0,0,1,0,0,0,0,0,1,"1",0,1,0,0,0,0,0,1,0,0,0,0,0,0,1,0,"1",0,0,1,"1",0,0,0,0,"0",0,0,0,0,0,0,0,0,1,0,0,0,0,0,0,"0","1","1","0","0","0","0","0","1","0","0","0","0","0","0","0","0","0","0","0","0","1","0","0","1","0","1","0","1","1","0","0","0","0","0","0","0","0","0","0","0","0","0","0","0","0","0","0","0","0","0","1","0","0","1","1","0","0","0","0","0","0","0","0","0","0","0","0","0","0","0","0","0","0","0","0","0","0","0","0","0","0","0","0","0","0","0","0","0","0","0","0","1","202201","202204","2062"
"7282192","530010","70200700","18114863000155","3","1","00000000000000","","","","0015","","0","E","","","04","","03","36","03","","99","","","","","","","","EAS.20089-01","20210629","1","","","","","","0","0","1","0","0","0","1","0","0","0","0","0","0","0",0,0,0,"0",0,0,0,0,0,0,0,0,0,0,0,0,0,0,"0",3,1,0,3,0,0,0,0,0,0,0,0,0,0,0,0,"1",0,0,0,"0",0,0,0,0,"0",0,0,0,0,0,0,0,0,0,0,0,0,0,0,0,"0","0","1","0","0","0","0","0","0","0","0","0","0","0","0","0","0","0","0","0","0","0","0","0","1","0","0","0","1","1","0","0","0","0","0","0","0","0","0","0","0","0","0","0","0","0","0","0","0","0","0","1","0","0","0","1","0","0","0","0","0","0","0","0","0","0","0","0","0","0","0","0","0","0","0","0","0","0","0","0","0","0","0","0","0","0","0","0","0","0","0","0","1","202109","202204","2062"
"7282419","530010","72215178","17707214000103","3","1","00000000000000","","","","","","0","E","","","04","","03","22","03","","99","","","","","","","","00429/2013","20130510","1","","","","","","0","0","1","0","0","0","1","0","0","0","0","0","0","0",0,0,0,"0",0,0,0,0,0,0,0,0,0,0,0,0,0,0,"0",0,0,0,1,0,0,0,0,0,0,0,0,0,0,0,0,"1",0,0,0,"0",0,0,0,0,"0",0,0,0,0,0,0,0,0,0,0,0,0,0,0,0,"0","0","0","0","0","0","0","0","0","0","0","0","0","0","0","0","0","0","0","0","0","0","0","0","0","0","0","0","1","1","0","0","0","0","0","0","0","0","0","0","0","0","0","0","0","0","0","0","0","0","0","1","0","0","0","0","0","0","0","0","0","0","0","0","0","0","0","0","0","0","0","0","0","0","0","0","0","0","0","0","0","0","0","0","0","0","0","0","0","0","0","0","1","202010","202204","2062"
"7282494","530010","72301527","00000000000000","3","3","00394700000108","","04","","0140","","1","E","","","03","","","70","06","","99","","","","","","","","","","","","","","","","1","0","1","0","0","0","1","0","0","0","0","0","0","0",0,0,0,"0",0,0,0,0,0,0,0,0,0,0,0,0,0,0,"0",0,4,0,0,1,1,0,0,0,0,1,0,0,0,0,0,"1",0,0,0,"0",0,0,0,0,"0",0,0,0,0,0,2,6,0,0,0,0,0,0,0,0,"0","0","1","0","1","0","1","0","0","0","0","0","0","0","0","0","0","0","0","0","0","0","0","0","1","1","1","0","1","1","0","0","0","0","0","0","0","0","0","0","0","0","0","0","0","0","0","0","0","0","1","0","0","0","0","0","0","0","0","0","0","0","0","0","0","0","0","0","0","0","0","0","0","0","0","0","0","0","1","0","0","0","0","0","0","0","0","0","0","0","0","0","1","202204","202204","1023"
"7287933","530010","70710149","00072584700182","1","1","00000000000000","","","","","","0","E","","","04","","03","22","03","","99","","","","","","","","","20200525","1","","","","","","0","0","1","0","0","0","1","0","0","0","0","0","0","0",0,0,0,"0",0,0,0,0,0,0,0,0,0,0,0,0,0,0,"0",0,0,0,1,0,0,0,0,0,0,0,0,0,0,0,0,"1",0,0,0,"0",0,0,0,0,"0",0,0,0,0,0,0,0,0,0,0,0,0,0,0,0,"0","0","1","0","0","0","0","0","0","0","0","0","0","0","0","0","0","0","0","0","0","0","0","0","1","0","0","0","1","1","0","0","0","0","0","0","0","0","0","0","0","0","0","0","0","0","0","0","0","0","0","1","0","0","0","0","0","0","0","0","0","0","0","0","0","0","0","0","0","0","0","0","0","0","0","0","0","0","0","0","0","0","0","0","0","0","0","0","0","0","0","0","1","202010","202204","4000"
"7288107","530010","70754060","17974538000108","3","1","00000000000000","","","","","","0","E","","","04","","01","36","03","","99","","","","","","","","EAS.00695-02","20190401","1","","","","","","0","0","1","0","0","0","1","0","0","0","0","0","0","0",0,0,0,"0",0,0,0,0,0,0,0,0,0,0,0,0,0,0,"0",0,1,0,0,0,0,0,0,0,0,0,0,0,0,0,0,"1",0,0,0,"0",0,0,0,0,"0",0,0,0,0,0,0,0,0,0,0,0,0,0,0,0,"0","0","1","0","0","0","0","0","0","0","0","0","0","0","0","0","0","0","0","0","0","0","0","0","1","0","0","0","1","1","0","0","0","0","0","0","0","0","0","0","0","0","0","0","0","0","0","0","0","0","0","1","0","0","0","1","0","0","0","0","0","0","0","0","0","0","0","0","0","0","0","0","0","0","0","0","0","0","0","0","0","0","0","0","0","0","0","0","0","0","0","0","1","202008","202204","2305"
"7289847","530010","70200740","15321692000147","3","1","00000000000000","","","","0015","","0","E","","","04","","03","36","01","","99","","","","","","","","EAS 20405/2021","20210604","1","","","","","","0","0","1","0","0","0","1","0","0","0","0","0","0","0",0,0,0,"0",0,0,0,0,0,0,0,0,0,0,0,0,0,0,"0",0,2,0,0,0,0,0,0,0,0,0,0,0,0,0,0,"1",0,0,0,"0",0,0,0,0,"0",0,0,0,0,0,0,0,0,0,0,0,0,0,0,0,"0","0","1","0","0","0","0","0","0","0","0","0","0","0","0","0","0","0","0","0","0","0","0","0","1","1","0","0","1","1","0","0","0","0","0","0","0","0","0","0","0","0","0","0","0","0","0","0","0","0","0","1","0","0","0","1","0","0","0","0","0","0","0","0","0","0","0","0","0","0","0","0","0","0","0","0","0","0","0","0","0","0","0","0","0","0","0","0","0","0","0","0","1","202111","202204","2062"
"7289936","530010","70710140","15286908000180","3","1","00000000000000","","","","0005","","0","E","","","04","","01","36","03","","99","","","","","","","","ODO 00490-02","20190207","1","","","","","","0","0","1","0","0","0","1","0","0","0","0","0","0","0",0,0,0,"0",0,0,0,0,0,0,0,0,0,0,0,0,0,0,"0",0,0,0,0,0,0,0,0,3,0,0,0,0,0,0,0,"1",0,0,0,"0",0,0,0,0,"0",0,0,0,0,0,0,0,0,0,0,0,0,0,0,0,"0","0","1","0","0","0","0","0","1","0","0","0","0","0","0","0","0","0","0","0","0","0","0","0","1","1","0","0","1","1","0","0","0","0","0","0","0","0","0","0","0","0","0","0","0","0","0","0","0","0","0","1","0","0","0","1","0","0","0","0","0","0","0","0","0","0","0","0","0","0","0","0","0","0","0","0","0","0","0","0","0","0","0","0","0","0","0","0","0","0","0","0","1","201908","202204","2062"
"7290772","530010","70390700","10666995000188","3","1","00000000000000","","","","","","0","E","","","04","","03","36","03","","99","","","","","","","","LICENCA DE SAUDE","20200828","1","","","","","","0","0","1","0","0","0","1","0","0","0","0","0","0","0",0,0,0,"0",0,0,0,0,0,0,0,0,0,0,0,0,0,0,"0",0,1,0,0,0,0,0,0,0,0,0,0,0,0,0,0,"1",0,0,0,"0",0,0,0,0,"0",0,0,0,0,0,0,0,0,0,0,0,0,0,0,0,"0","0","1","0","0","0","0","0","0","0","0","0","0","0","0","0","0","0","0","0","0","0","0","0","1","0","0","0","1","1","0","0","0","0","0","0","0","0","0","0","0","0","0","0","0","0","0","0","0","0","0","1","0","0","0","0","0","0","0","0","0","0","0","0","0","0","0","0","0","0","0","0","0","0","0","0","0","0","0","0","0","0","0","0","0","0","0","0","0","0","0","0","1","202009","202204","2062"
"7290780","530010","70390095","16868827000151","3","1","00000000000000","","","","","","0","E","","","04","","01","04","03","","99","","","","","","","","","","","","","","","","0","0","1","0","0","0","1","0","0","0","0","0","0","0",0,0,0,"0",0,0,0,0,0,0,0,0,0,0,0,0,0,0,"0",0,1,0,0,0,0,0,0,0,0,0,0,0,0,0,0,"1",0,0,0,"0",0,0,0,0,"0",0,0,0,0,0,0,0,0,0,0,0,0,0,0,0,"0","0","1","0","0","0","0","0","0","0","0","0","0","0","0","0","0","0","0","0","0","0","0","0","1","0","0","0","1","1","0","0","0","0","0","0","0","0","0","0","0","0","0","0","0","0","0","0","0","0","0","1","0","0","0","0","0","0","0","0","0","0","0","0","0","0","0","0","0","0","0","0","0","0","0","0","0","0","0","0","0","0","0","0","0","0","0","0","0","0","0","0","1","202103","202204","2062"
"7299877","530010","72300639","00000000000000","3","3","00394700000108","","04","","0140","","1","E","","","04","","03","02","03","","99","","","","","","","","","","","","","","","","1","0","1","0","0","0","1","0","0","0","0","0","0","0",0,0,0,"0",0,0,0,0,0,0,0,0,0,0,0,0,0,0,"0",5,0,0,5,0,0,0,0,5,0,5,2,1,0,1,0,"1",0,0,0,"0",0,0,0,0,"0",0,0,0,0,0,0,0,0,0,0,0,0,0,0,0,"0","0","0","0","0","0","0","0","0","0","0","0","0","0","0","0","0","0","0","0","0","0","0","0","0","1","0","0","1","1","0","0","0","0","0","0","0","0","0","0","0","0","0","0","0","0","0","0","0","0","1","0","0","0","0","0","0","0","0","0","0","0","0","0","0","0","0","0","0","0","0","0","0","0","0","0","0","0","0","0","0","0","0","0","0","0","0","0","0","0","0","0","1","202205","202204","1023"
"7299923","530010","70390904","12600010000147","3","1","00000000000000","","","","","","0","E","","","04","","03","04","03","","99","","","","","","","","53201670571","20210430","1","","","","","","0","0","1","0","0","0","1","0","0","0","0","0","0","0",0,0,0,"0",0,0,0,0,0,0,0,0,0,0,0,0,0,0,"0",0,1,0,0,0,0,0,0,0,0,0,0,0,0,0,0,"1",0,0,0,"0",0,0,0,0,"0",0,0,0,0,0,0,0,0,0,0,0,0,0,0,0,"0","0","1","0","0","0","0","0","0","0","0","0","0","0","0","0","0","0","0","0","0","0","0","0","1","1","1","0","1","1","0","0","0","0","0","0","0","0","0","0","0","0","0","0","0","0","0","0","0","0","0","1","0","0","0","1","0","0","0","0","0","0","0","0","0","0","0","0","0","0","0","0","0","0","0","0","0","0","0","0","0","0","0","0","0","0","0","0","0","0","0","0","1","202105","202204","2062"
"7302754","530010","71615205","03496858001159","3","1","00000000000000","","","","0090","","0","E","","","04","","02","69","06","","99","","","","","","","","LIC. SANITARIA","20201011","1","","","","","","0","0","1","0","0","0","1","0","0","0","0","0","0","0",0,0,0,"0",0,0,0,0,0,0,0,0,0,0,0,0,0,0,"0",0,0,0,0,0,0,0,0,0,0,0,0,0,0,0,0,"0",0,0,0,"0",0,0,0,0,"0",0,0,0,0,0,0,0,0,0,0,0,0,0,0,0,"0","0","0","0","0","0","0","0","0","0","0","0","0","0","0","0","0","0","0","1","0","0","0","0","1","1","1","0","1","1","0","0","0","0","0","1","0","0","0","0","0","0","1","0","0","0","0","0","0","0","0","0","0","0","0","0","0","0","1","0","0","1","1","0","0","0","0","0","0","0","0","0","0","0","0","0","0","0","0","0","0","0","0","0","0","0","0","0","0","0","0","0","1","202104","202204","2062"
"7303157","530010","71010134","61486650061808","3","1","00000000000000","","","","","","0","E","","","04","","03","39","03","","99","","","","","","","","","","","","","","","","0","0","1","0","0","0","1","0","0","0","0","0","0","0",0,0,0,"0",0,0,0,0,0,0,0,0,0,0,0,0,0,0,"0",0,0,0,0,0,0,0,1,0,0,0,0,0,0,0,0,"1",0,0,0,"0",0,0,0,0,"0",0,0,0,0,0,0,0,0,1,0,0,0,0,0,0,"0","0","0","0","0","0","0","0","0","0","0","0","0","0","0","0","0","0","1","0","0","0","0","0","1","1","0","0","1","1","0","0","0","0","0","0","0","0","0","0","0","0","0","0","0","0","0","0","0","0","0","0","0","0","0","0","0","0","1","0","0","0","1","0","0","0","0","0","0","0","0","0","0","0","0","0","0","0","0","0","0","0","0","0","0","0","0","0","0","0","0","0","1","202010","202204","2046"
"7308310","530010","72115610","16584395000157","3","1","00000000000000","","","","","","0","E","","","04","","03","04","03","","99","","","","","","","","RLE DIGITAL","20200903","1","","","","","","0","0","1","0","0","0","1","0","0","0","0","0","0","0",0,0,0,"0",0,0,0,0,0,0,0,0,0,0,0,0,0,0,"0",2,3,0,1,0,0,0,0,0,0,0,0,0,0,0,0,"1",0,0,0,"0",0,0,0,0,"0",0,0,0,0,0,0,0,0,0,0,0,0,0,0,0,"0","0","1","0","0","0","0","0","0","0","0","0","0","0","0","0","0","0","0","0","0","0","0","0","1","1","0","0","1","1","0","0","0","0","0","0","0","0","0","0","0","0","0","0","0","0","0","0","0","0","0","0","0","0","0","1","0","0","0","0","0","0","0","0","0","0","0","0","0","0","0","0","0","0","0","0","0","0","0","0","0","0","0","0","0","0","0","0","0","0","0","0","1","202111","202204","2062"
"7308558","530010","70757510","16724417000137","3","1","00000000000000","","","","0010","","0","E","","","04","","01","36","03","","99","","","","","","","","EAS 0699-02","20200207","1","","","","","","0","0","1","0","0","0","1","0","0","0","0","0","0","0",0,0,0,"0",0,0,0,0,0,0,0,0,0,0,0,0,0,0,"0",0,0,0,6,0,0,0,0,0,0,0,0,0,0,0,0,"1",0,0,0,"0",0,0,0,0,"0",0,0,0,0,0,0,0,0,0,0,0,0,0,0,0,"0","0","1","0","0","0","0","0","0","0","0","0","0","0","0","0","0","0","0","0","0","0","0","0","1","0","0","0","1","1","0","0","0","0","0","0","0","0","0","0","0","0","0","0","0","0","0","0","0","0","0","1","0","0","0","1","0","0","0","0","0","0","0","0","0","0","0","0","0","0","0","0","0","0","0","0","0","0","0","0","0","0","0","0","0","0","0","0","0","0","0","0","1","202010","202204","2062"
"7313098","530010","72320581","11759471000102","3","1","00000000000000","","","","0180","","0","E","","","04","","03","04","03","","99","","","","","","","","RLE DIGITAL","20181005","1","","","","","","0","0","1","0","0","0","1","0","0","0","0","0","0","0",0,0,0,"0",0,0,0,0,0,0,0,0,0,0,0,0,0,0,"0",3,4,0,2,0,0,0,0,0,0,0,0,0,0,0,0,"1",0,0,0,"0",0,0,0,0,"0",0,0,0,0,0,0,0,0,0,0,0,0,0,0,0,"0","0","1","0","0","0","0","0","1","0","0","0","0","0","0","0","1","0","0","0","0","0","0","0","1","0","0","0","1","1","0","0","0","0","0","0","0","0","0","0","0","0","0","0","0","0","0","0","0","0","0","1","0","0","1","1","0","0","0","0","0","0","0","0","0","0","0","0","0","0","0","0","0","0","0","0","0","0","0","0","0","0","0","0","0","0","0","0","0","0","0","0","1","201903","202204","2062"
"7313578","530010","70390095","18010708000199","3","1","00000000000000","","","","0015","","0","E","","","04","","03","36","03","","99","","","","","","","","EAS - 20093-01","20190819","1","","","","","","0","0","1","0","0","0","1","0","0","0","0","0","0","0",0,0,0,"0",0,0,0,0,0,0,0,0,0,0,0,0,0,0,"0",0,2,0,0,0,0,0,0,0,0,0,0,0,0,0,0,"1",0,0,0,"0",0,0,0,0,"0",0,0,0,0,0,0,0,0,0,0,0,0,0,0,0,"0","0","1","0","0","0","0","0","0","0","0","0","0","0","0","0","0","0","0","0","0","0","0","0","1","0","1","0","1","1","0","0","0","0","0","0","0","0","0","0","0","0","0","0","0","0","0","0","0","0","0","1","0","0","1","0","0","0","0","0","0","0","0","0","0","0","0","0","0","0","0","0","0","0","0","0","0","0","0","0","0","0","0","0","0","0","0","0","0","0","0","0","1","201908","202204","2062"
"7314655","530010","70712903","14536661000140","3","1","00000000000000","","","","","","0","E","","","04","","03","22","03","","99","","","","","","","","RLE","20200729","1","","","","","","0","0","1","0","0","0","1","0","0","0","0","0","0","0",0,0,0,"0",0,0,0,0,0,0,0,0,0,0,0,0,0,0,"0",0,0,0,0,0,0,0,0,1,0,0,0,0,0,0,0,"1",0,0,0,"0",0,0,0,0,"0",0,0,0,0,0,0,0,0,0,0,0,0,0,0,0,"0","0","1","0","0","0","0","0","1","0","0","0","0","0","0","0","0","1","0","0","0","0","0","0","1","0","0","0","1","1","0","0","0","0","0","0","0","0","0","0","0","0","0","0","0","0","0","0","0","0","0","0","0","0","0","1","0","0","0","0","0","0","0","0","0","0","0","0","0","0","0","0","0","0","0","0","0","0","0","0","0","0","0","0","0","0","0","0","0","0","0","0","1","202103","202204","2305"
"7314949","530010","70712903","17637136000100","3","1","00000000000000","","","","","","0","E","","","04","","03","22","03","","99","","","","","","","","ODO-432","20210903","1","","","","","","0","0","0","0","1","0","1","0","0","0","0","0","0","0",0,0,0,"0",0,0,0,0,0,0,0,0,0,0,0,0,0,0,"0",0,0,0,0,0,0,0,0,1,0,0,0,0,0,0,0,"1",0,0,0,"0",0,0,0,0,"0",0,0,0,0,0,0,0,0,0,0,0,0,0,0,0,"0","0","1","0","0","0","0","0","0","0","0","0","0","0","0","0","0","0","0","0","0","0","0","0","1","1","0","0","1","1","0","0","0","0","0","0","0","0","0","0","0","0","0","0","0","0","0","0","0","0","0","1","0","0","0","1","0","0","0","0","0","0","0","0","0","0","0","0","0","0","0","0","0","0","0","0","0","0","0","0","0","0","0","0","0","0","0","0","0","0","0","0","1","202110","202204","2240"
"7319525","530010","71936250","61486650061727","3","1","00000000000000","","","","","","0","E","","","04","","03","39","03","","99","","","","","","","","","","","","","","","","0","0","1","0","0","0","1","0","0","0","0","0","0","0",0,0,0,"0",0,0,0,0,0,0,0,0,0,0,0,0,0,0,"0",0,0,0,0,0,0,0,1,0,0,0,0,0,0,0,0,"1",0,0,0,"0",0,0,0,0,"0",0,0,0,0,0,0,0,0,1,0,0,0,0,0,0,"0","0","0","0","0","0","0","0","0","0","0","0","0","0","0","0","0","0","1","0","0","0","0","0","1","1","0","0","1","1","0","0","0","0","0","0","0","0","0","0","0","0","0","0","0","0","0","0","0","0","0","0","0","0","0","0","0","0","1","0","0","0","1","0","0","0","0","0","0","0","0","0","0","0","0","0","0","0","0","0","0","0","0","0","0","0","0","0","0","0","0","0","1","202010","202204","2046"
"7332610","530010","70710904","18317633000193","3","1","00000000000000","","","","","","0","E","","","04","","03","36","03","","99","","","","","","","","RLE","20201118","1","","","","","","0","0","1","0","0","0","1","0","0","0","0","0","0","0",0,0,0,"0",0,0,0,0,0,0,0,0,0,0,0,0,0,0,"0",0,4,0,0,0,0,0,0,0,0,0,0,0,0,0,0,"1",0,0,0,"0",0,0,0,0,"0",0,0,0,0,0,0,0,0,0,0,0,0,0,0,0,"0","0","1","0","0","0","0","0","0","0","0","0","0","0","0","0","0","0","0","0","0","0","0","0","1","0","0","0","1","1","0","0","0","0","0","0","0","0","0","0","0","0","0","0","0","0","0","0","0","0","0","0","0","0","0","1","0","0","0","0","0","0","0","0","0","0","0","0","0","0","0","0","0","0","0","0","0","0","0","0","0","0","0","0","0","0","0","0","0","0","0","0","1","202103","202204","2062"
"7333382","530010","70390145","17879409000122","3","1","00000000000000","","","","","","0","E","","","04","","03","04","03","","99","","","","","","","","EAS 20092-01","20180219","1","","","","","","0","0","1","0","0","0","1","0","0","0","0","0","0","0",0,0,0,"0",0,0,0,0,0,0,0,0,0,0,0,0,0,0,"0",0,5,0,0,0,0,0,0,0,0,0,0,0,0,0,0,"1",0,0,0,"0",0,0,0,0,"0",0,0,0,0,0,0,0,0,0,0,0,0,0,0,0,"0","0","1","0","0","0","0","0","0","0","0","0","0","0","0","0","0","0","0","0","0","0","0","0","1","1","0","0","1","1","0","0","0","0","0","0","0","0","0","0","0","0","0","0","0","0","0","0","0","0","0","1","0","0","0","1","0","0","0","0","0","0","0","0","0","0","0","0","0","0","0","0","0","0","0","0","0","0","0","0","0","0","0","0","0","0","0","0","0","0","0","0","1","202012","202204","2062"
"7335040","530010","70390055","72649973000167","3","1","00000000000000","","","","","","0","E","","","04","","01","22","03","","99","","","","","","","","DFP1900203168","20201006","1","","","","","","0","0","1","0","0","0","1","0","0","0","0","0","0","0",0,0,0,"0",0,0,0,0,0,0,0,0,0,0,0,0,0,0,"0",0,0,0,0,0,0,0,0,1,0,0,0,0,0,0,0,"1",0,0,0,"0",0,0,0,0,"0",0,0,0,0,0,0,0,0,0,0,0,0,0,0,0,"0","0","0","0","0","0","0","0","0","0","0","0","0","0","0","0","0","0","0","0","0","0","0","0","0","0","0","0","1","1","0","0","0","0","0","0","0","0","0","0","0","0","0","0","0","0","0","0","0","0","0","1","0","0","0","0","0","0","0","0","0","0","0","0","0","0","0","0","0","0","0","0","0","0","0","0","0","0","0","0","0","0","0","0","0","0","0","0","0","0","0","0","1","202010","202204","2062"
"7335067","530010","70390108","08270812000169","3","1","00000000000000","","","","","","0","E","","","04","","03","36","04","","99","","","","","","","","","","","","","","","","0","0","1","0","0","0","1","0","0","0","0","0","0","0",0,0,0,"0",0,0,0,0,0,0,0,0,0,0,0,0,0,0,"0",1,1,0,1,0,0,0,0,0,0,0,0,0,0,0,0,"1",0,0,0,"0",0,0,0,0,"0",0,0,0,0,0,0,0,0,0,0,0,0,0,0,0,"0","0","1","0","0","0","0","0","0","0","0","0","0","0","0","0","0","0","0","0","0","0","0","0","1","0","0","0","1","1","0","0","0","0","0","0","0","0","0","0","0","0","0","0","0","0","0","0","0","0","0","1","0","0","1","1","0","0","0","0","0","0","0","0","0","0","0","0","0","0","0","0","0","0","0","0","0","0","0","0","0","0","0","0","0","0","0","0","0","0","0","0","1","202105","202204","2240"
"7336195","530010","72025001","13317726000102","3","1","00000000000000","","","","0180","","0","E","","","04","","03","36","03","","99","","","","","","","","EAS0010914","20200630","1","","","","","","0","0","1","0","0","0","1","0","0","0","0","0","0","0",0,0,0,"0",0,0,0,0,0,0,0,0,0,0,0,0,0,0,"0",0,1,0,0,0,0,0,0,0,0,0,0,0,0,0,0,"1",0,0,0,"0",0,0,0,0,"0",0,0,0,0,0,0,0,0,0,0,0,0,0,0,0,"0","0","1","0","0","0","0","0","0","0","0","0","0","0","0","0","0","0","0","0","0","0","0","0","1","0","0","0","1","1","0","0","0","0","0","0","0","0","0","0","0","0","0","0","0","0","0","0","0","0","0","1","0","0","0","1","0","0","0","0","0","0","0","0","0","0","0","0","0","0","0","0","0","0","0","0","0","0","0","0","0","0","0","0","0","0","0","0","0","0","0","0","1","202009","202204","2062"
"7337353","530010","71950770","18114358000100","3","1","00000000000000","","","","9901","","0","E","","","04","","02","22","03","","99","","","","","","","","53201876969","20180528","1","","","","","","0","0","1","0","0","0","1","0","0","0","0","0","0","0",0,0,0,"0",0,0,0,0,0,0,0,0,0,0,0,0,0,0,"0",0,0,0,2,0,0,0,0,0,0,0,0,0,0,0,0,"1",0,0,0,"0",0,0,0,0,"0",0,0,0,0,0,0,0,0,0,0,0,0,0,0,0,"0","0","1","0","0","0","0","0","0","0","0","0","0","0","0","0","0","0","0","0","0","0","0","0","1","0","0","0","1","1","0","0","0","0","0","0","0","0","0","0","0","0","0","0","0","0","0","0","0","0","0","1","0","0","0","1","0","0","0","0","0","0","0","0","0","0","0","0","0","0","0","0","0","0","0","0","0","0","0","0","0","0","0","0","0","0","0","0","0","0","0","0","1","202009","202204","2062"
"7339895","530010","70390108","16499965000100","3","1","00000000000000","","","","","","0","E","","","04","","01","36","03","","99","","","","","","","","EAS. 20055-01","20181128","1","","","","","","0","0","1","0","0","0","1","0","0","0","0","0","0","0",0,0,0,"0",0,0,0,0,0,0,0,0,0,0,0,0,0,0,"0",0,1,0,0,0,0,0,0,0,0,0,0,0,0,0,0,"1",0,0,0,"0",0,0,0,0,"0",0,0,0,0,0,0,0,0,0,0,0,0,0,0,0,"0","0","1","0","0","0","0","0","0","0","0","0","0","0","0","0","0","0","0","0","0","0","0","0","1","0","0","0","1","1","0","0","0","0","0","0","0","0","0","0","0","0","0","0","0","0","0","0","0","0","0","1","0","0","0","1","0","0","0","0","0","0","0","0","0","0","0","0","0","0","0","0","0","0","0","0","0","0","0","0","0","0","0","0","0","0","0","0","0","0","0","0","1","202109","202204","2062"
"7341334","530010","73310317","06943816000135","3","1","00000000000000","","","","0120","","0","E","","","04","","03","04","03","","99","","","","","","","","EAS 00199-08","20201118","1","","","","","","0","0","1","0","0","0","1","0","0","0","0","0","0","0",0,0,0,"0",0,0,0,0,0,0,0,0,0,0,0,0,0,0,"0",1,1,0,0,0,0,0,0,0,0,0,0,0,0,0,0,"1",0,0,0,"0",0,0,0,0,"0",0,0,0,0,0,0,0,0,0,0,0,0,0,0,0,"0","0","1","0","0","0","0","0","0","0","0","0","0","0","0","0","0","0","0","0","0","0","0","0","1","1","0","0","1","1","0","0","0","0","0","0","0","0","0","0","0","0","0","0","0","0","0","0","0","0","0","1","0","0","0","1","0","0","0","0","0","0","0","0","0","0","0","0","0","0","0","0","0","0","0","0","0","0","0","0","0","0","0","0","0","0","0","0","0","0","0","0","1","202111","202204","2062"
"7344538","530010","73380990","08243718000110","3","1","00000000000000","","","","","","0","E","","","04","","03","07","04","","99","","","","","","","","EAS 00127-08","20201215","1","","","","","","0","0","0","0","0","0","0","0","0","1","0","0","0","1",0,0,0,"0",0,0,0,0,0,0,0,0,0,0,0,0,0,0,"0",0,5,0,0,0,0,0,0,0,0,1,0,0,0,0,0,"1",0,0,0,"0",0,0,0,0,"0",0,0,0,0,0,0,0,0,0,0,0,0,0,0,0,"0","0","1","0","0","0","0","0","0","0","0","0","0","0","0","0","0","0","0","0","0","0","0","0","1","0","0","0","1","1","0","0","0","0","0","0","0","0","0","0","0","0","0","0","1","0","0","0","1","0","0","0","0","0","0","0","0","0","0","0","0","0","0","0","0","0","0","0","0","0","0","0","0","0","0","0","0","0","0","0","0","0","0","0","0","0","0","0","0","0","0","0","1","202103","202204","2062"
"7345534","530010","70770100","14346433000108","3","1","00000000000000","","","","","","0","E","","","04","","01","22","03","","99","","","","","","","","","","","","","","","","0","0","1","0","0","0","1","0","0","0","0","0","0","0",0,0,0,"0",0,0,0,0,0,0,0,0,0,0,0,0,0,0,"0",0,0,0,1,0,0,0,0,0,0,0,0,0,0,0,0,"1",0,0,0,"0",0,0,0,0,"0",0,0,0,0,0,0,0,0,0,0,0,0,0,0,0,"0","0","0","0","0","0","0","0","0","0","0","0","0","0","0","0","0","0","0","0","0","0","0","0","0","0","0","0","1","1","0","0","0","0","0","0","0","0","0","0","0","0","0","0","0","0","0","0","0","0","0","1","0","0","0","0","0","0","0","0","0","0","0","0","0","0","0","0","0","0","0","0","0","0","0","0","0","0","0","0","0","0","0","0","0","0","0","0","0","0","0","0","1","202201","202204","2062"
"7345607","530010","70715900","15262774000168","3","1","00000000000000","","","","0005","","0","E","","","04","","01","36","03","","99","","","","","","","","007711-02","20190814","1","","","","","","0","0","1","0","0","0","1","0","0","0","0","0","0","0",0,0,0,"0",0,0,0,0,0,0,0,0,0,0,0,0,0,0,"0",1,0,0,0,0,0,0,0,0,0,0,0,0,0,0,0,"1",0,0,0,"0",0,0,0,0,"0",0,0,0,0,0,0,0,0,0,0,0,0,0,0,0,"0","0","1","0","0","0","0","0","0","0","0","0","0","0","0","0","0","0","0","0","0","0","0","0","1","0","0","0","1","1","0","0","0","0","0","0","0","0","0","0","0","0","0","0","0","0","0","0","0","0","0","1","0","0","0","1","0","0","0","0","0","0","0","0","0","0","0","0","0","0","0","0","0","0","0","0","0","0","0","0","0","0","0","0","0","0","0","0","0","0","0","0","1","202006","202204","2062"
"7347715","530010","72240540","00000000000000","3","3","00394700000108","","05","","0040","","1","E","","","04","","01","02","03","","99","","","","","","","","","","","","","","","","1","0","1","0","0","0","1","0","0","0","0","0","0","0",0,0,0,"0",0,0,0,0,0,0,0,0,0,0,0,0,0,0,"0",4,0,0,1,0,0,0,0,2,0,4,1,1,0,1,0,"1",0,0,0,"0",0,0,0,0,"0",0,0,0,0,0,0,0,0,0,0,0,0,0,0,0,"0","0","1","0","0","0","1","0","1","1","0","0","0","0","0","0","0","0","0","0","0","0","0","0","1","1","1","0","1","1","0","0","0","0","0","0","0","0","0","0","0","0","0","0","0","0","0","0","0","0","1","0","0","0","0","0","0","0","0","0","0","0","0","0","0","0","0","0","0","0","0","0","0","0","0","0","0","0","0","0","0","0","0","0","0","0","0","0","0","0","0","0","1","202204","202204","1023"
"7347723","530010","72242000","00000000000000","3","3","00394700000108","","05","","0040","","1","E","","","04","","01","02","03","","99","","","","","","","","","","","","","","","","1","0","1","0","0","0","1","0","0","0","0","0","0","0",0,0,0,"0",0,0,0,0,0,0,0,0,0,0,0,0,0,0,"0",4,0,0,3,0,0,0,0,3,0,0,1,1,0,1,0,"1",0,0,0,"0",0,0,0,0,"0",0,0,0,0,0,0,0,0,0,0,0,0,0,0,0,"0","0","0","0","0","0","1","0","1","0","0","0","0","0","0","0","0","0","0","0","0","0","0","0","1","1","1","0","1","1","0","0","0","0","0","0","0","0","0","0","0","0","0","0","0","0","0","0","0","0","1","0","0","0","0","0","0","0","0","0","0","0","0","0","0","0","0","0","0","0","0","0","0","0","0","0","0","0","0","0","0","0","0","0","0","0","0","0","0","0","0","0","1","202204","202204","1023"
"7348541","530010","70390145","17887818000170","3","1","00000000000000","","","","","","0","E","","","04","","01","36","03","","99","","","","","","","","EAS.00112-03","20210818","1","","","","","","0","0","1","0","0","0","1","0","0","0","0","0","0","0",0,0,0,"0",0,0,0,0,0,0,0,0,0,0,0,0,0,0,"0",0,0,0,2,0,0,0,0,0,0,0,0,0,0,0,0,"1",0,0,0,"0",0,0,0,0,"0",0,0,0,0,0,0,0,0,0,0,0,0,0,0,0,"0","0","1","0","0","0","0","0","0","0","0","0","0","0","0","0","0","0","0","0","0","0","0","0","1","0","0","0","1","1","0","0","0","0","0","0","0","0","0","0","0","0","0","0","0","0","0","0","0","0","0","1","0","0","0","0","0","0","0","0","0","0","0","0","0","0","0","0","0","0","0","0","0","0","0","0","0","0","0","0","0","0","0","0","0","0","0","0","0","0","0","0","1","202111","202204","2305"
"7348630","530010","70390700","18291774000184","3","1","00000000000000","","","","","","0","E","","","04","","03","22","03","","99","","","","","","","","EAS 20104-01","20200912","1","","","","","","0","0","1","0","0","0","1","0","0","0","0","0","0","0",0,0,0,"0",0,0,0,0,0,0,0,0,0,0,0,0,0,0,"0",1,0,0,0,0,0,0,0,0,0,0,0,0,0,0,0,"1",0,0,0,"0",0,0,0,0,"0",0,0,0,0,0,0,0,0,0,0,0,0,0,0,0,"0","0","1","0","0","0","0","0","0","0","0","0","0","0","0","0","0","0","0","0","0","0","0","0","1","0","0","0","1","1","0","0","0","0","0","0","0","0","0","0","0","0","0","0","0","0","0","0","0","0","0","1","0","0","0","1","0","0","0","0","0","0","0","0","0","0","0","0","0","0","0","0","0","0","0","0","0","0","0","0","0","0","0","0","0","0","0","0","0","0","0","0","1","202105","202204","2062"
"7350171","530010","71909720","17993952000156","3","1","00000000000000","","","","0010","","0","E","","","04","","01","36","04","","99","","","","","","","","INDETERMINADO","20130429","1","","","","","","0","0","1","0","0","0","1","0","0","0","0","0","0","0",0,0,0,"0",0,0,0,0,0,0,0,0,0,0,0,0,0,0,"0",0,0,0,1,0,0,0,0,0,0,0,0,0,0,0,0,"1",0,0,0,"0",0,0,0,0,"0",0,0,0,0,0,0,0,0,0,0,0,0,0,0,0,"0","0","1","0","0","0","0","0","0","0","0","0","0","0","0","0","0","0","0","0","0","0","0","0","1","0","0","0","1","1","0","0","0","0","0","0","0","0","0","0","0","0","0","0","0","0","0","0","0","0","0","1","0","0","0","0","0","0","0","0","0","0","0","0","0","0","0","0","0","0","0","0","0","0","0","0","0","0","0","0","0","0","0","0","0","0","0","0","0","0","0","0","1","202005","202204","2062"
"7351429","530010","71936250","18284905000104","3","1","00000000000000","","","","9901","","0","E","","","04","","03","36","03","","99","","","","","","","","RLE","20210218","1","","","","","","0","0","1","0","0","0","1","0","0","0","0","0","0","0",0,0,0,"0",0,0,0,0,0,0,0,0,0,0,0,0,0,0,"0",1,1,0,0,0,0,0,0,0,0,0,0,0,0,0,0,"1",0,0,0,"0",0,0,0,0,"0",0,0,0,0,0,0,0,0,0,0,0,0,0,0,0,"0","0","1","0","0","0","0","0","0","0","0","0","0","0","0","0","0","0","0","0","0","0","0","0","1","1","0","0","1","1","0","0","0","0","0","0","0","0","0","0","0","0","0","0","0","0","0","0","0","0","0","1","0","0","0","1","0","0","0","0","0","0","0","0","0","0","0","0","0","0","0","0","0","0","0","0","0","0","0","0","0","0","0","0","0","0","0","0","0","0","0","0","1","202107","202204","2062"
"7353103","530010","70770568","18336254000140","3","1","00000000000000","","","","0010","","0","E","","","04","","01","22","03","","99","","","","","","","","EAS- 00716-02","20220130","1","","","","","","0","0","1","0","0","0","1","0","0","0","0","0","0","0",0,0,0,"0",0,0,0,0,0,0,0,0,0,0,0,0,0,0,"0",0,1,0,0,0,0,0,0,0,0,0,0,0,0,0,0,"1",0,0,0,"0",0,0,0,0,"0",0,0,0,0,0,0,0,0,0,0,0,0,0,0,0,"0","0","1","0","0","0","0","0","1","0","0","0","0","0","0","0","0","0","0","0","0","0","0","0","1","1","0","0","1","1","0","0","0","0","0","0","0","0","0","0","0","0","0","0","0","0","0","0","0","0","0","1","0","0","0","1","0","0","0","0","0","0","0","0","0","0","0","0","0","0","0","0","0","0","0","0","0","0","0","0","0","0","0","0","0","0","0","0","0","0","0","0","1","202202","202204","2062"
"7356099","530010","70390095","18585205000141","3","1","00000000000000","","","","0015","","0","E","","","04","","03","22","03","","99","","","","","","","","EAS 20108-01","20201123","1","","","","","","0","0","1","0","0","0","1","0","0","0","0","0","0","0",0,0,0,"0",0,0,0,0,0,0,0,0,0,0,0,0,0,0,"0",0,1,0,0,0,0,0,0,0,0,0,0,0,0,0,0,"1",0,0,0,"0",0,0,0,0,"0",0,0,0,0,0,0,0,0,0,0,0,0,0,0,0,"0","0","1","0","0","0","0","0","0","0","0","0","0","0","0","0","0","0","0","0","0","0","0","0","1","0","0","0","1","1","0","0","0","0","0","0","0","0","0","0","0","0","0","0","0","0","0","0","0","0","0","1","0","0","0","1","0","0","0","0","0","0","0","0","0","0","0","0","0","0","0","0","0","0","0","0","0","0","0","0","0","0","0","0","0","0","0","0","0","0","0","0","1","202011","202204","2062"
"7356102","530010","70390145","16623828000136","3","1","00000000000000","","","","","","0","E","","","04","","03","22","03","","99","","","","","","","","03586","20180821","1","","","","","","0","0","1","0","0","0","1","0","0","0","0","0","0","0",0,0,0,"0",0,0,0,0,0,0,0,0,0,0,0,0,0,0,"0",1,0,0,0,0,0,0,0,0,0,0,0,0,0,0,0,"1",0,0,0,"0",0,0,0,0,"0",0,0,0,0,0,0,0,0,0,0,0,0,0,0,0,"0","0","1","0","0","0","0","0","0","0","0","0","0","0","0","0","0","0","0","0","0","0","0","0","1","0","0","0","1","1","0","0","0","0","0","0","0","0","0","0","0","0","0","0","0","0","0","0","0","0","0","1","0","0","0","0","0","0","0","0","0","0","0","0","0","0","0","0","0","0","0","0","0","0","0","0","0","0","0","0","0","0","0","0","0","0","0","0","0","0","0","0","1","201808","202204","2305"
"7356129","530010","70390150","00648717000306","3","1","00000000000000","","","","0010","","0","E","","","04","","03","36","04","","99","001","34789","0000004057895X","","","","","EAS.05236-01","20200211","1","","","","","","0","0","1","0","1","0","1","0","0","0","0","0","0","0",0,0,0,"0",0,0,0,1,0,0,0,0,0,1,0,0,0,0,"1",0,6,0,1,0,0,0,0,0,0,1,0,0,0,0,1,"1",0,0,0,"0",0,0,0,0,"0",0,0,0,0,0,0,0,0,0,0,0,0,0,0,0,"0","0","1","0","1","0","0","0","0","1","1","0","0","0","0","0","0","1","1","0","0","1","0","0","1","1","1","0","1","1","0","0","0","0","0","0","0","0","0","0","0","0","0","0","0","0","0","0","0","0","0","1","0","0","0","1","0","0","0","0","0","0","0","0","0","0","0","0","0","0","0","0","0","0","0","0","0","0","0","0","0","0","0","0","0","0","0","0","0","0","0","0","1","202105","202204","2062"
"7357672","530010","72010120","00346098001296","3","1","00000000000000","","","","0180","","0","E","","","04","","03","39","03","","99","","","","","","","","LAB.000010-14","20200504","1","","","","","","0","0","1","0","0","0","1","0","0","0","0","0","0","0",0,0,0,"0",0,0,0,0,0,0,0,0,0,0,0,0,0,0,"0",0,2,0,0,0,0,0,0,0,0,0,0,0,0,0,0,"1",0,0,0,"0",0,0,0,0,"0",0,0,0,0,0,0,0,0,0,0,0,0,0,0,0,"0","0","1","0","0","0","0","0","0","1","0","0","0","0","0","0","0","1","0","0","0","0","0","0","1","1","0","0","1","1","0","0","0","0","0","0","0","0","0","0","0","0","0","0","0","0","0","0","0","0","0","1","0","0","0","1","0","0","0","0","0","0","0","0","0","0","0","0","0","0","0","0","0","0","0","0","0","0","0","0","0","0","0","0","0","0","0","0","0","0","0","0","1","202011","202204","2062"
"7359365","530010","70390150","17637154000191","3","1","00000000000000","","","","","","0","E","","","04","","03","36","03","","99","","","","","","","","EAS-1140","20210708","1","","","","","","0","0","1","0","0","0","1","0","0","0","0","0","0","0",0,0,0,"0",0,0,0,0,0,0,0,0,0,0,0,0,0,0,"0",0,2,0,0,0,0,0,0,0,0,0,0,0,0,0,0,"1",0,0,0,"0",0,0,0,0,"0",0,0,0,0,0,0,0,0,0,0,0,0,0,0,0,"0","0","1","0","0","0","0","0","0","0","0","0","0","0","0","0","0","0","0","0","0","0","0","0","1","0","0","0","1","1","0","0","0","0","0","0","0","0","0","0","0","0","0","0","0","0","0","0","0","0","0","1","0","0","0","1","0","0","0","0","0","0","0","0","0","0","0","0","0","0","0","0","0","0","0","0","0","0","0","0","0","0","0","0","0","0","0","0","0","0","0","0","1","202111","202204","2240"
"7359381","530010","70390055","15323828000158","3","1","00000000000000","","","","0010","","0","E","","","04","","03","62","04","","99","","","","","","","","53201795314","20200213","1","","","","","","0","0","1","0","0","0","1","0","0","0","0","1","0","1",0,0,0,"0",0,0,0,0,0,0,0,0,0,0,0,0,0,0,"0",0,4,0,0,0,0,0,0,0,0,0,0,0,0,0,0,"1",0,0,0,"0",0,0,0,0,"0",0,0,0,0,0,0,0,0,0,0,0,0,0,0,0,"0","0","1","0","0","0","0","0","0","0","0","0","0","0","0","0","0","0","0","0","0","0","0","0","1","0","0","0","1","1","0","0","0","0","0","0","0","0","0","0","0","0","0","0","0","0","0","0","0","0","0","1","0","0","0","0","0","0","0","0","0","0","0","0","0","0","0","0","0","0","0","0","0","0","0","0","0","0","0","0","0","0","0","0","0","0","0","0","0","0","0","0","1","202106","202204","2062"
"7359403","530010","70390700","09437874000266","3","1","00000000000000","","","","","","0","E","","","04","","01","36","03","","99","","","","","","","","EAS.20534-01","20210521","1","","","","","","0","0","1","0","0","0","1","0","0","0","0","0","0","0",0,0,0,"0",0,0,0,0,0,0,0,0,0,0,0,0,0,0,"0",0,1,0,0,0,0,0,0,0,0,0,0,0,0,0,0,"1",0,0,0,"0",0,0,0,0,"0",0,0,0,0,0,0,0,0,0,0,0,0,0,0,0,"0","0","1","0","0","0","0","0","0","0","0","0","0","0","0","0","0","0","0","0","0","0","0","0","1","0","0","0","1","1","0","0","0","0","0","0","0","0","0","0","0","0","0","0","0","0","0","0","0","0","0","1","0","0","0","1","0","0","0","0","0","0","0","0","0","0","0","0","0","0","0","0","0","0","0","0","0","0","0","0","0","0","0","0","0","0","0","0","0","0","0","0","1","202202","202204","2062"
"7361858","530010","71736970","18302544000173","3","1","00000000000000","","","","","","0","E","","","04","","03","77","03","","99","","","","","","","","EAS.00059-14","20201007","2","","","","","","0","0","1","0","0","0","1","0","0","0","0","0","0","0",0,0,0,"0",0,0,0,0,0,0,0,0,0,0,0,0,0,0,"0",0,1,0,0,0,0,0,0,0,0,0,0,0,0,0,0,"1",0,0,0,"0",0,0,0,0,"0",0,0,0,0,0,0,0,0,0,0,0,0,0,0,0,"0","0","1","0","0","0","0","0","0","0","0","0","0","0","0","0","0","0","0","1","0","0","0","0","1","0","0","0","1","1","0","0","0","0","0","0","0","0","0","0","0","0","0","0","0","0","0","0","0","0","0","1","0","0","0","1","0","0","0","0","0","0","0","0","0","0","0","0","0","0","0","0","0","0","0","0","0","0","0","0","0","0","0","0","0","0","0","0","0","0","0","0","1","202010","202204","2305"
"7366442","530010","73307993","00000000000000","3","3","00394700000108","","06","","0120","","1","E","","","04","","01","40","03","","99","","","","","","","","","","","","","","","","1","0","0","0","0","0","1","0","0","0","0","0","0","0",0,0,0,"0",0,0,0,0,0,0,0,0,0,0,0,0,0,0,"0",0,0,0,0,0,0,0,0,1,0,0,0,0,0,0,0,"1",0,0,0,"0",0,0,0,0,"0",0,0,0,0,0,0,0,0,0,0,0,0,0,0,0,"0","0","1","0","0","0","0","0","1","0","0","0","0","0","0","0","0","0","0","0","0","0","0","0","1","1","0","0","1","1","0","0","0","0","0","0","0","0","0","0","0","0","0","0","0","0","0","0","0","0","1","0","0","0","0","0","0","0","0","0","0","0","0","0","0","0","0","0","0","0","0","0","0","0","0","0","0","0","0","0","0","0","0","0","0","0","0","0","0","0","0","0","1","202204","202204","1023"
"7368895","530010","73080050","00000000000000","3","3","00394700000108","","06","","0170","","1","E","","","03","","01","02","04","","99","","","","","","","","","","","","","","","","1","0","0","0","0","0","1","0","0","0","0","0","0","0",0,0,0,"0",0,0,0,0,0,0,0,0,0,0,0,0,0,0,"0",8,0,0,3,0,0,0,1,7,0,5,1,1,0,1,0,"1",0,0,0,"0",0,0,0,0,"0",0,0,0,0,0,0,0,0,0,0,0,0,0,0,0,"0","0","0","1","1","0","1","0","1","0","1","0","0","0","0","0","0","0","0","0","0","0","0","0","1","1","1","0","1","1","0","0","0","0","0","0","0","0","0","0","0","0","0","0","0","0","0","0","0","0","1","0","0","0","0","0","0","0","0","0","0","0","0","0","0","0","0","0","0","0","0","1","0","0","0","0","0","0","1","0","0","0","0","0","0","0","0","0","0","0","0","0","1","202204","202204","1023"
"7371268","530010","72120140","18328152000183","3","1","00000000000000","","","","0180","","0","E","","","04","","03","36","03","","99","","","","","","","","EAS.00181-15","20190315","1","","","","","","0","0","1","0","0","0","1","0","0","0","0","0","0","0",0,0,0,"0",0,0,0,0,0,0,0,0,0,0,0,0,0,0,"0",0,1,0,2,0,0,0,0,0,0,0,0,0,0,0,0,"1",0,0,0,"0",0,0,0,0,"0",0,0,0,0,0,0,0,0,0,0,0,0,0,0,0,"0","0","0","1","0","0","0","0","0","0","0","0","0","0","0","0","0","0","0","0","0","0","0","0","1","0","0","0","1","1","0","0","0","0","0","0","0","0","0","0","0","0","0","0","0","0","0","0","0","0","0","1","0","0","0","1","0","0","0","0","0","0","0","0","0","0","0","0","0","0","0","0","0","0","0","0","0","0","0","0","0","0","0","0","0","0","0","0","0","0","0","0","1","202003","202204","2062"
"7372353","530010","70670307","07443193000102","3","1","00000000000000","","","","9931","","0","E","","","04","","03","04","04","","99","","","","","","","","EAS 00093-07/2021","20210708","1","","","","","","0","0","1","0","0","0","1","0","0","0","0","0","0","0",0,0,0,"0",0,0,0,0,0,0,0,0,0,0,0,0,0,0,"0",0,4,0,0,0,0,0,0,0,0,0,0,0,0,0,0,"1",0,0,0,"0",0,0,0,0,"0",0,0,0,0,0,0,0,0,0,0,0,0,0,0,0,"0","0","1","0","0","0","0","0","0","0","0","0","0","0","0","0","0","0","0","0","0","0","0","0","1","0","0","0","1","1","0","0","0","0","0","0","0","0","0","0","0","0","0","0","0","0","0","0","0","0","0","1","0","0","0","1","0","0","0","0","0","0","0","0","0","0","0","0","0","0","0","0","0","0","0","0","0","0","0","0","0","0","0","0","0","0","0","0","0","0","0","0","1","202111","202204","2232"
"7372388","530010","70660900","12620652000108","3","1","00000000000000","","","","9931","","0","E","","","04","","03","04","04","","99","","","","","","","","RLE","20191015","1","","","","","","0","0","1","0","0","0","1","0","0","0","0","0","0","0",0,0,0,"0",0,0,0,0,0,0,0,0,0,0,0,0,0,0,"0",1,0,0,5,0,0,0,0,0,0,0,0,0,0,0,0,"1",0,0,0,"0",0,0,0,0,"0",0,0,0,0,0,0,0,0,0,0,0,0,0,0,0,"0","0","1","0","0","0","0","0","0","0","0","0","0","0","0","0","0","0","0","0","0","0","0","0","1","0","0","0","1","1","0","0","0","0","0","0","0","0","0","0","0","0","0","0","0","0","0","0","0","0","0","1","0","0","0","1","0","0","0","0","0","0","0","0","0","0","0","0","0","0","0","0","0","0","0","0","0","0","0","0","0","0","0","0","0","0","0","0","0","0","0","0","1","202105","202204","2062"
"7379110","530010","70790050","00000000000000","3","3","00394700000108","","02","","","","1","E","","","04","","03","70","03","","99","","","","","","","","","","","","","","","","0","0","1","0","0","0","1","0","0","0","0","0","0","0",0,0,0,"0",0,0,0,0,0,0,0,0,0,0,0,0,0,0,"0",0,3,2,0,0,0,0,0,0,0,0,0,0,0,0,0,"1",0,0,0,"0",0,0,0,0,"0",0,0,0,0,0,0,0,0,0,0,0,0,0,0,0,"0","0","1","0","1","0","1","0","0","0","0","0","0","0","0","0","1","0","0","0","0","0","0","0","1","0","0","0","1","1","0","0","0","0","0","0","0","0","0","0","0","0","0","0","0","0","0","0","0","0","1","0","0","0","0","0","0","0","0","0","0","0","0","0","0","0","0","0","0","0","0","0","0","0","0","0","0","0","0","0","0","0","0","0","0","0","0","0","0","0","0","0","1","202108","202204","1023"
"7379943","530010","71697015","15698373000155","3","1","00000000000000","","","","","","0","E","","","04","","03","62","06","","99","","","","","","","","EAS.000045-18","20190923","1","","","","","","0","0","0","0","0","0","0","0","0","0","0","1","0","1",0,0,0,"0",0,0,0,0,0,0,0,2,0,0,1,0,0,0,"1",0,2,0,0,0,0,0,0,0,0,0,0,0,0,0,0,"1",1,0,0,"1",0,0,0,0,"0",0,0,0,0,0,0,0,0,0,0,0,0,0,0,0,"0","1","1","0","0","0","0","0","1","0","0","0","0","0","0","0","0","0","0","1","0","0","0","0","1","1","0","1","1","1","0","0","0","0","0","0","0","0","0","0","0","0","0","0","1","0","0","0","1","0","0","0","0","0","0","0","0","0","0","0","0","0","0","0","0","0","0","0","0","0","0","0","0","0","0","0","0","0","0","0","0","0","0","0","0","0","0","0","0","0","0","0","1","202002","202204","2062"
"7379986","530010","70390108","16941522000128","3","1","00000000000000","","","","0015","","0","E","","","04","","03","36","03","","99","","","","","","","","EAS 20184/2021","20210701","1","","","","","","0","0","1","0","0","0","1","0","0","0","0","0","0","0",0,0,0,"0",0,0,0,0,0,0,0,0,0,0,0,0,0,0,"0",0,1,0,0,0,0,0,0,0,0,0,0,0,0,0,0,"1",0,0,0,"0",0,0,0,0,"0",0,0,0,0,0,0,0,0,0,0,0,0,0,0,0,"0","0","1","0","0","0","0","0","0","0","0","0","0","0","0","0","0","0","0","0","0","0","0","0","1","0","0","0","1","1","0","0","0","0","0","0","0","0","0","0","0","0","0","0","0","0","0","0","0","0","0","1","0","0","0","1","0","0","0","0","0","0","0","0","0","0","0","0","0","0","0","0","0","0","0","0","0","0","0","0","0","0","0","0","0","0","0","0","0","0","0","0","1","202111","202204","2135"
"7380151","530010","70390095","17316416000116","3","1","00000000000000","","","","0015","","0","E","","","04","","01","22","05","","99","","","","","","","","53201850293","20190527","1","","","","","","0","0","1","0","0","0","1","0","0","0","0","0","0","0",0,0,0,"0",0,0,0,0,0,0,0,0,0,0,0,0,0,0,"0",0,0,0,1,0,0,0,0,0,0,0,0,0,0,0,0,"1",0,0,0,"0",0,0,0,0,"0",0,0,0,0,0,0,0,0,0,0,0,0,0,0,0,"0","0","1","0","0","0","0","0","0","0","0","0","0","0","0","0","0","0","0","0","0","0","0","0","1","0","0","0","1","1","0","0","0","0","0","0","0","0","0","0","0","0","0","0","0","0","0","0","0","0","0","1","0","0","0","1","0","0","0","0","0","0","0","0","0","0","0","0","0","0","0","0","0","0","0","0","0","0","0","0","0","0","0","0","0","0","0","0","0","0","0","0","1","202110","202204","2062"
"7380275","530010","70844510","18350288000190","3","1","00000000000000","","","","0010","","0","E","","","04","","01","22","01","","99","","","","","","","","2553","20181022","1","","","","","","0","0","1","0","0","0","1","0","0","0","0","0","0","0",0,0,0,"0",0,0,0,0,0,0,0,0,0,0,0,0,0,0,"0",0,0,0,0,0,0,0,0,1,0,0,0,0,0,0,0,"1",0,0,0,"0",0,0,0,0,"0",0,0,0,0,0,0,0,0,0,0,0,0,0,0,0,"0","0","0","0","0","0","0","0","1","0","0","0","0","0","0","0","0","0","0","1","0","0","0","0","1","1","0","0","1","1","0","0","0","0","0","0","0","0","0","0","0","0","0","0","0","0","0","0","0","0","0","0","0","0","0","1","0","0","0","0","0","0","0","0","0","0","0","0","0","0","0","0","0","0","0","0","0","0","0","0","0","0","0","0","0","0","0","0","0","0","0","0","1","201908","202204","2062"
"7380321","530010","70830300","18661148000132","3","1","00000000000000","","","","0005","","0","E","","","04","","","22","04","","99","","","","","","","","CERT. DE LICENCIAMENTO","20180314","1","","","","","","0","0","1","0","0","0","1","0","0","0","0","0","0","0",0,0,0,"0",0,0,0,0,0,0,0,0,0,0,0,0,0,0,"0",0,0,0,2,0,0,0,0,0,0,0,0,0,0,0,0,"1",0,0,0,"0",0,0,0,0,"0",0,0,0,0,0,0,0,0,0,0,0,0,0,0,0,"0","0","1","0","0","0","0","0","0","0","0","0","0","0","0","0","0","0","0","0","0","0","0","0","1","0","0","0","1","1","0","0","0","0","0","0","0","0","0","0","0","0","0","0","0","0","0","0","0","0","0","1","0","0","0","1","0","0","0","0","0","0","0","0","0","0","0","0","0","0","0","0","0","0","0","0","0","0","0","0","0","0","0","0","0","0","0","0","0","0","0","0","1","202204","202204","2062"
"7380348","530010","70770909","18939204000158","3","1","00000000000000","","","","","","0","E","","","04","","01","36","04","","99","","","","","","","","EAS 00719-02","20190918","1","","","","","","0","0","1","0","0","0","1","0","0","0","0","0","0","0",0,0,0,"0",0,0,0,0,0,0,0,0,0,0,0,0,0,0,"0",0,3,0,0,0,0,0,0,0,0,0,0,0,0,0,0,"1",0,0,0,"0",0,0,0,0,"0",0,0,0,0,0,0,0,0,0,0,0,0,0,0,0,"0","0","1","0","0","0","0","0","0","0","0","0","0","0","0","0","0","0","0","0","0","0","0","0","1","0","0","0","1","1","0","0","0","0","0","0","0","0","0","0","0","0","0","0","0","0","0","0","0","0","0","1","0","0","0","1","0","0","0","0","0","0","0","0","0","0","0","0","0","0","0","0","0","0","0","0","0","0","0","0","0","0","0","0","0","0","0","0","0","0","0","0","1","201910","202204","2062"
"7382243","530010","71215000","00000000000000","3","3","00394700000108","","","","0070","","1","E","","","04","","03","79","03","","99","","","","","","","","","","","","","","","","0","0","1","0","0","0","1","0","0","0","0","0","0","0",0,0,0,"0",0,0,0,0,0,0,0,0,0,0,0,0,0,0,"0",0,0,0,10,0,0,0,0,0,0,0,0,0,1,0,0,"1",0,0,0,"0",0,0,0,0,"0",0,0,0,0,0,0,0,0,0,0,0,0,0,0,0,"0","0","0","0","0","0","0","0","0","0","0","0","0","0","0","0","0","0","1","1","0","0","0","0","1","0","0","0","0","0","0","0","0","0","0","0","0","0","0","0","0","0","0","0","0","0","0","0","0","0","1","0","0","0","0","0","0","0","0","0","0","0","0","0","0","0","0","0","0","0","0","0","0","0","0","0","0","0","0","0","0","0","0","0","0","0","0","0","0","0","0","0","1","202112","202204","1023"
"7388659","530010","71953000","19109348000140","3","1","00000000000000","","","","","","0","E","","","04","","03","04","04","","99","","","","","","","","EAS 00219-14","20190701","1","","","","","","0","0","1","0","0","0","1","0","0","0","0","0","0","0",0,0,0,"0",0,0,0,0,0,0,0,0,0,0,0,0,0,0,"0",15,0,0,0,0,0,0,0,0,0,0,0,0,0,0,0,"1",0,0,0,"0",0,0,0,0,"0",0,0,0,0,0,0,0,0,0,0,0,0,0,0,0,"0","0","1","0","0","0","0","0","0","0","0","0","0","0","0","0","0","0","0","0","0","0","0","0","1","1","0","0","1","1","0","0","0","0","0","0","0","0","0","0","0","0","0","0","0","0","0","0","0","0","0","1","0","0","0","1","0","0","0","0","0","0","0","0","0","0","0","0","0","0","0","0","0","0","0","0","0","0","0","0","0","0","0","0","0","0","0","0","0","0","0","0","1","202006","202204","2062"
"7391943","530010","70770130","00346098001881","3","1","00000000000000","","","","0010","","0","E","","","04","","03","39","03","","99","","","","","","","","LAB-0026-02","20200813","1","","","","","","0","0","1","0","0","0","1","0","0","0","0","0","0","0",0,0,0,"0",0,0,0,0,0,0,0,0,0,0,0,0,0,0,"0",0,0,0,0,0,0,0,0,0,0,0,0,0,0,0,0,"0",0,0,0,"0",0,0,0,0,"0",0,0,0,0,0,0,0,0,0,0,0,0,0,0,0,"0","0","1","0","0","0","0","0","0","1","0","0","0","0","0","0","0","1","0","0","0","0","0","0","1","1","0","0","1","1","0","0","0","0","0","0","0","0","0","0","0","0","0","0","0","0","0","0","0","0","0","1","0","0","0","1","0","0","0","0","0","0","0","0","0","0","0","0","0","0","0","0","0","0","0","0","0","0","0","0","0","0","0","0","0","0","0","0","0","0","0","0","1","202011","202204","2062"
"7394896","530010","70077900","18188635000120","3","1","00000000000000","","","","","","0","E","","","04","","03","22","03","","99","","","","","","","","EAS 00700-02","20191104","1","","","","","","0","0","1","0","0","0","1","0","0","0","0","0","0","0",0,0,0,"0",0,0,0,0,0,0,0,0,0,0,0,0,0,0,"0",1,0,0,0,0,0,0,0,0,0,0,0,0,0,0,0,"1",0,0,0,"0",0,0,0,0,"0",0,0,0,0,0,0,0,0,0,0,0,0,0,0,0,"0","0","0","0","0","0","0","0","0","0","0","0","0","0","0","0","0","0","0","0","0","0","0","0","0","0","0","0","1","1","0","0","0","0","0","0","0","0","0","0","0","0","0","0","0","0","0","0","0","0","0","1","0","0","0","1","0","0","0","0","0","0","0","0","0","0","0","0","0","0","0","0","0","0","0","0","0","0","0","0","0","0","0","0","0","0","0","0","0","0","0","0","1","202003","202204","2232"
"7395167","530010","70390100","18691074000187","3","1","00000000000000","","","","","","0","E","","","04","","03","36","03","","99","","","","","","","","RLE","20200122","1","","","","","","0","0","1","0","0","0","1","0","0","0","0","0","0","0",0,0,0,"0",0,0,0,0,0,0,0,0,0,0,0,0,0,0,"0",0,1,0,0,0,0,0,0,0,0,0,0,0,0,0,0,"1",0,0,0,"0",0,0,0,0,"0",0,0,0,0,0,0,0,0,0,0,0,0,0,0,0,"0","0","1","0","0","0","0","0","0","0","0","0","0","0","0","0","0","0","0","0","0","0","0","0","1","0","0","0","1","1","0","0","0","0","0","0","0","0","0","0","0","0","0","0","0","0","0","0","0","0","0","1","0","0","0","1","0","0","0","0","0","0","0","0","0","0","0","0","0","0","0","0","0","0","0","0","0","0","0","0","0","0","0","0","0","0","0","0","0","0","0","0","1","202009","202204","2062"
"7395612","530010","70770904","18114948000133","3","1","00000000000000","","","","","","0","E","","","04","","03","36","03","","99","","","","","","","","EAS 00728-02","20200620","1","","","","","","0","0","1","0","0","0","1","0","0","0","0","0","0","0",0,0,0,"0",0,0,0,0,0,0,0,0,0,0,0,0,0,0,"0",0,1,0,0,0,0,0,0,0,0,0,0,0,0,0,0,"1",0,0,0,"0",0,0,0,0,"0",0,0,0,0,0,0,0,0,0,0,0,0,0,0,0,"0","0","1","0","0","0","0","0","0","0","0","0","0","0","0","0","0","0","0","0","0","0","0","0","1","0","0","0","1","1","0","0","0","0","0","0","0","0","0","0","0","0","0","0","0","0","0","0","0","0","0","0","0","0","0","1","0","0","0","0","0","0","0","0","0","0","0","0","0","0","0","0","0","0","0","0","0","0","0","0","0","0","0","0","0","0","0","0","0","0","0","0","1","202108","202204","2062"
"7398611","530010","71255050","00000000000000","3","3","00394700000108","","","","0010","","1","E","","","04","","03","42","06","","99","","","","","","","","","","","","","","","","0","0","1","0","1","0","1","0","0","0","0","0","0","0",0,0,0,"0",0,0,0,0,0,0,0,0,0,0,0,0,0,0,"0",0,0,0,0,0,0,0,0,0,0,0,0,0,0,0,0,"0",0,0,0,"0",0,0,0,0,"0",0,0,0,0,0,0,0,0,0,0,0,0,0,0,0,"0","0","0","0","0","0","0","0","0","0","0","0","0","0","0","0","0","0","0","0","0","0","0","0","0","1","1","0","1","1","0","0","0","0","0","0","0","0","0","0","0","0","0","0","0","0","0","0","0","0","0","0","0","0","0","0","0","0","0","0","0","0","0","0","1","0","0","0","0","0","0","0","0","0","0","0","0","0","0","0","0","0","0","0","0","1","0","0","0","0","0","0","1","202204","202204","1023"
"7399839","530010","72001390","14691641000144","3","1","00000000000000","","","","9934","","0","E","","","04","","03","04","03","","99","","","","","","","","EAS.00185-15/2021","20210616","1","","","","","","0","0","1","0","0","0","1","0","0","0","0","0","0","0",0,0,0,"0",0,0,0,0,0,0,0,0,0,0,0,0,0,0,"0",0,5,0,2,0,0,0,0,0,0,0,0,0,0,0,0,"1",0,0,0,"0",0,0,0,0,"0",0,0,0,0,0,0,0,0,0,0,0,0,0,0,0,"0","0","1","0","0","0","0","0","0","0","0","0","0","0","0","0","0","0","0","0","0","0","0","0","1","0","0","0","1","1","0","0","0","0","0","0","0","0","0","0","0","0","0","0","0","0","0","0","0","0","0","1","0","0","1","1","0","0","0","0","0","0","0","0","0","0","0","0","0","0","0","0","0","0","0","0","0","0","0","0","0","0","0","0","0","0","0","0","0","0","0","0","1","202106","202204","2062"
"7403291","530010","70200700","19115942000143","3","1","00000000000000","","","","0010","","0","E","","","04","","01","22","03","","99","","","","","","","","","20180209","1","","","","","","0","0","1","0","0","0","1","0","0","0","0","0","0","0",0,0,0,"0",0,0,0,0,0,0,0,0,0,0,0,0,0,0,"0",0,1,0,0,0,0,0,0,0,0,0,0,0,0,0,0,"1",0,0,0,"0",0,0,0,0,"0",0,0,0,0,0,0,0,0,0,0,0,0,0,0,0,"0","0","1","0","0","0","0","0","0","0","0","0","0","0","0","0","0","0","0","0","0","0","0","0","1","0","0","0","1","1","0","0","0","0","0","0","0","0","0","0","0","0","0","0","0","0","0","0","0","0","0","1","0","0","0","0","0","0","0","0","0","0","0","0","0","0","0","0","0","0","0","0","0","0","0","0","0","0","0","0","0","0","0","0","0","0","0","0","0","0","0","0","1","201911","202204","2135"
"7403348","530010","71020037","18299191000108","3","1","00000000000000","","","","0070","","0","E","","","04","","03","39","03","","99","","","","","","","","LAB.00012-10","20201202","1","","","","","","0","0","1","0","0","0","1","0","0","0","0","0","0","0",0,0,0,"0",0,0,0,0,0,0,0,0,0,0,0,0,0,0,"0",0,0,0,0,0,0,0,0,0,0,0,0,0,0,0,0,"0",0,0,0,"0",0,0,0,0,"0",0,0,0,0,0,0,0,0,0,0,0,0,0,0,0,"0","0","0","0","0","0","0","0","0","0","0","0","0","0","0","0","0","0","0","0","0","0","0","0","0","1","0","0","0","1","0","0","0","0","0","0","0","0","0","0","0","0","0","0","0","0","0","0","0","0","0","0","0","0","0","0","0","0","1","0","0","0","0","0","0","0","0","0","0","0","0","0","0","0","0","0","0","0","0","0","0","0","0","0","0","0","0","0","0","0","0","0","1","202102","202204","2062"
"7403364","530010","70773500","17877149000156","3","1","00000000000000","","","","0005","","0","E","","","04","","03","36","03","","99","","","","","","","","LAB 0184-1","20210701","1","","","","","","0","0","1","0","0","0","1","0","0","0","0","0","0","0",0,0,0,"0",0,0,0,0,0,0,0,0,0,0,0,0,0,0,"0",0,0,0,3,0,0,0,0,2,0,0,0,0,0,0,0,"1",0,0,0,"0",0,0,0,0,"0",0,0,0,0,0,0,0,0,0,0,0,0,0,0,0,"0","0","1","0","0","0","0","0","0","0","0","0","0","0","0","0","0","0","0","0","0","0","0","0","1","1","0","0","1","1","0","0","0","0","0","0","0","0","0","0","0","0","0","0","0","0","0","0","0","0","0","1","0","0","1","1","0","0","0","0","0","0","0","0","0","0","0","0","0","0","0","0","0","0","0","0","0","0","0","0","0","0","0","0","0","0","0","0","0","0","0","0","1","202107","202204","2062"
"7404549","530010","70673416","02827878000120","3","1","00000000000000","","","","","","0","E","","","04","","01","36","03","","99","","","","","","","","KGO7","20200825","1","","","","","","0","0","1","0","0","0","1","0","0","0","0","0","0","0",0,0,0,"0",0,0,0,0,0,0,0,0,0,0,0,0,0,0,"0",0,1,0,0,0,0,0,0,0,0,0,0,0,0,0,0,"1",0,0,0,"0",0,0,0,0,"0",0,0,0,0,0,0,0,0,0,0,0,0,0,0,0,"0","0","1","0","0","0","0","0","0","0","0","0","0","0","0","0","0","0","0","0","0","0","0","0","1","0","0","0","1","1","0","0","0","0","0","0","0","0","0","0","0","0","0","0","0","0","0","0","0","0","0","1","0","0","0","0","0","0","0","0","0","0","0","0","0","0","0","0","0","0","0","0","0","0","0","0","0","0","0","0","0","0","0","0","0","0","0","0","0","0","0","0","1","202103","202204","2062"
"7414994","530010","73310313","18933379000158","3","1","00000000000000","","","","0120","","0","E","","","04","","03","36","03","","99","","","","","","","","00353-08","20210205","1","","","","","","0","0","1","0","0","0","1","0","0","0","0","0","0","0",0,0,0,"0",0,0,0,0,0,0,0,0,0,0,0,0,0,0,"0",0,6,0,0,0,0,0,0,0,0,0,0,0,0,0,0,"1",0,0,0,"0",0,0,0,0,"0",0,0,0,0,0,0,0,0,0,0,0,0,0,0,0,"0","0","1","0","0","0","0","0","0","0","0","0","0","0","0","0","0","0","0","0","0","0","0","0","1","1","0","0","1","1","0","0","0","0","0","0","0","0","0","0","0","0","0","0","0","0","0","0","0","0","0","1","0","0","0","1","0","0","0","0","0","0","0","0","0","0","0","0","0","0","0","0","0","0","0","0","0","0","0","0","0","0","0","0","0","0","0","0","0","0","0","0","1","202106","202204","2062"
"7416067","530010","70770560","08794180000132","3","1","00000000000000","","","","0010","","0","E","","","04","","01","04","03","","99","","","","","","","","RLE@DIGITAL","20211231","1","","","","","","0","0","1","0","0","0","1","0","0","0","0","0","0","0",0,0,0,"0",0,0,0,0,0,0,0,0,0,0,0,0,0,0,"0",1,1,0,0,0,0,0,0,0,0,0,0,0,0,0,0,"1",0,0,0,"0",0,0,0,0,"0",0,0,0,0,0,0,0,0,0,0,0,0,0,0,0,"0","0","1","0","0","0","0","0","0","0","0","0","0","0","0","0","0","0","0","0","0","0","0","0","1","1","0","0","1","1","0","0","0","0","0","0","0","0","0","0","0","0","0","0","0","0","0","0","0","0","0","1","0","0","0","1","0","0","0","0","0","0","0","0","0","0","0","0","0","0","0","0","0","0","0","0","0","0","0","0","0","0","0","0","0","0","0","0","0","0","0","0","1","202202","202204","2062"
"7416520","530010","72220216","03056609000332","3","1","00000000000000","","","","0040","","0","E","","","04","","01","36","04","","99","","","","","","","","EAS 0026216","20210223","1","","","","","","0","0","1","0","0","0","1","0","0","0","0","0","0","0",0,0,0,"0",0,0,0,1,0,0,0,0,0,0,0,0,0,3,"1",0,4,0,0,0,0,0,0,0,0,0,0,0,0,0,1,"1",0,0,2,"1",0,0,0,0,"0",0,0,0,0,0,0,0,0,0,0,0,0,0,0,0,"0","1","1","0","0","0","0","0","0","1","0","0","0","0","0","0","0","1","1","0","0","1","0","0","1","1","0","0","1","1","0","0","0","0","0","0","0","0","0","0","0","0","0","0","0","0","0","0","0","0","0","1","0","0","1","1","0","0","0","0","0","0","0","0","0","0","0","0","0","0","0","0","0","0","0","0","0","0","0","0","0","0","0","0","0","0","0","0","0","0","0","0","1","202111","202204","2062"
"7416539","530010","72215178","18964990000143","3","1","00000000000000","","","","0040","","0","E","","","04","","03","36","06","","99","","","","","","","","53101288739","20180822","1","","","","","","0","0","1","0","0","0","1","0","0","0","0","0","0","0",0,0,0,"0",0,0,0,0,0,0,0,0,0,0,0,0,0,0,"0",0,0,0,3,0,0,0,0,0,0,0,0,0,0,0,0,"1",0,0,0,"0",0,0,0,0,"0",0,0,0,0,0,0,0,0,0,0,0,0,0,0,0,"0","0","0","1","0","0","0","0","0","0","0","0","0","0","0","0","0","0","0","0","0","0","0","0","1","0","0","0","1","1","0","0","0","0","0","0","1","0","0","0","0","0","1","0","0","0","0","0","0","0","0","1","0","0","0","1","0","0","0","0","0","0","1","0","0","0","0","0","0","0","0","0","0","0","0","0","0","0","0","0","0","0","0","0","0","0","0","0","0","0","0","0","1","202107","202204","2135"
"7417632","530010","72620400","00000000000000","3","3","00394700000108","","4","","0130","","1","E","","","04","","03","02","03","","99","","","","","","","","","","","","","","","","1","0","1","0","0","0","1","0","0","0","0","0","0","0",0,0,0,"0",0,0,0,0,0,0,0,0,0,0,0,0,0,0,"0",6,0,0,3,0,0,0,0,5,0,1,1,0,0,1,0,"1",0,0,0,"0",0,0,0,0,"0",0,0,0,0,0,0,0,0,0,0,0,0,0,0,0,"0","0","1","0","1","0","1","0","1","0","0","0","0","0","0","0","0","0","0","0","0","0","0","0","1","1","1","0","1","1","0","0","0","0","0","0","0","0","0","0","0","0","0","0","0","0","0","0","0","0","1","0","0","0","0","0","0","0","0","0","0","0","0","0","0","0","0","0","0","0","0","0","0","0","0","0","0","0","0","0","0","0","0","0","0","0","0","0","0","0","0","0","1","202205","202204","1023"
"7418949","530010","70390100","19368127000196","3","1","00000000000000","","","","0015","","0","E","","","04","","03","04","03","","99","","","","","","","","RAD 05359-01","20211104","1","","","","","","0","0","1","0","0","0","1","0","0","0","0","0","0","0",0,0,0,"0",0,0,0,0,0,0,0,0,0,0,0,0,0,0,"0",0,1,0,0,0,0,0,0,0,0,0,0,0,0,0,0,"1",0,0,0,"0",0,0,0,0,"0",0,0,0,0,0,0,0,0,0,0,0,0,0,0,0,"0","0","1","0","0","0","0","0","0","0","0","0","0","0","0","0","0","0","0","0","0","0","0","0","1","1","0","0","1","1","0","0","0","0","0","0","0","0","0","0","0","0","0","0","0","0","0","0","0","0","0","1","0","0","0","1","0","0","0","0","0","0","0","0","0","0","0","0","0","0","0","0","0","0","0","0","0","0","0","0","0","0","0","0","0","0","0","0","0","0","0","0","1","202204","202204","2062"
"7418957","530010","70340902","19407498000130","3","1","00000000000000","","","","","","0","E","","","04","","03","22","03","","99","","","","","","","","ODO-612","20210626","1","","","","","","0","0","0","0","1","0","1","0","0","0","0","0","0","0",0,0,0,"0",0,0,0,0,0,0,0,0,0,0,0,0,0,0,"0",0,0,0,0,0,0,0,0,1,0,0,0,0,0,0,0,"1",0,0,0,"0",0,0,0,0,"0",0,0,0,0,0,0,0,0,0,0,0,0,0,0,0,"0","0","1","0","0","0","0","0","0","0","0","0","0","0","0","0","0","0","0","0","0","0","0","0","1","1","0","0","0","1","0","0","0","0","0","0","0","0","0","0","0","0","0","0","0","0","0","0","0","0","0","1","0","0","0","1","0","0","0","0","0","0","0","0","0","0","0","0","0","0","0","0","0","0","0","0","0","0","0","0","0","0","0","0","0","0","0","0","0","0","0","0","1","202111","202204","2305"
"7423136","530010","70200670","02769526000166","3","1","00000000000000","","","","0060","","1","E","","","04","","01","62","03","","99","001","34789","405847X","","","","","EAS 00010-20","20210817","1","","","","","","0","0","1","0","1","0","1","0","0","0","0","1","0","1",2,0,0,"1",0,0,0,0,0,0,0,0,0,0,0,0,0,6,"1",0,6,0,0,0,0,0,0,0,0,0,0,0,0,0,0,"1",0,0,1,"1",0,0,0,0,"0",0,0,0,0,0,0,0,0,0,0,0,0,0,0,0,"0","1","1","0","0","0","0","0","1","0","0","0","0","0","0","0","0","1","0","1","0","1","0","0","1","0","1","0","1","1","0","0","0","0","0","1","0","0","0","0","0","0","1","1","0","0","0","0","0","0","1","1","0","0","0","1","0","0","1","0","0","0","1","0","0","0","0","0","0","0","0","0","0","0","0","0","0","0","0","0","0","0","0","0","0","0","0","0","0","0","0","0","1","202203","202204","2062"
"7423489","530010","71693032","00000000000000","3","3","00394700000108","","07","","0160","","1","E","","","04","","03","02","03","","99","","","","","","","","","","","","","","","","1","0","0","0","0","0","1","0","0","0","0","0","0","0",0,0,0,"0",0,0,0,0,0,0,0,0,0,0,0,0,0,0,"0",1,0,0,1,0,0,0,0,0,0,1,1,0,0,0,0,"1",0,0,0,"0",0,0,0,0,"0",0,0,0,0,0,0,0,0,0,0,0,0,0,0,0,"0","0","1","0","0","0","1","0","0","0","0","0","0","0","0","0","0","0","0","0","0","0","0","0","1","1","0","0","1","1","0","0","0","0","0","0","0","0","0","0","0","0","0","0","0","0","0","0","0","0","1","0","0","0","0","0","0","0","0","0","0","0","0","0","0","0","0","0","0","0","0","0","0","0","0","0","0","0","0","0","0","0","0","0","0","0","0","0","0","0","0","0","1","202203","202204","1023"
"7423705","530010","70390150","01549461000261","3","1","00000000000000","","","","","","0","E","","","04","","03","36","04","","99","","","","","","","","EAS . 20139-01","20200228","1","","","","","","0","0","1","0","0","0","1","0","0","0","0","0","0","0",0,0,0,"0",0,0,0,0,0,0,0,0,0,0,0,0,0,0,"0",0,1,0,0,0,0,0,0,0,0,0,0,0,0,0,0,"1",0,0,0,"0",0,0,0,0,"0",0,0,0,0,0,0,0,0,0,0,0,0,0,0,0,"0","0","1","0","0","0","0","0","0","0","0","0","0","0","0","0","0","0","0","0","0","0","0","0","1","1","0","0","1","1","0","0","0","0","0","0","0","0","0","0","0","0","0","0","0","0","0","0","0","0","0","1","0","0","0","1","0","0","0","0","0","0","0","0","0","0","0","0","0","0","0","0","0","0","0","0","0","0","0","0","0","0","0","0","0","0","0","0","0","0","0","0","1","202002","202204","2062"
"7424612","530010","70712903","19433869000158","3","1","00000000000000","","","","","","0","E","","","04","","03","22","03","","99","","","","","","","","ODO-0127","20210722","1","","","","","","0","0","1","0","0","0","1","0","0","0","0","0","0","0",0,0,0,"0",0,0,0,0,0,0,0,0,0,0,0,0,0,0,"0",0,0,0,0,0,0,0,0,1,0,0,0,0,0,0,0,"1",0,0,0,"0",0,0,0,0,"0",0,0,0,0,0,0,0,0,0,0,0,0,0,0,0,"0","0","1","0","0","0","0","0","0","0","0","0","0","0","0","0","0","0","0","0","0","0","0","0","1","1","0","0","1","1","0","0","0","0","0","0","0","0","0","0","0","0","0","0","0","0","0","0","0","0","0","1","0","0","0","1","0","0","0","0","0","0","0","0","0","0","0","0","0","0","0","0","0","0","0","0","0","0","0","0","0","0","0","0","0","0","0","0","0","0","0","0","1","202111","202204","2062"
"7425627","530010","72025001","18688888000162","3","1","00000000000000","","","","0180","","0","E","","","04","","01","36","03","","99","","","","","","","","ODO 00112/2014","20200415","1","","","","","","0","0","1","0","0","0","1","0","0","0","0","0","0","0",0,0,0,"0",0,0,0,0,0,0,0,0,0,0,0,0,0,0,"0",0,1,0,0,0,0,0,0,0,0,0,0,0,0,0,0,"1",0,0,0,"0",0,0,0,0,"0",0,0,0,0,0,0,0,0,0,0,0,0,0,0,0,"0","0","1","1","0","0","0","0","0","0","0","0","0","0","0","0","0","0","0","1","0","0","0","0","1","1","1","1","1","1","0","0","0","0","0","0","0","0","0","0","0","0","0","0","0","0","0","0","0","0","0","1","0","0","0","1","0","0","0","0","0","0","0","0","0","0","0","0","0","0","0","0","0","0","0","0","0","0","0","0","0","0","0","0","0","0","0","0","0","0","0","0","1","202104","202204","2062"
"7426305","530010","72220283","07829258000306","3","1","00000000000000","","","","0040","","0","E","","","04","","03","36","03","","99","","","","","","","","RLE - VISADF","20210510","1","","","","","","0","0","1","0","0","0","1","0","0","0","0","0","0","0",0,0,0,"0",0,0,0,0,0,0,0,0,0,0,0,0,0,0,"0",0,1,0,0,0,0,0,0,0,0,0,0,0,0,0,0,"1",0,0,0,"0",0,0,0,0,"0",0,0,0,0,0,0,0,0,0,0,0,0,0,0,0,"0","0","1","0","0","0","0","0","0","0","0","0","0","0","0","0","0","0","0","0","0","0","0","0","1","1","0","0","1","1","0","0","0","0","0","0","0","0","0","0","0","0","0","0","0","0","0","0","0","0","0","1","0","0","0","1","0","0","0","0","0","0","0","0","0","0","0","0","0","0","0","0","0","0","0","0","0","0","0","0","0","0","0","0","0","0","0","0","0","0","0","0","1","202112","202204","2062"
"7434731","530010","70200760","19568163000101","3","1","00000000000000","","","","","","0","E","","","04","","03","36","04","","99","","","","","","","","RLE","20210405","1","","","","","","0","0","1","0","0","0","1","0","0","0","0","0","0","0",0,0,0,"0",0,0,0,0,0,0,0,0,0,0,0,0,0,0,"0",0,0,0,1,0,0,0,0,0,0,0,0,0,0,0,0,"1",0,0,0,"0",0,0,0,0,"0",0,0,0,0,0,0,0,0,0,0,0,0,0,0,0,"0","0","1","0","0","0","0","0","0","0","0","0","0","0","0","0","0","0","0","0","0","0","0","0","1","0","0","0","1","1","0","0","0","0","0","0","0","0","0","0","0","0","0","0","0","0","0","0","0","0","0","1","0","0","1","1","0","0","0","0","0","0","0","0","0","0","0","0","0","0","0","0","0","0","0","0","0","0","0","0","0","0","0","0","0","0","0","0","0","0","0","0","1","202107","202204","2062"
"7437226","530010","70200760","18927688000115","3","1","00000000000000","","","","0015","","0","E","","","04","","03","36","03","","99","","","","","","","","CERTIFICADO LICENC","20190529","1","","","","","","0","0","1","0","0","0","1","0","0","0","0","0","0","0",0,0,0,"0",0,0,0,0,0,0,0,0,0,0,0,0,0,0,"0",0,0,0,1,0,0,0,0,0,0,0,0,0,0,0,0,"1",0,0,0,"0",0,0,0,0,"0",0,0,0,0,0,0,0,0,0,0,0,0,0,0,0,"0","0","0","0","0","0","0","0","0","0","0","0","0","0","0","0","0","0","1","0","0","0","0","0","1","0","0","0","1","1","0","0","0","0","0","0","0","0","0","0","0","0","0","0","0","0","0","0","0","0","0","1","0","0","0","1","0","0","0","0","0","0","0","0","0","0","0","0","0","0","0","0","0","0","0","0","0","0","0","0","0","0","0","0","0","0","0","0","0","0","0","0","1","201908","202204","2062"
"7437269","530010","70715900","18695614000109","3","1","00000000000000","","","","0010","","0","E","","","04","","03","22","03","","99","","","","","","","","ODO - 00528","20210413","1","","","","","","0","0","1","0","0","0","1","0","0","0","0","0","0","0",0,0,0,"0",0,0,0,0,0,0,0,0,0,0,0,0,0,0,"0",0,0,0,0,0,0,0,0,2,0,0,0,0,0,0,0,"1",0,0,0,"0",0,0,0,0,"0",0,0,0,0,0,0,0,0,0,0,0,0,0,0,0,"0","0","1","0","0","0","0","0","0","0","0","0","0","0","0","0","0","0","0","0","0","0","0","0","1","1","0","0","1","1","0","0","0","0","0","0","0","0","0","0","0","0","0","0","0","0","0","0","0","0","0","1","0","0","0","0","0","0","0","0","0","0","0","0","0","0","0","0","0","0","0","0","0","0","0","0","0","0","0","0","0","0","0","0","0","0","0","0","0","0","0","0","1","202110","202204","2062"
"7437609","530010","70390150","05324635000168","3","1","00000000000000","","","","0010","","0","E","","","04","","03","36","03","","99","","","","","","","","EAS.20117.01","20210322","1","","","","","","0","0","1","0","0","0","1","0","0","0","0","0","0","0",0,0,0,"0",0,0,0,0,0,0,0,0,0,0,0,0,0,0,"0",1,1,0,0,0,0,0,0,0,0,0,0,0,0,0,0,"1",0,0,0,"0",0,0,0,0,"0",0,0,0,0,0,0,0,0,0,0,0,0,0,0,0,"0","0","1","0","0","0","0","0","0","0","0","0","0","0","0","0","0","0","0","0","0","0","0","0","1","1","0","0","1","1","0","0","0","0","0","0","0","0","0","0","0","0","0","0","0","0","0","0","0","0","0","1","0","0","0","1","0","0","0","0","0","0","0","0","0","0","0","0","0","0","0","0","0","0","0","0","0","0","0","0","0","0","0","0","0","0","0","0","0","0","0","0","1","202201","202204","2062"
"7440200","530010","70390700","18894144000102","3","1","00000000000000","","","","0015","","0","E","","","04","","03","04","03","","99","","","","","","","","EAS 20137-01","20190320","1","","","","","","0","0","1","0","0","0","1","0","0","0","0","0","0","0",0,0,0,"0",0,0,0,0,0,0,0,0,0,0,0,0,0,0,"0",0,1,0,0,0,0,0,0,0,0,0,0,0,0,0,0,"1",0,0,0,"0",0,0,0,0,"0",0,0,0,0,0,0,0,0,0,0,0,0,0,0,0,"0","0","1","0","0","0","0","0","0","0","0","0","0","0","0","0","0","0","0","0","0","0","0","0","1","0","0","0","1","1","0","0","0","0","0","0","0","0","0","0","0","0","0","0","0","0","0","0","0","0","0","1","0","0","0","0","0","0","0","0","0","0","0","0","0","0","0","0","0","0","0","0","0","0","0","0","0","0","0","0","0","0","0","0","0","0","0","0","0","0","0","0","1","201911","202204","2062"
"7442149","530010","70200700","02152792000145","3","1","00000000000000","","","","","","0","E","","","04","","03","36","03","","99","","","","","","","","RAD.0537901","20200721","2","","","","","","0","0","1","0","0","0","1","0","0","0","0","0","0","0",0,0,0,"0",0,0,0,0,0,0,0,0,0,0,0,0,0,0,"0",0,1,0,0,0,0,0,0,0,0,0,0,0,0,0,0,"1",0,0,0,"0",0,0,0,0,"0",0,0,0,0,0,0,0,0,0,0,0,0,0,0,0,"0","0","1","0","0","0","0","0","0","0","0","0","0","0","0","0","0","0","0","1","0","0","0","0","1","0","0","0","1","1","0","0","0","0","0","0","0","0","0","0","0","0","0","0","0","0","0","0","0","0","0","1","0","0","0","1","0","0","0","0","0","0","0","0","0","0","0","0","0","0","0","0","0","0","0","0","0","0","0","0","0","0","0","0","0","0","0","0","0","0","0","0","1","202102","202204","2240"
"7442408","530010","72308202","15355473000189","3","1","00000000000000","","","","0140","","0","E","","","04","","03","36","03","","99","","","","","","","","EAS.34109-01","20200911","1","","","","","","0","0","1","0","0","0","1","0","0","0","0","0","0","0",0,0,0,"0",0,0,0,0,0,0,0,0,0,0,0,0,0,0,"0",0,1,0,0,0,0,0,0,0,0,0,0,0,0,0,0,"1",0,0,0,"0",0,0,0,0,"0",0,0,0,0,0,0,0,0,0,0,0,0,0,0,0,"0","0","1","0","0","0","0","0","1","0","0","0","0","0","0","0","0","1","0","1","0","0","0","0","1","1","1","0","1","1","0","0","0","0","0","0","0","0","0","0","0","0","0","0","0","0","0","0","0","0","0","1","0","0","0","1","0","0","0","0","0","0","0","0","0","0","0","0","0","0","0","0","0","0","0","0","0","0","0","0","0","0","0","0","0","0","0","0","0","0","0","0","1","202010","202204","2062"
"7450451","530010","71936250","17204263000115","3","1","00000000000000","","","","","","0","E","","","04","","03","36","04","","99","","","","","","","","EAS-00043-22/2021","20210226","1","","","","","","0","0","1","0","0","0","1","0","0","0","0","0","0","0",0,0,0,"0",0,0,0,0,0,0,0,0,0,0,0,0,0,0,"0",0,9,0,0,0,0,0,0,0,0,0,0,0,0,0,0,"1",0,0,0,"0",0,0,0,0,"0",0,0,0,0,0,0,0,0,0,0,0,0,0,0,0,"0","0","0","1","0","0","0","0","0","0","0","0","0","0","0","0","0","0","0","0","0","0","0","0","1","0","0","0","1","1","0","0","0","0","0","0","0","0","0","0","0","0","0","0","0","0","0","0","0","0","0","1","0","0","1","1","0","0","0","0","0","0","0","0","0","0","0","0","0","0","0","0","0","0","0","0","0","0","0","0","0","0","0","0","0","0","0","0","0","0","0","0","1","202108","202204","2062"
"7459998","530010","70390145","18669110000106","3","1","00000000000000","","","","0005","","0","E","","","04","","03","36","03","","99","","","","","","","","","20181018","1","","","","","","0","0","1","0","0","0","1","0","0","0","0","0","0","0",0,0,0,"0",0,0,0,0,0,0,0,0,0,0,0,0,0,0,"0",0,0,0,4,0,0,0,0,0,0,0,0,0,0,0,0,"1",0,0,0,"0",0,0,0,0,"0",0,0,0,0,0,0,0,0,0,0,0,0,0,0,0,"0","0","0","0","0","0","0","0","0","0","0","0","0","0","0","0","0","0","0","0","0","0","0","0","0","0","0","0","1","1","0","0","0","0","0","0","0","0","0","0","0","0","0","0","0","0","0","0","0","0","0","1","0","0","0","0","0","0","0","0","0","0","0","0","0","0","0","0","0","0","0","0","0","0","0","0","0","0","0","0","0","0","0","0","0","0","0","0","0","0","0","0","1","201904","202204","2062"
"7460015","530010","70200740","17941256000104","3","1","00000000000000","","","","","","0","E","","","04","","03","36","03","","99","","","","","","","","LICENCA SANITARIA","20191219","1","","","","","","0","0","1","0","0","0","1","0","0","0","0","0","0","0",0,0,0,"0",0,0,0,0,0,0,0,0,0,0,0,0,0,0,"0",0,1,0,0,0,0,0,0,0,0,0,0,0,0,0,0,"1",0,0,0,"0",0,0,0,0,"0",0,0,0,0,0,0,0,0,0,0,0,0,0,0,0,"0","0","0","1","0","0","0","0","0","0","0","0","0","0","0","0","0","0","0","0","0","0","0","0","1","0","0","0","1","1","0","0","0","0","0","0","0","0","0","0","0","0","0","0","0","0","0","0","0","0","0","1","0","0","0","1","0","0","0","0","0","0","0","0","0","0","0","0","0","0","0","0","0","0","0","0","0","0","0","0","0","0","0","0","0","0","0","0","0","0","0","0","1","202005","202204","2062"
"7464045","530010","73005081","08805844000111","3","1","00000000000000","","","","0170","","0","E","","","04","","03","36","03","","99","","","","","","","","RLE","20170801","1","","","","","","0","0","1","0","0","0","1","0","0","0","0","0","0","0",0,0,0,"0",0,0,0,0,0,0,0,0,0,0,0,0,0,0,"0",0,0,0,1,0,0,0,0,0,0,0,0,0,0,0,0,"1",0,0,0,"0",0,0,0,0,"0",0,0,0,0,0,0,0,0,0,0,0,0,0,0,0,"0","0","0","1","0","0","0","0","0","0","0","0","0","0","0","0","0","0","0","0","0","0","0","0","1","0","0","0","1","1","0","0","0","0","0","0","0","0","0","0","0","0","0","0","0","0","0","0","0","0","0","1","0","0","0","1","0","0","0","0","0","0","0","0","0","0","0","0","0","0","0","0","0","0","0","0","0","0","0","0","0","0","0","0","0","0","0","0","0","0","0","0","1","202012","202204","2062"
"7465157","530010","72225270","00394700003638","3","3","00394700000108","","05","","0040","","1","E","","","04","","01","73","06","","99","","","","","","","","","","","","","","","","0","0","1","0","0","0","1","0","0","0","0","0","0","0",0,0,0,"0",0,0,0,0,0,0,0,0,1,0,0,1,0,5,"1",0,0,0,0,0,0,0,0,0,0,0,0,0,0,0,0,"0",0,0,0,"0",0,0,0,0,"0",0,0,0,0,0,0,0,0,0,0,0,0,0,0,0,"0","0","0","0","1","0","1","0","1","0","1","0","0","0","0","0","0","0","0","0","1","0","1","0","1","1","1","1","1","1","0","0","0","0","0","0","0","0","0","0","0","0","0","0","0","0","0","0","0","0","1","0","0","0","0","0","0","0","0","0","0","0","0","0","1","0","0","0","0","0","0","0","0","0","0","0","0","0","0","0","0","0","0","0","0","0","0","0","0","0","0","0","1","202205","202204","1023"
"7467931","530010","70830300","18544318000107","3","1","00000000000000","","","","","","0","E","","","04","","03","36","04","","99","","","","","","","","RLE","20210804","1","","","","","","0","0","1","0","0","0","1","0","0","0","0","0","0","0",0,0,0,"0",0,0,0,0,0,0,0,0,0,0,0,0,0,0,"0",0,4,0,1,0,0,0,0,0,0,0,0,0,0,0,0,"1",0,0,0,"0",0,0,0,0,"0",0,0,0,0,0,0,0,0,0,0,0,0,0,0,0,"0","0","1","0","0","0","0","0","0","0","0","0","0","0","0","0","0","0","0","0","0","0","0","0","1","0","0","0","1","1","0","0","0","0","0","0","0","0","0","0","0","0","0","0","0","0","0","0","0","0","0","1","0","0","0","1","0","0","0","0","0","0","0","0","0","0","0","0","0","0","0","0","0","0","0","0","0","0","0","0","0","0","0","0","0","0","0","0","0","0","0","0","1","202108","202204","2062"
"7469047","530010","70390700","07863598000191","3","1","00000000000000","","","","0010","","0","E","","","04","","03","36","03","","99","","","","","","","","03047/2011","20210330","1","","","","","","0","0","1","0","0","0","1","0","0","0","0","0","0","0",0,0,0,"0",0,0,0,0,0,0,0,0,0,0,0,0,0,0,"0",2,0,0,0,0,0,0,0,0,0,0,0,0,0,0,0,"1",0,0,0,"0",0,0,0,0,"0",0,0,0,0,0,0,0,0,0,0,0,0,0,0,0,"0","0","1","0","0","0","0","0","1","0","0","0","0","0","0","0","0","0","0","0","0","0","0","0","1","1","0","1","1","1","0","0","0","0","0","0","0","0","0","0","0","0","0","0","0","0","0","0","0","0","0","1","0","0","0","1","0","0","0","0","0","0","0","0","0","0","0","0","0","0","0","0","0","0","0","0","0","0","0","0","0","0","0","0","0","0","0","0","0","0","0","0","1","202108","202204","2062"
"7470282","530010","71907720","10846455000186","3","1","00000000000000","","","","","","0","E","","","04","","03","22","03","","99","","","","","","","","EAS.00047-22","20210722","1","","","","","","0","0","1","0","0","0","1","0","0","0","0","0","0","0",0,0,0,"0",0,0,0,0,0,0,0,0,0,0,0,0,0,0,"0",0,1,0,0,0,0,0,0,0,0,0,0,0,0,0,0,"1",0,0,0,"0",0,0,0,0,"0",0,0,0,0,0,0,0,0,0,0,0,0,0,0,0,"0","0","1","0","0","0","0","0","1","0","0","0","0","0","0","0","0","0","0","0","0","0","0","0","1","1","0","0","1","1","0","0","0","0","0","0","0","0","0","0","0","0","0","0","0","0","0","0","0","0","0","1","0","0","0","0","0","0","0","0","0","0","0","0","0","0","0","0","0","0","0","0","0","0","0","0","0","0","0","0","0","0","0","0","0","0","0","0","0","0","0","0","1","202110","202204","2062"
"7470657","530010","70390095","15613440000191","3","1","00000000000000","","","","0015","","0","E","","","04","","03","73","03","","99","","","","","","","","EAS 20123-01","20210512","1","","","","","","0","0","1","0","0","0","1","0","0","0","0","0","0","0",0,0,0,"0",0,0,0,0,0,0,0,0,0,0,0,0,0,0,"0",0,7,0,0,0,0,0,0,0,0,0,0,0,0,0,0,"1",0,0,0,"0",0,0,0,0,"0",0,0,0,0,0,0,0,0,0,0,0,0,0,0,0,"0","0","1","0","0","0","0","0","0","1","0","0","0","0","0","0","0","0","0","1","0","0","0","0","1","1","1","0","1","1","0","0","0","0","0","0","0","0","0","0","0","0","0","0","0","0","0","0","0","0","0","1","0","0","1","1","0","0","0","0","0","0","0","0","0","0","0","0","0","0","0","0","0","0","0","0","0","0","0","0","0","0","0","0","0","0","0","0","0","0","0","0","1","202204","202204","2062"
"7472927","530010","72220283","17836898000135","3","1","00000000000000","","","","0040","","0","E","","","03","","03","04","03","","99","","","","","","","","EAS.00225-16","20210703","1","","","","","","0","0","1","0","0","0","1","0","0","0","0","0","0","0",0,0,0,"0",0,0,0,0,0,0,0,0,0,0,0,0,0,0,"0",1,1,0,0,0,0,0,0,0,0,0,0,0,0,0,0,"1",0,0,0,"0",0,0,0,0,"0",0,0,0,0,0,0,0,0,0,0,0,0,0,0,0,"0","0","1","0","0","0","0","0","0","0","0","0","0","0","0","0","0","1","0","0","0","0","0","0","1","1","0","0","1","1","0","0","0","0","0","0","0","0","0","0","0","0","0","0","0","0","0","0","0","0","0","1","0","0","0","1","0","0","0","0","0","0","0","0","0","0","0","0","0","0","0","0","0","0","0","0","0","0","0","0","0","0","0","0","0","0","0","0","0","0","0","0","1","202108","202204","2062"
"7473575","530010","71600520","01658089000140","3","1","00000000000000","","","","0090","","0","E","","","04","","03","36","03","","99","","","","","","","","EAS.00146.03","20210423","1","","","","","","0","0","1","0","0","0","1","0","0","0","0","0","0","0",0,0,0,"0",0,0,0,0,0,0,0,0,0,0,0,0,0,0,"0",0,0,0,3,0,0,0,0,0,0,0,0,0,0,0,0,"1",0,0,0,"0",0,0,0,0,"0",0,0,0,0,0,0,0,0,0,0,0,0,0,0,0,"0","0","1","0","0","0","0","0","0","0","0","0","0","0","0","0","0","0","0","0","0","0","0","0","1","0","0","0","1","1","0","0","0","0","0","0","0","0","0","0","0","0","0","0","0","0","0","0","0","0","0","1","0","0","0","1","0","0","0","0","0","0","0","0","0","0","0","0","0","0","0","0","0","0","0","0","0","0","0","0","0","0","0","0","0","0","0","0","0","0","0","0","1","202201","202204","2062"
"7477090","530010","71507990","26989129000168","3","1","00000000000000","","","","","","0","E","","","04","","03","07","06","","99","","","","","","","","LICENCA SANITARIA","20200204","1","","","","","","0","0","1","0","0","0","1","0","0","1","0","0","0","1",0,0,0,"0",0,0,0,0,0,0,0,0,0,0,0,0,0,0,"0",0,9,0,9,0,0,0,0,0,0,1,0,0,0,0,0,"1",0,0,0,"0",0,0,0,0,"0",0,0,0,0,0,0,0,0,0,0,0,0,0,0,0,"0","0","0","1","0","0","0","1","0","0","0","0","0","0","0","0","0","1","0","0","0","0","0","0","1","0","0","0","1","1","0","0","0","0","0","0","0","0","0","0","0","0","0","0","1","0","0","0","1","0","0","1","0","0","0","1","0","0","0","0","0","0","0","0","0","0","0","0","0","0","0","0","0","0","0","0","0","0","0","0","0","0","0","0","0","0","0","0","0","0","0","0","1","202010","202204","2062"
"7479204","530010","72215178","07381277000150","3","1","00000000000000","","","","0040","","0","E","","","04","","03","36","03","","99","","","","","","","","53201296768","20190624","1","","","","","","0","0","1","0","0","0","1","0","0","0","0","0","0","0",0,0,0,"0",0,0,0,0,0,0,0,0,0,0,0,0,0,0,"0",1,0,0,0,0,0,0,0,0,0,0,0,0,0,0,0,"1",0,0,0,"0",0,0,0,0,"0",0,0,0,0,0,0,0,0,0,0,0,0,0,0,0,"0","0","1","0","0","0","0","0","0","0","0","0","0","0","0","0","0","0","0","0","0","0","0","0","1","0","0","0","1","1","0","0","0","0","0","0","0","0","0","0","0","0","0","0","0","0","0","0","0","0","0","1","0","0","0","0","0","0","0","0","0","0","0","0","0","0","0","0","0","0","0","0","0","0","0","0","0","0","0","0","0","0","0","0","0","0","0","0","0","0","0","0","1","202010","202204","2062"
"7487657","530010","70390150","17150773000157","3","1","00000000000000","","","","0015","","0","E","","","04","","01","36","03","","99","","","","","","","","","","","","","","","","0","0","1","0","0","0","1","0","0","0","0","0","0","0",0,0,0,"0",0,0,0,0,0,0,0,0,0,0,0,0,0,0,"0",0,2,0,0,0,0,0,0,0,0,0,0,0,0,0,0,"1",0,0,0,"0",0,0,0,0,"0",0,0,0,0,0,0,0,0,0,0,0,0,0,0,0,"0","0","1","0","0","0","0","0","0","0","0","0","0","0","0","0","0","0","0","0","0","0","0","0","1","1","0","0","1","1","0","0","0","0","0","0","0","0","0","0","0","0","0","0","0","0","0","0","0","0","0","1","0","0","0","1","0","0","0","0","0","0","0","0","0","0","0","0","0","0","0","0","0","0","0","0","0","0","0","0","0","0","0","0","0","0","0","0","0","0","0","0","1","202003","202204","2062"
"7491484","530010","72215509","18783509000113","3","1","00000000000000","","","","0040","","1","E","","","04","","03","36","04","","99","070","214","2140195170","","","","","LICENCIAMENTO","20210517","1","","","","","","0","0","1","0","1","0","1","0","0","0","0","0","0","0",0,0,0,"0",0,0,0,1,0,0,0,0,0,0,0,0,0,0,"1",1,1,0,0,0,0,0,0,0,0,0,0,0,0,0,0,"1",0,0,0,"0",0,0,0,0,"0",0,0,0,0,0,0,0,0,0,0,0,0,0,0,0,"0","0","1","0","1","0","1","0","0","1","1","0","0","0","0","0","0","1","1","0","0","1","0","0","1","1","0","0","1","1","0","0","1","1","1","1","1","1","0","1","1","0","1","0","0","0","0","0","0","0","1","1","0","0","0","0","0","1","1","0","0","0","0","0","0","0","0","0","0","0","0","0","0","0","0","0","0","0","0","0","0","0","0","0","0","0","0","0","0","0","0","0","1","202204","202204","2062"
"7492529","530010","72110160","23097104002458","3","1","00000000000000","","","","0180","","0","E","","","04","","03","04","03","","99","033","3003","130669854","","","","","EAS.00313-15/2022","20220304","1","","","","","","0","0","1","0","1","0","1","0","0","0","0","0","0","0",0,0,0,"0",0,0,0,0,0,0,0,0,0,0,0,0,0,0,"0",0,1,0,1,0,0,0,0,0,0,0,0,0,0,0,0,"1",0,0,0,"0",0,0,0,0,"0",0,0,0,0,0,0,0,0,0,0,0,0,0,0,0,"0","0","1","0","1","0","0","0","0","1","1","0","0","0","0","0","0","1","0","1","0","1","0","0","1","1","1","0","1","1","0","0","0","0","0","0","0","0","0","0","0","0","0","0","0","0","0","0","0","0","0","1","0","0","0","1","0","0","0","0","0","0","0","0","0","0","0","0","0","0","0","0","0","0","0","0","0","0","0","0","0","0","0","0","0","0","0","0","0","0","0","0","1","202203","202204","2062"
"7494424","530010","72546247","02498976000161","3","1","00000000000000","","","","0150","","1","E","","","04","","03","04","04","","99","070","064","064038203-7","","","","","EAS.00020-19","20180411","1","","","","","","0","0","1","0","1","0","1","0","0","0","0","0","0","0",0,0,0,"0",0,0,0,0,0,0,0,0,0,0,0,0,0,0,"0",0,1,0,0,0,0,0,0,0,0,0,0,0,0,0,0,"1",0,0,0,"0",0,0,0,0,"0",0,0,0,0,0,0,0,0,0,0,0,0,0,0,0,"0","0","1","0","1","0","0","0","0","1","1","0","0","0","0","0","0","0","0","1","0","0","0","0","1","1","1","0","1","1","0","0","0","1","0","0","0","0","0","0","0","0","1","0","0","0","0","0","0","0","1","0","0","0","0","0","0","1","0","0","0","0","0","0","0","0","0","0","0","0","0","0","0","0","0","0","0","0","0","0","0","0","0","0","0","0","0","0","0","0","0","0","1","202204","202204","2062"
"7498241","530010","70200700","05415417000139","3","1","00000000000000","","","","0010","","0","E","","","04","","03","22","03","","99","","","","","","","","358/2021","20210514","1","","","","","","0","0","1","0","0","0","1","0","0","0","0","0","0","0",0,0,0,"0",0,0,0,0,0,0,0,0,0,0,0,0,0,0,"0",0,1,0,0,0,0,0,0,0,0,0,0,0,0,0,0,"1",0,0,0,"0",0,0,0,0,"0",0,0,0,0,0,0,0,0,0,0,0,0,0,0,0,"0","0","1","0","0","0","0","0","0","0","0","0","0","0","0","0","0","0","0","0","0","0","0","0","1","0","0","0","1","1","0","0","0","0","0","0","0","0","0","0","0","0","0","0","0","0","0","0","0","0","0","1","0","0","0","1","0","0","0","0","0","0","0","0","0","0","0","0","0","0","0","0","0","0","0","0","0","0","0","0","0","0","0","0","0","0","0","0","0","0","0","0","1","202111","202204","2062"
"7501609","530010","71906750","19687756000189","3","1","00000000000000","","","","","","0","E","","","04","","01","36","03","","99","","","","","","","","EAS.00054-22","20211117","1","","","","","","0","0","1","0","0","0","1","0","0","0","0","0","0","0",0,0,0,"0",0,0,0,0,0,0,0,0,0,0,0,0,0,0,"0",0,1,0,0,0,0,0,0,0,0,0,0,0,0,0,0,"1",0,0,0,"0",0,0,0,0,"0",0,0,0,0,0,0,0,0,0,0,0,0,0,0,0,"0","0","1","0","0","0","0","0","0","0","0","0","0","0","0","0","0","0","0","1","0","0","0","0","1","1","0","0","1","1","0","0","0","0","0","0","0","0","0","0","0","0","0","0","0","0","0","0","0","0","0","1","0","0","0","1","0","0","0","0","0","0","0","0","0","0","0","0","0","0","0","0","0","0","0","0","0","0","0","0","0","0","0","0","0","0","0","0","0","0","0","0","1","202111","202204","2232"
"7506015","530010","71635610","37161148000380","3","1","00000000000000","","","","0090","","0","E","","","04","","03","36","03","","99","","","","","","","","EAS.0035303","20210404","1","","","","","","0","0","1","0","0","0","1","0","0","0","0","0","0","0",0,0,0,"0",0,0,0,0,0,0,0,0,0,0,0,0,0,0,"0",0,3,0,1,0,0,0,0,0,0,0,0,0,0,0,0,"1",0,0,0,"0",0,0,0,0,"0",0,0,0,0,0,0,0,0,0,0,0,0,0,0,0,"0","0","1","0","0","0","0","0","0","0","0","0","0","0","0","0","0","0","0","0","0","0","0","0","1","0","0","0","1","1","0","0","0","0","0","0","0","0","0","0","0","0","0","0","0","0","0","0","0","0","0","1","0","0","0","1","0","0","0","0","0","0","0","0","0","0","0","0","0","0","0","0","0","0","0","0","0","0","0","0","0","0","0","0","0","0","0","0","0","0","0","0","1","202202","202204","2062"
"7507992","530010","72110290","17018978000183","3","1","00000000000000","","","","0180","","0","E","","","04","","03","22","03","","99","","","","","","","","RLE 53201841014","20220307","1","","","","","","0","0","1","0","0","0","1","0","0","0","0","0","0","0",0,0,0,"0",0,0,0,0,0,0,0,0,0,0,0,0,0,0,"0",1,0,0,0,0,0,0,0,0,0,0,0,0,0,0,0,"1",0,0,0,"0",0,0,0,0,"0",0,0,0,0,0,0,0,0,0,0,0,0,0,0,0,"0","0","1","0","0","0","0","0","0","1","0","0","0","0","0","0","0","1","0","1","0","0","0","0","1","0","0","0","1","1","0","0","0","0","0","0","0","0","0","0","0","0","0","0","0","0","0","0","0","0","0","1","0","0","0","1","0","0","0","0","0","0","0","0","0","0","0","0","0","0","0","0","0","0","0","0","0","0","0","0","0","0","0","0","0","0","0","0","0","0","0","0","1","202203","202204","2062"
"7508115","530010","70673416","15452639000185","3","1","00000000000000","","","","","","0","E","","","01","","01","36","03","","99","","","","","","","","","","","","","","","","0","0","1","0","0","0","1","0","0","0","0","0","0","0",0,0,0,"0",0,0,0,0,0,0,0,0,0,0,0,0,0,0,"0",0,0,0,1,0,0,0,0,0,0,0,0,0,0,0,0,"1",0,0,0,"0",0,0,0,0,"0",0,0,0,0,0,0,0,0,0,0,0,0,0,0,0,"0","0","0","0","0","0","0","0","0","0","0","0","0","0","0","0","0","0","0","0","0","0","0","0","0","0","0","0","1","1","0","0","0","0","0","0","0","0","0","0","0","0","0","0","0","0","0","0","0","0","0","1","0","0","0","0","0","0","0","0","0","0","0","0","0","0","0","0","0","0","0","0","0","0","0","0","0","0","0","0","0","0","0","0","0","0","0","0","0","0","0","0","1","202007","202204","2062"
"7509448","530010","72430109","19626458000189","3","1","00000000000000","","","","","","0","E","","","04","","01","36","03","","99","","","","","","","","EAS.00077-20","20200211","1","","","","","","0","0","1","0","0","0","1","0","0","0","0","0","0","0",0,0,0,"0",0,0,0,0,0,0,0,0,0,0,0,0,0,0,"0",0,1,0,0,0,0,0,0,0,0,0,0,0,0,0,0,"1",0,0,0,"0",0,0,0,0,"0",0,0,0,0,0,0,0,0,0,0,0,0,0,0,0,"0","0","1","0","0","0","0","0","0","0","0","0","0","0","0","0","0","0","0","0","0","0","0","0","1","1","0","0","1","1","0","0","0","0","0","0","0","0","0","0","0","0","0","0","0","0","0","0","0","0","0","1","0","0","0","1","0","0","0","0","0","0","0","0","0","0","0","0","0","0","0","0","0","0","0","0","0","0","0","0","0","0","0","0","0","0","0","0","0","0","0","0","1","202107","202204","2062"
"7511051","530010","70390905","19178787000104","3","1","00000000000000","","","","0015","","0","E","","","04","","03","36","03","","99","","","","","","","","EAS 201161","20200130","1","","","","","","0","0","1","0","0","0","1","0","0","0","0","0","0","0",0,0,0,"0",0,0,0,0,0,0,0,0,0,0,0,0,0,0,"0",0,4,0,0,0,0,0,0,0,0,0,0,0,0,0,0,"1",0,0,0,"0",0,0,0,0,"0",0,0,0,0,0,0,0,0,0,0,0,0,0,0,0,"0","0","1","0","0","0","0","0","0","0","0","0","0","0","0","0","0","0","0","0","0","0","0","0","1","1","0","0","1","1","0","0","0","0","0","0","0","0","0","0","0","0","0","0","0","0","0","0","0","0","0","1","0","0","0","1","0","0","0","0","0","0","0","0","0","0","0","0","0","0","0","0","0","0","0","0","0","0","0","0","0","0","0","0","0","0","0","0","0","0","0","0","1","202003","202204","2062"
"7513402","530010","70390095","00346098000990","3","1","00000000000000","","","","","","0","E","","","04","","01","39","03","","99","","","","","","","","0574201","20210601","1","","","","","","0","0","1","0","0","0","1","0","0","0","0","0","0","0",0,0,0,"0",0,0,0,0,0,0,0,0,0,0,0,0,0,0,"0",0,0,0,0,0,0,0,0,0,0,0,0,0,0,0,0,"0",0,0,0,"0",0,0,0,0,"0",0,0,0,0,0,0,0,0,0,0,0,0,0,0,0,"0","0","0","1","0","0","0","0","0","1","0","0","0","0","0","0","0","1","0","0","0","0","0","0","1","1","0","0","1","1","0","0","0","0","0","0","0","0","0","0","0","0","0","0","0","0","0","0","0","0","0","1","0","0","0","1","0","0","1","0","0","0","1","0","0","0","0","0","0","0","0","0","0","0","0","0","0","0","0","0","0","0","0","0","0","0","0","0","0","0","0","0","1","202107","202204","2062"
"7526504","530010","71884376","00000000000000","3","3","00394700000108","","01","","0135","","1","E","","","04","","","02","03","","99","","","","","","","","","","","","","","","","1","0","0","0","0","0","1","0","0","0","0","0","0","0",0,0,0,"0",0,0,0,0,0,0,0,0,0,0,0,0,0,0,"0",2,0,0,0,0,0,0,0,2,0,0,1,0,0,2,0,"1",0,0,0,"0",0,0,0,0,"0",0,0,0,0,0,0,0,0,0,0,0,0,0,0,0,"0","0","0","0","0","0","0","0","0","0","0","0","0","0","0","0","0","0","0","0","0","0","0","0","0","0","0","0","1","1","0","0","0","0","0","0","0","0","0","0","0","0","0","0","0","0","0","0","0","0","1","0","0","0","0","0","0","0","0","0","0","0","0","0","0","0","0","0","0","0","0","0","0","0","0","0","0","0","0","0","0","0","0","0","0","0","0","0","0","0","0","0","1","202109","202204","1023"
"7537581","530010","70390700","16595127000130","3","1","00000000000000","","","","0015","","0","E","","","04","","01","04","04","","99","","","","","","","","LICENCA SANITARIA","20200131","1","","","","","","0","0","1","0","0","0","1","0","0","0","0","0","0","0",0,0,0,"0",0,0,0,0,0,0,0,0,0,0,0,0,0,0,"0",0,1,0,0,0,0,0,0,0,0,0,0,0,0,0,0,"1",0,0,0,"0",0,0,0,0,"0",0,0,0,0,0,0,0,0,0,0,0,0,0,0,0,"0","0","1","0","0","0","0","0","0","0","0","0","0","0","0","0","0","0","0","0","0","0","0","0","1","1","0","0","1","1","0","0","0","0","0","0","0","0","0","0","0","0","0","0","0","0","0","0","0","0","0","1","0","0","0","1","0","0","0","0","0","0","0","0","0","0","0","0","0","0","0","0","0","0","0","0","0","0","0","0","0","0","0","0","0","0","0","0","0","0","0","0","1","202204","202204","2062"
"7539878","530010","72016180","18434643000109","3","1","00000000000000","","","","","","0","E","","","04","","01","22","03","","99","","","","","","","","53201887499","20210406","1","","","","","","0","0","1","0","0","0","1","0","0","0","0","0","0","0",0,0,0,"0",0,0,0,0,0,0,0,0,0,0,0,0,0,0,"0",0,0,0,0,0,0,0,0,1,0,0,0,0,0,0,0,"1",0,0,0,"0",0,0,0,0,"0",0,0,0,0,0,0,0,0,0,0,0,0,0,0,0,"0","0","0","0","0","0","0","0","0","0","0","0","0","0","0","0","0","0","0","0","0","0","0","0","0","1","1","0","1","1","0","0","0","0","0","0","0","0","0","0","0","0","0","0","0","0","0","0","0","0","0","1","0","0","0","1","0","0","0","0","0","0","0","0","0","0","0","0","0","0","0","0","0","0","0","0","0","0","0","0","0","0","0","0","0","0","0","0","0","0","0","0","1","202204","202204","2062"
"7541465","530010","70390150","16781505000170","3","1","00000000000000","","","","0015","","0","E","","","04","","01","36","03","","99","","","","","","","","LICENCA SANITARIA","20210901","1","","","","","","0","0","1","0","0","0","1","0","0","0","0","0","0","0",0,0,0,"0",0,0,0,0,0,0,0,0,0,0,0,0,0,0,"0",0,1,0,0,0,0,0,0,0,0,0,0,0,0,0,0,"1",0,0,0,"0",0,0,0,0,"0",0,0,0,0,0,0,0,0,0,0,0,0,0,0,0,"0","0","0","0","0","0","0","0","0","0","0","0","0","0","0","0","0","0","0","0","0","0","0","0","0","1","0","0","1","1","0","0","0","0","0","0","0","0","0","0","0","0","0","0","0","0","0","0","0","0","0","1","0","0","0","0","0","0","0","0","0","0","0","0","0","0","0","0","0","0","0","0","0","0","0","0","0","0","0","0","0","0","0","0","0","0","0","0","0","0","0","0","1","202203","202204","2062"
"7544960","530010","72316071","19936547000121","3","1","00000000000000","","","","0140","","0","E","","","04","","01","36","03","","99","","","","","","","","EAS 00037-18/2021","20210212","1","","","","","","0","0","1","0","0","0","1","0","0","0","0","0","0","0",0,0,0,"0",0,0,0,0,0,0,0,0,0,0,0,0,0,0,"0",0,5,0,0,0,0,0,0,0,0,0,0,0,0,0,0,"1",0,0,0,"0",0,0,0,0,"0",0,0,0,0,0,0,0,0,0,0,0,0,0,0,0,"0","0","1","0","0","0","0","0","0","0","0","0","0","0","0","0","0","0","0","1","0","1","0","0","1","0","0","0","1","1","0","0","0","0","0","0","0","0","0","0","0","0","0","0","0","0","0","0","0","0","0","1","0","0","1","1","0","0","0","0","0","0","0","0","0","0","0","0","0","0","0","0","0","0","0","0","0","0","0","0","0","0","0","0","0","0","0","0","0","0","0","0","1","202109","202204","2062"
"7546343","530010","70680500","00718528003116","3","1","00000000000000","","","","0050","","0","E","","","04","","03","39","03","","99","","","","","","","","LAB 00010-07","20210921","1","","","","","","0","0","1","0","0","0","1","0","0","0","0","0","0","0",0,0,0,"0",0,0,0,0,0,0,0,0,0,0,0,0,0,0,"0",0,0,0,0,0,0,0,0,0,0,0,0,0,0,0,0,"0",0,0,0,"0",0,0,0,0,"0",0,0,0,0,0,0,0,0,0,0,0,0,0,0,0,"0","0","1","0","0","0","0","0","0","0","0","0","0","0","0","0","0","0","0","0","0","0","0","0","1","1","0","0","1","1","0","0","0","0","0","0","0","0","0","0","0","0","0","0","0","0","0","0","0","0","0","0","0","0","0","0","0","0","1","0","0","1","1","0","0","0","0","0","0","0","0","0","0","0","0","0","0","0","0","0","0","0","0","0","0","0","0","0","0","0","0","0","1","202109","202204","2054"
"7547579","530010","70340907","20014690000145","3","1","00000000000000","","","","0015","","0","E","","","04","","01","22","03","","99","","","","","","","","","","","","","","","","0","0","1","0","0","0","1","0","0","0","0","0","0","0",0,0,0,"0",0,0,0,0,0,0,0,0,0,0,0,0,0,0,"0",0,0,0,1,0,0,0,0,0,0,0,0,0,0,0,0,"1",0,0,0,"0",0,0,0,0,"0",0,0,0,0,0,0,0,0,0,0,0,0,0,0,0,"0","0","1","0","0","0","0","0","0","0","0","0","0","0","0","0","0","0","0","0","0","0","0","0","1","0","0","0","1","1","0","0","0","0","0","0","0","0","0","0","0","0","0","0","0","0","0","0","0","0","0","1","0","0","0","0","0","0","0","0","0","0","0","0","0","0","0","0","0","0","0","0","0","0","0","0","0","0","0","0","0","0","0","0","0","0","0","0","0","0","0","0","1","202007","202204","2062"
"7552270","530010","73025060","00000000000000","3","3","00394700000108","","06","","0170","","1","E","","","04","","02","70","03","","99","","","","","","","","","","","","","","","","0","0","1","0","0","0","1","0","0","0","0","0","0","0",0,0,0,"0",0,0,0,0,0,0,0,0,0,0,0,0,0,0,"0",0,0,0,3,0,0,0,0,0,0,0,0,0,0,0,0,"1",0,0,0,"0",0,0,0,0,"0",0,0,0,0,0,0,0,0,0,0,0,0,0,0,0,"0","0","0","0","0","0","0","0","0","0","0","0","0","0","0","0","0","0","0","0","0","0","0","0","0","0","0","0","1","1","0","0","0","0","0","0","0","0","0","0","0","0","0","0","0","0","0","0","0","0","1","0","0","0","0","0","0","0","0","0","0","0","0","0","0","0","0","0","0","0","0","0","0","0","0","0","0","0","0","0","0","0","0","0","0","0","0","0","0","0","0","0","1","202204","202204","1023"
"7555970","530010","70200730","17639996000182","3","1","00000000000000","","","","0015","","0","E","","","04","","03","36","03","","99","","","","","","","","EAS 20654-01","20210811","1","","","","","","0","0","1","0","0","0","1","0","0","0","0","0","0","0",0,0,0,"0",0,0,0,0,0,0,0,0,0,0,0,0,0,0,"0",0,1,0,0,0,0,0,0,0,0,0,0,0,0,0,0,"1",0,0,0,"0",0,0,0,0,"0",0,0,0,0,0,0,0,0,0,0,0,0,0,0,0,"0","0","1","0","0","0","0","0","0","0","0","0","0","0","0","0","0","0","0","0","0","0","0","0","1","1","0","0","1","1","0","0","0","0","0","0","0","0","0","0","0","0","0","0","0","0","0","0","0","0","0","1","0","0","0","1","0","0","0","0","0","0","0","0","0","0","0","0","0","0","0","0","0","0","0","0","0","0","0","0","0","0","0","0","0","0","0","0","0","0","0","0","1","202111","202204","2062"
"7556012","530010","70390020","04859814000218","3","3","04859814000137","","","","0010","","0","E","","","04","","01","04","04","","99","","","","","","","","EAS 20126-01","20181211","1","","","","","","0","0","1","0","0","0","1","0","0","0","0","0","0","0",0,0,0,"0",0,0,0,0,0,0,0,0,0,0,0,0,0,0,"0",5,9,0,7,0,0,0,0,1,0,3,1,1,0,1,0,"1",0,0,0,"0",0,0,0,0,"0",0,0,0,0,0,0,0,0,0,0,0,0,0,0,0,"0","0","1","0","1","0","1","0","1","0","0","0","0","0","0","0","0","0","0","0","0","1","0","0","1","1","0","0","1","1","0","0","0","0","0","0","0","0","0","0","0","0","0","0","0","0","0","0","0","0","0","0","0","0","0","0","0","0","0","0","0","0","1","0","0","0","0","0","0","0","0","0","0","0","0","0","0","0","0","0","0","0","0","0","0","0","0","0","0","0","0","0","1","202204","202204","3999"
"7559186","530010","72220215","05508282000407","3","1","00000000000000","","","","0040","","0","E","","","04","","01","04","03","","99","","","","","","","","53900331074","20181016","1","","","","","","0","0","1","0","0","0","1","0","0","0","0","0","0","0",0,0,0,"0",0,0,0,0,0,0,0,0,0,0,0,0,0,0,"0",0,0,0,11,0,0,0,0,0,0,0,0,0,0,0,0,"1",0,0,0,"0",0,0,0,0,"0",0,0,0,0,0,0,0,0,0,0,0,0,0,0,0,"0","0","1","0","0","0","0","0","0","0","0","0","0","0","0","0","0","0","0","0","0","0","0","0","1","0","0","0","1","1","0","0","0","0","0","0","0","0","0","0","0","0","0","0","0","0","0","0","0","0","0","1","0","0","0","1","0","0","0","0","0","0","0","0","0","0","0","0","0","0","0","0","0","0","0","0","0","0","0","0","0","0","0","0","0","0","0","0","0","0","0","0","1","202005","202204","2062"
"7559194","530010","72547325","00000000000000","3","3","00394700000108","","03","","0150","","1","E","","","04","","01","02","03","","99","","","","","","","","","","","","","","","","1","0","1","0","0","0","1","0","0","0","0","0","0","0",0,0,0,"0",0,0,0,0,0,0,0,0,0,0,0,0,0,0,"0",2,0,0,1,0,0,0,0,0,0,1,1,1,0,1,0,"1",0,0,0,"0",0,0,0,0,"0",0,0,0,0,0,0,0,0,0,0,0,0,0,0,0,"0","0","1","0","0","0","1","0","0","0","0","0","0","0","0","0","0","0","0","0","0","0","0","0","1","1","0","0","1","1","0","0","0","0","0","0","0","0","0","0","0","0","0","0","0","0","0","0","0","0","1","0","0","0","0","0","0","0","0","0","0","0","0","0","0","0","0","0","0","0","0","0","0","0","0","0","0","0","1","0","0","0","0","0","0","1","0","0","0","0","0","0","1","202112","202204","1023"
"7559763","530010","71900100","05388578000261","3","1","00000000000000","","","","9901","","0","E","","","04","","01","04","03","","99","","","","","","","","EAS.00010-22","20180706","1","","","","","","0","0","1","0","0","0","1","0","0","0","0","0","0","0",0,0,0,"0",0,0,0,0,0,0,0,0,0,0,0,0,0,0,"0",0,1,0,1,0,0,0,0,1,0,0,0,0,0,0,0,"1",0,0,0,"0",0,0,0,0,"0",0,0,0,0,0,0,0,0,0,0,0,0,0,0,0,"0","0","1","0","0","0","0","0","0","0","1","0","0","0","0","0","0","0","0","0","0","0","0","0","1","0","0","0","1","1","0","0","0","0","0","0","0","0","0","0","0","0","0","0","0","0","0","0","0","0","0","0","0","0","0","1","0","0","0","0","0","0","0","0","0","0","0","0","0","0","0","0","0","0","0","0","0","0","0","0","0","0","0","0","0","0","0","0","0","0","0","0","1","201904","202204","2305"
"7559801","530010","71953000","14736261000260","3","1","00000000000000","","","","","","0","E","","","04","","03","36","03","","99","","","","","","","","EAS 0013214","20180518","1","","","","","","0","0","1","0","0","0","1","0","0","0","0","0","0","0",0,0,0,"0",0,0,0,0,0,0,0,0,0,0,0,0,0,0,"0",0,1,0,0,0,0,0,0,0,0,0,0,0,0,0,0,"1",0,0,0,"0",0,0,0,0,"0",0,0,0,0,0,0,0,0,0,0,0,0,0,0,0,"0","0","1","0","0","0","0","0","0","0","0","0","0","0","0","0","0","0","0","0","0","0","0","0","1","0","0","0","1","1","0","0","0","0","0","0","0","0","0","0","0","0","0","0","0","0","0","0","0","0","0","1","0","0","0","0","0","0","0","0","0","0","0","0","0","0","0","0","0","0","0","0","0","0","0","0","0","0","0","0","0","0","0","0","0","0","0","0","0","0","0","0","1","202001","202204","2305"
"7561504","530010","70790120","16605661000180","3","1","00000000000000","","","","0010","","0","E","","","04","","03","22","03","","99","","","","","","","","EAS.0727-02","20211010","1","","","","","","0","0","1","0","0","0","1","0","0","0","0","0","0","0",0,0,0,"0",0,0,0,0,0,0,0,0,0,0,0,0,0,0,"0",1,1,0,0,0,0,0,0,0,0,0,0,0,0,0,0,"1",0,0,0,"0",0,0,0,0,"0",0,0,0,0,0,0,0,0,0,0,0,0,0,0,0,"0","0","1","0","0","0","0","0","0","0","0","0","0","0","0","0","0","0","0","0","0","0","0","0","1","0","0","0","1","1","0","0","0","0","0","0","0","0","0","0","0","0","0","0","0","0","0","0","0","0","0","1","0","0","0","1","0","0","0","0","0","0","0","0","0","0","0","0","0","0","0","0","0","0","0","0","0","0","0","0","0","0","0","0","0","0","0","0","0","0","0","0","1","202202","202204","2062"
"7566530","530010","71691047","00000000000000","3","3","00394700000108","","07","","0160","","1","E","","","04","","02","02","03","","99","","","","","","","","","","","","","","","","1","0","1","0","0","0","1","0","0","0","0","0","0","0",0,0,0,"0",0,0,0,0,0,0,0,0,0,0,0,0,0,0,"0",2,0,0,5,0,0,0,0,3,0,0,1,0,0,1,0,"1",0,0,0,"0",0,0,0,0,"0",0,0,0,0,0,0,0,0,0,0,0,0,0,0,0,"0","0","1","0","0","0","1","0","1","0","0","1","0","0","0","0","0","0","0","0","0","0","0","0","1","1","0","0","1","1","0","0","0","0","0","0","0","0","0","1","1","0","1","0","0","0","0","0","0","0","1","0","0","0","0","0","0","0","0","0","0","0","0","0","0","0","0","0","0","0","0","0","0","0","0","0","0","0","0","0","0","0","0","0","0","0","0","0","0","0","0","0","1","202203","202204","1023"
"7566611","530010","72115610","12992115000270","3","1","00000000000000","","","","0180","","0","E","","","04","","03","62","03","","99","","","","","","","","EAS.00194-15/2021","20210526","1","","","","","","0","0","0","0","0","0","0","0","0","1","0","0","0","1",1,0,0,"1",0,0,0,0,0,0,0,0,0,0,0,0,0,0,"0",0,5,0,0,0,0,0,0,0,0,0,0,0,0,0,0,"1",2,1,0,"1",0,0,0,0,"0",0,0,0,0,0,0,0,0,0,0,0,0,0,0,0,"0","1","1","1","0","0","0","0","0","0","0","0","0","0","0","0","0","0","0","1","0","0","0","0","1","1","0","0","1","1","0","0","0","0","0","0","0","0","0","0","0","0","0","0","0","0","0","0","0","0","0","1","0","0","0","1","0","0","0","0","0","0","0","0","0","0","0","0","0","0","0","0","0","0","0","0","0","0","0","0","0","0","0","0","0","0","0","0","0","0","0","0","1","202111","202204","2062"
"7572743","530010","70200760","17955128000101","3","1","00000000000000","","","","","","0","E","","","04","","01","36","03","","99","","","","","","","","EAS20197-01","20210917","1","","","","","","0","0","1","0","0","0","1","0","0","0","0","0","0","0",0,0,0,"0",0,0,0,0,0,0,0,0,0,0,0,0,0,0,"0",0,9,0,0,0,0,0,0,0,0,0,0,0,0,0,0,"1",0,0,0,"0",0,0,0,0,"0",0,0,0,0,0,0,0,0,0,0,0,0,0,0,0,"0","0","1","0","0","0","0","0","0","0","0","0","0","0","0","0","0","0","0","0","0","0","0","0","1","0","0","0","1","1","0","0","0","0","0","0","0","0","0","0","0","0","0","0","0","0","0","0","0","0","0","1","0","0","0","1","0","0","0","0","0","0","0","0","0","0","0","0","0","0","0","0","0","0","0","0","0","0","0","0","0","0","0","0","0","0","0","0","0","0","0","0","1","202202","202204","2062"
"7577036","530010","70070030","04671937000140","3","1","00000000000000","","","","0015","","0","E","","","04","","03","36","03","","99","","","","","","","","ODO 01950-01","20200327","1","","","","","","0","0","1","0","0","0","1","0","0","0","0","0","0","0",0,0,0,"0",0,0,0,0,0,0,0,0,0,0,0,0,0,0,"0",0,0,0,0,0,0,0,0,2,0,0,0,0,0,0,0,"1",0,0,0,"0",0,0,0,0,"0",0,0,0,0,0,0,0,0,0,0,0,0,0,0,0,"0","0","1","0","0","0","0","0","1","0","0","0","0","0","0","0","0","0","0","0","0","0","0","0","1","1","0","0","1","1","0","0","0","0","0","0","0","0","0","0","0","0","0","0","0","0","0","0","0","0","0","1","0","0","0","1","0","0","0","0","0","0","0","0","0","0","0","0","0","0","0","0","0","0","0","0","0","0","0","0","0","0","0","0","0","0","0","0","0","0","0","0","1","202009","202204","2062"
"7579128","530010","70830300","00995101000140","3","1","00000000000000","","","","0005","","0","E","","","04","","03","77","03","","99","","","","","","","","LICENCA SANITARIA","20190616","1","","","","","","0","0","1","0","0","0","1","0","0","0","0","0","0","0",0,0,0,"0",0,0,0,0,0,0,0,0,0,0,0,0,0,0,"0",0,0,0,0,0,0,0,0,0,0,0,0,0,0,0,0,"0",0,0,0,"0",0,0,0,0,"0",0,0,0,0,0,0,0,0,0,0,0,0,0,0,0,"0","0","1","0","0","0","0","0","0","0","0","0","0","0","0","0","0","0","0","0","0","0","0","0","1","1","0","0","1","1","0","0","0","0","0","0","0","0","0","0","0","0","0","0","0","0","0","0","0","0","0","1","0","0","0","1","0","0","0","0","0","0","0","0","0","0","0","0","0","0","0","0","0","0","0","0","0","0","0","0","0","0","0","0","0","0","0","0","0","0","0","0","1","201908","202204","2062"
"7579144","530010","70770909","15367480000281","3","1","00000000000000","","","","","","0","E","","","04","","03","36","03","","99","","","","","","","","RAD 0002902","20200808","1","","","","","","0","0","1","0","0","0","1","0","0","0","0","0","0","0",0,0,0,"0",0,0,0,0,0,0,0,0,0,0,0,0,0,0,"0",0,1,0,0,0,0,0,0,0,0,0,0,0,0,0,0,"1",0,0,0,"0",0,0,0,0,"0",0,0,0,0,0,0,0,0,0,0,0,0,0,0,0,"0","0","1","0","0","0","0","0","0","0","0","0","0","0","0","0","0","0","0","0","0","0","0","0","1","1","0","0","1","1","0","0","0","0","0","0","0","0","0","0","0","0","0","0","0","0","0","0","0","0","0","1","0","0","0","1","0","0","0","0","0","0","0","0","0","0","0","0","0","0","0","0","0","0","0","0","0","0","0","0","0","0","0","0","0","0","0","0","0","0","0","0","1","202009","202204","2062"
"7579721","530010","72015901","19345918000109","3","1","00000000000000","","","","","61","0","E","","","04","","03","22","03","","99","","","","","","","","53201913741","20220322","1","","","","","","0","0","1","0","0","0","1","0","0","0","0","0","0","0",0,0,0,"0",0,0,0,0,0,0,0,0,0,0,0,0,0,0,"0",1,0,0,0,0,0,0,0,1,0,0,0,0,0,0,0,"1",0,0,0,"0",0,0,0,0,"0",0,0,0,0,0,0,0,0,0,0,0,0,0,0,0,"0","0","1","0","0","0","0","0","0","0","0","0","0","0","0","0","0","0","0","0","0","0","0","0","1","0","0","0","1","1","0","0","0","0","0","0","0","0","0","0","0","0","0","0","0","0","0","0","0","0","0","1","0","0","0","0","0","0","0","0","0","0","0","0","0","0","0","0","0","0","0","0","0","0","0","0","0","0","0","0","0","0","0","0","0","0","0","0","0","0","0","0","1","202204","202204","2062"
"7581203","530010","70200730","17653824000163","3","1","00000000000000","","","","0015","","0","E","","","04","","02","22","03","","99","","","","","","","","EAS 20154-01","20190618","1","","","","","","0","0","0","0","1","0","1","0","0","0","0","0","0","0",0,0,0,"0",0,0,0,0,0,0,0,0,0,0,0,0,0,0,"0",0,1,0,0,0,0,0,0,0,0,0,0,0,0,0,0,"1",0,0,0,"0",0,0,0,0,"0",0,0,0,0,0,0,0,0,0,0,0,0,0,0,0,"0","0","0","0","0","0","0","0","0","0","0","0","0","0","0","0","0","0","0","0","0","0","0","0","0","0","0","0","1","1","0","0","0","0","0","0","0","0","0","0","0","0","0","0","0","0","0","0","0","0","0","1","0","0","0","0","0","0","0","0","0","0","0","0","0","0","0","0","0","0","0","0","0","0","0","0","0","0","0","0","0","0","0","0","0","0","0","0","0","0","0","0","1","201911","202204","2062"
"7588305","530010","70390095","97526705000189","3","1","00000000000000","","","","","","0","E","","","04","","01","36","03","","99","","","","","","","","EAS. 20119-01","20180403","1","","","","","","0","0","1","0","0","0","1","0","0","0","0","0","0","0",0,0,0,"0",0,0,0,0,0,0,0,0,0,0,0,0,0,0,"0",0,2,0,0,0,0,0,0,0,0,0,0,0,0,0,0,"1",0,0,0,"0",0,0,0,0,"0",0,0,0,0,0,0,0,0,0,0,0,0,0,0,0,"0","0","1","0","0","0","0","0","0","0","0","0","0","0","0","0","0","0","0","0","0","0","0","0","1","0","0","0","1","1","0","0","0","0","0","0","0","0","0","0","0","0","0","0","0","0","0","0","0","0","0","1","0","0","0","1","0","0","0","0","0","0","0","0","0","0","0","0","0","0","0","0","0","0","0","0","0","0","0","0","0","0","0","0","0","0","0","0","0","0","0","0","1","202008","202204","2062"
"7588445","530010","70390700","17252011000161","3","1","00000000000000","","","","0015","","0","E","","","04","","03","36","04","","99","","","","","","","","RAD 05360-01","20190131","1","","","","","","0","0","1","0","0","0","1","0","0","0","0","0","0","0",0,0,0,"0",0,0,0,0,0,0,0,0,0,0,0,0,0,0,"0",0,2,0,0,0,0,0,0,0,0,0,0,0,0,0,0,"1",0,0,0,"0",0,0,0,0,"0",0,0,0,0,0,0,0,0,0,0,0,0,0,0,0,"0","0","1","0","0","0","0","0","0","0","0","0","0","0","0","0","0","0","0","0","0","0","0","0","1","0","0","0","1","1","0","0","0","0","0","0","0","0","0","0","0","0","0","0","0","0","0","0","0","0","0","1","0","0","0","1","0","0","0","0","0","0","0","0","0","0","0","0","0","0","0","0","0","0","0","0","0","0","0","0","0","0","0","0","0","0","0","0","0","0","0","0","1","202008","202204","2062"
"7591241","530010","70710904","21012376000196","3","1","00000000000000","","","","0010","","0","E","","","04","","03","04","03","","99","","","","","","","","EAS 0777-02","","1","","","","","","0","0","1","0","0","0","1","0","0","0","0","0","0","0",0,0,0,"0",0,0,0,0,0,0,0,0,0,0,0,0,0,0,"0",0,5,0,1,0,0,0,0,0,0,0,0,0,0,0,0,"1",0,0,0,"0",0,0,0,0,"0",0,0,0,0,0,0,0,0,0,0,0,0,0,0,0,"0","0","1","0","0","0","0","0","0","0","0","0","0","0","0","0","0","0","0","0","0","0","0","0","1","1","0","0","1","1","0","0","0","0","0","0","0","0","0","0","0","0","0","0","0","0","0","0","0","0","0","1","0","0","0","1","0","0","0","0","0","0","0","0","0","0","0","0","0","0","0","0","0","0","0","0","0","0","0","0","0","0","0","0","0","0","0","0","0","0","0","0","1","201909","202204","2062"
"7592477","530010","73080050","00000000000000","3","3","00394700000108","","06","","0170","","1","E","","","04","","03","73","06","","99","","","","","","","","","","","","","","","","0","0","1","0","0","0","1","0","0","0","0","0","0","0",0,0,0,"0",1,0,0,1,1,0,0,1,1,1,0,1,0,9,"1",0,0,0,0,0,0,0,0,0,0,0,0,0,0,0,0,"0",0,0,0,"0",0,0,0,0,"0",10,0,0,10,0,0,0,0,0,0,0,0,0,0,0,"0","0","1","0","1","0","1","0","1","0","1","0","0","0","0","0","0","1","0","1","1","0","1","0","1","1","1","0","1","1","0","0","0","0","0","0","0","0","0","0","0","0","0","0","0","0","0","0","0","0","1","0","0","0","0","0","0","0","0","0","0","0","0","0","1","0","0","0","0","0","0","0","0","0","0","0","0","0","0","0","0","0","0","0","0","0","0","0","0","0","0","0","1","202203","202204","1023"
"7597479","530010","70770560","19055984000136","3","1","00000000000000","","","","0015","","0","E","","","04","","03","36","03","","99","","","","","","","","EAS 00550-02/2021","20210127","1","","","","","","0","0","1","0","0","0","1","0","0","0","0","0","0","0",0,0,0,"0",0,0,0,0,0,0,0,0,0,0,0,0,0,0,"0",0,2,0,0,0,0,0,0,0,0,0,0,0,0,0,0,"1",0,0,0,"0",0,0,0,0,"0",0,0,0,0,0,0,0,0,0,0,0,0,0,0,0,"0","0","1","0","0","0","0","0","0","0","0","0","0","0","0","0","0","0","0","0","0","0","0","0","1","1","0","0","1","1","0","0","0","0","0","0","0","0","0","0","0","0","0","0","0","0","0","0","0","0","0","1","0","0","0","1","0","0","0","0","0","0","0","0","0","0","0","0","0","0","0","0","0","0","0","0","0","0","0","0","0","0","0","0","0","0","0","0","0","0","0","0","1","202111","202204","2062"
"7599560","530010","70390095","11429182000218","3","1","00000000000000","","","","","","0","E","","","04","","03","04","03","","99","","","","","","","","DFP1800095015","20190308","1","","","","","","0","0","1","0","0","0","1","0","0","0","0","0","0","0",0,0,0,"0",0,0,0,0,0,0,0,0,0,0,0,0,0,0,"0",1,3,0,0,0,0,0,0,0,0,0,0,0,0,0,0,"1",0,0,0,"0",0,0,0,0,"0",0,0,0,0,0,0,0,0,0,0,0,0,0,0,0,"0","0","1","0","0","0","0","0","0","0","0","0","0","0","0","0","0","0","0","0","0","0","0","0","1","0","0","0","1","1","0","0","0","0","0","0","0","0","0","0","0","0","0","0","0","0","0","0","0","0","0","1","0","0","1","1","0","0","0","0","0","0","0","0","0","0","0","0","0","0","0","0","0","0","0","0","0","0","0","0","0","0","0","0","0","0","0","0","0","0","0","0","1","202111","202204","2054"
"7600755","530010","72115700","07835204000191","3","1","00000000000000","","","","0180","","0","E","","","04","","03","36","04","","99","","","","","","","","","","","","","","","","0","0","1","0","0","0","1","0","0","0","0","0","0","0",0,0,0,"0",0,0,0,0,0,0,0,0,0,0,0,0,0,0,"0",4,0,0,0,0,0,0,0,0,0,0,0,0,0,0,0,"1",0,0,0,"0",0,0,0,0,"0",0,0,0,0,0,0,0,0,0,0,0,0,0,0,0,"0","0","1","0","0","0","0","1","0","1","0","0","0","0","0","0","1","0","0","0","0","0","0","0","1","0","0","0","1","1","0","0","0","0","0","0","0","0","0","0","0","0","0","0","0","0","0","0","0","0","0","1","0","0","0","1","0","0","0","0","0","0","0","0","0","0","0","0","0","0","0","0","0","0","0","0","0","0","0","0","0","0","0","0","0","0","0","0","0","0","0","0","1","202204","202204","2062"
"7604505","530010","70390150","14333880000122","3","1","00000000000000","","","","","","0","E","","","04","","03","22","02","","99","","","","","","","","","","","","","","","","0","0","1","0","0","0","1","0","0","0","0","0","0","0",0,0,0,"0",0,0,0,0,0,0,0,0,0,0,0,0,0,0,"0",1,0,0,0,0,0,0,0,0,0,0,0,0,0,0,0,"1",0,0,0,"0",0,0,0,0,"0",0,0,0,0,0,0,0,0,0,0,0,0,0,0,0,"0","0","0","0","0","0","0","0","0","0","0","0","0","0","0","0","0","0","0","0","0","0","0","0","0","0","0","0","1","1","0","0","0","0","0","0","0","0","0","0","0","0","0","0","0","0","0","0","0","0","0","1","0","0","0","1","0","0","0","0","0","0","0","0","0","0","0","0","0","0","0","0","0","0","0","0","0","0","0","0","0","0","0","0","0","0","0","0","0","0","0","0","1","202009","202204","2062"
"7604920","530010","72115700","02575124000120","3","1","00000000000000","","","","","","0","E","","","04","","03","36","03","","99","","","","","","","","LICENCA SANITARIA","20211024","1","","","","","","0","0","1","0","0","0","1","0","0","0","0","0","0","0",0,0,0,"0",0,0,0,0,0,0,0,0,0,0,0,0,0,0,"0",0,3,0,0,0,0,0,0,0,0,0,0,0,0,0,0,"1",0,0,0,"0",0,0,0,0,"0",0,0,0,0,0,0,0,0,0,0,0,0,0,0,0,"0","0","1","0","0","0","0","0","0","0","0","0","0","0","0","0","0","0","0","0","0","0","0","0","1","0","0","0","1","1","0","0","0","0","0","0","0","0","0","0","0","0","0","0","0","0","0","0","0","0","0","1","0","0","0","0","0","0","0","0","0","0","0","0","0","0","0","0","0","0","0","0","0","0","0","0","0","0","0","0","0","0","0","0","0","0","0","0","0","0","0","0","1","202111","202204","2062"
"7612532","530010","70390150","00718528008266","3","1","00000000000000","","","","0010","","0","E","","","04","","03","39","03","","99","","","","","","","","LAB 0570701","20210729","1","","","","","","0","0","1","0","0","0","1","0","0","0","0","0","0","0",0,0,0,"0",0,0,0,0,0,0,0,0,0,0,0,0,0,0,"0",0,0,0,0,0,0,0,0,0,0,0,0,0,0,0,0,"0",0,0,0,"0",0,0,0,0,"0",0,0,0,0,0,0,0,0,0,0,0,0,0,0,0,"0","0","1","0","0","0","0","0","0","0","0","0","0","0","0","0","0","0","0","0","0","0","0","0","1","1","0","0","1","1","0","0","0","0","0","0","0","0","0","0","0","0","0","0","0","0","0","0","0","0","0","0","0","0","0","0","0","0","1","0","0","1","1","0","0","0","0","0","0","0","0","0","0","0","0","0","0","0","0","0","0","0","0","0","0","0","0","0","0","0","0","0","1","202112","202204","2054"
"7612540","530010","70390100","32911992000367","3","1","00000000000000","","","","0010","","0","E","","","04","","03","04","04","","99","001","10049","403318","","","","","EAS 05209-08","20210219","1","","","","","","0","0","0","0","1","0","1","0","0","0","0","0","0","0",0,0,0,"0",0,0,0,0,0,0,0,0,0,0,0,0,0,1,"1",0,0,0,1,0,0,0,0,0,0,0,0,0,0,0,0,"1",0,0,0,"0",0,0,0,0,"0",0,0,0,0,0,0,0,0,0,0,0,0,0,0,0,"0","0","1","0","0","0","1","0","0","0","0","0","0","0","0","0","0","1","0","0","0","1","0","0","1","1","0","0","1","1","0","0","0","0","0","0","0","0","0","0","0","0","0","0","0","0","0","0","0","0","0","1","0","0","0","0","0","0","0","0","0","0","0","0","0","0","0","0","0","0","0","0","0","0","0","0","0","0","0","0","0","0","0","0","0","0","0","0","0","0","0","0","1","202106","202204","2062"
"7614357","530010","70390700","17968797000118","3","1","00000000000000","","","","0010","","0","E","","","04","","01","36","03","","99","","","","","","","","RLE@DIGITAL","20220119","1","","","","","","0","0","1","0","0","0","1","0","0","0","0","0","0","0",0,0,0,"0",0,0,0,0,0,0,0,0,0,0,0,0,0,0,"0",0,3,0,0,0,0,0,0,0,0,0,0,0,0,0,0,"1",0,0,0,"0",0,0,0,0,"0",0,0,0,0,0,0,0,0,0,0,0,0,0,0,0,"0","0","1","0","0","0","0","0","0","0","0","0","0","0","0","0","0","0","0","0","0","0","0","0","1","1","0","0","1","1","0","0","0","0","0","0","0","0","0","0","0","0","0","0","0","0","0","0","0","0","0","1","0","0","0","1","0","0","0","0","0","0","0","0","0","0","0","0","0","0","0","0","0","0","0","0","0","0","0","0","0","0","0","0","0","0","0","0","0","0","0","0","1","202202","202204","2062"
"7614365","530010","71953000","20000108000191","3","1","00000000000000","","","","0010","","0","E","","","04","","03","04","02","","99","","","","","","","","EAS 00272-14","20200831","1","","","","","","0","0","1","0","0","0","1","0","0","0","0","0","0","0",0,0,0,"0",0,0,0,0,0,0,0,0,0,0,0,0,0,0,"0",1,5,0,2,0,0,0,0,0,0,0,0,0,0,0,0,"1",0,0,0,"0",0,0,0,0,"0",0,0,0,0,0,0,0,0,0,0,0,0,0,0,0,"0","0","1","0","0","0","0","0","0","0","0","0","0","0","0","0","0","0","1","0","0","0","0","0","1","1","0","0","1","1","0","0","0","0","0","0","0","0","0","0","0","0","0","0","0","0","0","0","0","0","0","1","0","0","0","1","0","0","0","0","0","0","1","0","0","0","0","0","0","0","0","0","0","0","0","0","0","0","0","0","0","0","0","0","0","0","0","0","0","0","0","0","1","202101","202204","2062"
"7617526","530010","72025001","18586175000198","3","1","00000000000000","","","","0180","","0","E","","","04","","01","36","04","","99","","","","","","","","EAS .00208/14","20210907","1","","","","","","0","0","1","0","0","0","1","0","0","0","0","0","0","0",0,0,0,"0",0,0,0,0,0,0,0,0,0,0,0,0,0,0,"0",0,3,0,0,0,0,0,0,0,0,0,0,0,0,0,0,"1",0,0,0,"0",0,0,0,0,"0",0,0,0,0,0,0,0,0,0,0,0,0,0,0,0,"0","0","1","0","0","0","0","0","0","0","0","0","0","0","0","0","0","0","0","0","0","0","0","0","1","1","0","0","1","1","0","0","0","0","0","0","0","0","0","0","0","0","0","0","0","0","0","0","0","0","0","1","0","0","0","1","0","0","0","0","0","0","0","0","0","0","0","0","0","0","0","0","0","0","0","0","0","0","0","0","0","0","0","0","0","0","0","0","0","0","0","0","1","202204","202204","2240"
"7617542","530010","72025001","13219388000168","3","1","00000000000000","","","","","","0","E","","","04","","01","36","03","","99","","","","","","","","EAS 0000205/15","20210505","1","","","","","","0","0","1","0","0","0","1","0","0","0","0","0","0","0",0,0,0,"0",0,0,0,0,0,0,0,0,0,0,0,0,0,0,"0",0,3,0,0,0,0,0,0,0,0,0,0,0,0,0,0,"1",0,0,0,"0",0,0,0,0,"0",0,0,0,0,0,0,0,0,0,0,0,0,0,0,0,"0","0","0","1","0","0","0","0","0","0","0","0","0","0","0","0","0","0","0","0","0","0","0","0","1","1","1","0","1","1","0","0","0","0","0","0","0","0","0","0","0","0","0","0","0","0","0","0","0","0","0","1","0","0","0","1","0","0","0","0","0","0","0","0","0","0","0","0","0","0","0","0","0","0","0","0","0","0","0","0","0","0","0","0","0","0","0","0","0","0","0","0","1","202203","202204","2062"
"7617569","530010","71906750","20238612000124","3","1","00000000000000","","","","","","0","E","","","04","","01","22","03","","99","","","","","","","","RLE DIGITAL","20210208","1","","","","","","0","0","1","0","0","0","1","0","0","0","0","0","0","0",0,0,0,"0",0,0,0,0,0,0,0,0,0,0,0,0,0,0,"0",0,0,0,0,0,0,0,0,2,0,0,0,0,0,0,0,"1",0,0,0,"0",0,0,0,0,"0",0,0,0,0,0,0,0,0,0,0,0,0,0,0,0,"0","0","1","0","0","0","0","0","0","0","0","0","0","0","0","0","0","0","0","0","0","0","0","0","1","0","0","0","1","1","0","0","0","0","0","0","0","0","0","0","0","0","0","0","0","0","0","0","0","0","0","1","0","0","0","0","0","0","0","0","0","0","0","0","0","0","0","0","0","0","0","0","0","0","0","0","0","0","0","0","0","0","0","0","0","0","0","0","0","0","0","0","1","202103","202204","2062"
"7620535","530010","70390100","19833230000160","3","1","00000000000000","","","","","","0","E","","","04","","03","04","03","","99","","","","","","","","RLE","20200827","1","","","","","","0","0","1","0","0","0","1","0","0","0","0","0","0","0",0,0,0,"0",0,0,0,0,0,0,0,0,0,0,0,0,0,0,"0",0,1,0,0,0,0,0,0,0,0,0,0,0,0,0,0,"1",0,0,0,"0",0,0,0,0,"0",0,0,0,0,0,0,0,0,0,0,0,0,0,0,0,"0","0","1","0","0","0","0","0","0","0","0","0","0","0","0","0","0","0","0","0","0","0","0","0","1","1","0","0","1","1","0","0","0","0","0","0","0","0","0","0","0","0","0","0","0","0","0","0","0","0","0","1","0","0","0","1","0","0","0","0","0","0","0","0","0","0","0","0","0","0","0","0","0","0","0","0","0","0","0","0","0","0","0","0","0","0","0","0","0","0","0","0","1","202009","202204","2062"
"7621353","530010","73006045","05313098000312","3","1","00000000000000","","","","0170","","0","E","","","04","","03","36","03","","99","","","","","","","","ODO.00143-09","20201127","1","","","","","","0","0","1","0","0","0","1","0","0","0","0","0","0","0",0,0,0,"0",0,0,0,0,0,0,0,0,0,0,0,0,0,0,"0",0,0,0,0,0,0,0,0,3,0,0,0,0,0,0,0,"1",0,0,0,"0",0,0,0,0,"0",0,0,0,0,0,0,0,0,0,0,0,0,0,0,0,"0","0","1","0","0","0","0","0","1","0","0","0","0","0","0","0","0","0","0","0","0","0","0","0","1","1","0","0","1","1","0","0","0","0","0","0","0","0","0","0","0","0","0","0","0","0","0","0","0","0","0","1","0","0","0","1","0","0","0","0","0","0","0","0","0","0","0","0","0","0","0","0","0","0","0","0","0","0","0","0","0","0","0","0","0","0","0","0","0","0","0","0","1","202010","202204","2062"
"7623399","530010","72502100","00000000000000","3","3","00394700000108","","","","0150","","1","E","","","04","","03","50","03","","99","","","","","","","","","","","","","","","","0","0","0","0","0","0","0","0","0","0","0","0","0","0",0,0,0,"0",0,0,0,0,0,0,0,0,0,0,0,0,0,0,"0",0,0,0,0,0,0,0,0,0,0,0,0,0,0,0,0,"0",0,0,0,"0",0,0,0,0,"0",0,0,0,0,0,0,0,0,0,0,0,0,0,0,0,"0","0","0","0","0","0","0","0","0","0","0","0","0","0","0","0","0","0","0","0","0","0","0","0","0","0","0","0","1","1","0","0","0","0","0","0","0","0","0","0","0","0","0","0","0","0","0","0","0","0","0","0","0","0","0","0","0","0","0","0","0","0","0","0","0","0","0","0","0","0","0","0","0","0","0","0","0","0","1","0","0","0","0","0","0","0","0","0","0","0","0","0","1","202202","202204","1023"
"7623941","530010","71907720","20208521000146","3","1","00000000000000","","","","9901","","0","E","","","04","","03","04","03","","99","","","","","","","","DFP2000200413 - RLE","20211217","1","","","","","","0","0","1","0","0","0","1","0","0","0","0","0","0","0",0,0,0,"0",0,0,0,0,0,0,0,0,0,0,0,0,0,0,"0",0,4,0,0,0,0,0,0,0,0,0,1,0,0,0,0,"1",0,0,0,"0",0,0,0,0,"0",0,0,0,0,0,0,0,0,0,0,0,0,0,0,0,"0","0","1","0","0","0","0","0","0","0","0","0","0","0","0","0","0","0","0","0","0","0","0","0","1","1","0","0","1","1","0","0","0","0","0","0","0","0","0","0","0","0","0","0","0","0","0","0","0","0","0","1","0","0","0","1","0","0","0","0","0","0","0","0","0","0","0","0","0","0","0","0","0","0","0","0","0","0","0","0","0","0","0","0","0","0","0","0","0","0","0","0","1","202204","202204","2240"
"7628404","530010","70200730","12992115000199","3","1","00000000000000","","","","0010","","0","E","","","04","","03","62","03","","99","","","","","","","","EAS.02975-01","20210923","1","","","","","","0","0","1","0","0","0","1","0","0","1","0","0","0","1",1,0,0,"1",0,0,0,0,0,0,0,0,0,0,0,0,0,0,"0",0,10,0,0,0,0,0,0,0,0,0,0,0,0,0,0,"1",3,0,0,"1",0,0,0,0,"0",0,0,0,0,0,0,0,0,0,0,0,0,0,0,0,"0","1","1","1","0","0","0","0","0","0","0","0","0","0","0","0","0","0","0","0","0","0","0","0","1","1","0","0","1","1","0","0","0","0","0","0","0","0","0","0","0","0","0","0","1","0","0","0","1","0","0","1","0","0","0","1","0","0","1","0","0","0","1","0","0","0","0","0","0","0","0","0","0","0","0","0","0","0","0","0","0","0","0","0","0","0","0","0","0","0","0","0","1","202204","202204","2062"
"7643853","530010","71907720","10356540000166","3","1","00000000000000","","","","9901","","0","E","","","04","","03","04","03","","99","","","","","","","","EAS.00062-22","20200911","1","","","","","","0","0","1","0","0","0","1","0","0","0","0","0","0","0",0,0,0,"0",0,0,0,0,0,0,0,0,0,0,0,0,0,0,"0",0,3,0,0,0,0,0,0,0,1,0,0,0,0,0,0,"1",0,0,0,"0",0,0,0,0,"0",0,0,0,0,0,0,0,0,0,0,0,0,0,0,0,"0","0","0","0","0","0","0","0","0","1","0","0","0","0","0","0","0","0","0","0","0","0","0","0","1","1","1","0","1","1","0","0","0","0","0","0","0","0","0","0","0","0","0","0","0","0","0","0","0","0","0","1","0","0","0","1","0","0","0","0","0","0","0","0","0","0","0","0","0","0","0","0","0","0","0","0","0","0","0","0","0","0","0","0","0","0","0","0","0","0","0","0","1","202102","202204","2062"
"7645848","530010","70390155","18066452000131","3","1","00000000000000","","","","","","0","E","","","04","","03","36","04","","99","","","","","","","","EAS 20165-01","20210517","1","","","","","","0","0","1","0","0","0","1","0","0","0","0","0","0","0",0,0,0,"0",0,0,0,0,0,0,0,0,0,0,0,0,0,0,"0",0,1,0,0,0,0,0,0,0,0,0,0,0,0,0,0,"1",0,0,0,"0",0,0,0,0,"0",0,0,0,0,0,0,0,0,0,0,0,0,0,0,0,"0","0","1","0","0","0","0","0","0","0","0","0","0","0","0","0","0","0","0","0","0","0","0","0","1","0","0","0","1","1","0","0","0","0","0","0","0","0","0","0","0","0","0","0","0","0","0","0","0","0","0","1","0","0","0","1","0","0","0","0","0","0","0","0","0","0","0","0","0","0","0","0","0","0","0","0","0","0","0","0","0","0","0","0","0","0","0","0","0","0","0","0","1","202108","202204","2240"
"7645929","530010","70390100","18686991000173","3","1","00000000000000","","","","","","0","E","","","04","","01","36","03","","99","","","","","","","","EAS.03665-01","20190109","1","","","","","","0","0","1","0","0","0","1","0","0","0","0","0","0","0",0,0,0,"0",0,0,0,0,0,0,0,0,0,0,0,0,0,0,"0",0,0,0,1,0,0,0,0,0,0,0,0,0,0,0,0,"1",0,0,0,"0",0,0,0,0,"0",0,0,0,0,0,0,0,0,0,0,0,0,0,0,0,"0","0","1","0","0","0","0","0","0","0","0","0","0","0","0","0","0","0","0","0","0","0","0","0","1","0","0","0","1","1","0","0","0","0","0","0","0","0","0","0","0","0","0","0","0","0","0","0","0","0","0","1","0","0","0","1","0","0","0","0","0","0","0","0","0","0","0","0","0","0","0","0","0","0","0","0","0","0","0","0","0","0","0","0","0","0","0","0","0","0","0","0","1","201908","202204","2062"
"7645961","530010","70306901","00706148000650","3","1","00000000000000","","","","","","0","E","","","04","","03","22","03","","99","","","","","","","","RLE","20200824","1","","","","","","0","0","1","0","0","0","1","0","0","0","0","0","0","0",0,0,0,"0",0,0,0,0,0,0,0,0,0,0,0,0,0,0,"0",1,0,0,0,0,0,0,0,0,0,0,0,0,0,0,0,"1",0,0,0,"0",0,0,0,0,"0",0,0,0,0,0,0,0,0,0,0,0,0,0,0,0,"0","0","1","0","0","0","0","0","0","0","0","0","0","0","0","0","0","0","0","0","0","0","0","0","1","0","0","0","1","1","0","0","0","0","0","0","0","0","0","0","0","0","0","0","0","0","0","0","0","0","0","1","0","0","0","0","0","0","0","0","0","0","0","0","0","0","0","0","0","0","0","0","0","0","0","0","0","0","0","0","0","0","0","0","0","0","0","0","0","0","0","0","1","202112","202204","2062"
"7646291","530010","70673416","21228991000134","3","1","00000000000000","","","","9931","","0","E","","","04","","03","22","03","","99","","","","","","","","DFP2000234539","20210105","1","","","","","","0","0","1","0","0","0","1","0","0","0","0","0","0","0",0,0,0,"0",0,0,0,0,0,0,0,0,0,0,0,0,0,0,"0",0,1,0,0,0,0,0,0,0,0,0,0,0,0,0,0,"1",0,0,0,"0",0,0,0,0,"0",0,0,0,0,0,0,0,0,0,0,0,0,0,0,0,"0","0","1","0","0","0","0","0","0","0","0","0","0","0","0","0","0","0","0","0","0","0","0","0","1","0","0","0","1","1","0","0","0","0","0","0","0","0","0","0","0","0","0","0","0","0","0","0","0","0","0","1","0","0","0","0","0","0","0","0","0","0","0","0","0","0","0","0","0","0","0","0","0","0","0","0","0","0","0","0","0","0","0","0","0","0","0","0","0","0","0","0","1","202107","202204","2062"
"7646305","530010","70390145","20747062000179","3","1","00000000000000","","","","0015","","0","E","","","04","","03","22","04","","99","","","","","","","","LICENCA SANITARIA","20180829","1","","","","","","0","0","1","0","0","0","1","0","0","0","0","0","0","0",0,0,0,"0",0,0,0,0,0,0,0,0,0,0,0,0,0,0,"0",0,0,0,1,0,0,0,0,0,0,0,0,0,0,0,0,"1",0,0,0,"0",0,0,0,0,"0",0,0,0,0,0,0,0,0,0,0,0,0,0,0,0,"0","0","1","0","0","0","0","0","0","0","0","0","0","0","0","0","0","0","0","0","0","0","0","0","1","0","0","0","1","1","0","0","0","0","0","0","0","0","0","0","0","0","0","0","0","0","0","0","0","0","0","1","0","0","0","0","0","0","0","0","0","0","0","0","0","0","0","0","0","0","0","0","0","0","0","0","0","0","0","0","0","0","0","0","0","0","0","0","0","0","0","0","1","202109","202204","2062"
"7646518","530010","71625175","17007331000156","3","1","00000000000000","","","","","","0","E","","","04","","03","36","03","","99","","","","","","","","EAS.00153-03","20190702","1","","","","","","0","0","1","0","0","0","1","0","0","0","0","0","0","0",0,0,0,"0",0,0,0,0,0,0,0,0,0,0,0,0,0,0,"0",0,1,0,0,0,0,0,0,0,0,0,0,0,0,0,0,"1",0,0,0,"0",0,0,0,0,"0",0,0,0,0,0,0,0,0,0,0,0,0,0,0,0,"0","0","0","0","0","0","0","0","0","0","0","0","0","0","0","0","0","0","0","0","0","0","0","0","0","1","0","0","1","1","0","0","0","0","0","0","0","0","0","0","0","0","0","0","0","0","0","0","0","0","0","1","0","0","0","0","0","0","0","0","0","0","0","0","0","0","0","0","0","0","0","0","0","0","0","0","0","0","0","0","0","0","0","0","0","0","0","0","0","0","0","0","1","201911","202204","3999"
"7646526","530010","70390700","06047087006501","3","1","00000000000000","","","","0010","","0","E","","","04","","01","04","04","","99","","","","","","","","20159-01","20210707","1","","","","","","0","0","1","0","1","0","1","0","0","0","0","0","0","0",0,0,0,"0",0,0,0,0,0,0,0,0,0,0,0,0,0,0,"0",21,1,0,0,0,0,0,0,0,0,1,0,0,0,1,0,"1",0,0,0,"0",0,0,0,0,"0",0,0,0,0,0,0,0,0,0,0,0,0,0,0,0,"0","0","1","0","0","0","0","0","0","0","0","0","0","0","0","0","0","0","0","0","0","0","0","0","1","1","1","0","1","1","0","0","0","0","0","0","0","0","0","0","0","0","0","0","0","0","0","0","0","0","0","1","0","0","0","1","0","0","0","0","0","0","0","0","0","0","0","0","0","0","0","0","0","0","0","0","0","0","0","0","0","0","0","0","0","0","0","0","0","0","0","0","1","202204","202204","2046"
"7647670","530010","70770913","16837251000165","3","1","00000000000000","","","","0005","","0","E","","","04","","03","22","03","","99","","","","","","","","361/23653","20180501","1","","","","","","0","0","1","0","0","0","1","0","0","0","0","0","0","0",0,0,0,"0",0,0,0,0,0,0,0,0,0,0,0,0,0,0,"0",0,1,0,0,0,0,0,0,0,0,0,0,0,0,0,0,"1",0,0,0,"0",0,0,0,0,"0",0,0,0,0,0,0,0,0,0,0,0,0,0,0,0,"0","0","1","0","0","0","0","0","0","0","0","0","0","0","0","0","0","0","0","0","0","0","0","0","1","0","0","0","1","1","0","0","0","0","0","0","0","0","0","0","0","0","0","0","0","0","0","0","0","0","0","1","0","0","0","0","0","0","0","0","0","0","0","0","0","0","0","0","0","0","0","0","0","0","0","0","0","0","0","0","0","0","0","0","0","0","0","0","0","0","0","0","1","202007","202204","2305"
"7654057","530010","72015170","21054669000136","3","1","00000000000000","","","","0180","","0","E","","","04","","03","36","03","","99","","","","","","","","EAS-00144-14","20210316","1","","","","","","0","0","1","0","0","0","1","0","0","0","0","0","0","0",0,0,0,"0",0,0,0,0,0,0,0,0,0,0,0,0,0,0,"0",0,0,0,3,0,0,0,0,0,0,0,0,0,0,0,0,"1",0,0,0,"0",0,0,0,0,"0",0,0,0,0,0,0,0,0,0,0,0,0,0,0,0,"0","0","1","0","0","0","0","0","0","0","0","0","0","0","0","0","0","0","0","0","0","0","0","0","1","0","0","0","1","1","0","0","0","0","0","0","0","0","0","0","0","0","0","0","0","0","0","0","0","0","0","1","0","0","0","1","0","0","0","0","0","0","0","0","0","0","0","0","0","0","0","0","0","0","0","0","0","0","0","0","0","0","0","0","0","0","0","0","0","0","0","0","1","202203","202204","2062"
"7654375","530010","70673416","21052235000105","3","1","00000000000000","","","","0050","","0","E","","","04","","03","22","03","","99","","","","","","","","EAS.00124-07","20210302","1","","","","","","0","0","1","0","0","0","1","0","0","0","0","0","0","0",0,0,0,"0",0,0,0,0,0,0,0,0,0,0,0,0,0,0,"0",0,1,0,0,0,0,0,0,0,0,0,0,0,0,0,0,"1",0,0,0,"0",0,0,0,0,"0",0,0,0,0,0,0,0,0,0,0,0,0,0,0,0,"0","0","1","0","0","0","0","0","1","0","0","0","0","0","0","0","0","0","0","0","0","0","0","0","1","1","0","0","1","1","0","0","0","0","0","0","0","0","0","0","0","0","0","0","0","0","0","0","0","0","0","1","0","0","0","1","0","0","0","0","0","0","0","0","0","0","0","0","0","0","0","0","0","0","0","0","0","0","0","0","0","0","0","0","0","0","0","0","0","0","0","0","1","202108","202204","2062"
"7656742","530010","70390150","20301378000132","3","1","00000000000000","","","","0015","","0","E","","","04","","03","36","03","","99","","","","","","","","EAS 20186-01","20210128","1","","","","","","0","0","1","0","0","0","1","0","0","0","0","0","0","0",0,0,0,"0",0,0,0,0,0,0,0,0,0,0,0,0,0,0,"0",0,1,0,0,0,0,0,0,0,0,0,0,0,0,0,0,"1",0,0,0,"0",0,0,0,0,"0",0,0,0,0,0,0,0,0,0,0,0,0,0,0,0,"0","0","1","0","0","0","0","0","0","0","0","0","0","0","0","0","0","0","0","0","0","0","0","0","1","1","0","0","1","1","0","0","0","0","0","0","0","0","0","0","0","0","0","0","0","0","0","0","0","0","0","1","0","0","0","1","0","0","0","0","0","0","0","0","0","0","0","0","0","0","0","0","0","0","0","0","0","0","0","0","0","0","0","0","0","0","0","0","0","0","0","0","1","202111","202204","2062"
"7659210","530010","72302567","61486650072842","3","1","00000000000000","","","","","","0","E","","","04","","03","39","03","","99","","","","","","","","","","","","","","","","0","0","1","0","0","0","1","0","0","0","0","0","0","0",0,0,0,"0",0,0,0,0,0,0,0,0,0,0,0,0,0,0,"0",0,0,0,0,0,0,0,1,0,0,0,0,0,0,0,0,"1",0,0,0,"0",0,0,0,0,"0",0,0,0,0,0,0,0,0,1,0,0,0,0,0,0,"0","0","0","0","0","0","0","0","0","0","0","0","0","0","0","0","0","0","1","0","0","0","0","0","1","1","0","0","1","1","0","0","0","0","0","0","0","0","0","0","0","0","0","0","0","0","0","0","0","0","0","0","0","0","0","0","0","0","1","0","0","0","1","0","0","0","0","0","0","0","0","0","0","0","0","0","0","0","0","0","0","0","0","0","0","0","0","0","0","0","0","0","1","202010","202204","2046"
"7661142","530010","70390095","19444062000110","3","1","00000000000000","","","","0015","","0","E","","","04","","01","36","04","","99","001","10049","302","","","","","CERTIFICADO DE LICENCIAME","20190912","1","","","","","","0","0","1","0","0","0","1","0","0","0","0","0","0","0",0,0,0,"0",0,0,0,0,0,0,0,0,0,0,0,0,0,0,"0",0,0,0,1,0,0,0,0,0,0,0,0,0,0,0,0,"1",0,0,0,"0",0,0,0,0,"0",0,0,0,0,0,0,0,0,0,0,0,0,0,0,0,"0","0","1","0","0","0","0","0","0","0","0","0","0","0","0","0","0","0","0","0","0","0","0","0","1","0","0","0","1","1","0","0","0","0","0","0","0","0","0","0","0","0","0","0","0","0","0","0","0","0","0","1","0","0","0","0","0","0","0","0","0","0","1","0","0","0","0","0","0","0","0","0","0","0","0","0","0","0","0","0","0","0","0","0","0","0","0","0","0","0","0","0","1","202002","202204","2062"
"7663382","530010","71635610","61590410000639","3","1","00000000000000","","","","","","0","E","","","04","","02","36","03","","99","","","","","","","","LICENCA SANITARIA","20211118","1","","","","","","0","0","1","0","0","0","1","0","0","0","0","0","0","0",0,0,0,"0",0,0,0,0,0,0,0,0,0,0,0,0,0,0,"1",0,1,0,1,0,0,0,0,0,0,1,0,0,0,0,0,"1",0,0,0,"0",0,0,0,0,"0",0,0,0,1,0,0,0,0,0,0,0,0,0,0,0,"0","0","1","0","0","0","1","0","0","0","1","0","0","0","0","0","0","1","0","1","0","1","0","0","1","1","1","0","1","1","0","0","0","0","0","0","0","0","0","0","0","0","0","0","0","0","0","0","0","0","0","1","0","0","0","1","0","0","0","0","0","0","0","0","0","0","0","0","0","0","0","0","0","0","0","0","0","0","0","0","0","0","0","0","0","0","0","0","0","0","0","0","1","202112","202204","3999"
"7669631","530010","70390095","20004162000105","3","1","00000000000000","","","","0010","","0","E","","","04","","03","22","03","","99","","","","","","","","","","","","","","","","0","0","1","0","0","0","1","0","0","0","0","0","0","0",0,0,0,"0",0,0,0,0,0,0,0,0,0,0,0,0,0,0,"0",0,1,0,0,0,0,0,0,0,0,0,0,0,0,0,0,"1",0,0,0,"0",0,0,0,0,"0",0,0,0,0,0,0,0,0,0,0,0,0,0,0,0,"0","0","1","0","0","0","0","0","0","0","0","0","0","0","0","0","0","0","0","0","0","0","0","0","1","0","0","0","1","1","0","0","0","0","0","0","0","0","0","0","0","0","0","0","0","0","0","0","0","0","0","1","0","0","1","1","0","0","0","0","0","0","0","0","0","0","0","0","0","0","0","0","0","0","0","0","0","0","0","0","0","0","0","0","0","0","0","0","0","0","0","0","1","202009","202204","2062"
"7672233","530010","70200700","21612699000110","3","1","00000000000000","","","","0015","","0","E","","","04","","03","22","03","","99","","","","","","","","EAS.20204-01","20171218","1","","","","","","0","0","1","0","0","0","1","0","0","0","0","0","0","0",0,0,0,"0",0,0,0,0,0,0,0,0,0,0,0,0,0,0,"0",0,1,0,0,0,0,0,0,0,0,0,0,0,0,0,0,"1",0,0,0,"0",0,0,0,0,"0",0,0,0,0,0,0,0,0,0,0,0,0,0,0,0,"0","0","1","0","0","0","0","0","0","0","0","0","0","0","0","0","0","0","0","0","0","0","0","0","1","1","0","0","1","1","0","0","0","0","0","0","0","0","0","0","0","0","0","0","0","0","0","0","0","0","0","0","0","0","0","1","0","0","0","0","0","0","0","0","0","0","0","0","0","0","0","0","0","0","0","0","0","0","0","0","0","0","0","0","0","0","0","0","0","0","0","0","1","202105","202204","2062"
"7674511","530010","70712903","03628122000700","3","1","00000000000000","","","","0015","","0","E","","","04","","03","36","03","","99","","","","","","","","RAD 0027-02","20190930","1","","","","","","0","0","1","0","0","0","1","0","0","0","0","0","0","0",0,0,0,"0",0,0,0,0,0,0,0,0,0,0,0,0,0,0,"0",0,0,0,3,0,0,0,0,0,0,0,0,0,0,0,0,"1",0,0,0,"0",0,0,0,0,"0",0,0,0,0,0,0,0,0,0,0,0,0,0,0,0,"0","0","1","0","0","0","0","0","0","0","0","0","0","0","0","0","0","0","0","0","0","0","0","0","1","0","0","0","1","1","0","0","0","0","0","0","0","0","0","0","0","0","0","0","0","0","0","0","0","0","0","1","0","0","0","1","0","0","0","0","0","0","0","0","0","0","0","0","0","0","0","0","0","0","0","0","0","0","0","0","0","0","0","0","0","0","0","0","0","0","0","0","1","201910","202204","2062"
"7682808","530010","70077900","21006753000184","3","1","00000000000000","","","","0010","","0","E","","","04","","03","36","03","","99","","","","","","","","ODO0220-02","20210313","1","","","","","","0","0","1","0","0","0","1","0","0","0","0","0","0","0",0,0,0,"0",0,0,0,0,0,0,0,0,0,0,0,0,0,0,"0",0,0,0,0,0,0,0,0,4,0,0,0,0,0,0,0,"1",0,0,0,"0",0,0,0,0,"0",0,0,0,0,0,0,0,0,0,0,0,0,0,0,0,"0","0","1","0","0","0","0","0","1","0","0","0","0","0","0","0","0","0","0","0","0","0","0","0","1","1","0","0","1","1","0","0","0","0","0","0","0","0","0","0","0","0","0","0","0","0","0","0","0","0","0","1","0","0","0","1","0","0","0","0","0","0","0","0","0","0","0","0","0","0","0","0","0","0","0","0","0","0","0","0","0","0","0","0","0","0","0","0","0","0","0","0","1","202201","202204","2240"
"7683197","530010","70390095","21514414000109","3","1","00000000000000","","","","0015","","0","E","","","04","","03","22","03","","99","","","","","","","","EAS.20224-01","20200331","1","","","","","","0","0","1","0","0","0","1","0","0","0","0","0","0","0",0,0,0,"0",0,0,0,0,0,0,0,0,0,0,0,0,0,0,"0",0,1,0,0,0,0,0,0,0,0,0,1,0,0,0,0,"1",0,0,0,"0",0,0,0,0,"0",0,0,0,0,0,0,0,0,0,0,0,0,0,0,0,"0","0","1","0","0","0","0","0","0","0","0","0","0","0","0","0","0","0","0","0","0","0","0","0","1","1","0","0","1","1","0","0","0","0","0","0","0","0","0","0","0","0","0","0","0","0","0","0","0","0","0","1","0","0","1","1","0","0","0","0","0","0","0","0","0","0","0","0","0","0","0","0","0","0","0","0","0","0","0","0","0","0","0","0","0","0","0","0","0","0","0","0","1","202004","202204","2062"
"7685734","530010","70390904","36767721000250","3","1","00000000000000","","","","0010","","0","E","","","04","","01","36","03","","99","","","","","","","","EAS-30025-01","20210702","1","","","","","","0","0","1","0","0","0","1","0","0","0","0","0","0","0",0,0,0,"0",0,0,0,0,0,0,0,0,0,0,0,0,0,0,"0",0,0,0,2,0,0,0,0,0,0,0,0,0,0,0,0,"1",0,0,0,"0",0,0,0,0,"0",0,0,0,0,0,0,0,0,0,0,0,0,0,0,0,"0","0","1","0","0","0","0","0","0","0","0","0","0","0","0","0","0","0","0","0","0","0","0","0","1","1","0","0","1","1","1","0","1","0","0","0","0","0","0","0","0","0","1","0","0","0","0","0","0","0","0","1","0","0","1","1","0","0","0","0","0","0","0","0","0","0","0","0","0","0","0","0","0","0","0","0","0","0","0","0","0","0","0","0","0","0","0","0","0","0","0","0","1","202111","202204","2062"
"7686285","530010","70200740","27330702000190","3","1","00000000000000","","","","0015","","0","E","","","04","","03","04","03","","99","","","","","","","","EAS 20729-01","20210602","1","","","","","","0","0","1","0","0","0","1","0","0","0","0","0","0","0",0,0,0,"0",0,0,0,0,0,0,0,0,0,0,0,0,0,0,"0",0,3,0,0,0,0,0,0,0,0,0,0,0,0,0,0,"1",0,0,0,"0",0,0,0,0,"0",0,0,0,0,0,0,0,0,0,0,0,0,0,0,0,"0","0","1","0","0","0","0","0","0","0","0","0","0","0","0","0","0","0","0","0","0","0","0","0","1","1","0","0","1","1","0","0","0","0","0","0","0","0","0","0","0","0","0","0","0","0","0","0","0","0","0","1","0","0","0","1","0","0","0","0","0","0","0","0","0","0","0","0","0","0","0","0","0","0","0","0","0","0","0","0","0","0","0","0","0","0","0","0","0","0","0","0","1","202111","202204","2062"
"7686323","530010","72025001","14328079000199","3","1","00000000000000","","","","0180","","0","E","","","04","","01","36","03","","99","","","","","","","","EAS- 000206-2014","20210220","1","","","","","","0","0","1","0","0","0","1","0","0","0","0","0","0","0",0,0,0,"0",0,0,0,0,0,0,0,0,0,0,0,0,0,0,"0",1,0,0,0,0,0,0,0,0,0,0,0,0,0,0,0,"1",0,0,0,"0",0,0,0,0,"0",0,0,0,0,0,0,0,0,0,0,0,0,0,0,0,"0","0","0","1","0","0","0","0","0","0","0","0","0","0","0","0","0","0","0","1","0","0","0","0","1","1","0","0","1","1","0","0","0","0","0","0","0","0","0","0","0","0","0","0","0","0","0","0","0","0","0","1","0","0","0","1","0","0","0","0","0","0","0","0","0","0","0","0","0","0","0","0","0","0","0","0","0","0","0","0","0","0","0","0","0","0","0","0","0","0","0","0","1","202203","202204","2062"
"7686730","530010","73017017","00000000000000","3","3","00394700000108","","06","","0170","","1","E","","","03","","01","02","03","","99","","","","","","","","","","","","","","","","1","0","0","0","0","0","1","0","0","0","0","0","0","0",0,0,0,"0",0,0,0,0,0,0,0,0,0,0,0,0,0,0,"0",3,0,0,2,0,0,0,1,0,0,1,1,0,0,1,0,"1",0,0,0,"0",0,0,0,0,"0",0,0,0,0,0,0,0,0,0,0,0,0,0,0,0,"0","0","1","0","0","0","0","0","0","0","0","0","0","0","0","0","0","0","0","0","0","0","0","0","1","1","1","0","1","1","0","0","0","0","0","0","0","0","0","0","0","0","0","0","0","0","0","0","0","0","1","0","0","0","0","0","0","0","0","0","0","0","0","0","0","0","0","0","0","0","0","0","0","0","0","0","0","0","1","0","0","0","0","0","0","0","0","0","0","0","0","0","1","202204","202204","1023"
"7687079","530010","73031615","00000000000000","3","3","00394700000108","","06","","0170","","1","E","","","04","","01","02","03","","99","","","","","","","","","","","","","","","","1","0","0","0","0","0","1","0","0","0","0","0","0","0",0,0,0,"0",0,0,0,0,0,0,0,0,0,0,0,0,0,0,"0",1,0,1,0,0,0,0,0,0,0,0,1,0,0,0,0,"1",0,0,0,"0",0,0,0,0,"0",0,0,0,0,0,0,0,0,0,0,0,0,0,0,0,"0","0","1","0","0","0","0","0","0","0","0","0","0","0","0","0","0","0","0","0","0","0","0","0","1","1","0","0","1","1","0","0","0","0","0","0","0","0","0","0","0","0","0","0","0","0","0","0","0","0","1","0","0","0","0","0","0","0","0","0","0","0","0","0","0","0","0","0","0","0","0","0","0","0","0","0","0","0","1","0","0","0","0","0","0","0","0","0","0","0","0","0","1","202204","202204","1023"
"7688113","530010","71573200","61486650064580","3","1","00000000000000","","","","","","0","E","","","04","","03","39","03","","99","","","","","","","","","","","","","","","","0","0","1","0","0","0","1","0","0","0","0","0","0","0",0,0,0,"0",0,0,0,0,0,0,0,0,0,0,0,0,0,0,"0",0,0,0,0,0,0,0,0,0,1,0,0,0,0,0,0,"1",0,0,0,"0",0,0,0,0,"0",0,0,0,0,0,0,0,0,0,0,0,0,0,0,0,"0","0","0","0","0","0","0","0","0","0","0","0","0","0","0","0","0","0","1","0","0","0","0","0","1","1","0","0","1","1","0","0","0","0","0","0","0","0","0","0","0","0","0","0","0","0","0","0","0","0","0","0","0","0","0","0","0","0","1","0","0","0","1","0","0","0","0","0","0","0","0","0","0","0","0","0","0","0","0","0","0","0","0","0","0","0","0","0","0","0","0","0","1","202010","202204","2046"
"7688121","530010","71635606","61486650067253","3","1","00000000000000","","","","","","0","E","","","04","","03","39","06","","99","","","","","","","","LAB 00366-03","20201208","1","","","","","","0","0","1","0","0","0","1","0","0","0","0","0","0","0",0,0,0,"0",0,0,0,0,0,0,0,0,0,0,0,0,0,0,"0",0,0,0,0,0,0,0,1,0,0,0,0,0,0,0,0,"1",0,0,0,"0",0,0,0,0,"0",0,0,0,0,0,0,0,0,1,0,0,0,0,0,0,"0","0","0","0","0","0","0","0","0","0","0","0","0","0","0","0","0","0","1","0","0","0","0","0","1","1","0","0","1","1","0","0","0","0","0","0","0","0","0","0","0","0","0","0","0","0","0","0","0","0","0","0","0","0","0","0","0","0","1","0","0","0","1","0","0","0","0","0","0","0","0","0","0","0","0","0","0","0","0","0","0","0","0","0","0","0","0","0","0","0","0","0","1","202109","202204","2046"
"7688318","530010","71926000","21085315000159","3","1","00000000000000","","","","","","0","E","","","04","","03","22","03","","99","","","","","","","","RLE","20190807","1","","","","","","0","0","1","0","0","0","1","0","0","0","0","0","0","0",0,0,0,"0",0,0,0,0,0,0,0,0,0,0,0,0,0,0,"0",0,0,0,1,0,0,0,0,0,0,0,0,0,0,0,0,"1",0,0,0,"0",0,0,0,0,"0",0,0,0,0,0,0,0,0,0,0,0,0,0,0,0,"0","0","1","0","0","0","0","0","0","0","0","0","0","0","0","0","0","0","0","0","0","0","0","0","1","0","0","0","1","1","0","0","0","0","0","0","0","0","0","0","0","0","0","0","0","0","0","0","0","0","0","1","0","0","0","0","0","0","0","0","0","0","0","0","0","0","0","0","0","0","0","0","0","0","0","0","0","0","0","0","0","0","0","0","0","0","0","0","0","0","0","0","1","202001","202204","2305"
"7690622","530010","71955000","10459308000153","3","1","00000000000000","","","","0180","","0","E","","","04","","01","22","03","","99","","","","","","","","RLE (DISPENSADO)","20210817","1","","","","","","0","0","1","0","0","0","1","0","0","0","0","0","0","0",0,0,0,"0",0,0,0,0,0,0,0,0,0,0,0,0,0,0,"0",0,0,0,1,0,0,0,0,0,0,0,0,0,0,0,0,"1",0,0,0,"0",0,0,0,0,"0",0,0,0,0,0,0,0,0,0,0,0,0,0,0,0,"0","0","1","0","0","0","0","0","0","0","0","0","0","0","0","0","0","0","0","0","0","0","0","0","1","0","0","0","1","1","0","0","0","0","0","0","0","0","0","0","0","0","0","0","0","0","0","0","0","0","0","1","0","0","0","0","0","0","0","0","0","0","0","0","0","0","0","0","0","0","0","0","0","0","0","0","0","0","0","0","0","0","0","0","0","0","0","0","0","0","0","0","1","202204","202204","2062"
"7693796","530010","71615720","00718528006484","3","1","00000000000000","","","","0090","","0","E","","","04","","03","39","03","","99","","","","","","","","LAB-00290-03","20210629","1","","","","","","0","0","1","0","0","0","1","0","0","0","0","0","0","0",0,0,0,"0",0,0,0,0,0,0,0,0,0,0,0,0,0,0,"0",0,0,0,0,0,0,0,0,0,0,0,0,0,0,0,0,"0",0,0,0,"0",0,0,0,0,"0",0,0,0,0,0,0,0,0,0,0,0,0,0,0,0,"0","0","1","0","0","0","0","0","0","0","0","0","0","0","0","0","0","0","0","0","0","0","0","0","1","1","0","0","1","1","0","0","0","0","0","0","0","0","0","0","0","0","0","0","0","0","0","0","0","0","0","0","0","0","0","0","0","0","1","0","0","1","1","0","0","0","0","0","0","0","0","0","0","0","0","0","0","0","0","0","0","0","0","0","0","0","0","0","0","0","0","0","1","202108","202204","2054"
"7695918","530010","71615205","00408831000288","3","1","00000000000000","","","","0090","","0","E","","","04","","03","39","04","","99","","","","","","","","LAB00326-03","20190123","1","","","","","","0","0","1","0","0","0","1","0","0","0","0","0","0","0",0,0,0,"0",0,0,0,0,0,0,0,0,0,0,0,0,0,0,"0",0,0,0,0,0,0,0,0,0,0,0,0,0,0,0,0,"0",0,0,0,"0",0,0,0,0,"0",0,0,0,0,0,0,0,0,0,0,0,0,0,0,0,"0","0","1","0","0","0","0","0","0","0","0","0","0","0","0","0","0","0","0","0","0","0","0","0","1","1","1","0","1","1","0","0","0","0","0","0","0","0","0","0","0","0","0","0","0","0","0","0","0","0","0","0","0","0","0","0","0","0","1","0","0","1","1","0","0","0","0","0","0","0","0","0","0","0","0","0","0","0","0","0","0","0","0","0","0","0","0","0","0","0","0","0","1","201907","202204","2240"
"7697597","530010","72025001","07896231000174","3","1","00000000000000","","","","0180","","0","E","","","04","","03","36","03","","99","","","","","","","","EAS -000189","20210202","1","","","","","","0","0","1","0","0","0","1","0","0","0","0","0","0","0",0,0,0,"0",0,0,0,0,0,0,0,0,0,0,0,0,0,0,"0",0,2,0,0,0,0,0,0,0,0,0,0,0,0,0,0,"1",0,0,0,"0",0,0,0,0,"0",0,0,0,0,0,0,0,0,0,0,0,0,0,0,0,"0","0","1","0","0","0","0","0","0","0","0","0","0","0","0","0","0","0","1","1","0","0","0","0","1","1","1","0","1","1","0","0","0","0","0","0","0","0","0","0","0","0","0","0","0","0","0","0","0","0","0","1","0","0","0","1","0","0","0","0","0","0","0","0","0","0","0","0","0","0","0","0","0","0","0","0","0","0","0","0","0","0","0","0","0","0","0","0","0","0","0","0","1","202111","202204","2062"
"7698437","530010","72621400","00000000000000","3","3","00394700000108","","4","","0130","","1","E","","","04","","03","70","03","","99","","","","","","","","","","","","","","","","0","0","1","0","0","0","1","0","0","0","0","0","0","0",0,0,0,"0",0,0,0,0,0,0,0,0,0,0,0,0,0,0,"0",0,0,0,5,0,0,0,0,0,0,0,0,0,0,0,0,"1",0,0,0,"0",0,0,0,0,"0",0,0,0,0,0,0,0,0,0,0,0,0,0,0,0,"0","0","1","0","1","0","0","0","0","0","0","0","0","0","0","0","0","0","0","0","0","0","0","0","1","0","0","0","0","0","0","0","0","0","0","0","0","0","0","0","0","0","0","0","0","0","0","0","0","0","1","0","0","0","0","0","0","0","0","0","0","0","0","0","0","0","0","0","0","0","0","0","0","0","0","0","0","0","0","0","0","0","0","0","0","0","0","0","0","0","0","0","1","202204","202204","1023"
"7699077","530010","71907720","21702159000128","3","1","00000000000000","","","","","","0","E","","","04","","03","36","03","","99","","","","","","","","EAS00067-22/2020","20200615","1","","","","","","0","0","1","0","0","0","1","0","0","0","0","0","0","0",0,0,0,"0",0,0,0,0,0,0,0,0,0,0,0,0,0,0,"0",0,1,0,0,0,0,0,0,0,0,0,0,0,0,0,0,"1",0,0,0,"0",0,0,0,0,"0",0,0,0,0,0,0,0,0,0,0,0,0,0,0,0,"0","0","1","0","0","0","0","0","0","0","0","0","0","0","0","0","0","0","0","0","0","0","0","0","1","0","0","0","1","1","0","0","0","0","0","0","0","0","0","0","0","0","0","0","0","0","0","0","0","0","0","1","0","0","1","1","0","0","0","0","0","0","0","0","0","0","0","0","0","0","0","0","0","0","0","0","0","0","0","0","0","0","0","0","0","0","0","0","0","0","0","0","1","202107","202204","2062"
"7701217","530010","72015510","02527614000151","3","1","00000000000000","","","","0180","","0","E","","","04","","03","22","03","","99","","","","","","","","","","","","","","","","0","0","1","0","0","0","1","0","0","0","0","0","0","0",0,0,0,"0",0,0,0,0,0,0,0,0,0,0,0,0,0,0,"0",0,0,0,0,0,0,0,0,0,0,0,0,0,0,0,0,"0",0,0,0,"0",0,0,0,0,"0",0,0,0,0,0,0,0,0,0,0,0,0,0,0,0,"0","0","0","0","0","0","0","0","1","0","0","0","0","0","0","0","0","0","0","0","0","0","0","0","1","1","0","0","1","1","0","0","0","0","0","0","0","0","0","0","0","0","0","0","0","0","0","0","0","0","0","0","0","0","0","0","0","0","1","0","0","0","0","0","0","0","0","0","0","0","0","0","0","0","0","0","0","0","0","0","0","0","0","0","0","0","0","0","0","0","0","0","1","202001","202204","2062"
"7701438","530010","70390095","21372736000160","3","1","00000000000000","","","","","","0","E","","","04","","03","36","03","","99","","","","","","","","","","","","","","","","0","0","1","0","0","0","1","0","0","0","0","0","0","0",0,0,0,"0",0,0,0,0,0,0,0,0,0,0,0,0,0,0,"0",0,1,0,0,0,0,0,0,0,0,0,0,0,0,0,0,"1",0,0,0,"0",0,0,0,0,"0",0,0,0,0,0,0,0,0,0,0,0,0,0,0,0,"0","0","1","0","0","0","0","0","0","0","0","0","0","0","0","0","0","0","0","0","0","0","0","0","1","0","0","0","1","1","0","0","0","0","0","0","0","0","0","0","0","0","0","0","0","0","0","0","0","0","0","1","0","0","1","1","0","0","0","0","0","0","0","0","0","0","0","0","0","0","0","0","0","0","0","0","0","0","0","0","0","0","0","0","0","0","0","0","0","0","0","0","1","202107","202204","2062"
"7701454","530010","71503501","18133032000120","3","1","00000000000000","","","","","","0","E","","","04","","03","36","03","","99","","","","","","","","","","","","","","","","1","0","1","0","0","0","1","0","0","0","0","0","0","0",0,0,0,"0",0,0,0,0,0,0,0,0,0,0,0,0,0,0,"0",0,1,0,0,0,0,0,0,0,0,0,0,0,0,0,0,"1",0,0,0,"0",0,0,0,0,"0",0,0,0,0,0,0,0,0,0,0,0,0,0,0,0,"0","0","0","0","0","0","0","0","0","0","0","0","0","0","0","0","0","0","0","0","0","0","0","0","0","1","0","0","0","1","0","0","0","0","0","0","0","0","0","0","0","0","0","0","0","0","0","0","0","0","0","1","0","0","1","1","0","0","0","0","0","0","0","0","0","0","0","0","0","0","0","0","0","0","0","0","0","0","0","0","0","0","0","0","0","0","0","0","0","0","0","0","1","202107","202204","2062"
"7706340","530010","70390108","04328998000109","3","1","00000000000000","","","","0015","","0","E","","","04","","03","22","02","","99","","","","","","","","EAS.20451-01","20200920","1","","","","","","0","0","1","0","0","0","1","0","0","0","0","0","0","0",0,0,0,"0",0,0,0,0,0,0,0,0,0,0,0,0,0,0,"0",1,0,0,0,0,0,0,0,0,0,0,0,0,0,0,0,"1",0,0,0,"0",0,0,0,0,"0",0,0,0,0,0,0,0,0,0,0,0,0,0,0,0,"0","0","1","0","0","0","0","0","0","0","0","0","0","0","0","0","0","0","0","0","0","0","0","0","1","0","0","0","1","1","0","0","0","0","0","0","0","0","0","0","0","0","0","0","0","0","0","0","0","0","0","1","0","0","0","0","0","0","0","0","0","0","0","0","0","0","0","0","0","0","0","0","0","0","0","0","0","0","0","0","0","0","0","0","0","0","0","0","0","0","0","0","1","202107","202204","2062"
"7707754","530010","71907720","61486650073229","3","1","00000000000000","","","","","","0","E","","","04","","02","39","03","","99","","","","","","","","","","","","","","","","0","0","1","0","0","0","1","0","0","0","0","0","0","0",0,0,0,"0",0,0,0,0,0,0,0,0,0,0,0,0,0,0,"0",0,0,0,0,0,0,0,1,0,0,0,0,0,0,0,0,"1",0,0,0,"0",0,0,0,0,"0",0,0,0,0,0,0,0,0,1,0,0,0,0,0,0,"0","0","0","0","0","0","0","0","0","0","0","0","0","0","0","0","0","0","1","0","0","0","0","0","1","1","0","0","1","1","0","0","0","0","0","0","0","0","0","0","0","0","0","0","0","0","0","0","0","0","0","0","0","0","0","0","0","0","1","0","0","0","1","0","0","0","0","0","0","0","0","0","0","0","0","0","0","0","0","0","0","0","0","0","0","0","0","0","0","0","0","0","1","202010","202204","2046"
"7707959","530010","70390150","21051725000189","3","1","00000000000000","","","","0010","","0","E","","","04","","01","22","04","","99","","","","","","","","CERT. DE LICENCIAMENTO","20190226","1","","","","","","0","0","1","0","0","0","1","0","0","0","0","0","0","0",0,0,0,"0",0,0,0,0,0,0,0,0,0,0,0,0,0,0,"0",0,0,0,1,0,0,0,0,0,0,0,0,0,0,0,0,"1",0,0,0,"0",0,0,0,0,"0",0,0,0,0,0,0,0,0,0,0,0,0,0,0,0,"0","0","1","0","0","0","0","0","0","0","0","0","0","0","0","0","0","0","0","0","0","0","0","0","1","0","0","0","1","1","0","0","0","0","0","0","0","0","0","0","0","0","0","0","0","0","0","0","0","0","0","1","0","0","0","1","0","0","0","0","0","0","0","0","0","0","0","0","0","0","0","0","0","0","0","0","0","0","0","0","0","0","0","0","0","0","0","0","0","0","0","0","1","202204","202204","2135"
"7711239","530010","70712904","14205584000146","3","1","00000000000000","","","","","","0","E","","","04","","03","36","03","","99","","","","","","","","EAS 00303-02/2021","20210906","1","","","","","","0","0","1","0","0","0","1","0","0","0","0","0","0","0",0,0,0,"0",0,0,0,0,0,0,0,0,0,0,0,0,0,0,"0",0,1,0,0,0,0,0,0,0,0,0,0,0,0,0,0,"1",0,0,0,"0",0,0,0,0,"0",0,0,0,0,0,0,0,0,0,0,0,0,0,0,0,"0","0","1","0","0","0","0","0","0","0","0","0","0","0","0","0","0","0","0","0","0","0","0","0","1","1","0","0","1","1","0","0","0","0","0","0","0","0","0","0","0","0","0","0","0","0","0","0","0","0","0","1","0","0","0","1","0","0","0","0","0","0","0","0","0","0","0","0","0","0","0","0","0","0","0","0","0","0","0","0","0","0","0","0","0","0","0","0","0","0","0","0","1","202204","202204","2062"
"7711379","530010","70390095","19738353000111","3","1","00000000000000","","","","","","0","E","","","04","","03","36","03","","99","","","","","","","","","","","","","","","","0","0","1","0","0","0","1","0","0","0","0","0","0","0",0,0,0,"0",0,0,0,0,0,0,0,0,0,0,0,0,0,0,"0",0,1,0,0,0,0,0,0,0,0,0,0,0,0,0,0,"1",0,0,0,"0",0,0,0,0,"0",0,0,0,0,0,0,0,0,0,0,0,0,0,0,0,"0","0","1","0","0","0","0","0","0","0","0","0","0","0","0","0","0","0","0","0","0","0","0","0","1","0","0","0","1","1","0","0","0","0","0","0","0","0","0","0","0","0","0","0","0","0","0","0","0","0","0","1","0","0","1","1","0","0","0","0","0","0","0","0","0","0","0","0","0","0","0","0","0","0","0","0","0","0","0","0","0","0","0","0","0","0","0","0","0","0","0","0","1","202107","202204","2062"
"7719531","530010","71070512","07196243000358","3","1","00000000000000","","","","0070","","1","E","","","04","","03","39","03","","99","001","37966","305499","","","","","8240-2/07","20201104","1","","","","","","0","0","1","0","0","0","1","0","0","0","0","0","0","0",0,0,0,"0",0,0,0,0,0,0,0,0,0,0,0,0,0,0,"0",0,1,0,0,0,0,0,0,0,0,0,0,0,0,0,0,"1",0,0,0,"0",0,0,0,0,"0",0,0,0,0,0,0,0,0,0,0,0,0,0,0,0,"0","0","0","0","0","0","0","0","0","1","0","0","0","0","0","0","0","1","0","1","0","0","0","0","1","1","1","0","1","1","0","0","0","0","0","0","0","0","0","0","0","0","0","0","0","0","0","0","0","0","0","0","0","0","0","0","0","1","1","0","0","1","1","0","0","0","0","0","0","0","0","0","0","0","0","0","0","0","0","0","0","0","0","0","0","0","0","0","0","0","0","0","1","202111","202204","2062"
"7720424","530010","70381520","02777949000128","3","1","00000000000000","","","","","","0","E","","","04","","01","39","03","","99","001","34789","2069202","","","","","LAB0568301","20210616","1","","","","","","0","0","1","0","0","0","1","0","0","0","0","0","0","0",0,0,0,"0",0,0,0,0,0,0,0,0,0,0,0,0,0,0,"0",0,2,0,0,0,0,0,0,0,0,0,0,0,0,0,0,"1",0,0,0,"0",0,0,0,0,"0",0,0,0,0,0,0,0,0,0,0,0,0,0,0,0,"0","0","1","0","0","0","0","0","0","0","0","0","0","0","0","0","0","0","1","0","0","0","0","0","1","1","0","0","1","1","0","0","0","0","0","0","0","0","0","0","0","0","0","0","0","0","0","0","0","0","0","0","0","0","0","0","0","0","1","0","0","0","1","0","0","0","0","0","0","0","0","0","0","0","0","0","0","0","0","0","0","0","0","0","0","0","0","0","0","0","0","0","1","202107","202204","2062"
"7722818","530010","72405922","10944953000161","3","1","00000000000000","","","","0060","","0","E","","","04","","03","36","03","","99","","","","","","","","LICENCA SANITARIA","20190404","1","","","","","","0","0","1","0","0","0","1","0","0","0","0","0","0","0",0,0,0,"0",0,0,0,0,0,0,0,0,0,0,0,0,0,0,"0",0,0,0,0,0,0,0,0,5,0,0,0,0,0,0,0,"1",0,0,0,"0",0,0,0,0,"0",0,0,0,0,0,0,0,0,0,0,0,0,0,0,0,"0","0","1","0","0","0","0","0","0","0","0","0","0","0","0","0","0","0","0","0","0","0","0","0","1","0","0","0","1","1","0","0","0","0","0","0","0","0","0","0","0","0","0","0","0","0","0","0","0","0","0","1","0","0","0","0","0","0","0","0","0","0","0","0","0","0","0","0","0","0","0","0","0","0","0","0","0","0","0","0","0","0","0","0","0","0","0","0","0","0","0","0","1","201909","202204","2062"
"7722826","530010","70770560","22210672000164","3","1","00000000000000","","","","0005","","0","E","","","04","","01","36","03","","99","","","","","","","","LICENCA SANITARIA","20190610","1","","","","","","0","0","1","0","0","0","1","0","0","0","0","0","0","0",0,0,0,"0",0,0,0,0,0,0,0,0,0,0,0,0,0,0,"0",0,1,0,0,0,0,0,0,0,0,0,0,0,0,0,0,"1",0,0,0,"0",0,0,0,0,"0",0,0,0,0,0,0,0,0,0,0,0,0,0,0,0,"0","0","1","0","0","0","0","0","0","0","0","0","0","0","0","0","0","0","0","0","0","0","0","0","1","0","0","0","1","1","0","0","0","0","0","0","0","0","0","0","0","0","0","0","0","0","0","0","0","0","0","1","0","0","0","1","0","0","0","0","0","0","0","0","0","0","0","0","0","0","0","0","0","0","0","0","0","0","0","0","0","0","0","0","0","0","0","0","0","0","0","0","1","201907","202204","2062"
"7724136","530010","71907720","18658855000170","3","1","00000000000000","","","","","","0","E","","","04","","03","22","03","","99","","","","","","","","00292/2013","20130823","1","","","","","","0","0","1","0","0","0","1","0","0","0","0","0","0","0",0,0,0,"0",0,0,0,0,0,0,0,0,0,0,0,0,0,0,"0",0,0,0,0,0,0,0,0,3,0,0,0,0,0,0,0,"1",0,0,0,"0",0,0,0,0,"0",0,0,0,0,0,0,0,0,0,0,0,0,0,0,0,"0","0","0","0","0","0","0","0","0","0","0","0","0","0","0","0","0","0","0","0","0","0","0","0","0","1","0","0","1","1","0","0","0","0","0","0","0","0","0","0","0","0","0","0","0","0","0","0","0","0","0","1","0","0","1","1","0","0","0","0","0","0","0","0","0","0","0","0","0","0","0","0","0","0","0","0","0","0","0","0","0","0","0","0","0","0","0","0","0","0","0","0","1","202010","202204","2305"
"7725264","530010","72215171","08889002000195","3","1","00000000000000","","","","","","0","E","","","04","","01","36","03","","99","","","","","","","","0034416","20190721","2","","","","","","0","0","1","0","0","0","1","0","0","0","0","0","0","0",0,0,0,"0",0,0,0,0,0,0,0,0,0,0,0,0,0,0,"0",0,0,0,0,0,0,0,0,3,0,0,0,0,0,0,0,"1",0,0,0,"0",0,0,0,0,"0",0,0,0,0,0,0,0,0,0,0,0,0,0,0,0,"0","0","0","0","0","0","0","0","0","0","0","0","0","0","0","0","0","0","0","0","0","0","0","0","0","1","0","1","1","1","0","0","0","0","0","0","0","0","0","0","0","0","0","0","0","0","0","0","0","0","0","1","0","0","0","0","0","0","0","0","0","0","0","0","0","0","0","0","0","0","0","0","0","0","0","0","0","0","0","0","0","0","0","0","0","0","0","0","0","0","0","0","1","201909","202204","2062"
"7725523","530010","71635550","02777949000551","3","1","00000000000000","","","","","","0","E","","","04","","01","39","03","","99","","","","","","","","DFP1900030234","20190315","1","","","","","","0","0","1","0","0","0","1","0","0","0","0","0","0","0",0,0,0,"0",0,0,0,0,0,0,0,0,0,0,0,0,0,0,"0",0,1,0,0,0,0,0,0,0,0,0,0,0,0,0,0,"1",0,0,0,"0",0,0,0,0,"0",0,0,0,0,0,0,0,0,0,0,0,0,0,0,0,"0","0","1","0","0","0","0","0","0","0","0","0","0","0","0","0","0","0","0","0","0","0","0","0","1","1","0","0","1","1","0","0","0","0","0","0","0","0","0","0","0","0","0","0","0","0","0","0","0","0","0","0","0","0","0","0","0","0","1","0","0","0","1","0","0","0","0","0","0","0","0","0","0","0","0","0","0","0","0","0","0","0","0","0","0","0","0","0","0","0","0","0","1","201905","202204","2062"
"7725639","530010","70670010","07273488000170","3","1","00000000000000","","","","0050","","0","E","","","04","","03","36","03","","99","","","","","","","","","","","","","","","","0","0","1","0","0","0","1","0","0","0","0","0","0","0",0,0,0,"0",0,0,0,0,0,0,0,0,0,0,0,0,0,0,"0",0,2,0,0,0,0,0,0,0,0,0,0,0,0,0,0,"1",0,0,0,"0",0,0,0,0,"0",0,0,0,0,0,0,0,0,0,0,0,0,0,0,0,"0","0","1","0","0","0","0","0","0","0","0","0","0","0","0","0","0","0","0","0","0","0","0","0","1","0","0","0","1","1","0","0","0","0","0","0","0","0","0","0","0","0","0","0","0","0","0","0","0","0","0","1","0","0","0","1","0","0","0","0","0","0","0","0","0","0","0","0","0","0","0","0","0","0","0","0","0","0","0","0","0","0","0","0","0","0","0","0","0","0","0","0","1","202003","202204","2240"
"7728387","530010","70390900","21482045000110","3","1","00000000000000","","","","","","0","E","","","04","","03","36","03","","99","","","","","","","","LICENCA DE FUNCIONAMENTO","20150428","1","","","","","","0","0","1","0","0","0","1","0","0","0","0","0","0","0",0,0,0,"0",0,0,0,0,0,0,0,0,0,0,0,0,0,0,"0",0,1,0,0,0,0,0,0,0,0,0,0,0,0,0,0,"1",0,0,0,"0",0,0,0,0,"0",0,0,0,0,0,0,0,0,0,0,0,0,0,0,0,"0","0","1","0","0","0","0","0","0","0","0","0","0","0","0","0","0","0","0","0","0","0","0","0","1","1","0","0","1","1","0","0","0","0","0","0","0","0","0","0","0","0","0","0","0","0","0","0","0","0","0","1","0","0","0","0","0","0","0","0","0","0","0","0","0","0","0","0","0","0","0","0","0","0","0","0","0","0","0","0","0","0","0","0","0","0","0","0","0","0","0","0","1","202106","202204","2062"
"7729405","530010","71573030","05399715000182","3","1","00000000000000","","","","0010","","0","E","","","04","","01","36","03","","99","","","","","","","","EAS 00015/2005","20210520","1","","","","","","0","0","1","0","0","0","1","0","0","0","0","0","0","0",0,0,0,"0",0,0,0,0,0,0,0,0,0,0,0,0,0,0,"0",0,4,0,0,0,0,0,0,0,0,0,0,0,0,0,0,"1",0,0,0,"0",0,0,0,0,"0",0,0,0,0,0,0,0,0,0,0,0,0,0,0,0,"0","0","1","0","0","0","0","0","0","0","0","0","0","0","0","0","0","0","1","1","0","0","0","0","1","1","1","0","1","1","0","0","0","0","0","0","0","0","0","0","0","0","0","0","0","0","0","0","0","0","0","1","0","0","0","1","0","0","0","0","0","0","0","0","0","0","0","0","0","0","0","0","0","0","0","0","0","0","0","0","0","0","0","0","0","0","0","0","0","0","0","0","1","202203","202204","2062"
"7734255","530010","70770100","03056609000502","3","1","00000000000000","","","","0010","","0","E","","","04","","01","62","04","","99","","","","","","","","EAS 081402","20210127","1","","","","","","0","0","1","0","0","0","1","0","0","1","0","0","0","1",2,0,0,"1",0,0,0,2,0,0,0,0,0,0,0,0,0,7,"1",0,7,0,0,0,0,0,0,0,0,0,0,0,0,0,1,"1",1,0,0,"1",0,0,0,0,"0",0,0,0,0,0,0,0,0,0,0,0,0,0,0,0,"0","1","1","0","0","0","0","0","0","1","0","0","0","0","0","0","0","1","0","0","0","1","0","0","1","1","0","0","1","1","0","0","0","0","0","0","0","0","0","0","0","0","0","0","1","0","0","1","1","0","0","1","0","0","1","1","0","0","1","0","0","1","1","0","0","1","0","0","1","1","0","0","0","0","0","0","0","0","0","0","0","0","0","0","0","0","0","0","0","0","0","0","1","202112","202204","2062"
"7736932","530010","72318595","18725714000122","3","1","00000000000000","","","","","","0","E","","","04","","03","22","03","","99","","","","","","","","RLE 53201897290","20220116","1","","","","","","0","0","1","0","0","0","1","0","0","0","0","0","0","0",0,0,0,"0",0,0,0,0,0,0,0,0,0,0,0,0,0,0,"0",0,0,0,0,0,0,0,0,4,0,0,0,0,0,0,0,"1",0,0,0,"0",0,0,0,0,"0",0,0,0,0,0,0,0,0,0,0,0,0,0,0,0,"0","0","1","0","0","0","0","0","1","0","0","0","0","0","0","0","0","0","1","0","0","0","0","0","1","1","1","1","1","1","0","0","0","0","0","0","0","0","0","0","0","0","0","0","0","0","0","0","0","0","0","1","0","0","1","1","0","0","0","0","0","0","0","0","0","0","0","0","0","0","0","0","0","0","0","0","0","0","0","0","0","0","0","0","0","0","0","0","0","0","0","0","1","202205","202204","2062"
"7740697","530010","70632100","00000000000000","3","3","00394700000108","","","","0010","","1","E","","","04","","03","22","03","","99","","","","","","","","","","","","","","","","1","0","0","0","0","0","1","0","0","0","0","0","0","0",0,0,0,"0",0,0,0,0,0,0,0,0,0,0,0,0,0,0,"0",1,0,0,0,0,0,0,0,0,0,0,0,0,0,0,0,"1",0,0,0,"0",0,0,0,0,"0",0,0,0,0,0,0,0,0,0,0,0,0,0,0,0,"0","0","0","0","0","0","0","0","0","0","0","0","0","0","0","0","0","0","0","0","0","0","0","0","0","0","0","0","1","1","0","0","0","0","0","0","0","0","0","0","0","0","0","0","0","0","0","0","0","0","1","0","0","0","0","0","0","0","0","0","0","0","0","0","0","0","0","0","0","0","0","0","0","0","0","0","0","0","0","0","0","0","0","0","0","0","0","0","0","0","0","0","1","201909","202204","1023"
"7740794","530010","70710100","00000000000000","3","3","00394700000108","","","","0010","","1","E","","","04","","02","70","03","","99","","","","","","","","","","","","","","","","0","0","1","0","0","0","1","0","0","0","0","0","0","0",0,0,0,"0",0,0,0,0,0,0,0,0,0,0,0,0,0,0,"0",0,2,0,3,0,0,0,0,0,0,0,0,0,0,0,0,"1",0,0,0,"0",0,0,0,0,"0",0,0,0,0,0,0,0,0,0,0,0,0,0,0,0,"0","0","0","0","0","0","0","0","0","0","0","0","0","0","0","0","0","0","0","0","0","0","0","0","0","0","0","0","1","1","0","0","0","0","0","0","0","0","0","0","0","0","0","0","0","0","0","0","0","0","1","0","0","0","0","0","0","0","0","0","0","0","0","0","0","0","0","0","0","0","0","0","0","0","0","0","0","0","0","0","0","0","0","0","0","0","0","0","0","0","0","0","1","202204","202204","1023"
"7743130","530010","70712904","21049912000128","3","1","00000000000000","","","","","","0","E","","","04","","01","36","03","","99","","","","","","","","EAS 00832-02","20181031","1","","","","","","0","0","1","0","0","0","1","0","0","0","0","0","0","0",0,0,0,"0",0,0,0,0,0,0,0,0,0,0,0,0,0,0,"0",1,0,0,0,0,0,0,0,0,0,0,0,0,0,0,0,"1",0,0,0,"0",0,0,0,0,"0",0,0,0,0,0,0,0,0,0,0,0,0,0,0,0,"0","0","0","0","0","0","0","0","0","0","0","0","0","0","0","0","0","0","0","0","0","0","0","0","0","1","0","0","1","1","0","0","0","0","0","0","0","0","0","0","0","0","0","0","0","0","0","0","0","0","0","1","0","0","0","0","0","0","0","0","0","0","0","0","0","0","0","0","0","0","0","0","0","0","0","0","0","0","0","0","0","0","0","0","0","0","0","0","0","0","0","0","1","201909","202204","2135"
"7747233","530010","72025090","07794623005191","3","1","00000000000000","","","","","","0","E","","","04","","03","73","04","","99","","","","","","","","EAS 152-14","20200604","1","","","","","","0","0","1","0","0","0","1","0","0","0","0","0","0","0",0,0,0,"0",0,0,0,0,0,0,0,1,0,0,0,0,2,3,"1",5,1,0,0,0,0,0,0,0,0,2,0,0,2,1,0,"1",0,0,0,"0",0,0,0,0,"0",0,0,0,5,0,0,0,0,0,0,0,0,0,0,0,"0","0","1","0","0","0","1","0","0","1","1","1","0","0","0","0","0","1","0","1","0","1","1","0","1","1","1","0","1","1","0","0","0","0","0","0","0","0","0","0","0","0","0","0","0","0","0","0","0","0","0","1","0","0","0","1","0","0","0","0","0","0","0","0","0","0","0","0","0","0","0","0","0","0","0","0","0","0","0","0","0","0","0","0","0","0","0","0","0","0","0","0","1","202111","202204","2062"
"7749651","530010","70670521","18577246000196","3","1","00000000000000","","","","9931","","0","E","","","04","","03","22","03","","99","","","","","","","","CERT.LICENCIAMENTO","20201118","1","","","","","","0","0","1","0","0","0","1","0","0","0","0","0","0","0",0,0,0,"0",0,0,0,0,0,0,0,0,0,0,0,0,0,0,"0",0,0,0,1,0,0,0,0,0,0,0,0,0,0,0,0,"1",0,0,0,"0",0,0,0,0,"0",0,0,0,0,0,0,0,0,0,0,0,0,0,0,0,"0","0","1","0","0","0","0","0","0","0","0","0","0","0","0","0","0","0","0","0","0","0","0","0","1","0","0","0","1","1","0","0","0","0","0","0","0","0","0","0","0","0","0","0","0","0","0","0","0","0","0","0","0","0","0","1","0","0","0","0","0","0","0","0","0","0","0","0","0","0","0","0","0","0","0","0","0","0","0","0","0","0","0","0","0","0","0","0","0","0","0","0","1","202012","202204","2305"
"7750501","530010","70710146","22102387000120","3","1","00000000000000","","","","0005","","0","E","","","04","","03","04","03","","99","","","","","","","","LICENCA","20210420","1","","","","","","0","0","1","0","0","0","1","0","0","0","0","0","0","0",0,0,0,"0",0,0,0,0,0,0,0,0,0,0,0,0,0,0,"0",4,1,0,2,0,0,0,0,0,0,0,0,0,0,0,0,"1",0,0,0,"0",0,0,0,0,"0",0,0,0,0,0,0,0,0,0,0,0,0,0,0,0,"0","0","1","0","0","0","0","0","0","0","0","0","0","0","0","0","0","0","0","0","0","0","0","0","1","0","0","0","1","1","0","0","0","0","0","0","0","0","0","0","0","0","0","0","0","0","0","0","0","0","0","1","0","0","0","1","0","0","0","0","0","0","0","0","0","0","0","0","0","0","0","0","0","0","0","0","0","0","0","0","0","0","0","0","0","0","0","0","0","0","0","0","1","202107","202204","2305"
"7755406","530010","70770913","14990692000258","3","1","00000000000000","","","","","","0","E","","","04","","03","36","03","","99","","","","","","","","","","","","","","","","0","0","1","0","0","0","1","0","0","0","0","0","0","0",0,0,0,"0",0,0,0,0,0,0,0,0,0,0,0,0,0,0,"0",0,0,0,7,0,0,0,0,0,0,0,0,0,0,0,0,"1",0,0,0,"0",0,0,0,0,"0",0,0,0,0,0,0,0,0,0,0,0,0,0,0,0,"0","0","1","0","0","0","0","0","0","0","0","0","0","0","0","0","0","0","0","0","0","0","0","0","1","0","0","0","1","1","0","0","0","0","0","0","0","0","0","0","0","0","0","0","0","0","0","0","0","0","0","0","0","0","0","0","0","0","1","0","0","0","1","0","0","0","0","0","0","0","0","0","0","0","0","0","0","0","0","0","0","0","0","0","0","0","0","0","0","0","0","0","1","202104","202204","2062"
"7756291","530010","72010120","03886279000140","3","1","00000000000000","","","","0180","","0","E","","","04","","01","22","03","","99","","","","","","","","EAS.00090-14","20180620","1","","","","","","0","0","1","0","0","0","1","0","0","0","0","0","0","0",0,0,0,"0",0,0,0,0,0,0,0,0,0,0,0,0,0,0,"0",0,0,0,1,0,0,0,0,0,0,0,0,0,0,0,0,"1",0,0,0,"0",0,0,0,0,"0",0,0,0,0,0,0,0,0,0,0,0,0,0,0,0,"0","0","1","0","0","0","0","0","0","0","0","0","0","0","0","0","0","0","0","0","0","0","0","0","1","0","0","0","1","1","0","0","0","0","0","0","0","0","0","0","0","0","0","0","0","0","0","0","0","0","0","0","0","0","0","1","0","0","0","0","0","0","0","0","0","0","0","0","0","0","0","0","0","0","0","0","0","0","0","0","0","0","0","0","0","0","0","0","0","0","0","0","1","202001","202204","2062"
"7756402","530010","72015525","21367973000133","3","1","00000000000000","","","","","","0","E","","","04","","03","04","03","","99","","","","","","","","CERTIFICADO RLE","20210226","1","","","","","","0","0","1","0","0","0","1","0","0","0","0","0","0","0",0,0,0,"0",0,0,0,0,0,0,0,0,0,0,0,0,0,0,"0",1,2,0,2,0,0,0,0,0,0,0,0,0,0,0,0,"1",0,0,0,"0",0,0,0,0,"0",0,0,0,0,0,0,0,0,0,0,0,0,0,0,0,"0","0","1","0","0","0","0","0","0","0","0","0","0","0","0","0","0","0","0","0","0","0","0","0","1","0","0","0","1","1","0","0","0","0","0","0","0","0","0","0","0","0","0","0","0","0","0","0","0","0","0","1","0","0","0","1","0","0","0","0","0","0","0","0","0","0","0","0","0","0","0","0","0","0","0","0","0","0","0","0","0","0","0","0","0","0","0","0","0","0","0","0","1","202203","202204","2062"
"7756488","530010","72158110","07829258000225","3","1","00000000000000","","","","0040","","0","E","","","04","","03","36","03","","99","","","","","","","","RLE - VISADF","20181112","1","","","","","","0","0","1","0","0","0","1","0","0","0","0","0","0","0",0,0,0,"0",0,0,0,0,0,0,0,0,0,0,0,0,0,0,"0",0,1,0,0,0,0,0,0,0,0,0,0,0,0,0,0,"1",0,0,0,"0",0,0,0,0,"0",0,0,0,0,0,0,0,0,0,0,0,0,0,0,0,"0","0","1","0","0","0","0","0","0","0","0","0","0","0","0","0","0","0","0","0","0","0","0","0","1","1","0","0","1","1","0","0","0","0","0","0","0","0","0","0","0","0","0","0","0","0","0","0","0","0","0","1","0","0","0","1","0","0","0","0","0","0","0","0","0","0","0","0","0","0","0","0","0","0","0","0","0","0","0","0","0","0","0","0","0","0","0","0","0","0","0","0","1","202009","202204","2062"
"7757972","530010","70719903","20123382000158","3","1","00000000000000","","","","","","0","E","","","04","","03","22","04","","99","","","","","","","","53202071743 RLE DIGITAL","20181204","1","","","","","","0","0","1","0","0","0","1","0","0","0","0","0","0","0",0,0,0,"0",0,0,0,0,0,0,0,0,0,0,0,0,0,0,"0",0,0,0,2,0,0,0,0,0,0,0,0,0,0,0,0,"1",0,0,0,"0",0,0,0,0,"0",0,0,0,0,0,0,0,0,0,0,0,0,0,0,0,"0","0","1","0","0","0","0","0","0","0","0","0","0","0","0","0","0","0","0","0","0","0","0","0","1","0","0","0","1","1","0","0","0","0","0","0","0","0","0","0","0","0","0","0","0","0","0","0","0","0","0","1","0","0","0","0","0","0","0","0","0","0","0","0","0","0","0","0","0","0","0","0","0","0","0","0","0","0","0","0","0","0","0","0","0","0","0","0","0","0","0","0","1","202106","202204","2062"
"7760116","530010","70390150","14391850000172","3","1","00000000000000","","","","0015","","0","E","","","04","","03","62","03","","99","","","","","","","","EAS.20179-01","20200805","1","","","","","","0","0","0","0","1","0","1","0","0","0","0","0","0","0",0,0,0,"0",0,0,0,0,0,0,0,0,0,0,0,0,0,0,"0",0,2,0,3,0,0,0,0,0,0,0,0,0,0,0,0,"1",0,1,1,"1",0,0,0,0,"0",0,0,0,0,0,0,0,0,0,0,0,0,0,0,0,"0","1","0","1","0","0","0","0","0","1","0","0","0","0","0","0","0","0","0","0","0","0","0","0","1","1","0","0","1","1","0","0","0","0","0","0","0","0","0","0","0","0","0","0","0","0","0","0","0","0","0","1","0","0","1","1","0","0","0","0","0","0","0","0","0","0","0","0","0","0","0","0","0","0","0","0","0","0","0","0","0","0","0","0","0","0","0","0","0","0","0","0","1","202109","202204","2062"
"7761252","530010","70390700","22052321000172","3","1","00000000000000","","","","","","0","E","","","04","","03","04","03","","99","","","","","","","","2018801","20201127","1","","","","","","0","0","1","0","0","0","1","0","0","0","0","0","0","0",0,0,0,"0",0,0,0,0,0,0,0,0,0,0,0,0,0,0,"0",0,3,0,0,0,0,0,0,0,0,0,0,0,0,0,0,"1",0,0,0,"0",0,0,0,0,"0",0,0,0,0,0,0,0,0,0,0,0,0,0,0,0,"0","0","1","0","0","0","0","0","0","0","0","0","0","0","0","0","0","0","0","0","0","0","0","0","1","0","0","0","1","1","0","0","0","0","0","0","0","0","0","0","0","0","0","0","0","0","0","0","0","0","0","1","0","0","0","1","0","0","0","0","0","0","0","0","0","0","0","0","0","0","0","0","0","0","0","0","0","0","0","0","0","0","0","0","0","0","0","0","0","0","0","0","1","202101","202204","2062"
"7765916","530010","71200033","00000000000000","3","3","00394700000108","","","","0010","","1","E","","","04","","02","76","06","","99","","","","","","","","","","","","","","","","1","0","1","0","1","0","1","0","0","0","0","0","0","0",0,0,0,"0",0,0,0,0,0,0,0,0,0,0,0,0,0,0,"0",0,0,0,0,0,0,0,0,0,0,0,0,0,0,0,0,"0",0,0,0,"0",0,0,0,0,"0",0,0,0,0,0,0,0,0,0,0,0,0,0,0,0,"0","0","0","0","0","0","1","0","0","0","0","0","0","0","0","0","0","0","0","0","1","0","0","0","1","0","0","0","1","1","1","1","1","0","1","1","1","1","1","1","1","1","1","0","0","0","0","0","0","0","0","0","0","0","0","0","0","0","0","0","0","0","0","0","0","0","0","0","0","0","0","0","0","0","0","0","0","0","0","0","0","0","0","0","0","1","0","0","0","0","0","0","1","202205","202204","1023"
"7766440","530010","71907720","18833888000109","3","1","00000000000000","","","","","","1","E","","","04","","01","36","03","","99","001","47333","264423","","","","","RAD.00001-22","20210723","1","","","","","","0","0","1","0","0","0","1","0","0","0","0","0","0","0",0,0,0,"0",0,0,0,0,0,0,0,0,0,0,0,0,0,0,"0",0,4,0,0,0,0,0,0,0,0,0,0,0,0,0,0,"1",0,0,0,"0",0,0,0,0,"0",0,0,0,0,0,0,0,0,0,0,0,0,0,0,0,"0","0","1","0","0","0","0","0","0","0","0","0","0","0","0","0","0","0","0","0","0","0","0","0","1","0","0","0","1","1","0","0","0","0","0","0","0","0","0","0","0","0","0","0","0","0","0","0","0","0","1","1","0","0","0","1","0","1","0","0","0","0","0","0","0","0","0","0","0","0","0","0","0","0","0","0","0","0","0","0","0","0","0","0","0","0","0","0","0","0","0","0","1","202112","202204","2062"
"7766777","530010","72115515","03056609000170","3","1","00000000000000","","","","0180","","0","E","","","04","","03","07","06","","99","","","","","","","","EAS 0005615","20210205","1","","","","","","0","0","1","0","1","0","1","0","0","0","0","1","0","1",2,0,0,"1",0,0,0,2,0,0,0,0,0,0,0,0,0,13,"1",0,6,0,0,0,0,0,0,0,0,0,0,0,0,0,2,"1",2,0,0,"1",0,0,0,0,"0",0,0,0,0,0,0,0,0,0,0,0,0,0,0,0,"0","1","1","0","0","0","0","0","0","1","0","0","0","0","0","0","0","1","1","0","0","1","0","0","1","1","0","0","1","1","0","0","0","0","0","0","0","0","0","0","0","0","0","0","1","0","0","1","1","0","0","1","0","0","1","1","0","0","1","0","0","1","1","0","0","1","0","0","1","1","0","0","0","0","0","0","0","0","0","0","0","0","0","0","0","0","0","0","0","0","0","0","1","202112","202204","2062"
"7767501","530010","70070120","21186191000106","3","1","00000000000000","","","","","","0","E","","","04","","01","22","04","","99","","","","","","","","LIC DE FUNCIONAMENTO","20200604","1","","","","","","0","0","1","0","0","0","1","0","0","0","0","0","0","0",0,0,0,"0",0,0,0,0,0,0,0,0,0,0,0,0,0,0,"0",0,0,0,1,0,0,0,0,0,0,0,0,0,0,0,0,"1",0,0,0,"0",0,0,0,0,"0",0,0,0,0,0,0,0,0,0,0,0,0,0,0,0,"0","0","0","0","0","0","0","0","0","0","0","0","0","0","0","0","0","0","0","0","0","0","0","0","0","0","0","0","1","1","0","0","0","0","0","0","0","0","0","0","0","0","0","0","0","0","0","0","0","0","0","1","0","0","0","1","0","0","0","0","0","0","0","0","0","0","0","0","0","0","0","0","0","0","0","0","0","0","0","0","0","0","0","0","0","0","0","0","0","0","0","0","1","202006","202204","2305"
"7768419","530010","70200700","22215341000117","3","1","00000000000000","","","","","","0","E","","","04","","01","36","03","","99","","","","","","","","EAS 20344-01","20220126","1","","","","","","0","0","1","0","0","0","1","0","0","0","0","0","0","0",0,0,0,"0",0,0,0,0,0,0,0,0,0,0,0,0,0,0,"0",1,0,0,0,0,0,0,0,0,0,0,0,0,0,0,0,"1",0,0,0,"0",0,0,0,0,"0",0,0,0,0,0,0,0,0,0,0,0,0,0,0,0,"0","0","1","0","0","0","0","0","0","0","0","0","0","0","0","0","0","0","0","0","0","0","0","0","1","1","0","0","1","1","0","0","0","0","0","0","0","0","0","0","0","0","0","0","0","0","0","0","0","0","0","1","0","0","0","1","0","0","0","0","0","0","0","0","0","0","0","0","0","0","0","0","0","0","0","0","0","0","0","0","0","0","0","0","0","0","0","0","0","0","0","0","1","202204","202204","2062"
"7771258","530010","72220311","00520237000527","3","1","00000000000000","","","","0040","","0","E","","","04","","01","36","03","","99","","","","","","","","EAS 00315-16/2021","20211112","1","","","","","","0","0","1","0","0","0","1","0","0","0","0","0","0","0",0,0,0,"0",0,0,0,0,0,0,0,0,0,0,0,0,0,0,"0",0,12,0,0,0,0,0,0,0,0,0,0,0,0,0,0,"1",0,0,0,"0",0,0,0,0,"0",0,0,0,0,0,0,0,0,0,0,0,0,0,0,0,"0","0","1","0","0","0","0","0","0","0","0","0","0","0","0","0","0","0","0","0","0","1","0","0","1","0","1","0","1","1","0","0","0","0","0","0","0","0","0","0","0","0","0","0","0","0","0","0","0","0","0","1","0","0","0","1","0","0","0","0","0","0","0","0","0","0","0","0","0","0","0","0","0","0","0","0","0","0","0","0","0","0","0","0","0","0","0","0","0","0","0","0","1","202203","202204","2062"
"7771479","530010","72338712","00000000000000","3","3","00394700000108","","04","","0140","","1","E","","","04","","03","02","03","","99","","","","","","","","","","","","","","","","1","0","1","0","0","0","1","0","0","0","0","0","0","0",0,0,0,"0",0,0,0,0,0,0,0,0,0,0,0,0,0,0,"0",2,0,0,0,0,0,0,0,0,0,0,1,1,0,1,0,"1",0,0,0,"0",0,0,0,0,"0",0,0,0,0,0,0,0,0,0,0,0,0,0,0,0,"0","0","1","0","0","0","0","0","0","0","0","0","0","0","0","0","0","0","0","0","0","0","0","0","1","1","0","0","1","1","0","0","0","0","0","0","0","0","0","0","0","0","0","0","0","0","0","0","0","0","1","0","0","0","0","0","0","0","0","0","0","0","0","0","0","0","0","0","0","0","0","0","0","0","0","0","0","0","0","0","0","0","0","0","0","0","0","0","0","0","0","0","1","202205","202204","1023"
"7771576","530010","70770561","00718528008932","3","1","00000000000000","","","","0010","","0","E","","","04","","01","39","03","","99","","","","","","","","LAB.0036-02","20210614","1","","","","","","0","0","1","0","0","0","1","0","0","0","0","0","0","0",0,0,0,"0",0,0,0,0,0,0,0,0,0,0,0,0,0,0,"0",0,0,0,0,0,0,0,0,0,0,0,0,0,0,0,0,"0",0,0,0,"0",0,0,0,0,"0",0,0,0,0,0,0,0,0,0,0,0,0,0,0,0,"0","0","1","0","0","0","0","0","0","0","0","0","0","0","0","0","0","0","0","0","0","0","0","0","1","1","0","0","1","1","0","0","0","0","0","0","0","0","0","0","0","0","0","0","0","0","0","0","0","0","0","0","0","0","0","0","0","0","1","0","0","1","1","0","0","0","0","0","0","0","0","0","0","0","0","0","0","0","0","0","0","0","0","0","0","0","0","0","0","0","0","0","1","202110","202204","2054"
"7771606","530010","70770100","00718528007022","3","1","00000000000000","","","","0005","","0","E","","","04","","03","39","03","","99","","","","","","","","LAB 002902","20211202","1","","","","","","0","0","1","0","0","0","1","0","0","0","0","0","0","0",0,0,0,"0",0,0,0,0,0,0,0,0,0,0,0,0,0,0,"0",0,0,0,0,0,0,0,0,0,0,0,0,0,0,0,0,"0",0,0,0,"0",0,0,0,0,"0",0,0,0,0,0,0,0,0,0,0,0,0,0,0,0,"0","0","1","0","0","0","0","0","0","0","0","0","0","0","0","0","0","0","0","0","0","0","0","0","1","1","0","0","1","1","0","0","0","0","0","0","0","0","0","0","0","0","0","0","0","0","0","0","0","0","0","0","0","0","0","0","0","0","1","0","0","1","1","0","0","0","0","0","0","0","0","0","0","0","0","0","0","0","0","0","0","0","0","0","0","0","0","0","0","0","0","0","1","202201","202204","2054"
"7771746","530010","70305000","00718528006212","3","1","00000000000000","","","","0010","","0","E","","","04","","03","39","03","","99","","","","","","","","LAB 569901","20210406","1","","","","","","0","0","1","0","0","0","1","0","0","0","0","0","0","0",0,0,0,"0",0,0,0,0,0,0,0,0,0,0,0,0,0,0,"0",0,0,0,0,0,0,0,0,0,0,0,0,0,0,0,0,"0",0,0,0,"0",0,0,0,0,"0",0,0,0,0,0,0,0,0,0,0,0,0,0,0,0,"0","0","1","0","0","0","0","0","0","0","0","0","0","0","0","0","0","0","0","0","0","0","0","0","1","1","0","0","1","1","0","0","0","0","0","0","0","0","0","0","0","0","0","0","0","0","0","0","0","0","0","0","0","0","0","0","0","0","1","0","0","1","1","0","0","0","0","0","0","0","0","0","0","0","0","0","0","0","0","0","0","0","0","0","0","0","0","0","0","0","0","0","1","202107","202204","2054"
"7771754","530010","72006238","00718528006727","3","1","00000000000000","","","","9934","","0","E","","","04","","03","39","03","","99","","","","","","","","LAB 00010-15","20210514","1","","","","","","0","0","1","0","0","0","1","0","0","0","0","0","0","0",0,0,0,"0",0,0,0,0,0,0,0,0,0,0,0,0,0,0,"0",0,0,0,0,0,0,0,0,0,0,0,0,0,0,0,0,"0",0,0,0,"0",0,0,0,0,"0",0,0,0,0,0,0,0,0,0,0,0,0,0,0,0,"0","0","1","0","0","0","0","0","0","0","0","0","0","0","0","0","0","0","0","0","0","0","0","0","1","1","0","0","1","1","0","0","0","0","0","0","0","0","0","0","0","0","0","0","0","0","0","0","0","0","0","0","0","0","0","0","0","0","1","0","0","1","1","0","0","0","0","0","0","0","0","0","0","0","0","0","0","0","0","0","0","0","0","0","0","0","0","0","0","0","0","0","1","202107","202204","2054"
"7771789","530010","70070110","21314531000129","3","1","00000000000000","","","","0005","","0","E","","","04","","03","22","03","","99","","","","","","","","EAS.20180-01","20190520","1","","","","","","0","0","1","0","0","0","1","0","0","0","0","0","0","0",0,0,0,"0",0,0,0,0,0,0,0,0,0,0,0,0,0,0,"0",0,1,0,0,0,0,0,0,0,0,0,0,0,0,0,0,"1",0,0,0,"0",0,0,0,0,"0",0,0,0,0,0,0,0,0,0,0,0,0,0,0,0,"0","0","1","0","0","0","0","0","0","0","0","0","0","0","0","0","0","0","0","0","0","0","0","0","1","1","0","0","1","1","0","0","0","0","0","0","0","0","0","0","0","0","0","0","0","0","0","0","0","0","0","1","0","0","0","0","0","0","0","0","0","0","0","0","0","0","0","0","0","0","0","0","0","0","0","0","0","0","0","0","0","0","0","0","0","0","0","0","0","0","0","0","1","202002","202204","2062"
"7771800","530010","72007730","00718528006808","3","1","00000000000000","","","","0180","","0","E","","","04","","03","39","03","","99","","","","","","","","LAB - 00017.15","20210708","1","","","","","","0","0","1","0","0","0","1","0","0","0","0","0","0","0",0,0,0,"0",0,0,0,0,0,0,0,0,0,0,0,0,0,0,"0",0,0,0,0,0,0,0,0,0,0,0,0,0,0,0,0,"0",0,0,0,"0",0,0,0,0,"0",0,0,0,0,0,0,0,0,0,0,0,0,0,0,0,"0","0","1","0","0","0","0","0","0","0","0","0","0","0","0","0","0","0","0","0","0","0","0","0","1","1","0","0","1","1","0","0","0","0","0","0","0","0","0","0","0","0","0","0","0","0","0","0","0","0","0","0","0","0","0","0","0","0","1","0","0","1","1","0","0","0","0","0","0","0","0","0","0","0","0","0","0","0","0","0","0","0","0","0","0","0","0","0","0","0","0","0","1","202107","202204","2054"
"7773234","530010","70750731","00718528002306","3","1","00000000000000","","","","0010","","0","E","","","04","","03","39","03","","99","","","","","","","","LAB-00006-02","20210309","1","","","","","","0","0","1","0","0","0","1","0","0","0","0","0","0","0",0,0,0,"0",0,0,0,0,0,0,0,0,0,0,0,0,0,0,"0",0,0,0,0,0,0,0,0,0,0,0,0,0,0,0,0,"0",0,0,0,"0",0,0,0,0,"0",0,0,0,0,0,0,0,0,0,0,0,0,0,0,0,"0","0","1","0","0","0","0","0","0","0","0","0","0","0","0","0","0","0","0","0","0","0","0","0","1","1","0","0","1","1","0","0","0","0","0","0","0","0","0","0","0","0","0","0","0","0","0","0","0","0","0","0","0","0","0","0","0","0","1","0","0","1","1","0","0","0","0","0","0","0","0","0","0","0","0","0","0","0","0","0","0","0","0","0","0","0","0","0","0","0","0","0","1","202108","202204","2054"
"7773269","530010","72705010","00718528002497","3","1","00000000000000","","","","0020","","0","E","","","04","","01","39","03","","99","","","","","","","","LAB 00002-21","20210622","1","","","","","","0","0","1","0","0","0","1","0","0","0","0","0","0","0",0,0,0,"0",0,0,0,0,0,0,0,0,0,0,0,0,0,0,"0",0,0,0,0,0,0,0,0,0,0,0,0,0,0,0,0,"0",0,0,0,"0",0,0,0,0,"0",0,0,0,0,0,0,0,0,0,0,0,0,0,0,0,"0","0","1","0","0","0","0","0","0","0","0","0","0","0","0","0","0","0","0","0","0","0","0","0","1","1","0","0","1","1","0","0","0","0","0","0","0","0","0","0","0","0","0","0","0","0","0","0","0","0","0","0","0","0","0","0","0","0","1","0","0","1","1","0","0","0","0","0","0","0","0","0","0","0","0","0","0","0","0","0","0","0","0","0","0","0","0","0","0","0","0","0","1","202107","202204","2054"
"7775555","530010","72405600","00718528009661","3","1","00000000000000","","","","0060","","0","E","","","04","","03","39","03","","99","","","","","","","","LAB - 00011-20","20210224","1","","","","","","0","0","1","0","0","0","1","0","0","0","0","0","0","0",0,0,0,"0",0,0,0,0,0,0,0,0,0,0,0,0,0,0,"0",0,0,0,0,0,0,0,0,0,0,0,0,0,0,0,0,"0",0,0,0,"0",0,0,0,0,"0",0,0,0,0,0,0,0,0,0,0,0,0,0,0,0,"0","0","1","0","0","0","0","0","0","0","0","0","0","0","0","0","0","0","0","0","0","0","0","0","1","1","0","0","1","1","0","0","0","0","0","0","0","0","0","0","0","0","0","0","0","0","0","0","0","0","0","0","0","0","0","0","0","0","1","0","0","1","1","0","0","0","0","0","0","0","0","0","0","0","0","0","0","0","0","0","0","0","0","0","0","0","0","0","0","0","0","0","1","202108","202204","2054"
"7775628","530010","71936250","00718528008347","3","1","00000000000000","","","","0180","","0","E","","","04","","03","39","03","","99","","","","","","","","LAB. 00007-22","20210401","1","","","","","","0","0","1","0","0","0","1","0","0","0","0","0","0","0",0,0,0,"0",0,0,0,0,0,0,0,0,0,0,0,0,0,0,"0",0,0,0,0,0,0,0,0,0,0,0,1,0,0,0,0,"1",0,0,0,"0",0,0,0,0,"0",0,0,0,0,0,0,0,0,0,0,0,0,0,0,0,"0","0","1","0","0","0","0","0","0","0","0","0","0","0","0","0","0","0","0","0","0","0","0","0","1","1","0","0","1","1","0","0","0","0","0","0","0","0","0","0","0","0","0","0","0","0","0","0","0","0","0","0","0","0","0","0","0","0","1","0","0","1","1","0","0","0","0","0","0","0","0","0","0","0","0","0","0","0","0","0","0","0","0","0","0","0","0","0","0","0","0","0","1","202108","202204","2054"
"7775938","530010","70390145","21020361000170","3","1","00000000000000","","","","","","0","E","","","03","","01","04","03","","99","","","","","","","","EAS.20245-01","20210819","1","","","","","","0","0","1","0","0","0","1","0","0","0","0","0","0","0",0,0,0,"0",0,0,0,0,0,0,0,0,0,0,0,0,0,0,"0",0,1,0,1,0,0,0,0,0,0,0,0,0,0,0,0,"1",0,0,0,"0",0,0,0,0,"0",0,0,0,0,0,0,0,0,0,0,0,0,0,0,0,"0","0","1","0","0","0","0","0","0","0","0","0","0","0","0","0","0","0","0","0","0","0","0","0","1","0","0","0","1","1","0","0","0","0","0","0","0","0","0","0","0","0","0","0","0","0","0","0","0","0","0","0","0","0","0","1","0","0","0","0","0","0","0","0","0","0","0","0","0","0","0","0","0","0","0","0","0","0","0","0","0","0","0","0","0","0","0","0","0","0","0","0","1","202112","202204","2062"
"7775954","530010","70390150","08342650000208","3","1","00000000000000","","","","0015","","0","E","","","04","","03","04","03","","99","","","","","","","","53900333921","20210430","1","","","","","","0","0","1","0","0","0","1","0","0","0","0","0","0","0",0,0,0,"0",0,0,0,0,0,0,0,0,0,0,0,0,0,0,"0",0,1,0,3,0,0,0,0,0,0,0,0,0,0,0,0,"1",0,0,0,"0",0,0,0,0,"0",0,0,0,0,0,0,0,0,0,0,0,0,0,0,0,"0","0","1","0","0","0","0","0","0","0","0","0","0","0","0","0","0","0","0","0","0","0","0","0","1","0","0","0","1","1","0","0","0","0","0","0","0","0","0","0","0","0","0","0","0","0","0","0","0","0","0","1","0","0","0","0","0","0","0","0","0","0","0","0","0","0","0","0","0","0","0","0","0","0","0","0","0","0","0","0","0","0","0","0","0","0","0","0","0","0","0","0","1","202108","202204","2305"
"7779720","530010","71070082","00718528001849","3","1","00000000000000","","","","0070","","0","E","","","04","","03","39","03","","99","","","","","","","","LAB 000012-10","20210610","1","","","","","","0","0","1","0","0","0","1","0","0","0","0","0","0","0",0,0,0,"0",0,0,0,0,0,0,0,0,0,0,0,0,0,0,"0",0,0,0,0,0,0,0,0,0,0,0,1,0,0,0,0,"1",0,0,0,"0",0,0,0,0,"0",0,0,0,0,0,0,0,0,0,0,0,0,0,0,0,"0","0","1","0","0","0","0","0","0","0","0","0","0","0","0","0","0","0","0","0","0","0","0","0","1","1","0","0","1","1","0","0","0","0","0","0","0","0","0","0","0","0","0","0","0","0","0","0","0","0","0","0","0","0","0","0","0","0","1","0","0","1","1","0","0","0","0","0","0","0","0","0","0","0","0","0","0","0","0","0","0","0","0","0","0","0","0","0","0","0","0","0","1","202108","202204","2054"
"7779739","530010","71710011","00718528001687","3","1","00000000000000","","","","0100","","0","E","","","04","","03","39","03","","99","","","","","","","","LAB 000311","20210813","1","","","","","","0","0","1","0","0","0","1","0","0","0","0","0","0","0",0,0,0,"0",0,0,0,0,0,0,0,0,0,0,0,0,0,0,"0",0,0,0,0,0,0,0,0,0,0,0,1,0,0,0,0,"1",0,0,0,"0",0,0,0,0,"0",0,0,0,0,0,0,0,0,0,0,0,0,0,0,0,"0","0","1","0","0","0","0","0","0","0","0","0","0","0","0","0","0","0","0","0","0","0","0","0","1","1","0","0","1","1","0","0","0","0","0","0","0","0","0","0","0","0","0","0","0","0","0","0","0","0","0","0","0","0","0","0","0","0","1","0","0","1","1","0","0","0","0","0","0","0","0","0","0","0","0","0","0","0","0","0","0","0","0","0","0","0","0","0","0","0","0","0","1","202201","202204","2054"
"7779747","530010","70660090","00718528001091","3","1","00000000000000","","","","0050","","0","E","","","04","","03","39","03","","99","","","","","","","","LAB 00009-07","20210513","1","","","","","","0","0","1","0","0","0","1","0","0","0","0","0","0","0",0,0,0,"0",0,0,0,0,0,0,0,0,0,0,0,0,0,0,"0",0,0,0,0,0,0,0,0,0,0,0,0,0,0,0,0,"0",0,0,0,"0",0,0,0,0,"0",0,0,0,0,0,0,0,0,0,0,0,0,0,0,0,"0","0","1","0","0","0","0","0","0","0","0","0","0","0","0","0","0","0","0","0","0","0","0","0","1","1","1","0","1","1","0","0","0","0","0","0","0","0","0","0","0","0","0","0","0","0","0","0","0","0","0","0","0","0","0","0","0","0","1","0","0","1","1","0","0","0","0","0","0","0","0","0","0","0","0","0","0","0","0","0","0","0","0","0","0","0","0","0","0","0","0","0","1","202105","202204","2054"
"7780567","530010","70200730","22153979000170","3","1","00000000000000","","","","","","0","E","","","04","","03","22","03","","99","","","","","","","","EAS0005307","20190830","1","","","","","","0","0","1","0","0","0","1","0","0","0","0","0","0","0",0,0,0,"0",0,0,0,0,0,0,0,0,0,0,0,0,0,0,"0",0,1,0,0,0,0,0,0,0,0,0,0,0,0,0,0,"1",0,0,0,"0",0,0,0,0,"0",0,0,0,0,0,0,0,0,0,0,0,0,0,0,0,"0","0","1","0","0","0","0","0","0","0","0","0","0","0","0","0","0","0","0","0","0","0","0","0","1","0","0","0","1","1","0","0","0","0","0","0","0","0","0","0","0","0","0","0","0","0","0","0","0","0","0","0","0","0","0","1","0","0","0","0","0","0","0","0","0","0","0","0","0","0","0","0","0","0","0","0","0","0","0","0","0","0","0","0","0","0","0","0","0","0","0","0","1","201909","202204","2305"
"7780753","530010","71950770","21346298000166","3","1","00000000000000","","","","","","0","E","","","04","","03","04","03","","99","","","","","","","","EAS 00153-14","20200222","1","","","","","","0","0","1","0","0","0","1","0","0","0","0","0","0","0",0,0,0,"0",0,0,0,0,0,0,0,0,0,0,0,0,0,0,"0",0,3,0,0,0,0,0,0,0,0,0,0,0,0,0,0,"1",0,0,0,"0",0,0,0,0,"0",0,0,0,0,0,0,0,0,0,0,0,0,0,0,0,"0","0","1","0","0","0","0","0","0","0","0","0","0","0","0","0","0","0","0","0","0","0","0","0","1","0","0","0","1","1","0","0","0","0","0","0","0","0","0","0","0","0","0","0","0","0","0","0","0","0","0","1","0","0","0","1","0","0","0","0","0","0","0","0","0","0","0","0","0","0","0","0","0","0","0","0","0","0","0","0","0","0","0","0","0","0","0","0","0","0","0","0","1","202012","202204","2062"
"7781539","530010","70670431","22254462000178","3","1","00000000000000","","","","","","0","E","","","04","","03","04","03","","99","","","","","","","","EAS 00127-07","20210711","1","","","","","","0","0","1","0","0","0","1","0","0","0","0","0","0","0",0,0,0,"0",0,0,0,0,0,0,0,0,0,0,0,0,0,0,"0",0,5,0,0,0,0,0,0,0,0,0,0,0,0,0,0,"1",0,0,0,"0",0,0,0,0,"0",0,0,0,0,0,0,0,0,0,0,0,0,0,0,0,"0","0","1","0","0","0","0","0","0","0","0","0","0","0","0","0","0","0","0","0","0","0","0","0","1","0","0","0","1","1","0","0","0","0","0","0","0","0","0","0","0","0","0","0","0","0","0","0","0","0","0","1","0","0","0","1","0","0","0","0","0","0","0","0","0","0","0","0","0","0","0","0","0","0","0","0","0","0","0","0","0","0","0","0","0","0","0","0","0","0","0","0","1","202203","202204","2062"
"7783604","530010","71250010","13604595000136","3","1","00000000000000","","","","","","0","E","","","04","","03","77","06","","99","","","","","","","","EAS.00050-10","20200221","1","","","","","","0","0","1","0","0","0","1","0","0","0","0","0","0","0",0,0,0,"0",0,0,0,0,0,0,0,0,0,0,0,0,0,0,"0",0,0,0,0,0,0,0,0,0,0,0,0,0,0,0,0,"0",0,0,0,"0",0,0,0,0,"0",0,0,0,0,0,0,0,0,0,0,0,0,0,0,0,"0","0","0","0","0","0","0","0","0","0","0","0","0","0","0","0","0","0","0","0","0","0","0","0","0","0","0","0","1","1","0","0","0","0","0","0","0","0","0","0","0","0","0","0","0","0","0","0","0","0","0","1","0","0","0","1","0","0","0","0","0","0","0","0","0","0","0","0","0","0","0","0","0","0","0","0","0","0","0","0","0","0","0","0","0","0","0","0","0","0","0","0","1","202003","202204","2062"
"7786948","530010","72450050","11179511000139","3","1","00000000000000","","","","","","0","E","","","04","","03","36","04","","99","","","","","","","","ODO.0081-20","20190503","1","","","","","","0","0","1","0","0","0","1","0","0","0","0","0","0","0",0,0,0,"0",0,0,0,0,0,0,0,0,0,0,0,0,0,0,"0",0,0,0,0,0,0,0,0,2,0,0,0,0,0,0,0,"1",0,0,0,"0",0,0,0,0,"0",0,0,0,0,0,0,0,0,0,0,0,0,0,0,0,"0","0","0","0","0","0","0","0","0","0","0","0","0","0","0","0","0","0","0","0","0","0","0","0","0","0","0","0","1","1","0","0","0","0","0","0","0","0","0","0","0","0","0","0","0","0","0","0","0","0","0","1","0","0","0","0","0","0","0","0","0","0","0","0","0","0","0","0","0","0","0","0","0","0","0","0","0","0","0","0","0","0","0","0","0","0","0","0","0","0","0","0","1","201908","202204","2062"
"7787065","530010","70390150","21034732000172","3","1","00000000000000","","","","0015","","0","E","","","04","","03","04","03","","99","","","","","","","","EAS 20192 - 01","20200505","1","","","","","","0","0","1","0","0","0","1","0","0","0","0","0","0","0",0,0,0,"0",0,0,0,0,0,0,0,0,0,0,0,0,0,0,"0",0,4,0,0,0,0,0,0,0,0,0,0,0,0,0,0,"1",0,0,0,"0",0,0,0,0,"0",0,0,0,0,0,0,0,0,0,0,0,0,0,0,0,"0","0","1","0","0","0","0","0","0","0","0","0","0","0","0","0","0","0","0","0","0","0","0","0","1","0","0","0","1","1","0","0","0","0","0","0","0","0","0","0","0","0","0","0","0","0","0","0","0","0","0","1","0","0","0","1","0","0","0","0","0","0","0","0","0","0","0","0","0","0","0","0","0","0","0","0","0","0","0","0","0","0","0","0","0","0","0","0","0","0","0","0","1","202005","202204","2240"
"7790392","530010","70300902","22532988000172","3","1","00000000000000","","","","0015","","0","E","","","04","","03","04","04","","99","","","","","","","","RLE DIGITAL","20190211","1","","","","","","0","0","1","0","0","0","1","0","0","0","0","0","0","0",0,0,0,"0",0,0,0,0,0,0,0,0,0,0,0,0,0,0,"0",4,0,0,0,0,0,0,0,0,0,0,0,0,0,0,0,"1",0,0,0,"0",0,0,0,0,"0",0,0,0,0,0,0,0,0,0,0,0,0,0,0,0,"0","0","0","0","0","0","0","0","0","0","0","0","0","0","0","0","0","0","0","0","0","0","0","0","0","0","0","0","1","1","0","0","0","0","0","0","0","0","0","0","0","0","0","0","0","0","0","0","0","0","0","1","0","0","0","1","0","0","0","0","0","0","0","0","0","0","0","0","0","0","0","0","0","0","0","0","0","0","0","0","0","0","0","0","0","0","0","0","0","0","0","0","1","202001","202204","2062"
"7790422","530010","72322582","08219142000156","3","1","00000000000000","","","","","","0","E","","","04","","03","22","03","","99","","","","","","","","RLE","20210107","1","","","","","","0","0","1","0","0","0","1","0","0","0","0","0","0","0",0,0,0,"0",0,0,0,0,0,0,0,0,0,0,0,0,0,0,"0",0,2,0,0,0,0,0,0,0,0,0,0,0,0,0,0,"1",0,0,0,"0",0,0,0,0,"0",0,0,0,0,0,0,0,0,0,0,0,0,0,0,0,"0","0","1","0","0","0","0","0","0","0","0","0","0","0","0","0","0","0","0","0","0","0","0","0","1","0","0","0","1","1","0","0","0","0","0","0","0","0","0","0","0","0","0","0","0","0","0","0","0","0","0","0","0","0","0","1","0","0","0","0","0","0","0","0","0","0","0","0","0","0","0","0","0","0","0","0","0","0","0","0","0","0","0","0","0","0","0","0","0","0","0","0","1","202103","202204","2062"
"7790880","530010","71200033","00000000000000","3","3","00394700000108","","","","0010","","1","E","","","04","","01","42","03","","99","","","","","","","","","","","","","","","","0","0","1","0","0","0","1","0","0","0","0","0","0","0",0,0,0,"0",0,0,0,0,0,0,0,0,0,0,0,0,0,0,"0",0,0,0,0,0,0,0,0,0,0,0,0,0,0,0,0,"0",0,0,0,"0",0,0,0,0,"0",0,0,0,0,0,0,0,0,0,0,0,0,0,0,0,"0","0","0","0","0","0","0","0","0","0","0","0","0","0","0","0","0","0","0","0","0","0","0","0","0","1","0","0","1","1","0","0","0","0","0","0","0","0","0","0","0","0","0","0","0","0","0","0","0","0","0","0","0","0","0","0","0","0","0","0","0","0","0","0","1","0","0","0","0","0","0","0","0","0","0","0","0","0","0","0","0","0","0","0","0","1","0","0","0","0","0","0","1","202204","202204","1023"
"7790902","530010","71200033","00000000000000","3","3","00394700000108","","","","0010","","1","E","","","04","","01","42","03","","99","","","","","","","","","","","","","","","","0","0","1","0","0","0","1","0","0","0","0","0","0","0",0,0,0,"0",0,0,0,0,0,0,0,0,0,0,0,0,0,0,"0",0,0,0,0,0,0,0,0,0,0,0,0,0,0,0,0,"0",0,0,0,"0",0,0,0,0,"0",0,0,0,0,0,0,0,0,0,0,0,0,0,0,0,"0","0","0","0","0","0","0","0","0","0","0","0","0","0","0","0","0","0","0","0","0","0","0","0","0","1","0","0","1","1","0","0","0","0","0","0","0","0","0","0","0","0","0","0","0","0","0","0","0","0","0","0","0","0","0","0","0","0","0","0","0","0","0","0","1","0","0","0","0","0","0","0","0","0","0","0","0","0","0","0","0","0","0","0","0","1","0","0","0","0","0","0","1","202204","202204","1023"
"7791143","530010","72120020","17444053000102","3","1","00000000000000","","","","0180","","0","E","","","04","","01","39","03","","99","","","","","","","","EAS.0214-15/2021","20210331","1","","","","","","0","0","1","0","0","0","1","0","0","0","0","0","0","0",0,0,0,"0",0,0,0,0,0,0,0,0,0,0,0,0,0,0,"0",1,0,0,1,0,0,0,0,0,0,2,0,0,0,2,0,"1",0,0,0,"0",0,0,0,0,"0",0,0,0,0,0,0,0,0,0,0,0,0,0,0,0,"0","0","1","0","0","0","0","0","0","0","0","0","0","0","0","0","0","0","0","0","0","0","0","0","1","0","0","1","1","1","0","0","0","0","0","0","0","0","0","0","0","0","0","0","0","0","0","0","0","0","0","1","0","0","0","1","0","0","0","0","0","0","0","0","0","0","0","0","0","0","0","0","0","0","0","0","0","0","0","0","0","0","0","0","0","0","0","0","0","0","0","0","1","202104","202204","2062"
"7792743","530010","71635610","36754018000126","3","1","00000000000000","","","","0090","","0","E","","","04","","03","36","03","","99","","","","","","","","","20200625","1","","","","","","0","0","1","0","0","0","1","0","0","0","0","0","0","0",0,0,0,"0",0,0,0,0,0,0,0,0,0,0,0,0,0,0,"0",2,0,0,0,0,0,0,0,0,0,0,0,0,0,0,0,"1",0,0,0,"0",0,0,0,0,"0",0,0,0,0,0,0,0,0,0,0,0,0,0,0,0,"0","0","1","0","0","0","0","0","0","0","0","0","0","0","0","0","0","0","0","0","0","0","0","0","1","0","0","0","1","1","0","0","0","0","0","0","0","0","0","0","0","0","0","0","0","0","0","0","0","0","0","1","0","0","0","1","0","0","0","0","0","0","0","0","0","0","0","0","0","0","0","0","0","0","0","0","0","0","0","0","0","0","0","0","0","0","0","0","0","0","0","0","1","202009","202204","2062"
"7794983","530010","72115115","18556303000150","3","1","00000000000000","","","","","","0","E","","","04","","03","36","03","","99","","","","","","","","","","","","","","","","0","0","1","0","0","0","1","0","0","0","0","0","0","0",0,0,0,"0",0,0,0,0,0,0,0,0,0,0,0,0,0,0,"0",0,0,0,0,0,0,0,0,1,0,0,0,0,0,0,0,"1",0,0,0,"0",0,0,0,0,"0",0,0,0,0,0,0,0,0,0,0,0,0,0,0,0,"0","0","1","0","0","0","0","0","1","0","0","0","0","0","0","0","0","0","0","0","0","0","0","0","1","0","0","0","1","1","0","0","0","0","0","0","0","0","0","0","0","0","0","0","0","0","0","0","0","0","0","1","0","0","1","1","0","0","0","0","0","0","0","0","0","0","0","0","0","0","0","0","0","0","0","0","0","0","0","0","0","0","0","0","0","0","0","0","0","0","0","0","1","202104","202204","2062"
"7796757","530010","71906750","22657041000198","3","1","00000000000000","","","","","","0","E","","","04","","03","22","03","","99","","","","","","","","ODO00041-22/2021","20200526","1","","","","","","0","0","1","0","0","0","1","0","0","0","0","0","0","0",0,0,0,"0",0,0,0,0,0,0,0,0,0,0,0,0,0,0,"0",0,0,0,0,0,0,0,0,1,0,0,0,0,0,0,0,"1",0,0,0,"0",0,0,0,0,"0",0,0,0,0,0,0,0,0,0,0,0,0,0,0,0,"0","0","1","0","0","0","0","0","0","0","0","0","0","0","0","0","0","0","0","0","0","0","0","0","1","1","0","0","0","1","0","0","0","0","0","0","0","0","0","0","0","0","0","0","0","0","0","0","0","0","0","0","0","0","0","1","0","0","0","0","0","0","0","0","0","0","0","0","0","0","0","0","0","0","0","0","0","0","0","0","0","0","0","0","0","0","0","0","0","0","0","0","1","202111","202204","2062"
"7797419","530010","72115700","02920990000101","3","1","00000000000000","","","","0180","","0","E","","","04","","03","36","03","","99","","","","","","","","EAS 00136-15","20210920","1","","","","","","0","0","1","0","0","0","1","0","0","0","0","0","0","0",0,0,0,"0",0,0,0,0,0,0,0,0,0,0,0,0,0,0,"0",2,0,0,0,0,0,0,0,0,0,0,0,0,0,0,0,"1",0,0,0,"0",0,0,0,0,"0",0,0,0,0,0,0,0,0,0,0,0,0,0,0,0,"0","0","1","0","0","0","0","0","0","0","0","0","0","0","0","0","0","0","0","0","1","0","0","0","1","1","0","0","1","1","0","0","0","0","0","0","0","0","0","0","0","0","0","0","0","0","0","0","0","0","0","1","0","0","0","1","0","0","0","0","0","0","0","0","0","0","0","0","0","0","0","0","0","0","0","0","0","0","0","0","0","0","0","0","0","0","0","0","0","0","0","0","1","202201","202204","2062"
"7797540","530010","70710904","22537676000151","3","1","00000000000000","","","","0005","","0","E","","","04","","01","22","03","","99","","","","","","","","EAS-00605-05","20200212","1","","","","","","0","0","1","0","0","0","1","0","0","0","0","0","0","0",0,0,0,"0",0,0,0,0,0,0,0,0,0,0,0,0,0,0,"0",0,1,0,0,0,0,0,0,0,0,0,0,0,0,0,0,"1",0,0,0,"0",0,0,0,0,"0",0,0,0,0,0,0,0,0,0,0,0,0,0,0,0,"0","0","1","0","0","0","0","0","0","0","0","0","0","0","0","0","0","0","0","0","0","0","0","0","1","0","0","0","1","1","0","0","0","0","0","0","0","0","0","0","0","0","0","0","0","0","0","0","0","0","0","1","0","0","0","1","0","0","0","0","0","0","0","0","0","0","0","0","0","0","0","0","0","0","0","0","0","0","0","0","0","0","0","0","0","0","0","0","0","0","0","0","1","202108","202204","2062"
"7801068","530010","70077900","22792602000161","3","1","00000000000000","","","","0010","","0","E","","","04","","03","36","03","","99","","","","","","","","EAS.11673-01","20210915","1","","","","","","0","0","1","0","0","0","1","0","0","0","0","0","0","0",0,0,0,"0",0,0,0,0,0,0,0,0,0,0,0,0,0,0,"0",0,2,0,0,0,0,0,0,0,0,0,0,0,0,0,0,"1",0,0,0,"0",0,0,0,0,"0",0,0,0,0,0,0,0,0,0,0,0,0,0,0,0,"0","0","1","0","0","0","0","0","1","1","0","0","0","0","0","0","0","1","0","1","0","0","0","0","1","1","1","0","1","1","0","0","0","0","0","0","0","0","0","0","0","0","0","0","0","0","0","0","0","0","0","1","0","0","0","1","0","0","0","0","0","0","0","0","0","0","0","0","0","0","0","0","0","0","0","0","0","0","0","0","0","0","0","0","0","0","0","0","0","0","0","0","1","202111","202204","2135"
"7801866","530010","70200700","38020020000288","3","1","00000000000000","","","","0015","","0","E","","","04","","03","04","03","","99","","","","","","","","EAS.05362-01","20210114","1","","","","","","0","0","1","0","0","0","1","0","0","0","0","0","0","0",0,0,0,"0",0,0,0,0,0,0,0,0,0,0,0,0,0,0,"0",6,2,0,0,0,0,0,0,0,0,0,0,0,0,0,0,"1",0,0,0,"0",0,0,0,0,"0",0,0,0,0,0,0,0,0,0,0,0,0,0,0,0,"0","0","1","0","0","0","0","0","0","1","0","0","0","0","0","0","0","0","0","0","0","0","0","0","1","1","0","1","1","1","0","0","0","0","0","0","0","0","0","0","0","0","0","0","0","0","0","0","0","0","0","1","0","0","0","1","0","0","0","0","0","0","0","0","0","0","0","0","0","0","0","0","0","0","0","0","0","0","0","0","0","0","0","0","0","0","0","0","0","0","0","0","1","202107","202204","2062"
"7803923","530010","70390095","00718528009904","3","1","00000000000000","","","","0010","","0","E","","","04","","03","39","03","","99","","","","","","","","LAB-05712-01","20210928","1","","","","","","0","0","1","0","0","0","1","0","0","0","0","0","0","0",0,0,0,"0",0,0,0,0,0,0,0,0,0,0,0,0,0,0,"0",0,0,0,0,0,0,0,0,0,0,0,0,0,0,0,0,"0",0,0,0,"0",0,0,0,0,"0",0,0,0,0,0,0,0,0,0,0,0,0,0,0,0,"0","0","1","0","0","0","0","0","0","0","0","0","0","0","0","0","0","0","0","0","0","0","0","0","1","1","0","0","1","1","0","0","0","0","0","0","0","0","0","0","0","0","0","0","0","0","0","0","0","0","0","0","0","0","0","0","0","0","1","0","0","1","1","0","0","0","0","0","0","0","0","0","0","0","0","0","0","0","0","0","0","0","0","0","0","0","0","0","0","0","0","0","1","202112","202204","2054"
"7803931","530010","71805542","00718528008770","3","1","00000000000000","","","","0135","","0","E","","","04","","03","39","03","","99","","","","","","","","LAB 0002-13","20210527","1","","","","","","0","0","1","0","0","0","1","0","0","0","0","0","0","0",0,0,0,"0",0,0,0,0,0,0,0,0,0,0,0,0,0,0,"0",0,0,0,0,0,0,0,0,0,0,0,0,0,0,0,0,"0",0,0,0,"0",0,0,0,0,"0",0,0,0,0,0,0,0,0,0,0,0,0,0,0,0,"0","0","1","0","0","0","0","0","0","0","0","0","0","0","0","0","0","0","0","0","0","0","0","0","1","1","0","0","1","1","0","0","0","0","0","0","0","0","0","0","0","0","0","0","0","0","0","0","0","0","0","0","0","0","0","0","0","0","1","0","0","1","1","0","0","0","0","0","0","0","0","0","0","0","0","0","0","0","0","0","0","0","0","0","0","0","0","0","0","0","0","0","1","202107","202204","2054"
"7806434","530010","70045900","00394429014837","3","1","00000000000000","","","","0010","","0","E","","","04","","03","36","04","","99","","","","","","","","Nº ODO 00022-02 2021","20210906","1","","","","","","0","0","1","0","0","0","1","0","0","0","0","0","0","0",0,0,0,"0",0,0,0,0,0,0,0,0,1,0,0,0,2,0,"1",0,0,0,0,0,0,0,0,33,0,0,0,0,0,0,0,"1",0,0,0,"0",0,0,0,0,"0",0,0,0,0,0,0,0,0,0,0,0,0,0,0,0,"0","0","1","0","0","0","0","0","1","0","0","0","0","0","0","0","0","1","0","0","0","0","0","0","1","1","0","0","1","1","0","0","0","0","0","0","0","0","0","0","0","0","0","0","0","0","0","0","0","0","0","0","0","0","1","0","0","0","0","0","0","0","0","0","0","0","0","0","0","0","0","0","0","0","0","0","0","0","0","0","0","0","0","0","0","0","0","0","0","0","0","0","1","202203","202204","1015"
"7809476","530010","71065330","19438686000125","3","1","00000000000000","","","","","","0","E","","","04","","03","22","03","","99","","","","","","","","53101321949","20210121","1","","","","","","0","0","1","0","0","0","1","0","0","0","0","0","0","0",0,0,0,"0",0,0,0,0,0,0,0,0,0,0,0,0,0,0,"0",1,0,0,0,0,0,0,0,0,0,0,0,0,0,0,0,"1",0,0,0,"0",0,0,0,0,"0",0,0,0,0,0,0,0,0,0,0,0,0,0,0,0,"0","0","1","0","0","0","0","0","0","0","0","0","0","0","0","0","0","0","0","0","0","0","0","0","1","1","1","0","1","1","0","0","0","0","0","0","0","0","0","0","0","0","0","0","0","0","0","0","0","0","0","1","0","0","0","0","0","0","0","0","0","0","0","0","0","0","0","0","0","0","0","0","0","0","0","0","0","0","0","0","0","0","0","0","0","0","0","0","0","0","0","0","1","202204","202204","2135"
"7809921","530010","72318575","19130167000103","3","1","00000000000000","","","","0140","","0","E","","","04","","01","36","03","","99","","","","","","","","19130467000103","20200623","1","","","","","","0","0","1","0","0","0","1","0","0","0","0","0","0","0",0,0,0,"0",0,0,0,0,0,0,0,0,0,0,0,0,0,0,"0",0,5,0,0,0,0,0,0,0,0,0,0,0,0,0,0,"1",0,0,0,"0",0,0,0,0,"0",0,0,0,0,0,0,0,0,0,0,0,0,0,0,0,"0","0","1","0","0","0","0","0","0","0","0","0","0","0","0","0","0","0","0","0","0","0","0","0","1","0","0","0","1","1","0","0","0","0","0","0","0","0","0","0","0","0","0","0","0","0","0","0","0","0","0","1","0","0","1","1","0","0","0","0","0","0","0","0","0","0","0","0","0","0","0","0","0","0","0","0","0","0","0","0","0","0","0","0","0","0","0","0","0","0","0","0","1","202105","202204","2062"
"7810350","530010","70333900","22849220000127","3","1","00000000000000","","","","","","0","E","","","04","","03","04","04","","99","","","","","","","","RLE","20190101","1","","","","","","0","0","1","0","0","0","1","0","0","0","0","0","0","0",0,0,0,"0",0,0,0,0,0,0,0,0,0,0,0,0,0,0,"0",0,0,0,4,0,0,0,0,0,0,0,0,0,0,0,0,"1",0,0,0,"0",0,0,0,0,"0",0,0,0,0,0,0,0,0,0,0,0,0,0,0,0,"0","0","1","0","0","0","0","0","0","0","0","0","0","0","0","0","0","0","0","0","0","0","0","0","1","0","0","0","1","1","0","0","0","0","0","0","0","0","0","0","0","0","0","0","0","0","0","0","0","0","0","1","0","0","0","1","0","0","0","0","0","0","0","0","0","0","0","0","0","0","0","0","0","0","0","0","0","0","0","0","0","0","0","0","0","0","0","0","0","0","0","0","1","202105","202204","2062"
"7811403","530010","72240424","22433523000164","3","1","00000000000000","","","","","","0","E","","","04","","03","22","03","","99","","","","","","","","","","1","","","","","","0","0","1","0","0","0","1","0","0","0","0","0","0","0",0,0,0,"0",0,0,0,0,0,0,0,0,0,0,0,0,0,0,"0",0,0,0,0,0,0,0,0,1,0,0,0,0,0,0,0,"1",0,0,0,"0",0,0,0,0,"0",0,0,0,0,0,0,0,0,0,0,0,0,0,0,0,"0","0","0","0","0","0","0","0","0","0","0","0","0","0","0","0","0","0","0","0","0","0","0","0","0","1","0","0","1","1","0","0","0","0","0","0","0","0","0","0","0","0","0","0","0","0","0","0","0","0","0","1","0","0","0","0","0","0","0","0","0","0","0","0","0","0","0","0","0","0","0","0","0","0","0","0","0","0","0","0","0","0","0","0","0","0","0","0","0","0","0","0","1","202012","202204","2135"
"7811837","530010","71907720","16559009000177","3","1","00000000000000","","","","0180","","0","E","","","04","","03","36","04","","99","","","","","","","","EAS00078-22","20181121","1","","","","","","0","0","1","0","0","0","1","0","0","0","0","0","0","0",0,0,0,"0",0,0,0,0,0,0,0,0,0,0,0,0,0,0,"0",0,1,0,0,0,0,0,0,0,0,0,0,0,0,0,0,"1",0,0,0,"0",0,0,0,0,"0",0,0,0,0,0,0,0,0,0,0,0,0,0,0,0,"0","0","1","0","0","0","0","0","0","0","0","0","0","0","0","0","0","0","0","0","0","0","0","0","1","0","0","0","1","1","0","0","0","0","0","0","0","0","0","0","0","0","0","0","0","0","0","0","0","0","0","0","0","0","0","1","0","0","0","0","0","0","0","0","0","0","0","0","0","0","0","0","0","0","0","0","0","0","0","0","0","0","0","0","0","0","0","0","0","0","0","0","1","201905","202204","2062"
"7813392","530010","70673623","11682223000100","3","1","00000000000000","","","","9931","","0","E","","","04","","03","36","03","","99","","","","","","","","ODO.00058-07/2020","20200916","2","","","","","","0","0","1","0","0","0","1","0","0","0","0","0","0","0",0,0,0,"0",0,0,0,0,0,0,0,0,0,0,0,0,0,0,"0",0,0,0,0,0,0,0,0,2,0,0,0,0,0,0,0,"1",0,0,0,"0",0,0,0,0,"0",0,0,0,0,0,0,0,0,0,0,0,0,0,0,0,"0","0","0","0","0","0","0","0","1","0","0","0","0","0","0","0","0","0","0","0","0","0","0","0","1","1","1","0","1","1","0","0","0","0","0","0","0","0","0","0","0","0","0","0","0","0","0","0","0","0","0","1","0","0","0","1","0","0","0","0","0","0","0","0","0","0","0","0","0","0","0","0","0","0","0","0","0","0","0","0","0","0","0","0","0","0","0","0","0","0","0","0","1","202106","202204","2062"
"7817428","530010","72210184","22566192000130","3","1","00000000000000","","","","","","0","E","","","04","","01","22","03","","99","","","","","","","","","","1","","","","","","0","0","1","0","0","0","1","0","0","0","0","0","0","0",0,0,0,"0",0,0,0,0,0,0,0,0,0,0,0,0,0,0,"0",0,0,0,0,0,0,0,0,1,0,0,0,0,0,0,0,"1",0,0,0,"0",0,0,0,0,"0",0,0,0,0,0,0,0,0,0,0,0,0,0,0,0,"0","0","0","0","0","0","0","0","0","0","0","0","0","0","0","0","0","0","0","0","0","0","0","0","0","1","0","0","1","1","0","0","0","0","0","0","0","0","0","0","0","0","0","0","0","0","0","0","0","0","0","1","0","0","0","0","0","0","0","0","0","0","0","0","0","0","0","0","0","0","0","0","0","0","0","0","0","0","0","0","0","0","0","0","0","0","0","0","0","0","0","0","1","202103","202204","2062"
"7817568","530010","70390108","03732270000185","3","1","00000000000000","","","","0015","","0","E","","","04","","01","36","03","","99","","","","","","","","","","","","","","","","0","0","1","0","0","0","1","0","0","0","0","0","0","0",0,0,0,"0",0,0,0,0,0,0,0,0,0,0,0,0,0,0,"0",0,1,0,0,0,0,0,0,0,0,0,0,0,0,0,0,"1",0,0,0,"0",0,0,0,0,"0",0,0,0,0,0,0,0,0,0,0,0,0,0,0,0,"0","0","1","0","0","0","0","0","0","0","0","0","0","0","0","0","0","0","0","0","0","0","0","0","1","0","0","0","1","1","0","0","0","0","0","0","0","0","0","0","0","0","0","0","0","0","0","0","0","0","0","1","0","0","0","0","0","0","0","0","0","0","0","0","0","0","0","0","0","0","0","0","0","0","0","0","0","0","0","0","0","0","0","0","0","0","0","0","0","0","0","0","1","202006","202204","2062"
"7817614","530010","70200700","21391738000105","3","1","00000000000000","","","","0015","","0","E","","","04","","01","22","03","","99","","","","","","","","EAS.20209-01","20210721","1","","","","","","0","0","1","0","0","0","1","0","0","0","0","0","0","0",0,0,0,"0",0,0,0,0,0,0,0,0,0,0,0,0,0,0,"0",0,1,0,0,0,0,0,0,0,0,0,0,0,0,0,0,"1",0,0,0,"0",0,0,0,0,"0",0,0,0,0,0,0,0,0,0,0,0,0,0,0,0,"0","0","1","0","0","0","0","0","0","0","0","0","0","0","0","0","0","0","0","0","0","0","0","0","1","0","0","0","1","1","0","0","0","0","0","0","0","0","0","0","0","0","0","0","0","0","0","0","0","0","0","1","0","0","0","0","0","0","0","0","0","0","0","0","0","0","0","0","0","0","0","0","0","0","0","0","0","0","0","0","0","0","0","0","0","0","0","0","0","0","0","0","1","202107","202204","2305"
"7817649","530010","70390904","00659672000103","3","1","00000000000000","","","","0010","","0","E","","","04","","01","36","03","","99","001","34789","200171-3","","","","","05404-01","20190429","1","","","","","","0","0","1","0","0","0","1","0","0","0","0","0","0","0",0,0,0,"0",0,0,0,0,0,0,0,0,0,0,0,0,0,0,"0",0,5,0,0,0,0,0,0,0,0,0,0,0,0,0,0,"1",0,0,0,"0",0,0,0,0,"0",0,0,0,0,0,0,0,0,0,0,0,0,0,0,0,"0","0","1","0","0","0","0","0","0","0","0","0","0","0","0","0","0","0","0","0","0","0","0","0","1","0","0","0","1","1","0","0","0","0","0","0","0","0","0","0","0","0","0","0","0","0","0","0","0","0","0","0","0","0","0","0","0","0","1","0","0","1","1","0","0","0","0","0","0","0","0","0","0","0","0","0","0","0","0","0","0","0","0","0","0","0","0","0","0","0","0","0","1","202003","202204","2062"
"7819056","530010","70770132","08295782000145","3","1","00000000000000","","","","","","0","E","","","04","","03","04","03","","99","","","","","","","","CERT DE LICENCIAMENTO RLE","20190524","1","","","","","","0","0","1","0","0","0","1","0","0","0","0","0","0","0",0,0,0,"0",0,0,0,0,0,0,0,0,0,0,0,0,0,0,"0",0,0,0,1,0,0,0,0,0,0,0,0,0,0,0,0,"1",0,0,0,"0",0,0,0,0,"0",0,0,0,0,0,0,0,0,0,0,0,0,0,0,0,"0","0","1","0","1","0","0","0","0","0","0","0","0","0","0","0","0","0","0","0","0","0","0","0","1","0","0","0","1","1","0","0","0","0","0","0","0","0","0","0","0","0","0","0","0","0","0","0","0","0","0","1","0","0","0","0","0","0","0","0","0","0","0","0","0","0","0","0","0","0","0","0","0","0","0","0","0","0","0","0","0","0","0","0","0","0","0","0","0","0","0","0","1","202102","202204","2062"
"7819234","530010","70390150","20884538000113","3","1","00000000000000","","","","0015","","0","E","","","04","","03","36","03","","99","","","","","","","","EAS20160-01","20210520","1","","","","","","0","0","1","0","0","0","1","0","0","0","0","0","0","0",0,0,0,"0",0,0,0,0,0,0,0,0,0,0,0,0,0,0,"0",0,1,0,0,0,0,0,0,0,0,0,0,0,0,0,0,"1",0,0,0,"0",0,0,0,0,"0",0,0,0,0,0,0,0,0,0,0,0,0,0,0,0,"0","0","1","0","0","0","0","0","0","0","0","0","0","0","0","0","0","0","0","0","0","0","0","0","1","1","0","0","1","1","0","0","0","0","0","0","0","0","0","0","0","0","0","0","0","0","0","0","0","0","0","1","0","0","0","0","0","0","0","0","0","0","0","0","0","0","0","0","0","0","0","0","0","0","0","0","0","0","0","0","0","0","0","0","0","0","0","0","0","0","0","0","1","202107","202204","2062"
"7821867","530010","71906750","22572023000103","3","1","00000000000000","","","","0180","","0","E","","","04","","03","04","03","","99","","","","","","","","EAS.00081-22","20200814","1","","","","","","0","0","1","0","0","0","1","0","0","0","0","0","0","0",0,0,0,"0",0,0,0,0,0,0,0,0,0,0,0,0,0,0,"0",0,1,0,2,0,0,0,0,0,0,0,0,0,0,0,0,"1",0,0,0,"0",0,0,0,0,"0",0,0,0,0,0,0,0,0,0,0,0,0,0,0,0,"0","0","1","0","0","0","0","0","0","0","0","0","0","0","0","0","0","0","0","0","0","0","0","0","1","0","0","0","1","1","0","0","0","0","0","0","0","0","0","0","0","0","0","0","0","0","0","0","0","0","0","1","0","0","1","1","0","0","0","0","0","0","0","0","0","0","0","0","0","0","0","0","0","0","0","0","0","0","0","0","0","0","0","0","0","0","0","0","0","0","0","0","1","202101","202204","2062"
"7823088","530010","70390055","17705487000100","3","1","00000000000000","","","","0015","","0","E","","","04","","01","22","04","","99","","","","","","","","","","","","","","","","0","0","1","0","0","0","1","0","0","0","0","0","0","0",0,0,0,"0",0,0,0,0,0,0,0,0,0,0,0,0,0,0,"0",0,2,0,0,0,0,0,0,0,0,0,0,0,0,0,0,"1",0,0,0,"0",0,0,0,0,"0",0,0,0,0,0,0,0,0,0,0,0,0,0,0,0,"0","0","1","0","0","0","0","0","1","0","0","0","0","0","0","0","0","0","0","0","0","0","0","0","1","1","0","0","1","1","0","0","0","0","0","0","0","0","0","0","0","0","0","0","0","0","0","0","0","0","0","1","0","0","1","1","1","0","0","0","0","0","0","0","0","0","0","0","0","0","0","0","0","0","0","0","0","0","0","0","0","0","0","0","0","0","0","0","0","0","0","0","1","202101","202204","2313"
"7823282","530010","71680349","22834384000180","3","1","00000000000000","","","","","","0","E","","","04","","01","36","03","","99","","","","","","","","EAS.00042-03","20190207","1","","","","","","0","0","1","0","0","0","1","0","0","0","0","0","0","0",0,0,0,"0",0,0,0,0,0,0,0,0,0,0,0,0,0,0,"0",0,0,0,1,0,0,0,0,0,0,0,0,0,0,0,0,"1",0,0,0,"0",0,0,0,0,"0",0,0,0,0,0,0,0,0,0,0,0,0,0,0,0,"0","0","1","0","0","0","0","0","0","0","0","0","0","0","0","0","0","0","0","1","0","0","0","0","1","0","0","0","1","1","0","0","0","0","0","0","0","0","0","0","0","0","0","0","0","0","0","0","0","0","0","1","0","0","0","0","0","0","0","0","0","0","0","0","0","0","0","0","0","0","0","0","0","0","0","0","0","0","0","0","0","0","0","0","0","0","0","0","0","0","0","0","1","202011","202204","2062"
"7824149","530010","72622101","07800555000167","3","1","00000000000000","","","","0130","","0","E","","","04","","03","22","04","","99","","","","","","","","RLE EM ESTUDO","20211203","1","","","","","","0","0","1","0","0","0","1","0","0","0","0","0","0","0",0,0,0,"0",0,0,0,0,0,0,0,0,0,0,0,0,0,0,"0",0,0,0,0,0,0,0,0,1,0,0,0,0,0,0,0,"1",0,0,0,"0",0,0,0,0,"0",0,0,0,0,0,0,0,0,0,0,0,0,0,0,0,"0","0","1","0","0","0","0","0","0","0","0","0","0","0","0","0","0","0","0","0","0","0","0","0","1","0","0","0","1","1","0","0","0","0","0","0","0","0","0","0","0","0","0","0","0","0","0","0","0","0","0","1","0","0","0","0","0","0","0","0","0","0","0","0","0","0","0","0","0","0","0","0","0","0","0","0","0","0","0","0","0","0","0","0","0","0","0","0","0","0","0","0","1","202112","202204","2135"
"7826435","530010","70390906","04188091000191","3","1","00000000000000","","","","0015","","0","E","","","04","","03","36","03","","99","","","","","","","","EAS.02667-01","20210713","1","","","","","","0","0","1","0","0","0","1","0","0","0","0","0","0","0",0,0,0,"0",0,0,0,0,0,0,0,0,0,0,0,0,0,0,"0",0,1,0,0,0,0,0,0,0,0,0,0,0,0,0,0,"1",0,0,0,"0",0,0,0,0,"0",0,0,0,0,0,0,0,0,0,0,0,0,0,0,0,"0","0","1","0","0","0","0","0","0","0","0","0","0","0","0","0","0","0","0","0","0","0","0","0","1","1","0","0","1","1","0","0","0","0","0","0","0","0","0","0","0","0","0","0","0","0","0","0","0","0","0","1","0","0","0","0","0","0","0","0","0","0","0","0","0","0","0","0","0","0","0","0","0","0","0","0","0","0","0","0","0","0","0","0","0","0","0","0","0","0","0","0","1","202108","202204","2062"
"7826516","530010","71907720","10543606000127","3","1","00000000000000","","","","9901","","0","E","","","04","","03","36","04","","99","","","","","","","","EAS-00009-22","20201121","1","","","","","","0","0","1","0","0","0","1","0","0","0","0","0","0","0",0,0,0,"0",0,0,0,0,0,0,0,0,0,0,0,0,0,0,"0",0,1,0,3,0,0,0,0,0,0,0,0,0,0,0,0,"1",0,0,0,"0",0,0,0,0,"0",0,0,0,0,0,0,0,0,0,0,0,0,0,0,0,"0","0","1","0","0","0","0","0","0","0","0","0","0","0","0","0","0","0","0","0","0","0","0","0","1","1","0","0","1","1","0","0","0","0","0","0","0","0","0","0","0","0","0","0","0","0","0","0","0","0","0","1","0","0","0","0","0","0","0","0","0","0","0","0","0","0","0","0","0","0","0","0","0","0","0","0","0","0","0","0","0","0","0","0","0","0","0","0","0","0","0","0","1","202111","202204","2062"
"7827075","530010","70200670","21538175000127","3","1","00000000000000","","","","0010","","0","E","","","04","","03","22","03","","99","","","","","","","","EAS-00027-02","20210821","1","","","","","","0","0","1","0","0","0","1","0","0","0","0","0","0","0",0,0,0,"0",0,0,0,0,0,0,0,0,0,0,0,0,0,0,"0",0,1,0,0,0,0,0,0,0,0,0,0,0,0,0,0,"1",0,0,0,"0",0,0,0,0,"0",0,0,0,0,0,0,0,0,0,0,0,0,0,0,0,"0","0","1","0","0","0","0","0","0","0","0","0","0","0","0","0","0","0","0","0","0","0","0","0","1","1","0","0","1","1","0","0","0","0","0","0","0","0","0","0","0","0","0","0","0","0","0","0","0","0","0","1","0","0","0","1","0","0","0","0","0","0","0","0","0","0","0","0","0","0","0","0","0","0","0","0","0","0","0","0","0","0","0","0","0","0","0","0","0","0","0","0","1","202201","202204","2062"
"7829299","530010","71907720","22761315000194","3","1","00000000000000","","","","9901","","0","E","","","04","","01","36","03","","99","","","","","","","","EAS 00136","20210409","1","","","","","","0","0","1","0","0","0","1","0","0","0","0","0","0","0",0,0,0,"0",0,0,0,0,0,0,0,0,0,0,0,0,0,0,"0",0,1,0,0,0,0,0,0,0,0,0,0,0,0,0,0,"1",0,0,0,"0",0,0,0,0,"0",0,0,0,0,0,0,0,0,0,0,0,0,0,0,0,"0","0","1","0","0","0","0","0","0","0","0","0","0","0","0","0","0","0","0","1","0","0","0","0","1","0","0","0","1","1","0","0","0","0","0","0","0","0","0","0","0","0","0","0","0","0","0","0","0","0","0","1","0","0","0","1","0","0","0","0","0","0","0","0","0","0","0","0","0","0","0","0","0","0","0","0","0","0","0","0","0","0","0","0","0","0","0","0","0","0","0","0","1","202203","202204","2062"
"7829620","530010","72006253","14636208000106","3","1","00000000000000","","","","","","0","E","","","04","","03","77","05","","99","","","","","","","","EAS.00282-15","20201018","1","","","","","","0","0","1","0","0","0","1","0","0","0","0","0","0","0",0,0,0,"0",0,0,0,0,0,0,0,0,0,0,0,0,0,0,"0",0,0,0,0,0,0,0,0,0,0,0,0,0,0,0,0,"0",0,0,0,"0",0,0,0,0,"0",0,0,0,0,0,0,0,0,0,0,0,0,0,0,0,"0","0","0","0","0","0","0","0","0","0","0","0","0","0","0","0","0","0","0","0","0","0","0","0","0","0","0","0","1","1","0","0","0","0","0","0","0","0","0","0","0","0","0","0","0","0","0","0","0","0","0","1","0","0","0","1","0","0","0","0","0","0","0","0","0","0","0","0","0","0","0","0","0","0","0","0","0","0","0","0","0","0","0","0","0","0","0","0","0","0","0","0","1","202011","202204","2062"
"7831811","530010","70655018","00045813477691","1","1","00000000000000","","","","","","0","E","","","04","","01","22","03","","99","","","","","","","","ODO.00048-07","20201202","1","","","","","","0","0","1","0","0","0","1","0","0","0","0","0","0","0",0,0,0,"0",0,0,0,0,0,0,0,0,0,0,0,0,0,0,"0",0,0,0,0,0,0,0,0,1,0,0,0,0,0,0,0,"1",0,0,0,"0",0,0,0,0,"0",0,0,0,0,0,0,0,0,0,0,0,0,0,0,0,"0","0","1","0","0","0","0","0","1","0","0","0","0","0","0","0","0","0","0","0","0","0","0","0","1","1","0","0","1","1","0","0","0","0","0","0","0","0","0","0","0","0","0","0","0","0","0","0","0","0","0","1","0","0","0","0","0","0","0","0","0","0","0","0","0","0","0","0","0","0","0","0","0","0","0","0","0","0","0","0","0","0","0","0","0","0","0","0","0","0","0","0","1","202107","202204","4000"
"7841108","530010","70310500","00065847000154","3","1","00000000000000","","","","","","0","E","","","04","","03","22","03","","99","","","","","","","","LAB.05647-01","20210628","1","","","","","","0","0","1","0","0","0","1","0","0","0","0","0","0","0",0,0,0,"0",0,0,0,0,0,0,0,0,0,0,0,0,0,0,"0",0,1,0,0,0,0,0,0,0,0,0,0,0,0,0,0,"1",0,0,0,"0",0,0,0,0,"0",0,0,0,0,0,0,0,0,0,0,0,0,0,0,0,"0","0","0","0","0","0","0","0","0","0","0","0","0","0","0","0","0","0","0","0","0","0","0","0","0","1","0","0","0","1","0","0","0","0","0","0","0","0","0","0","0","0","0","0","0","0","0","0","0","0","0","1","0","0","1","1","0","0","0","0","0","0","0","0","0","0","0","0","0","0","0","0","0","0","0","0","0","0","0","0","0","0","0","0","0","0","0","0","0","0","0","0","1","202107","202204","2240"
"7841140","530010","70650113","10580711000136","3","1","00000000000000","","","","0050","","0","E","","","04","","01","36","03","","99","","","","","","","","EAS.00114-07/2021","20210715","1","","","","","","0","0","1","0","1","0","1","0","0","0","0","0","0","0",0,0,0,"0",0,0,0,0,0,0,0,0,0,0,0,0,0,0,"0",0,1,0,1,0,0,0,0,0,0,0,0,0,0,0,0,"1",0,0,0,"0",0,0,0,0,"0",0,0,0,0,0,0,0,0,0,0,0,0,0,0,0,"0","0","1","0","0","0","0","0","0","1","0","0","0","0","0","0","0","0","0","1","0","0","0","0","1","0","0","0","1","1","0","0","0","0","0","0","0","0","0","0","0","0","0","0","0","0","0","0","0","0","0","1","0","0","1","1","0","0","0","0","0","0","0","0","0","0","0","0","0","0","0","0","0","0","0","0","0","0","0","0","0","0","0","0","0","0","0","0","0","0","0","0","1","202111","202204","2062"
"7842333","530010","70830350","22493201000100","3","1","00000000000000","","","","","","0","E","","","04","","01","22","03","","99","","","","","","","","00580-02/2020","20201013","2","","","","","","0","0","1","0","0","0","1","0","0","0","0","0","0","0",0,0,0,"0",0,0,0,0,0,0,0,0,0,0,0,0,0,0,"0",1,0,0,0,0,0,0,0,0,0,0,0,0,0,0,0,"1",0,0,0,"0",0,0,0,0,"0",0,0,0,0,0,0,0,0,0,0,0,0,0,0,0,"0","0","0","0","0","0","1","0","0","0","0","0","0","0","0","0","0","0","0","0","0","0","0","0","1","0","0","0","1","1","0","0","0","0","0","0","0","0","0","0","0","0","0","0","0","0","0","0","0","0","0","1","0","0","1","1","0","0","0","0","0","0","0","0","0","0","0","0","0","0","0","0","0","0","0","0","0","0","0","0","0","0","0","0","0","0","0","0","0","0","0","0","1","202102","202204","2062"
"7843135","530010","72444220","00000000000000","3","3","00394700000108","","","","","","1","E","","","04","","01","02","04","","99","","","","","","","","","","","","","","","","1","0","0","0","0","0","1","0","0","0","0","0","0","0",0,0,0,"0",0,0,0,0,0,0,0,0,0,0,0,0,0,0,"0",1,1,0,3,0,0,0,0,1,0,1,1,1,0,1,0,"1",0,0,0,"0",0,0,0,0,"0",0,0,0,0,0,0,0,0,0,0,0,0,0,0,0,"0","0","1","0","1","0","1","0","1","0","0","1","0","0","0","0","0","0","0","0","0","0","0","0","1","0","0","0","1","1","0","0","0","0","0","0","0","0","0","0","0","0","0","0","0","0","0","0","0","0","1","0","0","0","0","0","0","0","0","0","0","0","0","0","0","0","0","0","0","0","0","0","0","0","0","0","0","0","1","0","0","0","0","0","0","1","0","0","0","0","0","0","1","202201","202204","1023"
"7843380","530010","70710100","37117678000169","3","1","00000000000000","","","","","","1","E","","","04","","01","39","03","","99","070","0062","062001331-1","","","","","RAD.00003-02","20210513","1","","","","","","0","0","1","0","0","0","1","0","0","0","0","0","0","0",0,0,0,"0",0,0,0,0,0,0,0,0,0,0,0,0,0,0,"0",0,2,0,0,0,0,0,0,0,0,0,0,0,0,0,0,"1",0,0,0,"0",0,0,0,0,"0",0,0,0,0,0,0,0,0,0,0,0,0,0,0,0,"0","0","1","0","0","0","0","0","1","0","0","0","0","0","0","0","0","0","0","0","0","0","0","0","1","1","0","1","1","1","0","0","0","0","0","0","0","0","0","0","0","0","0","0","0","0","0","0","0","0","1","0","0","0","0","0","0","0","0","0","0","0","0","0","0","0","0","0","0","0","0","0","0","0","0","0","0","0","0","0","0","0","0","0","0","0","0","0","0","0","0","0","1","202202","202204","2313"
"7844107","530010","70719900","00605766000108","3","1","00000000000000","","","","0005","","0","E","","","04","","03","36","03","","99","","","","","","","","EAS 00101-02","20180726","1","","","","","","0","0","1","0","0","0","1","0","0","0","0","0","0","0",0,0,0,"0",0,0,0,0,0,0,0,0,0,0,0,0,0,0,"0",2,0,0,0,0,0,0,0,0,0,0,0,0,0,0,0,"1",0,0,0,"0",0,0,0,0,"0",0,0,0,0,0,0,0,0,0,0,0,0,0,0,0,"0","0","1","0","0","0","0","0","0","0","0","0","0","0","0","0","0","0","0","0","0","0","0","0","1","0","0","0","1","1","0","0","0","0","0","0","0","0","0","0","0","0","0","0","0","0","0","0","0","0","0","1","0","0","0","0","0","0","0","0","0","0","0","0","0","0","0","0","0","0","0","0","0","0","0","0","0","0","0","0","0","0","0","0","0","0","0","0","0","0","0","0","1","201906","202204","2062"
"7845308","530010","70673416","03064013000112","3","1","00000000000000","","","","9931","","0","E","","","04","","03","36","03","","99","","","","","","","","EAS.00086-07/2021","20210719","1","","","","","","0","0","1","0","0","0","1","0","0","0","0","0","0","0",0,0,0,"0",0,0,0,0,0,0,0,0,0,0,0,0,0,0,"0",0,1,0,0,0,0,0,0,0,0,0,0,0,0,0,0,"1",0,0,0,"0",0,0,0,0,"0",0,0,0,0,0,0,0,0,0,0,0,0,0,0,0,"0","0","1","0","0","0","0","0","0","0","0","0","0","0","0","0","0","0","0","0","0","0","0","0","1","1","0","0","1","1","0","0","0","0","0","0","0","0","0","0","0","0","0","0","0","0","0","0","0","0","0","1","0","0","0","1","0","0","0","0","0","0","0","0","0","0","0","0","0","0","0","0","0","0","0","0","0","0","0","0","0","0","0","0","0","0","0","0","0","0","0","0","1","202110","202204","2232"
"7847459","530010","72025110","00454686000190","3","1","00000000000000","","","","0180","","0","E","","","04","","03","39","03","","99","","","","","","","","LAB 00003-14","20220317","1","","","","","","0","0","1","0","0","0","1","0","0","0","0","0","0","0",0,0,0,"0",0,0,0,0,0,0,0,0,0,0,0,0,0,0,"0",0,1,0,0,0,0,0,0,0,0,0,0,0,0,0,0,"1",0,0,0,"0",0,0,0,0,"0",0,0,0,0,0,0,0,0,0,0,0,0,0,0,0,"0","0","1","0","0","1","0","0","0","0","0","0","0","0","0","0","0","0","0","1","0","0","0","0","1","1","1","0","1","1","0","0","0","0","0","1","0","0","0","0","0","0","1","0","0","0","0","0","0","0","0","1","0","0","0","1","0","0","1","0","0","0","1","0","0","0","0","0","0","0","0","0","0","0","0","0","0","0","0","0","0","0","0","0","0","0","0","0","0","0","0","0","1","202205","202204","2062"
"7850182","530010","70390108","04794634000114","3","1","00000000000000","","","","0015","","0","E","","","04","","01","04","03","","99","001","45985","186139","","","","","EAS 03468-01","20180507","1","","","","","","0","0","1","0","0","0","1","0","0","0","0","0","0","0",0,0,0,"0",0,0,0,0,0,0,0,0,0,0,0,0,0,0,"0",0,3,0,0,0,0,0,0,0,0,0,0,0,0,0,0,"1",0,0,0,"0",0,0,0,0,"0",0,0,0,0,0,0,0,0,0,0,0,0,0,0,0,"0","0","1","0","0","0","0","0","1","0","0","0","0","0","0","0","0","0","0","0","0","0","0","0","1","1","1","0","1","1","0","0","0","0","0","0","0","0","0","0","0","0","0","0","0","0","0","0","0","0","0","1","0","0","0","1","0","0","0","0","0","0","0","0","0","0","0","0","0","0","0","0","0","0","0","0","0","0","0","0","0","0","0","0","0","0","0","0","0","0","0","0","1","202111","202204","2240"
"7852576","530010","71200055","00063263000140","3","1","00000000000000","","","","9933","","0","E","","","04","","03","39","06","","99","","","","","","","","LAB 00014-10","20210901","1","","","","","","0","0","1","0","0","0","1","0","0","0","0","0","0","0",0,0,0,"0",0,0,0,0,0,0,0,0,0,0,0,0,0,0,"0",0,0,0,0,0,0,0,0,0,0,0,0,0,0,0,0,"0",0,0,0,"0",0,0,0,0,"0",0,0,0,0,0,0,0,0,0,0,0,0,0,0,0,"0","0","0","0","0","0","0","0","0","0","0","0","0","0","0","0","0","0","0","0","0","0","0","0","0","1","0","0","1","1","0","0","0","0","0","0","0","0","0","0","0","0","0","0","0","0","0","0","0","0","0","0","0","0","0","0","0","0","1","0","0","0","1","0","0","0","0","0","0","0","0","0","0","0","0","0","0","0","0","0","0","0","0","0","0","0","0","0","0","0","0","0","1","202203","202204","2054"
"7852584","530010","70077900","00063263000220","3","1","00000000000000","","","","0005","","0","E","","","04","","03","39","03","","99","","","","","","","","LAB N° 000010-02","20210915","1","","","","","","0","0","1","0","0","0","1","0","0","0","0","0","0","0",0,0,0,"0",0,0,0,0,0,0,0,0,0,0,0,0,0,0,"0",0,0,0,0,0,0,0,0,0,0,0,0,0,0,0,0,"0",0,0,0,"0",0,0,0,0,"0",0,0,0,0,0,0,0,0,0,0,0,0,0,0,0,"0","0","0","0","0","0","0","0","0","0","0","0","0","0","0","0","0","0","0","0","0","0","0","0","0","1","0","0","1","1","0","0","0","0","0","0","0","0","0","0","0","0","0","0","0","0","0","0","0","0","0","0","0","0","0","0","0","0","1","0","0","0","0","0","0","0","0","0","0","0","0","0","0","0","0","0","0","0","0","0","0","0","0","0","0","0","0","0","0","0","0","0","1","202203","202204","2054"
"7852606","530010","70390700","00063263000301","3","1","00000000000000","","","","0015","","0","E","","","04","","03","39","03","","99","","","","","","","","LAB.05626-01","20210420","1","","","","","","0","0","1","0","0","0","1","0","0","0","0","0","0","0",0,0,0,"0",0,0,0,0,0,0,0,0,0,0,0,0,0,0,"0",0,0,0,0,0,0,0,0,0,0,0,0,0,0,0,0,"0",0,0,0,"0",0,0,0,0,"0",0,0,0,0,0,0,0,0,0,0,0,0,0,0,0,"0","0","0","0","0","0","0","0","0","0","0","0","0","0","0","0","0","0","0","0","0","0","0","0","0","1","0","0","1","1","0","0","0","0","0","0","0","0","0","0","0","0","0","0","0","0","0","0","0","0","0","0","0","0","0","0","0","0","1","0","0","0","0","0","0","0","0","0","0","0","0","0","0","0","0","0","0","0","0","0","0","0","0","0","0","0","0","0","0","0","0","0","1","202203","202204","2054"
"7856881","530010","72600400","22026630000178","3","1","00000000000000","","","","","","0","E","","","04","","03","36","03","","99","","","","","","","","53201990541","20200617","1","","","","","","0","0","1","0","0","0","1","0","0","0","0","0","0","0",0,0,0,"0",0,0,0,0,0,0,0,0,0,0,0,0,0,0,"0",0,5,0,0,0,0,0,0,0,0,0,0,0,0,0,0,"1",0,0,0,"0",0,0,0,0,"0",0,0,0,0,0,0,0,0,0,0,0,0,0,0,0,"0","0","1","0","0","0","0","0","0","0","0","0","0","0","0","0","0","0","0","0","0","0","0","0","1","1","0","0","1","1","0","0","0","0","0","0","0","0","0","0","0","0","0","0","0","0","0","0","0","0","0","1","0","0","0","1","0","0","0","0","0","0","0","0","0","0","0","0","0","0","0","0","0","0","0","0","0","0","0","0","0","0","0","0","0","0","0","0","0","0","0","0","1","202007","202204","2062"
"7859856","530010","71010010","23102055000108","3","1","00000000000000","","","","","","0","E","","","04","","01","36","03","","99","","","","","","","","CERTIFICADO LICENCIAMENTO","20210712","1","","","","","","0","0","1","0","0","0","1","0","0","0","0","0","0","0",0,0,0,"0",0,0,0,0,0,0,0,0,0,0,0,0,0,0,"0",0,1,0,0,0,0,0,0,0,0,0,0,0,0,0,0,"1",0,0,0,"0",0,0,0,0,"0",0,0,0,0,0,0,0,0,0,0,0,0,0,0,0,"0","0","1","0","0","0","0","0","0","0","0","0","0","0","0","0","0","0","0","0","0","0","0","0","1","0","0","0","1","1","0","0","0","0","0","0","0","0","0","0","0","0","0","0","0","0","0","0","0","0","0","0","0","0","0","1","0","0","0","0","0","0","0","0","0","0","0","0","0","0","0","0","0","0","0","0","0","0","0","0","0","0","0","0","0","0","0","0","0","0","0","0","1","202107","202204","2062"
"7860757","530010","70390108","01577179000107","3","1","00000000000000","","","","0010","","0","E","","","04","","01","62","03","","99","001","35998","49786","","","","","RLE","20200418","1","","","","","","0","0","1","0","0","0","1","0","0","0","0","0","0","0",0,0,0,"0",0,0,0,0,0,0,0,0,0,0,0,0,0,0,"0",0,2,0,0,0,0,0,0,0,0,1,1,0,0,0,0,"1",0,0,0,"0",0,0,0,0,"0",0,0,0,0,0,0,0,0,0,0,0,0,0,0,0,"0","0","1","0","0","0","0","0","1","0","0","0","0","0","0","0","0","0","0","1","0","1","0","0","1","1","0","0","1","1","0","0","0","0","0","0","0","0","0","0","0","0","0","0","0","0","0","0","0","0","0","1","0","0","1","1","0","0","0","0","0","0","0","0","0","0","0","0","0","0","0","0","0","0","0","0","0","0","0","0","0","0","0","0","0","0","0","0","0","0","0","0","1","202201","202204","2062"
"7860811","530010","70200760","21809718000101","3","1","00000000000000","","","","0015","","0","E","","","04","","03","04","03","","99","","","","","","","","EAS 00838-02","20210910","1","","","","","","0","0","1","0","0","0","1","0","0","0","0","0","0","0",0,0,0,"0",0,0,0,0,0,0,0,0,0,0,0,0,0,0,"0",1,1,0,1,0,0,0,0,0,1,0,0,0,0,0,0,"1",0,0,0,"0",0,0,0,0,"0",0,0,0,0,0,0,0,0,0,0,0,0,0,0,0,"0","0","1","0","0","0","0","0","1","0","0","0","0","0","0","0","0","0","0","0","0","0","0","0","1","1","0","0","1","1","0","0","0","0","0","0","0","0","0","0","0","0","0","0","0","0","0","0","0","0","0","1","0","0","0","1","0","0","0","0","0","0","0","0","0","0","0","0","0","0","0","0","0","0","0","0","0","0","0","0","0","0","0","0","0","0","0","0","0","0","0","0","1","202111","202204","2062"
"7861559","530010","70390700","00508572000186","3","1","00000000000000","","","","0015","","0","E","","","04","","01","36","04","","99","","","","","","","","05412-01","20200903","1","","","","","","0","0","0","0","1","0","1","0","0","0","0","0","0","0",0,0,0,"0",0,0,0,0,0,0,0,0,0,0,0,0,0,0,"0",0,1,0,3,0,0,0,0,0,0,0,0,0,0,0,0,"1",0,0,0,"0",0,0,0,0,"0",0,0,0,0,0,0,0,0,0,0,0,0,0,0,0,"0","0","1","0","0","0","0","0","0","0","0","0","0","0","0","0","0","0","0","0","0","1","0","0","1","0","0","0","1","1","0","0","0","0","0","0","0","0","0","0","0","0","0","0","0","0","0","0","0","0","0","0","0","0","0","0","0","0","1","0","0","0","1","0","0","0","0","0","0","0","0","0","0","0","0","0","0","0","0","0","0","0","0","0","0","0","0","0","0","0","0","0","1","202105","202204","2062"
"7862075","530010","70390901","04965438000165","3","1","00000000000000","","","","0010","","0","E","","","04","","03","39","03","","99","","","","","","","","RAD.05430-01","20211001","1","","","","","","0","0","1","0","0","0","1","0","0","0","0","0","0","0",0,0,0,"0",0,0,0,0,0,0,0,0,0,0,0,0,0,0,"0",0,14,0,0,0,0,0,0,0,0,0,0,0,0,0,0,"1",0,0,0,"0",0,0,0,0,"0",0,0,0,0,0,0,0,0,0,0,0,0,0,0,0,"0","0","1","0","0","0","0","0","0","0","0","0","0","0","0","0","0","0","0","0","0","0","0","0","1","1","0","1","1","1","0","0","0","0","0","0","0","0","0","0","0","0","0","0","0","0","0","0","0","0","0","0","0","0","0","0","0","0","1","0","0","1","1","0","0","0","0","0","0","0","0","0","0","0","0","0","0","0","0","0","0","0","0","0","0","0","0","0","0","0","0","0","1","202202","202204","2054"
"7862709","530010","70770560","02008960000123","3","1","00000000000000","","","","0005","","0","E","","","04","","03","04","04","","99","","","","","","","","CERTIFICADO LICENCIAMENTO","20210930","1","","","","","","0","0","1","0","0","0","1","0","0","0","0","0","0","0",0,0,0,"0",0,0,0,0,0,0,0,0,0,0,0,0,0,0,"0",0,0,0,6,0,0,0,0,0,0,0,0,0,0,0,0,"1",0,0,0,"0",0,0,0,0,"0",0,0,0,0,0,0,0,0,0,0,0,0,0,0,0,"0","0","1","0","0","0","0","0","0","0","0","0","0","0","0","0","0","0","0","0","0","0","0","0","1","0","0","0","1","1","0","0","0","0","0","0","0","0","0","0","0","0","0","0","0","0","0","0","0","0","0","1","0","0","0","1","0","0","0","0","0","0","0","0","0","0","0","0","0","0","0","0","0","0","0","0","0","0","0","0","0","0","0","0","0","0","0","0","0","0","0","0","1","202204","202204","2062"
"7862792","530010","70770560","06054754000100","3","1","00000000000000","","","","0005","","0","E","","","04","","03","04","06","","99","","","","","","","","EAS 00393-02/2021","20210211","1","","","","","","0","0","1","0","0","0","1","0","0","0","0","0","0","0",0,0,0,"0",0,0,0,0,0,0,0,0,0,0,0,0,0,0,"0",0,4,0,1,0,0,0,4,1,1,2,0,0,0,0,0,"1",0,0,0,"0",0,0,0,0,"0",0,0,0,0,0,0,0,0,0,0,0,0,0,0,0,"0","0","1","0","0","0","0","0","1","1","0","0","0","0","0","0","0","1","0","0","0","0","0","0","1","1","1","0","1","1","0","0","0","0","0","0","0","0","0","0","0","0","0","0","0","0","0","0","0","0","0","1","0","0","0","1","0","0","0","0","0","0","0","0","0","0","0","0","0","0","0","0","0","0","0","0","0","0","0","0","0","0","0","0","0","0","0","0","0","0","0","0","1","202109","202204","2062"
"7863861","530010","72410206","61486650017400","3","1","00000000000000","","","","","","0","E","","","04","","03","39","03","","99","","","","","","","","","","","","","","","","0","0","1","0","0","0","1","0","0","0","0","0","0","0",0,0,0,"0",0,0,0,0,0,0,0,0,0,0,0,0,0,0,"0",0,0,0,0,0,0,0,1,0,0,0,0,0,0,0,0,"1",0,0,0,"0",0,0,0,0,"0",0,0,0,0,0,0,0,0,1,0,0,0,0,0,0,"0","0","0","0","0","0","0","0","0","0","0","0","0","0","0","0","0","0","1","0","0","0","0","0","1","1","0","0","1","1","0","0","0","0","0","0","0","0","0","0","0","0","0","0","0","0","0","0","0","0","0","0","0","0","0","0","0","0","1","0","0","0","1","0","0","0","0","0","0","0","0","0","0","0","0","0","0","0","0","0","0","0","0","0","0","0","0","0","0","0","0","0","1","202010","202204","2046"
"7865791","530010","71955100","14864244000127","3","1","00000000000000","","","","0180","","1","E","","","04","","01","05","06","","99","083","33820","451626-5","","","","","EAS 00170-14","20201217","1","","","","","","0","0","0","0","0","0","0","0","0","0","0","1","0","1",9,14,18,"1",0,0,0,1,0,0,0,0,0,1,1,1,1,6,"1",0,8,0,0,0,0,0,0,0,0,0,0,0,0,1,1,"1",3,0,0,"1",0,0,0,0,"0",0,0,1,1,1,0,0,0,0,0,0,0,0,0,0,"0","1","1","0","1","0","1","0","1","0","1","0","0","0","0","0","0","1","0","0","1","0","1","0","1","1","1","1","1","1","0","0","0","0","0","0","0","0","0","0","0","0","0","1","1","0","0","0","1","0","0","1","0","0","0","1","0","0","1","0","0","0","1","0","0","1","0","0","0","1","0","0","0","0","0","0","0","0","0","0","0","0","0","0","0","0","0","0","0","0","0","0","1","202107","202204","2062"
"7866534","530010","70200730","06093807000100","3","1","00000000000000","","","","0010","","0","E","","","04","","01","04","03","","99","","","","","","","","RAD.05437-01","20190408","1","","","","","","0","0","1","0","0","0","1","0","0","0","0","0","0","0",0,0,0,"0",0,0,0,0,0,0,0,0,0,0,0,0,0,0,"0",0,22,0,0,0,0,0,0,0,0,0,0,0,0,0,0,"1",0,0,0,"0",0,0,0,0,"0",0,0,0,0,0,0,0,0,0,0,0,0,0,0,0,"0","0","1","0","0","0","0","0","1","0","0","0","0","0","0","0","0","1","0","1","0","0","0","0","1","0","1","0","1","1","0","0","0","0","0","0","0","0","0","0","0","0","0","0","0","0","0","0","0","0","0","1","0","0","0","1","0","0","0","0","0","0","0","0","0","0","0","0","0","0","0","0","0","0","0","0","0","0","0","0","0","0","0","0","0","0","0","0","0","0","0","0","1","202002","202204","2062"
"7869096","530010","70660900","17672378000134","3","1","00000000000000","","","","","","0","E","","","04","","01","85","03","","99","","","","","","","","EAS.00129-07","20201230","1","","","","","","0","0","1","0","0","0","1","0","0","0","0","0","0","0",0,0,0,"0",0,0,0,0,0,0,0,0,0,0,0,0,0,0,"0",0,0,0,0,0,0,0,0,0,0,0,2,0,0,0,0,"1",0,0,0,"0",0,0,0,0,"0",0,0,0,0,0,0,0,0,0,0,0,0,0,0,0,"0","0","1","0","0","0","0","0","1","0","0","0","0","0","0","0","0","0","0","0","0","0","0","0","1","1","0","0","1","1","0","0","0","0","0","0","0","0","0","0","0","0","0","0","0","0","0","0","0","0","0","1","0","0","0","1","0","0","0","0","0","0","0","0","0","0","0","0","0","0","0","0","0","0","0","0","0","0","0","0","0","0","0","0","0","0","0","0","0","0","0","0","1","202108","202204","2062"
"7869452","530010","70340000","00346098000133","3","1","00000000000000","","","","","","0","E","","","04","","01","39","03","","99","","","","","","","","0573001","20210624","1","","","","","","0","0","1","0","0","0","1","0","0","0","0","0","0","0",0,0,0,"0",0,0,0,0,0,0,0,0,0,0,0,0,0,0,"0",0,1,0,0,0,0,0,0,0,0,0,0,0,0,0,0,"1",0,0,0,"0",0,0,0,0,"0",0,0,0,0,0,0,0,0,0,0,0,0,0,0,0,"0","0","1","0","0","0","0","0","0","0","0","0","0","0","0","0","0","0","0","0","0","0","0","0","1","1","0","0","1","1","0","0","0","0","0","0","0","0","0","0","0","0","0","0","0","0","0","0","0","0","0","1","0","0","0","1","0","0","1","0","0","0","1","0","0","0","0","0","0","0","0","0","0","0","0","0","0","0","0","0","0","0","0","0","0","0","0","0","0","0","0","0","1","202107","202204","2062"
"7871805","530010","72215178","03413641000166","3","1","00000000000000","","","","","","0","E","","","04","","01","04","03","","99","","","","","","","","EAS.00346.16","20170815","1","","","","","","0","0","1","0","0","0","1","0","0","0","0","0","0","0",0,0,0,"0",0,0,0,0,0,0,0,0,0,0,0,0,0,0,"0",1,1,0,1,0,0,0,0,0,0,0,0,0,0,0,0,"1",0,0,0,"0",0,0,0,0,"0",0,0,0,0,0,0,0,0,0,0,0,0,0,0,0,"0","0","0","0","0","0","0","0","0","0","0","0","0","0","0","0","0","0","0","0","0","0","0","0","0","0","0","0","1","1","0","0","0","0","0","0","0","0","0","0","0","0","0","0","0","0","0","0","0","0","0","1","0","0","0","0","0","0","0","0","0","0","0","0","0","0","0","0","0","0","0","0","0","0","0","0","0","0","0","0","0","0","0","0","0","0","0","0","0","0","0","0","1","201909","202204","2062"
"7875231","530010","70200730","20003329000113","3","1","00000000000000","","","","0010","","0","E","","","04","","01","22","03","","99","","","","","","","","RASS20222-01","20200724","1","","","","","","0","0","1","0","0","0","1","0","0","0","0","0","0","0",0,0,0,"0",0,0,0,0,0,0,0,0,0,0,0,0,0,0,"0",0,1,0,0,0,1,0,0,0,0,1,0,0,0,0,0,"1",0,0,0,"0",0,0,0,0,"0",0,0,0,0,0,0,0,0,0,0,0,0,0,0,0,"0","0","1","0","0","0","0","0","0","0","0","0","0","0","0","0","0","0","0","0","0","0","0","0","1","1","0","0","1","1","0","0","0","0","0","0","0","0","0","0","0","0","0","0","0","0","0","0","0","0","0","1","0","0","0","0","0","0","0","0","0","0","0","0","0","0","0","0","0","0","0","0","0","0","0","0","0","0","0","0","0","0","0","0","0","0","0","0","0","0","0","0","1","202108","202204","2062"
"7875274","530010","72110015","15269529000182","3","1","00000000000000","","","","0180","","0","E","","","04","","02","77","03","","99","","","","","","","","","20200420","1","","","","","","0","0","1","0","0","0","1","0","0","0","0","0","0","0",0,0,0,"0",0,0,0,0,0,0,0,0,0,0,0,0,0,0,"0",0,0,0,0,0,0,0,0,0,0,0,0,0,0,0,0,"0",0,0,0,"0",0,0,0,0,"0",0,0,0,0,0,0,0,0,0,0,0,0,0,0,0,"0","0","1","0","0","0","0","0","0","0","0","0","0","0","0","0","0","0","0","0","0","0","0","0","1","0","1","0","0","1","0","0","0","0","0","0","0","0","0","0","0","0","0","0","0","0","0","0","0","0","0","1","0","0","0","0","0","0","0","0","0","0","0","0","0","0","0","0","0","0","0","0","0","0","0","0","0","0","0","0","0","0","0","0","0","0","0","0","0","0","0","0","1","202005","202204","2062"
"7878613","530010","70390095","21387455000181","3","1","00000000000000","","","","","","0","E","","","04","","03","04","03","","99","","","","","","","","EAS 20218-01","20201227","1","","","","","","0","0","1","0","0","0","1","0","0","0","0","0","0","0",0,0,0,"0",0,0,0,0,0,0,0,0,0,0,0,0,0,0,"0",0,5,0,0,0,0,0,0,0,0,0,1,0,0,0,0,"1",0,0,0,"0",0,0,0,0,"0",0,0,0,0,0,0,0,0,0,0,0,0,0,0,0,"0","0","0","1","0","0","0","0","0","1","0","0","0","0","0","0","0","0","0","0","0","1","0","0","1","1","0","0","1","1","0","0","0","0","0","0","0","0","0","0","0","0","0","0","0","0","0","0","0","0","0","1","0","0","1","1","0","0","0","0","0","1","1","0","0","0","0","0","0","0","0","0","0","0","0","0","0","0","0","0","0","0","0","0","0","0","0","0","0","0","0","0","1","202106","202204","2305"
"7879598","530010","70770560","26464404000120","3","1","00000000000000","","","","0005","","0","E","","","04","","03","36","03","","99","","","","","","","","EAS - 00220-02","20210608","1","","","","","","0","0","1","0","0","0","1","0","0","0","0","0","0","0",0,0,0,"0",0,0,0,0,0,0,0,0,0,0,0,0,0,0,"0",0,4,0,0,0,0,0,0,0,0,0,0,0,0,0,0,"1",0,0,0,"0",0,0,0,0,"0",0,0,0,0,0,0,0,0,0,0,0,0,0,0,0,"0","0","1","0","0","0","0","0","0","0","0","0","0","0","0","0","0","0","0","0","0","0","0","0","1","1","0","0","1","1","0","0","0","0","0","0","0","0","0","0","0","0","0","0","0","0","0","0","0","0","0","1","0","0","0","1","0","0","0","0","0","0","0","0","0","0","0","0","0","0","0","0","0","0","0","0","0","0","0","0","0","0","0","0","0","0","0","0","0","0","0","0","1","202106","202204","2062"
"7880057","530010","72404090","22280618000195","3","1","00000000000000","","","","0060","","0","E","","","04","","03","22","03","","99","","","","","","","","EAS 0008620","20191203","1","","","","","","0","0","1","0","0","0","1","0","0","0","0","0","0","0",0,0,0,"0",0,0,0,0,0,0,0,0,0,0,0,0,0,0,"0",0,0,0,1,0,0,0,0,0,0,0,0,0,0,0,0,"1",0,0,0,"0",0,0,0,0,"0",0,0,0,0,0,0,0,0,0,0,0,0,0,0,0,"0","0","1","0","0","0","0","0","0","0","0","0","0","0","0","0","0","0","0","0","0","0","0","0","1","0","0","0","1","1","0","0","0","0","0","0","0","0","0","0","0","0","0","0","0","0","0","0","0","0","0","1","0","0","0","1","0","0","0","0","0","0","0","0","0","0","0","0","0","0","0","0","0","0","0","0","0","0","0","0","0","0","0","0","0","0","0","0","0","0","0","0","1","202001","202204","2305"
"7881347","530010","70673416","00835862000134","3","1","00000000000000","","","","9931","","0","E","","","04","","03","36","04","","99","","","","","","","","RLE","20210831","","","","","","","0","0","1","0","0","0","1","0","0","0","0","0","0","0",0,0,0,"0",0,0,0,0,0,0,0,0,0,0,0,0,0,0,"0",0,0,0,0,0,0,0,0,5,0,0,0,0,0,0,0,"1",0,0,0,"0",0,0,0,0,"0",0,0,0,0,0,0,0,0,0,0,0,0,0,0,0,"0","0","1","0","0","0","0","0","1","0","0","0","0","0","0","0","0","0","0","1","0","0","0","0","1","1","0","0","1","1","0","0","0","0","0","0","0","0","0","0","0","0","0","0","0","0","0","0","0","0","0","1","0","0","0","1","0","0","0","0","0","0","0","0","0","0","0","0","0","0","0","0","0","0","0","0","0","0","0","0","0","0","0","0","0","0","0","0","0","0","0","0","1","202112","202204","2062"
"7881428","530010","70390700","38070413000115","3","1","00000000000000","","","","0015","","0","E","","","04","","03","36","03","","99","","","","","","","","EAS 02051 - 01","20200812","1","","","","","","0","0","1","0","0","0","1","0","0","0","0","0","0","0",0,0,0,"0",0,0,0,0,0,0,0,0,0,0,0,0,0,0,"0",0,0,0,4,0,0,0,0,0,0,0,0,0,0,0,0,"1",0,0,0,"0",0,0,0,0,"0",0,0,0,0,0,0,0,0,0,0,0,0,0,0,0,"0","0","1","0","0","0","0","0","0","0","0","0","0","0","0","0","0","0","0","0","0","0","0","0","1","0","0","0","1","1","0","0","0","0","0","0","0","0","0","0","0","0","0","0","0","0","0","0","0","0","0","1","0","0","0","1","0","0","0","0","0","0","0","0","0","0","0","0","0","0","0","0","0","0","0","0","0","0","0","0","0","0","0","0","0","0","0","0","0","0","0","0","1","202008","202204","2062"
"7881983","530010","70722510","22905110000135","3","1","00000000000000","","","","0005","","0","E","","","04","","01","04","01","","99","","","","","","","","CERT. DE LICENCIAMENTO","20180713","1","","","","","","0","0","1","0","0","0","1","0","0","0","0","0","0","0",0,0,0,"0",0,0,0,0,0,0,0,0,0,0,0,0,0,0,"0",0,2,0,1,0,0,0,0,0,0,0,0,0,0,0,0,"1",0,0,0,"0",0,0,0,0,"0",0,0,0,0,0,0,0,0,0,0,0,0,0,0,0,"0","0","1","0","0","0","0","0","0","0","0","0","0","0","0","0","0","0","0","0","0","0","0","0","1","0","0","0","1","1","0","0","0","0","0","0","0","0","0","0","0","0","0","0","0","0","0","0","0","0","0","1","0","0","1","1","0","0","0","0","0","0","0","0","0","0","0","0","0","0","0","0","0","0","0","0","0","0","0","0","0","0","0","0","0","0","0","0","0","0","0","0","1","202204","202204","2062"
"7883366","530010","72502220","20209815000192","3","1","00000000000000","","","","","","0","E","","","04","","03","39","03","","99","","","","","","","","LAB.00008-19","20191206","1","","","","","","0","0","1","0","0","0","1","0","0","0","0","0","0","0",0,0,0,"0",0,0,0,0,0,0,0,0,0,0,0,0,0,0,"0",0,1,0,1,0,0,0,0,0,0,0,0,0,0,0,0,"1",0,0,0,"0",0,0,0,0,"0",0,0,0,0,0,0,0,0,0,0,0,0,0,0,0,"0","0","1","0","0","0","0","0","0","0","0","0","0","0","0","0","0","0","0","0","0","0","0","0","1","1","0","0","1","1","0","0","0","0","0","0","0","0","0","0","0","0","0","0","0","0","0","0","0","0","0","1","0","0","0","1","0","0","0","0","0","0","0","0","0","0","0","0","0","0","0","0","0","0","0","0","0","0","0","0","0","0","0","0","0","0","0","0","0","0","0","0","1","202001","202204","2135"
"7890397","530010","70325900","37993474000272","3","1","00000000000000","","","","0090","","0","E","","","04","","01","36","03","","99","","","","","","","","EAS-00132-03","20190327","1","","","","","","0","0","1","0","0","0","1","0","0","0","0","0","0","0",0,0,0,"0",0,0,0,0,0,0,0,0,0,0,0,0,0,0,"0",0,4,0,3,0,0,0,0,0,0,1,0,0,0,0,0,"1",0,0,0,"0",0,0,0,0,"0",0,0,0,0,0,0,0,0,0,0,0,0,0,0,0,"0","0","1","0","0","0","0","0","0","0","0","0","0","0","0","0","0","0","0","0","0","0","0","0","1","0","0","0","1","1","0","0","0","0","0","0","0","0","0","0","0","0","0","0","0","0","0","0","0","0","0","1","0","0","0","1","0","0","0","0","0","0","0","0","0","0","0","0","0","0","0","0","0","0","0","0","0","0","0","0","0","0","0","0","0","0","0","0","0","0","0","0","1","201910","202204","2062"
"7890583","530010","72015210","09595831000128","3","1","00000000000000","","","","","","0","E","","","04","","01","04","03","","99","","","","","","","","RLE @ DIGITAL","20220119","1","","","","","","0","0","1","0","0","0","1","0","0","0","0","0","0","0",0,0,0,"0",0,0,0,0,0,0,0,0,0,0,0,0,0,5,"1",1,0,0,0,0,0,0,0,0,0,0,0,0,0,0,0,"1",0,0,0,"0",0,0,0,0,"0",0,0,0,0,0,0,0,0,0,0,0,0,0,0,0,"0","0","1","0","0","0","0","0","0","0","0","0","0","0","0","0","0","0","0","0","0","0","0","0","1","0","0","0","1","1","0","0","0","0","0","0","0","0","0","0","0","0","0","0","0","0","0","0","0","0","0","1","0","0","0","0","0","0","0","0","0","0","0","0","0","0","0","0","0","0","0","0","0","0","0","0","0","0","0","0","0","0","0","0","0","0","0","0","0","0","0","0","1","202202","202204","2062"
"7891210","530010","70390155","18250343000170","3","1","00000000000000","","","","0015","","0","E","","","04","","03","04","03","","99","","","","","","","","RLE 53201881563","20201023","1","","","","","","0","0","1","0","0","0","1","0","0","0","0","0","0","0",0,0,0,"0",0,0,0,0,0,0,0,0,0,0,0,0,0,0,"0",0,2,0,0,0,0,0,0,0,0,0,0,0,0,0,0,"1",0,0,0,"0",0,0,0,0,"0",0,0,0,0,0,0,0,0,0,0,0,0,0,0,0,"0","0","1","0","0","0","0","0","0","0","0","0","0","0","0","0","0","0","0","0","0","0","0","0","1","0","0","0","1","1","0","0","0","0","0","0","0","0","0","0","0","0","0","0","0","0","0","0","0","0","0","1","0","0","1","1","0","0","0","0","0","0","0","0","0","0","0","0","0","0","0","0","0","0","0","0","0","0","0","0","0","0","0","0","0","0","0","0","0","0","0","0","1","202103","202204","2062"
"7891423","530010","72225231","00718528010163","3","1","00000000000000","","","","0040","","0","E","","","04","","03","39","03","","99","","","","","","","","LAB 00407-16","20210423","1","","","","","","0","0","1","0","0","0","1","0","0","0","0","0","0","0",0,0,0,"0",0,0,0,0,0,0,0,0,0,0,0,0,0,0,"0",0,0,0,0,0,0,0,0,0,0,0,0,0,0,0,0,"0",0,0,0,"0",0,0,0,0,"0",0,0,0,0,0,0,0,0,0,0,0,0,0,0,0,"0","0","1","0","0","0","0","0","0","0","0","0","0","0","0","0","0","0","0","0","0","0","0","0","1","1","0","0","1","1","0","0","0","0","0","0","0","0","0","0","0","0","0","0","0","0","0","0","0","0","0","0","0","0","0","0","0","0","1","0","0","1","1","0","0","0","0","0","0","0","0","0","0","0","0","0","0","0","0","0","0","0","0","0","0","0","0","0","0","0","0","0","1","202105","202204","2054"
"7891431","530010","70710146","00718528010910","3","1","00000000000000","","","","0010","","0","E","","","04","","03","39","03","","99","","","","","","","","LAB- 0040-02","20210304","1","","","","","","0","0","1","0","0","0","1","0","0","0","0","0","0","0",0,0,0,"0",0,0,0,0,0,0,0,0,0,0,0,0,0,0,"0",0,0,0,0,0,0,0,0,0,0,0,0,0,0,0,0,"0",0,0,0,"0",0,0,0,0,"0",0,0,0,0,0,0,0,0,0,0,0,0,0,0,0,"0","0","1","0","0","0","0","0","0","0","0","0","0","0","0","0","0","0","0","0","0","0","0","0","1","1","0","0","1","1","0","0","0","0","0","0","0","0","0","0","0","0","0","0","0","0","0","0","0","0","0","0","0","0","0","0","0","0","1","0","0","1","1","0","0","0","0","0","0","0","0","0","0","0","0","0","0","0","0","0","0","0","0","0","0","0","0","0","0","0","0","0","1","202201","202204","2054"
"7891520","530010","72546200","00718528010830","3","1","00000000000000","","","","0150","","0","E","","","04","","01","39","03","","99","","","","","","","","LAB - 00004-19","20210526","1","","","","","","0","0","1","0","0","0","1","0","0","0","0","0","0","0",0,0,0,"0",0,0,0,0,0,0,0,0,0,0,0,0,0,0,"0",0,0,0,0,0,0,0,0,0,0,0,0,0,0,0,0,"0",0,0,0,"0",0,0,0,0,"0",0,0,0,0,0,0,0,0,0,0,0,0,0,0,0,"0","0","1","0","0","0","0","0","0","0","0","0","0","0","0","0","0","0","0","0","0","0","0","0","1","1","0","0","1","1","0","0","0","0","0","0","0","0","0","0","0","0","0","0","0","0","0","0","0","0","0","0","0","0","0","0","0","0","1","0","0","1","1","0","0","0","0","0","0","0","0","0","0","0","0","0","0","0","0","0","0","0","0","0","0","0","0","0","0","0","0","0","1","202107","202204","2054"
"7895879","530010","71200030","00718528010082","3","1","00000000000000","","","","0070","","0","E","","","04","","03","39","03","","99","","","","","","","","LAB 0009-10","20210514","1","","","","","","0","0","1","0","0","0","1","0","0","0","0","0","0","0",0,0,0,"0",0,0,0,0,0,0,0,0,0,0,0,0,0,0,"0",0,0,0,0,0,0,0,0,0,0,0,0,0,0,0,0,"0",0,0,0,"0",0,0,0,0,"0",0,0,0,0,0,0,0,0,0,0,0,0,0,0,0,"0","0","1","0","0","0","0","0","0","0","0","0","0","0","0","0","0","0","0","0","0","0","0","0","1","1","0","0","1","1","0","0","0","0","0","0","0","0","0","0","0","0","0","0","0","0","0","0","0","0","0","0","0","0","0","0","0","0","1","0","0","1","1","0","0","0","0","0","0","0","0","0","0","0","0","0","0","0","0","0","0","0","0","0","0","0","0","0","0","0","0","0","1","202105","202204","2054"
"7895976","530010","70610630","13967394000101","3","1","00000000000000","","","","0010","","0","E","","","04","","03","77","03","","99","","","","","","","","EAS 00478 02","20200115","1","","","","","","0","0","1","0","0","0","1","0","0","0","0","0","0","0",0,0,0,"0",0,0,0,0,0,0,0,0,0,0,0,0,0,0,"0",0,0,0,0,0,0,0,0,0,0,0,0,0,0,0,0,"0",0,0,0,"0",0,0,0,0,"0",0,0,0,0,0,0,0,0,0,0,0,0,0,0,0,"0","0","1","0","0","0","1","0","0","1","0","0","0","0","0","0","0","0","0","1","0","1","0","0","1","0","0","0","1","1","0","0","0","0","0","0","0","0","0","0","0","0","0","0","0","0","0","0","0","0","0","1","0","0","0","1","0","0","0","0","0","0","0","0","0","0","0","0","0","0","0","0","0","0","0","0","0","0","0","0","0","0","0","0","0","0","0","0","0","0","0","0","1","202006","202204","2062"
"7897235","530010","71615485","16673239000162","3","1","00000000000000","","","","","","1","E","","","04","","01","36","03","","99","033","4406","01722","","","","","RAD.00330-03","20220309","1","","","","","","0","0","1","0","0","0","1","0","0","0","0","0","0","0",0,0,0,"0",0,0,0,0,0,0,0,0,0,0,0,0,0,0,"0",0,2,0,0,0,0,0,0,0,0,0,0,0,0,0,0,"1",0,0,0,"0",0,0,0,0,"0",0,0,0,0,0,0,0,0,0,0,0,0,0,0,0,"0","0","1","0","0","0","0","0","1","0","0","0","0","0","0","0","0","0","0","0","0","0","0","0","1","1","0","0","1","1","0","0","0","0","0","0","0","0","0","0","0","0","0","0","0","0","0","0","0","0","1","0","0","0","0","1","0","0","0","0","0","0","0","0","0","0","0","0","0","0","0","0","0","0","0","0","0","0","0","0","0","0","0","0","0","0","0","0","0","0","0","0","1","202203","202204","2305"
"7897634","530010","72310108","36767721000179","3","1","00000000000000","","","","0130","","0","E","","","04","","03","07","04","","99","","","","","","","","EAS 00001-18/2020","20200514","1","","","","","","0","0","0","0","0","0","0","0","0","1","0","0","0","1",0,0,0,"0",0,0,0,0,0,0,0,0,0,1,0,0,0,0,"1",0,0,0,0,1,1,0,0,0,0,0,0,0,0,0,0,"1",0,0,0,"0",0,0,0,0,"0",0,0,0,0,0,1,1,0,0,0,0,0,0,0,0,"0","0","1","0","1","0","1","0","0","0","1","0","0","0","0","0","0","1","1","1","1","0","0","0","1","1","1","0","1","1","0","1","1","1","0","0","0","0","0","0","1","0","1","0","1","0","0","1","1","1","0","1","0","0","1","1","0","0","0","0","0","0","0","0","0","0","0","0","0","0","0","0","0","0","0","0","0","0","0","0","0","0","0","0","0","0","0","0","0","0","0","0","1","202111","202204","2062"
"7898215","530010","71586000","00394544000851","3","3","00394544012787","","","","0170","","1","E","","","04","","02","72","06","","99","","","","","","","","","20160126","1","","","","","","0","0","1","0","0","0","1","0","0","0","0","0","0","0",0,0,0,"0",0,0,0,0,0,0,0,0,0,0,0,0,0,0,"0",0,0,0,0,0,0,0,0,0,0,0,0,0,0,0,0,"0",0,0,0,"0",0,0,0,0,"0",0,0,0,0,0,0,0,0,0,0,0,0,0,0,0,"0","0","0","0","1","0","1","0","0","0","0","0","0","0","0","0","0","0","0","0","0","0","0","0","1","1","1","0","1","1","0","0","0","0","0","0","0","0","0","0","0","0","0","0","0","0","0","0","0","0","1","0","0","0","0","0","0","0","0","0","0","0","0","0","0","0","0","0","0","0","0","0","0","0","0","0","0","0","0","0","0","0","0","0","0","0","0","0","0","0","0","0","1","202103","202204","1015"
"7898258","530010","72010060","23218256000175","3","1","00000000000000","","","","0180","","0","E","","","04","","03","04","03","","99","","","","","","","","EAS. 00167-14","20190207","1","","","","","","0","0","1","0","0","0","1","0","0","0","0","0","0","0",0,0,0,"0",0,0,0,0,0,0,0,0,0,0,0,0,0,0,"0",4,0,0,0,0,0,0,0,0,0,0,0,0,0,0,0,"1",0,0,0,"0",0,0,0,0,"0",0,0,0,0,0,0,0,0,0,0,0,0,0,0,0,"0","0","1","0","0","0","0","0","0","0","0","0","0","0","0","0","0","0","0","0","0","0","0","0","1","0","0","0","1","1","0","0","0","0","0","0","0","0","0","0","0","0","0","0","0","0","0","0","0","0","0","1","0","0","0","1","0","0","0","0","0","0","0","0","0","0","0","0","0","0","0","0","0","0","0","0","0","0","0","0","0","0","0","0","0","0","0","0","0","0","0","0","1","202108","202204","2305"
"7902158","530010","70100000","00000000000000","3","3","00038174000143","","","","0010","","1","E","","","04","","02","40","03","","99","","","","","","","","","","","","","","","","0","0","1","0","0","0","1","0","0","0","0","0","0","0",0,0,0,"0",0,0,0,0,0,0,0,0,0,0,0,0,0,0,"0",0,0,0,0,0,0,0,0,2,0,0,0,0,0,0,0,"1",0,0,0,"0",0,0,0,0,"0",0,0,0,0,0,0,0,0,0,0,0,0,0,0,0,"0","0","0","0","0","0","0","0","1","0","0","0","0","0","0","0","0","0","0","0","0","0","0","0","1","1","0","0","1","1","0","0","0","0","0","0","0","0","0","0","0","0","0","0","0","0","0","0","0","0","1","0","0","0","0","0","0","0","0","0","0","0","0","0","0","0","0","0","0","0","0","0","0","0","0","0","0","0","0","0","0","0","0","0","0","0","0","0","0","0","0","0","1","202204","202204","1139"
"7902166","530010","70100000","00000000000000","3","3","00038174000143","","","","0010","","1","E","","","04","","03","40","03","","99","","","","","","","","","","","","","","","","0","0","1","0","0","0","1","0","0","0","0","0","0","0",0,0,0,"0",0,0,0,0,0,0,0,0,0,0,0,0,0,0,"0",0,0,0,0,0,0,0,0,2,0,0,0,0,0,0,0,"1",0,0,0,"0",0,0,0,0,"0",0,0,0,0,0,0,0,0,0,0,0,0,0,0,0,"0","0","1","0","0","0","0","0","0","0","0","0","0","0","0","0","0","0","0","0","0","0","0","0","1","1","0","0","1","1","0","0","0","0","0","0","0","0","0","0","0","0","0","0","0","0","0","0","0","0","1","0","0","0","0","0","0","0","0","0","0","0","0","0","0","0","0","0","0","0","0","0","0","0","0","0","0","0","0","0","0","0","0","0","0","0","0","0","0","0","0","0","1","202204","202204","1139"
"7902174","530010","70840901","00000000000000","3","3","00038174000143","","","","0010","","1","E","","","01","","03","40","03","","99","","","","","","","","","","","","","","","","1","0","0","0","0","0","1","0","0","0","0","0","0","0",0,0,0,"0",0,0,0,0,0,0,0,0,0,0,0,0,0,0,"0",0,2,0,0,0,0,0,0,0,0,0,0,0,0,0,0,"1",0,0,0,"0",0,0,0,0,"0",0,0,0,0,0,0,0,0,0,0,0,0,0,0,0,"0","0","1","0","0","0","0","0","0","0","0","0","0","0","0","0","0","0","0","0","0","0","0","0","1","0","0","0","1","1","0","0","0","0","0","0","0","0","0","0","0","0","0","0","0","0","0","0","0","0","1","0","0","0","0","0","0","0","0","0","0","0","0","0","0","0","0","0","0","0","0","0","0","0","0","0","0","0","0","0","0","0","0","0","0","0","0","0","0","0","0","0","1","202204","202204","1139"
"7902581","530010","70340901","09654362000170","3","1","00000000000000","","","","","","0","E","","","04","","01","22","03","","99","","","","","","","","ODO.01708-01","20210712","1","","","","","","0","0","1","0","0","0","1","0","0","0","0","0","0","0",0,0,0,"0",0,0,0,0,0,0,0,0,0,0,0,0,0,0,"0",0,0,0,0,0,0,0,0,2,0,0,0,0,0,0,0,"1",0,0,0,"0",0,0,0,0,"0",0,0,0,0,0,0,0,0,0,0,0,0,0,0,0,"0","0","1","0","0","0","0","0","1","0","0","0","0","0","0","0","0","0","0","1","0","0","0","0","1","1","0","0","1","1","0","0","0","0","0","0","0","0","0","0","0","0","0","0","0","0","0","0","0","0","0","1","0","0","0","1","0","0","0","0","0","0","0","0","0","0","0","0","0","0","0","0","0","0","0","0","0","0","0","0","0","0","0","0","0","0","0","0","0","0","0","0","1","202107","202204","2062"
"7904053","530010","72010010","23368035000183","3","1","00000000000000","","","","0180","","0","E","","","04","","01","36","04","","99","","","","","","","","EAS-00216-15","20210722","1","","","","","","0","0","1","0","0","0","1","0","0","0","0","0","0","0",0,0,0,"0",0,0,0,0,0,0,0,0,0,0,0,0,0,0,"0",0,0,0,3,0,0,0,0,0,0,0,0,0,0,0,0,"1",0,0,0,"0",0,0,0,0,"0",0,0,0,0,0,0,0,0,0,0,0,0,0,0,0,"0","0","1","0","0","0","0","0","0","0","0","0","0","0","0","0","0","0","0","1","0","0","0","0","1","0","0","0","1","1","0","0","0","0","0","0","0","0","0","0","0","0","0","0","0","0","0","0","0","0","0","1","0","0","0","1","0","0","0","0","0","0","0","0","0","0","0","0","0","0","0","0","0","0","0","0","0","0","0","0","0","0","0","0","0","0","0","0","0","0","0","0","1","202203","202204","2062"
"7905173","530010","70390095","19960136000171","3","1","00000000000000","","","","0010","","0","E","","","04","","01","22","03","","99","","","","","","","","","","","","","","","","0","0","1","0","0","0","1","0","0","0","0","0","0","0",0,0,0,"0",0,0,0,0,0,0,0,0,0,0,0,0,0,0,"0",0,2,0,0,0,0,0,0,0,0,0,0,0,0,0,0,"1",0,0,0,"0",0,0,0,0,"0",0,0,0,0,0,0,0,0,0,0,0,0,0,0,0,"0","0","1","0","0","0","0","0","0","0","0","0","0","0","0","0","0","0","0","1","0","0","0","0","1","1","0","0","1","1","0","0","0","0","0","0","0","0","0","0","0","0","0","0","0","0","0","0","0","0","0","1","0","0","0","0","0","0","0","0","0","0","0","0","0","0","0","0","0","0","0","0","0","0","0","0","0","0","0","0","0","0","0","0","0","0","0","0","0","0","0","0","1","202109","202204","2062"
"7905483","530010","70390145","22071457000120","3","1","00000000000000","","","","0015","","0","E","","","04","","03","36","03","","99","","","","","","","","RLE","20210529","1","","","","","","0","0","1","0","0","0","1","0","0","0","0","0","0","0",0,0,0,"0",0,0,0,0,0,0,0,0,0,0,0,0,0,0,"0",0,0,0,1,0,0,0,0,0,0,0,0,0,0,0,0,"1",0,0,0,"0",0,0,0,0,"0",0,0,0,0,0,0,0,0,0,0,0,0,0,0,0,"0","0","1","0","0","0","0","0","0","0","0","0","0","0","0","0","0","0","0","0","0","0","0","0","1","0","0","0","1","1","0","0","0","0","0","0","0","0","0","0","0","0","0","0","0","0","0","0","0","0","0","1","0","0","0","1","0","0","0","0","0","0","0","0","0","0","0","0","0","0","0","0","0","0","0","0","0","0","0","0","0","0","0","0","0","0","0","0","0","0","0","0","1","202203","202204","2305"
"7905610","530010","70100000","00000000000000","3","3","00394700000108","","10","","0015","","1","E","","","04","","01","82","06","","99","","","","","","","","","","","","","","","","1","0","0","0","0","0","1","0","0","0","0","0","0","0",0,0,0,"0",0,0,0,0,0,0,0,0,0,0,0,0,0,0,"0",0,0,0,0,0,0,0,0,0,0,1,0,0,0,0,0,"1",0,0,0,"0",0,0,0,0,"0",0,0,0,0,0,0,0,0,0,0,0,0,0,0,0,"0","0","0","0","0","0","0","0","0","0","0","0","0","0","0","0","0","0","0","0","1","0","0","0","1","1","0","0","0","1","0","0","0","0","0","0","0","0","0","0","0","0","0","0","0","0","0","0","0","0","1","0","0","0","0","0","0","0","0","0","0","0","0","0","0","0","0","0","0","0","0","0","0","0","0","0","0","0","0","0","0","0","0","0","0","0","0","0","0","0","0","0","1","202009","202204","1023"
"7907087","530010","70719030","22137719000101","3","1","00000000000000","","","","0005","","0","E","","","04","","03","22","04","","99","","","","","","","","Q4HERU","20201104","1","","","","","","0","0","1","0","0","0","1","0","0","0","0","0","0","0",0,0,0,"0",0,0,0,0,0,0,0,0,0,0,0,0,0,0,"0",0,1,0,0,0,0,0,0,0,0,0,0,0,0,0,0,"1",0,0,0,"0",0,0,0,0,"0",0,0,0,0,0,0,0,0,0,0,0,0,0,0,0,"0","0","1","0","0","0","0","0","0","0","0","0","0","0","0","0","0","0","0","0","0","0","0","0","1","0","0","0","1","1","0","0","0","0","0","0","0","0","0","0","0","0","0","0","0","0","0","0","0","0","0","1","0","0","1","1","0","0","0","0","0","0","0","0","0","0","0","0","0","0","0","0","0","0","0","0","0","0","0","0","0","0","0","0","0","0","0","0","0","0","0","0","1","202111","202204","2062"
"7907133","530010","70360530","22801589000160","3","1","00000000000000","","","","0015","","0","E","","","04","","03","36","04","","99","","","","","","","","CERTIF. DE LICENCIAMENTO","20210601","1","","","","","","0","0","1","0","0","0","1","0","0","0","0","0","0","0",0,0,0,"0",0,0,0,0,0,0,0,0,0,0,0,0,0,0,"0",0,0,0,1,0,0,0,0,0,0,0,0,0,0,0,0,"1",0,0,0,"0",0,0,0,0,"0",0,0,0,0,0,0,0,0,0,0,0,0,0,0,0,"0","0","1","0","0","0","0","0","0","0","0","0","0","0","0","0","0","0","0","0","0","0","0","0","1","0","0","0","1","1","0","0","0","0","0","0","0","0","0","0","0","0","0","0","0","0","0","0","0","0","0","1","0","0","0","1","0","0","0","0","0","0","0","0","0","0","0","0","0","0","0","0","0","0","0","0","0","0","0","0","0","0","0","0","0","0","0","0","0","0","0","0","1","202109","202204","2062"
"7907354","530010","70673613","23828755000184","3","1","00000000000000","","","","","","0","E","","","04","","01","22","03","","99","","","","","","","","ODO.00014-07","20181217","1","","","","","","0","0","1","0","0","0","1","0","0","0","0","0","0","0",0,0,0,"0",0,0,0,0,0,0,0,0,0,0,0,0,0,0,"0",0,0,0,0,0,0,0,0,1,0,0,0,0,0,0,0,"1",0,0,0,"0",0,0,0,0,"0",0,0,0,0,0,0,0,0,0,0,0,0,0,0,0,"0","0","0","0","0","0","0","0","0","0","0","0","0","0","0","0","0","0","0","0","0","0","0","0","0","1","0","0","1","1","0","0","0","0","0","0","0","0","0","0","0","0","0","0","0","0","0","0","0","0","0","1","0","0","0","0","0","0","0","0","0","0","0","0","0","0","0","0","0","0","0","0","0","0","0","0","0","0","0","0","0","0","0","0","0","0","0","0","0","0","0","0","1","202010","202204","2062"
"7907702","530010","72600500","02620318000109","3","1","00000000000000","","","","","","0","E","","","04","","03","42","04","","99","","","","","","","","LICENCA SANITARIA","20210315","1","","","","","","0","0","1","0","0","0","1","0","0","0","0","0","0","0",0,0,0,"0",0,0,0,0,0,0,0,0,0,0,0,0,0,0,"0",0,0,0,0,0,0,0,0,0,0,0,0,0,0,0,0,"0",0,0,0,"0",0,0,0,0,"0",0,0,0,0,0,0,0,0,0,0,0,0,0,0,0,"0","0","0","0","0","0","1","0","1","0","0","0","0","0","0","0","0","0","0","0","1","0","0","0","1","1","0","0","1","1","0","0","0","0","0","0","0","0","0","0","0","0","0","0","0","0","0","0","0","0","0","0","0","0","0","0","0","0","0","0","0","0","0","0","0","1","0","0","0","0","0","0","0","0","0","0","0","0","0","0","0","0","0","0","0","0","0","0","0","0","0","0","1","202105","202204","2062"
"7907834","530010","72025090","23596147000191","3","1","00000000000000","","","","0180","","0","E","","","04","","03","04","03","","99","","","","","","","","2654879315","20210101","1","","","","","","0","0","1","0","0","0","1","0","0","0","0","0","0","0",0,0,0,"0",0,0,0,0,0,0,0,0,0,0,0,0,0,0,"0",0,3,0,15,0,0,0,0,0,0,0,0,0,0,0,0,"1",0,0,0,"0",0,0,0,0,"0",0,0,0,0,0,0,0,0,0,0,0,0,0,0,0,"0","0","1","0","0","0","0","0","0","0","0","0","0","0","0","0","0","0","0","0","0","0","0","0","1","0","0","0","1","1","0","0","0","0","0","0","0","0","0","0","0","0","0","0","0","0","0","0","0","0","0","1","0","0","1","1","0","0","0","0","0","0","0","0","0","0","0","0","0","0","0","0","0","0","0","0","0","0","0","0","0","0","0","0","0","0","0","0","0","0","0","0","1","202104","202204","2062"
"7907958","530010","71503509","03408873000126","3","1","00000000000000","","","","0080","","0","E","","","04","","01","07","06","","99","001","12351","137006","","","","","EAS 13","20220111","1","","","","","","0","0","1","0","0","0","1","0","0","0","0","1","0","1",0,51,0,"1",0,0,0,0,0,0,0,0,0,0,0,0,0,0,"0",0,4,0,6,0,0,0,0,0,0,0,0,0,0,0,0,"1",0,0,0,"0",0,0,0,0,"0",0,0,0,0,0,0,0,0,0,0,0,0,0,0,0,"0","0","1","0","0","0","0","0","0","0","0","0","0","0","0","0","0","0","0","0","0","0","0","0","1","0","0","0","1","1","1","1","0","0","0","0","0","0","0","0","0","0","1","0","0","0","0","0","0","0","0","1","0","0","0","1","0","0","0","0","0","0","0","0","0","0","0","0","0","0","0","0","0","0","0","0","0","0","0","0","0","0","0","0","0","0","0","0","0","0","0","0","1","202203","202204","2062"
"7909004","530010","72025001","12088831000146","3","1","00000000000000","","","","0180","","0","E","","","04","","01","22","03","","99","","","","","","","","EAS.000213/2014 -","20220322","1","","","","","","0","0","1","0","0","0","1","0","0","0","0","0","0","0",0,0,0,"0",0,0,0,0,0,0,0,0,0,0,0,0,0,0,"0",3,0,0,0,0,0,0,0,0,0,0,0,0,0,0,0,"1",0,0,0,"0",0,0,0,0,"0",0,0,0,0,0,0,0,0,0,0,0,0,0,0,0,"0","0","1","0","0","0","0","0","0","0","0","0","0","0","0","0","0","0","0","0","0","0","0","0","1","1","0","0","1","1","0","0","0","0","0","0","0","0","0","0","0","0","0","0","0","0","0","0","0","0","0","1","0","0","0","1","0","0","0","0","0","0","0","0","0","0","0","0","0","0","0","0","0","0","0","0","0","0","0","0","0","0","0","0","0","0","0","0","0","0","0","0","1","202203","202204","2062"
"7909101","530010","72130550","21186037000126","3","1","00000000000000","","","","0180","","0","E","","","04","","03","36","04","","99","","","","","","","","LICENCIAMENTO RLE","20190110","2","","","","","","0","0","1","0","0","0","1","0","0","0","0","0","0","0",0,0,0,"0",0,0,0,0,0,0,0,0,0,0,0,0,0,0,"0",0,0,0,0,0,0,0,0,2,0,0,0,0,0,0,0,"1",0,0,0,"0",0,0,0,0,"0",0,0,0,0,0,0,0,0,0,0,0,0,0,0,0,"0","0","1","0","0","0","0","0","0","0","0","0","0","0","0","0","0","0","0","0","0","0","0","0","1","0","0","0","1","1","0","0","0","0","0","0","0","0","0","0","0","0","0","0","0","0","0","0","0","0","0","1","0","0","0","0","0","0","0","0","0","0","0","0","0","0","0","0","0","0","0","0","0","0","0","0","0","0","0","0","0","0","0","0","0","0","0","0","0","0","0","0","1","202008","202204","2062"
"7910460","530010","70712903","23869800000149","3","1","00000000000000","","","","0005","","0","E","","","04","","03","36","04","","99","","","","","","","","","","","","","","","","0","0","1","0","0","0","1","0","0","0","0","0","0","0",0,0,0,"0",0,0,0,0,0,0,0,0,0,0,0,0,0,0,"0",0,0,0,0,0,0,0,0,1,0,0,0,0,0,0,0,"1",0,0,0,"0",0,0,0,0,"0",0,0,0,0,0,0,0,0,0,0,0,0,0,0,0,"0","0","1","0","0","0","0","0","1","0","0","0","0","0","0","0","0","0","0","0","0","0","0","0","1","1","1","0","1","1","0","0","0","0","0","0","0","0","0","0","0","0","0","0","0","0","0","0","0","0","0","1","0","0","0","1","0","0","0","0","0","0","0","0","0","0","0","0","0","0","0","0","0","0","0","0","0","0","0","0","0","0","0","0","0","0","0","0","0","0","0","0","1","202002","202204","2305"
"7911386","530010","71900100","61486650077305","3","1","00000000000000","","","","","","0","E","","","04","","03","39","03","","99","","","","","","","","","","","","","","","","0","0","1","0","0","0","1","0","0","0","0","0","0","0",0,0,0,"0",0,0,0,0,0,0,0,0,0,0,0,0,0,0,"0",0,0,0,0,0,0,0,1,0,0,0,0,0,0,0,0,"1",0,0,0,"0",0,0,0,0,"0",0,0,0,0,0,0,0,0,1,0,0,0,0,0,0,"0","0","0","0","0","0","0","0","0","0","0","0","0","0","0","0","0","0","1","0","0","0","0","0","1","1","0","0","1","1","0","0","0","0","0","0","0","0","0","0","0","0","0","0","0","0","0","0","0","0","0","0","0","0","0","0","0","0","1","0","0","0","1","0","0","0","0","0","0","0","0","0","0","0","0","0","0","0","0","0","0","0","0","0","0","0","0","0","0","0","0","0","1","202010","202204","2046"
"7913273","530010","71953000","18712407000107","3","1","00000000000000","","","","","","0","E","","","04","","03","22","03","","99","","","","","","","","RLE","20200515","1","","","","","","0","0","1","0","0","0","1","0","0","0","0","0","0","0",0,0,0,"0",0,0,0,0,0,0,0,0,0,0,0,0,0,0,"0",1,0,0,1,0,0,0,0,0,0,0,0,0,0,0,0,"1",0,0,0,"0",0,0,0,0,"0",0,0,0,0,0,0,0,0,0,0,0,0,0,0,0,"0","0","0","0","0","0","0","0","0","0","0","0","0","0","0","0","0","0","0","0","0","0","0","0","0","0","0","0","1","1","0","0","0","0","0","0","0","0","0","0","0","0","0","0","0","0","0","0","0","0","0","1","0","0","0","0","0","0","0","0","0","0","0","0","0","0","0","0","0","0","0","0","0","0","0","0","0","0","0","0","0","0","0","0","0","0","0","0","0","0","0","0","1","202008","202204","2062"
"7913745","530010","70077900","22349015000100","3","1","00000000000000","","","","","","0","E","","","04","","03","36","03","","99","","","","","","","","ODO-000272-02","20180412","1","","","","","","0","0","1","0","0","0","1","0","0","0","0","0","0","0",0,0,0,"0",0,0,0,0,0,0,0,0,0,0,0,0,0,0,"0",0,0,0,0,0,0,0,0,3,0,0,0,0,0,0,0,"1",0,0,0,"0",0,0,0,0,"0",0,0,0,0,0,0,0,0,0,0,0,0,0,0,0,"0","0","1","0","0","0","0","0","1","0","0","0","0","0","0","0","0","0","0","0","0","0","0","0","1","1","1","0","1","1","0","0","0","0","0","0","0","0","0","0","0","0","0","0","0","0","0","0","0","0","0","1","0","0","1","1","0","0","0","0","0","0","0","0","0","0","0","0","0","0","0","0","0","0","0","0","0","0","0","0","0","0","0","0","0","0","0","0","0","0","0","0","1","202001","202204","2062"
"7913923","530010","70712000","23503688000128","3","1","00000000000000","","","","0005","","0","E","","","04","","03","36","03","","99","","","","","","","","VISA-DF","20190724","1","","","","","","0","0","1","0","0","0","1","0","0","0","0","0","0","0",0,0,0,"0",0,0,0,0,0,0,0,0,0,0,0,0,0,0,"0",0,2,0,0,0,0,0,0,0,0,0,0,0,0,0,0,"1",0,0,0,"0",0,0,0,0,"0",0,0,0,0,0,0,0,0,0,0,0,0,0,0,0,"0","0","0","0","0","0","0","0","0","0","0","0","0","0","0","0","0","0","0","0","0","0","0","0","0","0","0","0","1","1","0","0","0","0","0","0","0","0","0","0","0","0","0","0","0","0","0","0","0","0","0","1","0","0","0","0","0","0","0","0","0","0","0","0","0","0","0","0","0","0","0","0","0","0","0","0","0","0","0","0","0","0","0","0","0","0","0","0","0","0","0","0","1","201909","202204","2062"
"7914792","530010","70640543","21407772000112","3","1","00000000000000","","","","","","0","E","","","04","","03","77","03","","99","","","","","","","","EAS.00059-07","20201118","1","","","","","","0","0","1","0","0","0","1","0","0","0","0","0","0","0",0,0,0,"0",0,0,0,0,0,0,0,0,0,0,0,0,0,0,"0",0,0,0,0,0,0,0,0,0,0,0,0,0,0,0,0,"0",0,0,0,"0",0,0,0,0,"0",0,0,0,0,0,0,0,0,0,0,0,0,0,0,0,"0","0","1","0","0","0","0","1","0","0","0","0","0","0","0","0","0","0","0","1","0","1","0","0","1","1","0","0","1","1","0","0","0","0","0","0","0","0","0","0","0","0","0","0","0","0","0","0","0","0","0","1","0","0","0","1","0","0","0","0","0","0","0","0","0","0","0","0","0","0","0","0","0","0","0","0","0","0","0","0","0","0","0","0","0","0","0","0","0","0","0","0","1","202102","202204","2062"
"7915152","530010","70670431","20320936000107","3","1","00000000000000","","","","","","0","E","","","04","","01","22","03","","99","","","","","","","","EAS.00063-07","20200809","1","","","","","","0","0","1","0","0","0","1","0","0","0","0","0","0","0",0,0,0,"0",0,0,0,0,0,0,0,0,0,0,0,0,0,0,"0",0,0,0,1,0,0,0,0,0,0,0,0,0,0,0,0,"1",0,0,0,"0",0,0,0,0,"0",0,0,0,0,0,0,0,0,0,0,0,0,0,0,0,"0","0","1","0","0","0","0","0","0","0","0","0","0","0","0","0","0","0","0","1","0","0","0","0","1","0","0","0","1","1","0","0","0","0","0","0","0","0","0","0","0","0","0","0","0","0","0","0","0","0","0","1","0","0","0","0","0","0","0","0","0","0","0","0","0","0","0","0","0","0","0","0","0","0","0","0","0","0","0","0","0","0","0","0","0","0","0","0","0","0","0","0","1","202103","202204","2062"
"7915195","530010","70077900","02610664000106","3","1","00000000000000","","","","0005","","0","E","","","04","","03","22","03","","99","","","","","","","","","","","","","","","","0","0","1","0","0","0","1","0","0","0","0","0","0","0",0,0,0,"0",0,0,0,0,0,0,0,0,0,0,0,0,0,0,"0",0,0,0,0,0,0,0,0,1,0,0,0,0,0,0,0,"1",0,0,0,"0",0,0,0,0,"0",0,0,0,0,0,0,0,0,0,0,0,0,0,0,0,"0","0","1","0","0","0","0","0","1","0","0","0","0","0","0","0","0","0","0","0","0","0","0","0","1","1","0","0","1","1","0","0","0","0","0","0","0","0","0","0","0","0","0","0","0","0","0","0","0","0","0","1","0","0","0","0","0","0","0","0","0","0","0","0","0","0","0","0","0","0","0","0","0","0","0","0","0","0","0","0","0","0","0","0","0","0","0","0","0","0","0","0","1","202006","202204","2062"
"7916809","530010","72025110","05843380000140","3","1","00000000000000","","","","0180","","0","E","","","04","","03","36","03","","99","","","","","","","","LICENCA SANITARIA","20201202","1","","","","","","0","0","1","0","0","0","1","0","0","0","0","0","0","0",0,0,0,"0",0,0,0,0,0,0,0,0,0,0,0,0,0,0,"0",0,5,0,0,0,0,0,0,0,0,0,0,0,0,0,0,"1",0,0,0,"0",0,0,0,0,"0",0,0,0,0,0,0,0,0,0,0,0,0,0,0,0,"0","0","1","0","0","0","0","0","0","1","0","0","0","0","0","0","0","0","0","0","0","0","0","0","1","1","0","0","1","1","0","0","0","0","0","0","0","0","0","0","0","0","0","0","0","0","0","0","0","0","0","1","0","0","0","1","0","0","0","0","0","0","0","0","0","0","0","0","0","0","0","0","0","0","0","0","0","0","0","0","0","0","0","0","0","0","0","0","0","0","0","0","1","202108","202204","2062"
"7917074","530010","72110180","23007058000162","3","1","00000000000000","","","","","","0","E","","","04","","01","36","03","","99","","","","","","","","CERTIFICADO LICENCIAMENTO","20190220","1","","","","","","0","0","1","0","0","0","1","0","0","0","0","0","0","0",0,0,0,"0",0,0,0,0,0,0,0,0,0,0,0,0,0,0,"0",0,14,0,0,0,0,0,0,0,0,0,0,0,0,0,0,"1",0,0,0,"0",0,0,0,0,"0",0,0,0,0,0,0,0,0,0,0,0,0,0,0,0,"0","0","1","0","0","0","0","0","0","0","0","0","0","0","0","0","0","0","0","0","0","0","0","0","1","0","0","0","1","1","0","0","0","0","0","0","0","0","0","0","0","0","0","0","0","0","0","0","0","0","0","1","0","0","0","0","0","0","0","0","0","0","0","0","0","0","0","0","0","0","0","0","0","0","0","0","0","0","0","0","0","0","0","0","0","0","0","0","0","0","0","0","1","201903","202204","2062"
"7918577","530010","70710146","22940695000124","3","1","00000000000000","","","","","","0","E","","","04","","03","04","03","","99","","","","","","","","LICENCA SANITARIA","20210126","1","","","","","","0","0","1","0","0","0","1","0","0","0","0","0","0","0",0,0,0,"0",0,0,0,0,0,0,0,0,0,0,0,0,0,0,"0",0,4,0,0,0,0,0,0,0,0,0,0,0,0,1,1,"1",0,0,0,"0",0,0,0,0,"0",0,0,0,0,0,0,0,0,0,0,0,0,0,0,0,"0","0","1","0","0","0","0","0","1","0","0","0","0","0","0","0","0","0","0","0","0","0","0","0","1","0","0","0","1","1","0","0","0","0","0","0","0","0","0","0","0","0","0","0","0","0","0","0","0","0","0","1","0","0","1","1","0","0","0","0","0","0","0","0","0","0","0","0","0","0","0","0","0","0","0","0","0","0","0","0","0","0","0","0","0","0","0","0","0","0","0","0","1","202108","202204","2062"
"7921926","530010","70390095","23972080000142","3","1","00000000000000","","","","0010","","0","E","","","04","","03","22","03","","99","","","","","","","","EAS.20315-01","20190626","1","","","","","","0","0","1","0","0","0","1","0","0","0","0","0","0","0",0,0,0,"0",0,0,0,0,0,0,0,0,0,0,0,0,0,0,"0",1,0,0,0,0,0,0,0,0,0,0,0,0,0,0,0,"1",0,0,0,"0",0,0,0,0,"0",0,0,0,0,0,0,0,0,0,0,0,0,0,0,0,"0","0","1","0","0","0","0","0","0","0","0","0","0","0","0","0","0","0","0","0","0","0","0","0","1","0","0","0","1","1","0","0","0","0","0","0","0","0","0","0","0","0","0","0","0","0","0","0","0","0","0","1","0","0","0","1","0","0","0","0","0","0","0","0","0","0","0","0","0","0","0","0","0","0","0","0","0","0","0","0","0","0","0","0","0","0","0","0","0","0","0","0","1","202003","202204","2305"
"7923775","530010","70390906","00520237000608","3","1","00000000000000","","","","0010","","0","E","","","04","","01","36","03","","99","","","","","","","","AES.30035-01","20211105","1","","","","","","0","0","1","0","1","0","1","0","0","0","0","0","0","0",0,0,0,"0",0,0,0,0,0,0,0,0,0,0,0,0,0,0,"0",0,4,0,2,0,0,0,0,0,0,0,0,0,0,0,0,"1",0,0,0,"0",0,0,0,0,"0",0,0,0,0,0,0,0,0,0,0,0,0,0,0,0,"0","0","1","0","0","0","1","0","0","1","0","0","0","0","0","0","0","1","0","1","0","1","0","0","1","0","1","0","1","1","0","0","0","0","0","0","0","0","0","0","0","0","0","0","0","0","0","0","0","0","0","1","0","0","1","1","0","0","0","0","0","0","0","0","0","0","0","0","0","0","0","0","0","0","0","0","0","0","0","0","0","0","0","0","0","0","0","0","0","0","0","0","1","202202","202204","2062"
"7924976","530010","70670431","03903771000187","3","1","00000000000000","","","","","","0","E","","","04","","03","04","03","","99","","","","","","","","EAS 00078-07","20210708","1","","","","","","0","0","1","0","0","0","1","0","0","0","0","0","0","0",0,0,0,"0",0,0,0,0,0,0,0,0,0,0,0,0,0,0,"0",0,12,0,0,0,0,0,0,0,0,0,0,0,0,0,0,"1",0,0,0,"0",0,0,0,0,"0",0,0,0,0,0,0,0,0,0,0,0,0,0,0,0,"0","0","1","0","0","0","0","0","0","0","0","0","0","0","0","0","0","0","0","0","0","0","0","0","1","1","0","0","1","1","0","0","0","0","0","0","0","0","0","0","0","0","0","0","0","0","0","0","0","0","0","1","0","0","0","1","0","0","0","0","0","0","0","0","0","0","0","0","0","0","0","0","0","0","0","0","0","0","0","0","0","0","0","0","0","0","0","0","0","0","0","0","1","202203","202204","2062"
"7928092","530010","70770909","06154104000994","3","1","00000000000000","","","","0010","","0","E","","","04","","01","04","03","","99","001","43133","144584","","","","","EAS 00531-02","20210817","1","","","","","","0","0","1","0","1","0","1","0","0","0","0","0","0","0",0,0,0,"0",0,0,0,0,0,0,0,0,0,0,0,0,0,0,"0",1,4,0,4,0,0,0,0,0,0,1,0,0,0,0,0,"1",0,0,0,"0",0,0,0,0,"0",0,0,0,0,0,0,0,0,0,0,0,0,0,0,0,"0","0","1","0","0","0","0","0","1","0","0","0","0","0","0","0","0","0","1","0","0","0","0","0","1","1","0","0","1","1","0","0","0","0","0","0","0","0","0","0","0","0","0","0","0","0","0","0","0","0","0","1","0","0","0","1","0","0","0","0","0","0","0","0","0","0","0","0","0","0","0","0","0","0","0","0","0","0","0","0","0","0","0","0","0","0","0","0","0","0","0","0","1","202204","202204","2062"
"7928262","530010","73036010","06154104000803","3","1","00000000000000","","","","0170","","0","E","","","04","","01","04","03","","99","","","","","","","","EAS 00084-09","20220317","1","","","","","","0","0","1","0","0","0","1","0","0","0","0","0","0","0",0,0,0,"0",0,0,0,0,0,0,0,0,0,0,0,0,0,0,"0",0,5,0,0,0,0,0,0,0,0,0,0,0,0,0,0,"1",0,0,0,"0",0,0,0,0,"0",0,0,0,0,0,0,0,0,0,0,0,0,0,0,0,"0","0","1","0","0","0","0","0","0","0","0","0","0","0","0","0","0","0","1","1","0","0","0","0","1","1","0","0","1","1","0","0","0","0","0","0","0","0","0","0","0","0","0","0","0","0","0","0","0","0","0","1","0","0","0","1","0","0","0","0","0","0","0","0","0","0","0","0","0","0","0","0","0","0","0","0","0","0","0","0","0","0","0","0","0","0","0","0","0","0","0","0","1","202204","202204","2062"
"7929129","530010","71615090","00847863000107","3","1","00000000000000","","","","0090","","1","E","","","04","","03","36","03","","99","001","45942","2001667","","","","","EAS.00110-03","20210405","1","","","","","","0","0","1","0","0","0","1","0","0","0","0","0","0","0",0,0,0,"0",0,0,0,0,0,0,0,0,0,0,0,0,0,0,"0",0,5,0,0,0,0,0,3,0,0,0,0,0,0,0,2,"1",0,0,0,"0",0,0,0,0,"0",0,0,0,0,0,0,0,0,0,0,0,0,0,0,0,"0","0","1","0","0","0","0","0","1","0","0","0","0","0","0","0","0","0","0","0","0","0","0","0","1","1","0","0","1","1","0","0","0","0","0","0","0","0","0","0","0","0","0","0","0","0","0","0","0","0","1","1","0","0","0","1","0","0","0","0","0","0","0","0","0","0","0","0","0","0","0","0","0","0","0","0","0","0","0","0","0","0","0","0","0","0","0","0","0","0","0","0","1","202203","202204","2062"
"7929404","530010","70390108","22513542000109","3","1","00000000000000","","","","","","0","E","","","04","","03","36","03","","99","","","","","","","","EAS 20211-01","20210204","1","","","","","","0","0","1","0","0","0","1","0","0","0","0","0","0","0",0,0,0,"0",0,0,0,0,0,0,0,0,0,0,0,0,0,0,"0",7,5,0,0,0,0,0,0,0,0,0,0,0,0,0,0,"1",0,0,0,"0",0,0,0,0,"0",0,0,0,0,0,0,0,0,0,0,0,0,0,0,0,"0","0","1","0","0","0","0","0","0","0","0","0","0","0","0","0","0","0","0","0","0","0","0","0","1","0","0","0","1","1","0","0","0","0","0","0","0","0","0","0","0","0","0","0","0","0","0","0","0","0","0","1","0","0","0","1","0","0","0","0","0","0","0","0","0","0","0","0","0","0","0","0","0","0","0","0","0","0","0","0","0","0","0","0","0","0","0","0","0","0","0","0","1","202102","202204","2062"
"7929560","530010","70390108","11197391000100","3","1","00000000000000","","","","","","0","E","","","04","","03","36","03","","99","","","","","","","","EAS 20195-01","20220204","1","","","","","","0","0","1","0","0","0","1","0","0","0","0","0","0","0",0,0,0,"0",0,0,0,0,0,0,0,0,0,0,0,0,0,0,"0",0,3,0,0,0,0,0,0,0,0,0,0,0,0,0,0,"1",0,0,0,"0",0,0,0,0,"0",0,0,0,0,0,0,0,0,0,0,0,0,0,0,0,"0","0","1","0","0","0","0","0","0","0","0","0","0","0","0","0","0","0","0","0","0","0","0","0","1","0","0","0","1","1","0","0","0","0","0","0","0","0","0","0","0","0","0","0","0","0","0","0","0","0","0","1","0","0","0","1","0","0","0","0","0","0","0","0","0","0","0","0","0","0","0","0","0","0","0","0","0","0","0","0","0","0","0","0","0","0","0","0","0","0","0","0","1","202204","202204","2062"
"7930011","530010","73310310","22985429000118","3","1","00000000000000","","","","0120","","0","E","","","04","","03","36","03","","99","","","","","","","","EAS1805","20200609","1","","","","","","0","0","1","0","0","0","1","0","0","0","0","0","0","0",0,0,0,"0",0,0,0,0,0,0,0,0,0,0,0,0,0,0,"0",0,6,0,0,0,0,0,0,0,0,0,0,0,0,0,0,"1",0,0,0,"0",0,0,0,0,"0",0,0,0,0,0,0,0,0,0,0,0,0,0,0,0,"0","0","1","0","0","0","0","0","0","0","0","0","0","0","0","0","0","0","0","0","0","0","0","0","1","0","0","0","1","1","0","0","0","0","0","0","0","0","0","0","0","0","0","0","0","0","0","0","0","0","0","1","0","0","0","1","0","0","0","0","0","0","0","0","0","0","0","0","0","0","0","0","0","0","0","0","0","0","0","0","0","0","0","0","0","0","0","0","0","0","0","0","1","202011","202204","2062"
"7932669","530010","71931540","23176830000170","3","1","00000000000000","","","","","","0","E","","","04","","02","36","04","","99","","","","","","","","","","","","","","","","0","0","1","0","0","0","1","0","0","0","0","0","0","0",0,0,0,"0",0,0,0,0,0,0,0,0,0,0,0,0,0,0,"0",0,0,0,0,0,0,0,0,2,0,0,0,0,0,0,0,"1",0,0,0,"0",0,0,0,0,"0",0,0,0,0,0,0,0,0,0,0,0,0,0,0,0,"0","0","1","0","0","0","0","0","0","1","0","0","0","0","0","0","0","0","0","0","0","0","0","0","1","1","1","0","1","1","0","0","0","0","0","0","0","0","0","0","0","0","0","0","0","0","0","0","0","0","0","1","0","0","1","1","0","0","0","0","0","0","0","0","0","0","0","0","0","0","0","0","0","0","0","0","0","0","0","0","0","0","0","0","0","0","0","0","0","0","0","0","1","202002","202204","2062"
"7933649","530010","72125130","18004833000196","3","1","00000000000000","","","","0180","61","0","E","","","04","","03","04","04","","99","","","","","","","","EAS 00221-15/2021","20210602","1","","","","","","0","0","1","0","0","0","1","0","0","0","0","0","0","0",0,0,0,"0",0,0,0,0,0,0,0,0,0,0,0,0,0,0,"0",0,2,0,0,0,0,0,0,0,0,0,0,0,0,0,0,"1",0,0,0,"0",0,0,0,0,"0",0,0,0,0,0,0,0,0,0,0,0,0,0,0,0,"0","0","0","0","0","0","0","0","0","1","0","0","0","0","0","0","0","0","0","1","0","0","0","0","1","0","1","0","1","1","0","0","0","0","0","0","0","0","0","0","0","0","0","0","0","0","0","0","0","0","0","1","0","0","0","1","0","0","0","0","0","0","0","0","0","0","0","0","0","0","0","0","0","0","0","0","0","0","0","0","0","0","0","0","0","0","0","0","0","0","0","0","1","202111","202204","2062"
"7935242","530010","71200037","10541877000143","3","1","00000000000000","","","","0010","","0","E","","","04","","03","77","06","","99","","","","","","","","EAS00047-10","20190903","1","","","","","","1","0","1","0","1","0","1","0","0","0","0","0","0","0",0,0,0,"0",0,0,0,0,0,0,0,0,0,0,0,0,0,0,"0",0,1,0,0,0,0,0,0,0,0,0,0,0,0,0,0,"1",0,0,0,"0",0,0,0,0,"0",0,0,0,0,0,0,0,0,0,0,0,0,0,0,0,"0","0","0","0","0","0","0","0","0","0","0","0","0","0","0","0","0","0","0","0","0","0","0","0","0","0","0","0","1","1","0","0","0","0","0","0","0","0","0","0","0","0","0","0","0","0","0","0","0","0","0","1","0","0","1","1","0","0","0","0","0","0","0","0","0","0","0","0","0","0","0","0","0","0","0","0","0","0","0","0","0","0","0","0","0","0","0","0","0","0","0","0","1","201911","202204","2062"
"7935927","530010","70632100","37142932000189","3","1","00000000000000","","","","","","0","E","","","04","","03","42","06","","99","","","","","","","","00532-02","20200102","2","","","","","","0","0","1","0","0","0","1","0","0","0","0","0","0","0",0,0,0,"0",0,0,0,0,0,0,0,0,0,0,0,0,0,0,"0",0,0,0,0,0,0,0,0,0,0,0,0,0,0,0,0,"0",0,0,0,"0",0,0,0,0,"0",0,0,0,0,0,0,0,0,0,0,0,0,0,0,0,"0","0","0","0","0","0","0","0","0","0","0","0","0","0","0","0","0","0","0","0","1","0","0","0","1","1","0","0","0","1","0","0","0","0","0","0","0","0","0","0","0","0","0","0","0","0","0","0","0","0","0","1","0","0","0","0","0","0","0","0","0","0","0","0","0","0","0","0","0","0","0","0","0","0","0","0","0","0","0","0","0","0","0","0","0","0","0","0","0","0","0","0","1","202104","202204","2062"
"7936079","530010","70719903","20324849000128","3","1","00000000000000","","","","","","0","E","","","04","","03","22","03","","99","","","","","","","","EAS.00845-02","20210914","1","","","","","","0","0","1","0","0","0","1","0","0","0","0","0","0","0",0,0,0,"0",0,0,0,0,0,0,0,0,0,0,0,0,0,0,"0",0,0,0,1,0,0,0,0,0,0,0,0,0,0,0,0,"1",0,0,0,"0",0,0,0,0,"0",0,0,0,0,0,0,0,0,0,0,0,0,0,0,0,"0","0","1","0","0","0","0","0","0","0","0","0","0","0","0","0","0","0","0","0","0","0","0","0","1","0","0","0","1","1","0","0","0","0","0","0","0","0","0","0","0","0","0","0","0","0","0","0","0","0","0","1","0","0","0","0","0","0","0","0","0","0","0","0","0","0","0","0","0","0","0","0","0","0","0","0","0","0","0","0","0","0","0","0","0","0","0","0","0","0","0","0","1","202110","202204","2062"
"7936389","530010","70390700","22687360000146","3","1","00000000000000","","","","","","0","E","","","04","","03","36","03","","99","","","","","","","","EAS 20604-01","20210219","1","","","","","","0","0","1","0","0","0","1","0","0","0","0","0","0","0",0,0,0,"0",0,0,0,0,0,0,0,0,0,0,0,0,0,0,"0",0,2,0,0,0,0,0,0,0,0,0,0,0,0,0,0,"1",0,0,0,"0",0,0,0,0,"0",0,0,0,0,0,0,0,0,0,0,0,0,0,0,0,"0","0","1","0","0","0","0","0","0","0","0","0","0","0","0","0","0","0","0","0","0","0","0","0","1","1","0","0","1","1","0","0","0","0","0","0","0","0","0","0","0","0","0","0","0","0","0","0","0","0","0","1","0","0","0","1","0","0","0","0","0","0","0","0","0","0","0","0","0","0","0","0","0","0","0","0","0","0","0","0","0","0","0","0","0","0","0","0","0","0","0","0","1","202103","202204","2062"
"7936532","530010","72220023","18458958000196","3","1","00000000000000","","","","","","0","E","","","04","","01","22","03","","99","","","","","","","","","20190605","1","","","","","","1","0","0","0","0","0","1","0","0","0","0","0","0","0",0,0,0,"0",0,0,0,0,0,0,0,0,0,0,0,0,0,0,"0",1,0,0,0,0,0,0,0,0,0,0,0,0,0,0,0,"1",0,0,0,"0",0,0,0,0,"0",0,0,0,0,0,0,0,0,0,0,0,0,0,0,0,"0","0","0","0","0","0","0","0","0","0","0","0","0","0","0","0","0","0","0","0","0","0","0","0","0","0","0","0","0","0","0","0","0","0","0","0","0","0","0","0","0","0","0","0","0","0","0","0","0","0","0","1","0","0","0","0","0","0","0","0","0","0","0","0","0","0","0","0","0","0","0","0","0","0","0","0","0","0","0","0","0","0","0","0","0","0","0","0","0","0","0","0","1","201910","202204","2135"
"7941005","530010","70770561","00718528008851","3","1","00000000000000","","","","0010","","0","E","","","04","","03","04","03","","99","","","","","","","","LAB 0039-02","20211206","1","","","","","","0","0","1","0","0","0","1","0","0","0","0","0","0","0",0,0,0,"0",0,0,0,0,0,0,0,0,0,0,0,0,0,0,"0",1,4,0,1,0,0,0,0,0,0,0,0,0,0,0,0,"1",0,0,0,"0",0,0,0,0,"0",0,0,0,0,0,0,0,0,0,0,0,0,0,0,0,"0","0","1","1","0","0","0","0","0","0","0","0","0","0","0","0","0","0","0","0","0","0","0","0","1","1","0","0","1","1","0","0","0","0","0","0","0","0","0","0","0","0","0","0","0","0","0","0","0","0","0","0","0","0","0","0","0","0","1","0","0","1","1","0","0","0","0","0","0","0","0","0","0","0","0","0","0","0","0","0","0","0","0","0","0","0","0","0","0","0","0","0","1","202112","202204","2054"
"7942257","530010","70670208","08519966000141","3","1","00000000000000","","","","","","0","E","","","04","","01","36","03","","99","","","","","","","","EAS.00091-07","20210603","1","","","","","","0","0","1","0","0","0","1","0","0","0","0","0","0","0",0,0,0,"0",0,0,0,0,0,0,0,0,0,0,0,0,0,0,"0",3,2,0,0,0,0,0,0,0,0,0,0,0,0,0,0,"1",0,0,0,"0",0,0,0,0,"0",0,0,0,0,0,0,0,0,0,0,0,0,0,0,0,"0","0","1","0","0","0","0","0","1","0","0","0","0","0","0","0","0","0","0","1","0","0","0","0","1","1","0","0","1","1","0","0","0","0","0","0","0","0","0","0","0","0","0","0","0","0","0","0","0","0","0","1","0","0","0","1","0","0","0","0","0","0","0","0","0","0","0","0","0","0","0","0","0","0","0","0","0","0","0","0","0","0","0","0","0","0","0","0","0","0","0","0","1","202203","202204","2062"
"7942524","530010","71200033","00000000000000","3","3","00394700000108","","","","0010","","1","E","","","04","","03","42","06","","99","","","","","","","","","","","","","","","","0","0","1","0","0","0","1","0","0","0","0","0","0","0",0,0,0,"0",0,0,0,0,0,0,0,0,0,0,0,0,0,0,"0",0,0,0,0,0,0,0,0,0,0,0,0,0,0,0,0,"0",0,0,0,"0",0,0,0,0,"0",0,0,0,0,0,0,0,0,0,0,0,0,0,0,0,"0","0","0","0","0","0","0","0","0","0","0","0","0","0","0","0","0","0","0","0","0","0","0","0","0","1","0","0","1","1","0","0","0","0","0","0","0","0","0","0","0","0","0","0","0","0","0","0","0","0","0","0","0","0","0","0","0","0","0","0","0","0","0","0","1","0","0","0","0","0","0","0","0","0","0","0","0","0","0","0","0","0","0","0","0","1","0","0","0","0","0","0","1","202204","202204","1023"
"7943555","530010","70390700","02776389000197","3","1","00000000000000","","","","0010","","0","E","","","04","","03","22","03","","99","","","","","","","","ODO.01577-01","20210825","1","","","","","","0","0","1","0","0","0","1","0","0","0","0","0","0","0",0,0,0,"0",0,0,0,0,0,0,0,0,0,0,0,0,0,0,"0",0,0,0,0,0,0,0,0,1,0,0,0,0,0,0,0,"1",0,0,0,"0",0,0,0,0,"0",0,0,0,0,0,0,0,0,0,0,0,0,0,0,0,"0","0","1","0","0","0","0","0","1","0","0","0","0","0","0","0","0","0","0","0","0","0","0","0","1","1","0","0","1","1","0","0","0","0","0","0","0","0","0","0","0","0","0","0","0","0","0","0","0","0","0","1","0","0","0","0","0","0","0","0","0","0","0","0","0","0","0","0","0","0","0","0","0","0","0","0","0","0","0","0","0","0","0","0","0","0","0","0","0","0","0","0","1","202108","202204","2062"
"7945892","530010","70710100","17877149000237","3","1","00000000000000","","","","","","0","E","","","04","","03","36","03","","99","","","","","","","","EAS Nº 00350-1","20200815","1","","","","","","0","0","1","0","0","0","1","0","0","0","0","0","0","0",0,0,0,"0",0,0,0,0,0,0,0,0,0,0,0,0,0,0,"0",0,0,0,2,0,0,0,0,3,0,0,0,0,0,0,0,"1",0,0,0,"0",0,0,0,0,"0",0,0,0,0,0,0,0,0,0,0,0,0,0,0,0,"0","0","1","0","0","0","0","0","0","0","0","0","0","0","0","0","0","0","0","0","0","0","0","0","1","1","0","0","1","1","0","0","0","0","0","0","0","0","0","0","0","0","0","0","0","0","0","0","0","0","0","1","0","0","1","1","0","0","0","0","0","0","0","0","0","0","0","0","0","0","0","0","0","0","0","0","0","0","0","0","0","0","0","0","0","0","0","0","0","0","0","0","1","202107","202204","2062"
"7947100","530010","70770560","19406860000158","3","1","00000000000000","","","","0010","","0","E","","","04","","02","36","03","","99","","","","","","","","EAS 00904-02","20200127","1","","","","","","0","0","1","0","0","0","1","0","0","0","0","0","0","0",0,0,0,"0",0,0,0,0,0,0,0,0,0,0,0,0,0,0,"0",0,1,0,0,0,0,0,0,0,0,0,0,0,0,0,0,"1",0,0,0,"0",0,0,0,0,"0",0,0,0,0,0,0,0,0,0,0,0,0,0,0,0,"0","0","1","0","0","0","0","0","1","0","0","0","0","0","0","0","0","0","0","0","0","0","0","0","1","1","0","0","1","1","0","0","0","0","0","0","0","0","0","0","0","0","0","0","0","0","0","0","0","0","0","1","0","0","0","1","0","0","0","0","0","0","0","0","0","0","0","0","0","0","0","0","0","0","0","0","0","0","0","0","0","0","0","0","0","0","0","0","0","0","0","0","1","202005","202204","2062"
"7948824","530010","70684831","00000000000000","3","3","00394700000108","","8","","0010","","1","E","","","04","","02","36","03","","99","","","","","","","","","","1","","","","","","0","0","1","0","0","0","1","0","0","0","0","0","0","0",0,0,0,"0",0,0,0,0,0,0,0,0,0,0,0,0,0,0,"0",0,1,5,0,0,0,0,0,0,0,0,0,0,0,0,0,"1",0,0,0,"0",0,0,0,0,"0",0,0,0,0,0,0,0,0,0,0,0,0,0,0,0,"0","0","0","0","0","0","0","0","0","0","0","0","0","0","0","0","0","0","0","0","0","0","0","0","0","1","0","0","1","1","0","0","0","0","0","0","0","0","0","0","0","0","0","0","0","0","0","0","0","0","1","0","0","0","0","0","0","0","0","0","0","0","0","0","0","0","0","0","0","0","0","0","0","0","0","0","0","0","0","0","0","0","0","0","0","0","0","0","0","0","0","0","1","201906","202204","1023"
"7950187","530010","70200700","10605827000182","3","1","00000000000000","","","","","","0","E","","","04","","03","36","03","","99","","","","","","","","RLE","20200414","1","","","","","","0","0","1","0","0","0","1","0","0","0","0","0","0","0",0,0,0,"0",0,0,0,0,0,0,0,0,0,0,0,0,0,0,"0",0,1,0,0,0,0,0,0,0,0,0,0,0,0,0,0,"1",0,0,0,"0",0,0,0,0,"0",0,0,0,0,0,0,0,0,0,0,0,0,0,0,0,"0","0","1","1","0","0","0","0","0","0","0","0","0","0","0","0","0","0","0","0","0","0","0","0","1","1","0","0","1","1","0","0","0","0","0","0","0","0","0","0","0","0","0","0","0","0","0","0","0","0","0","1","0","0","1","1","0","0","0","0","0","0","0","0","0","0","0","0","0","0","0","0","0","0","0","0","0","0","0","0","0","0","0","0","0","0","0","0","0","0","0","0","1","202101","202204","2062"
"7951698","530010","70200700","22044228000116","3","1","00000000000000","","","","0015","","0","E","","","04","","03","22","03","","99","","","","","","","","LICENCIAMENTO","20210118","1","","","","","","0","0","1","0","0","0","1","0","0","0","0","0","0","0",0,0,0,"0",0,0,0,0,0,0,0,0,0,0,0,0,0,0,"0",1,0,0,0,0,0,0,0,0,0,0,0,0,0,0,0,"1",0,0,0,"0",0,0,0,0,"0",0,0,0,0,0,0,0,0,0,0,0,0,0,0,0,"0","0","1","0","0","0","0","0","0","0","0","0","0","0","0","0","0","0","0","0","0","0","0","0","1","0","0","0","1","1","0","0","0","0","0","0","0","0","0","0","0","0","0","0","0","0","0","0","0","0","0","1","0","0","0","0","0","0","0","0","0","0","0","0","0","0","0","0","0","0","0","0","0","0","0","0","0","0","0","0","0","0","0","0","0","0","0","0","0","0","0","0","1","202105","202204","2313"
"7954085","530010","70715900","24942732001050","3","1","00000000000000","","","","0010","","0","E","","","04","","03","39","03","","99","","","","","","","","0547601","20190401","1","","","","","","0","0","1","0","0","0","1","0","0","0","0","0","0","0",0,0,0,"0",0,0,0,0,0,0,0,0,0,0,0,0,0,0,"0",0,0,0,1,0,0,0,0,0,0,0,0,0,0,0,0,"1",0,0,0,"0",0,0,0,0,"0",0,0,0,0,0,0,0,0,0,0,0,0,0,0,0,"0","0","0","0","0","0","0","0","0","0","0","0","0","0","0","0","0","0","0","0","0","1","0","0","1","0","0","1","1","1","0","0","0","0","0","0","0","0","0","0","0","0","0","0","0","0","0","0","0","0","0","0","0","0","0","0","0","0","0","0","0","0","1","0","0","0","0","0","0","0","0","0","0","0","0","0","0","0","0","0","0","0","0","0","0","0","0","0","0","0","0","0","1","201909","202204","2062"
"7955898","530010","72110390","15323828000239","3","1","00000000000000","","","","0180","","0","E","","","04","","03","62","04","","99","","","","","","","","53900336505","20180913","1","","","","","","0","0","1","0","0","0","1","0","0","0","0","1","0","1",0,0,0,"0",0,0,0,0,0,0,0,0,0,0,0,0,0,0,"0",0,5,0,6,0,0,0,0,0,0,0,0,0,0,0,0,"1",0,0,0,"0",0,0,0,0,"0",0,0,0,0,0,0,0,0,0,0,0,0,0,0,0,"0","0","1","0","0","0","0","0","0","0","0","0","0","0","0","0","0","0","0","0","0","0","0","0","1","0","0","0","1","1","0","0","0","0","0","0","0","0","0","0","0","0","0","0","0","0","0","0","0","0","0","1","0","0","0","0","0","0","0","0","0","0","0","0","0","0","0","0","0","0","0","0","0","0","0","0","0","0","0","0","0","0","0","0","0","0","0","0","0","0","0","0","1","202107","202204","2062"
"7957645","530010","72020120","00000000000000","3","3","00394700000108","","","","0180","","1","E","","","04","","03","50","03","","99","","","","","","","","","","","","","","","","0","0","0","0","0","0","0","0","0","0","0","0","0","0",0,0,0,"0",0,0,0,0,0,0,0,0,0,0,0,0,0,0,"0",0,0,0,0,0,0,0,0,0,0,0,0,0,0,0,0,"0",0,0,0,"0",0,0,0,0,"0",0,0,0,0,0,0,0,0,0,0,0,0,0,0,0,"0","0","0","0","0","0","0","0","0","0","0","0","0","0","0","0","0","0","0","0","0","0","0","0","0","1","1","0","1","1","0","0","0","0","0","0","0","0","0","0","0","0","0","0","0","0","0","0","0","0","0","0","0","0","0","0","0","0","0","0","0","0","0","0","0","0","0","0","0","0","0","0","0","0","0","0","0","0","1","0","0","0","0","0","0","0","0","0","0","0","0","0","1","202011","202204","1023"
"7957815","530010","72115700","06292778000106","3","1","00000000000000","","","","0180","","1","E","","","04","","03","36","04","","99","001","3476","1116460","","","","","RAD.0000415","20220304","1","","","","","","0","0","1","0","0","0","1","0","0","0","0","0","0","0",0,0,0,"0",0,0,0,0,0,0,0,0,0,0,0,0,0,0,"0",0,3,0,0,0,0,0,0,0,0,0,0,0,0,0,0,"1",0,0,0,"0",0,0,0,0,"0",0,0,0,0,0,0,0,0,0,0,0,0,0,0,0,"0","0","1","0","0","0","0","0","0","0","0","0","0","0","0","0","0","0","0","0","0","0","0","0","1","1","1","1","1","1","0","0","0","0","0","0","0","0","0","0","0","0","0","0","0","0","0","0","0","0","1","0","0","0","1","1","0","0","0","0","0","1","0","0","0","0","0","0","0","0","0","0","0","0","0","0","0","0","0","0","0","0","0","0","0","0","0","0","0","0","0","0","1","202203","202204","2062"
"7960468","530010","71065310","23318187000171","3","1","00000000000000","","","","0070","","0","E","","","04","","01","22","04","","99","","","","","","","","CNAE 8650-0/02","20181211","1","","","","","","0","0","1","0","0","0","1","0","0","0","0","0","0","0",0,0,0,"0",0,0,0,0,0,0,0,0,0,0,0,0,0,0,"0",0,0,0,1,0,0,0,0,0,0,0,0,0,0,0,0,"1",0,0,0,"0",0,0,0,0,"0",0,0,0,0,0,0,0,0,0,0,0,0,0,0,0,"0","0","1","0","0","0","0","0","0","0","0","0","0","0","0","0","0","0","0","0","0","0","0","0","1","0","0","0","1","1","0","0","0","0","0","0","0","0","0","0","0","0","0","0","0","0","0","0","0","0","0","0","0","0","0","1","0","0","0","0","0","0","0","0","0","0","0","0","0","0","0","0","0","0","0","0","0","0","0","0","0","0","0","0","0","0","0","0","0","0","0","0","1","202106","202204","2305"
"7961235","530010","70200730","02422892000144","3","1","00000000000000","","","","0015","","0","E","","","04","","03","36","03","","99","","","","","","","","ODO 01791-01","20220130","1","","","","","","0","0","1","0","0","0","1","0","0","0","0","0","0","0",0,0,0,"0",0,0,0,0,0,0,0,0,0,0,0,0,0,0,"0",0,0,0,0,0,0,0,0,2,0,0,0,0,0,0,0,"1",0,0,0,"0",0,0,0,0,"0",0,0,0,0,0,0,0,0,0,0,0,0,0,0,0,"0","0","1","0","0","0","0","0","1","0","0","0","0","0","0","0","0","0","0","0","0","0","0","0","1","1","0","0","1","1","0","0","0","0","0","0","0","0","0","0","0","0","0","0","0","0","0","0","0","0","0","1","0","0","1","1","0","0","0","0","0","0","0","0","0","0","0","0","0","0","0","0","0","0","0","0","0","0","0","0","0","0","0","0","0","0","0","0","0","0","0","0","1","202202","202204","2062"
"7961669","530010","72415100","22203225000188","3","1","00000000000000","","","","","","0","E","","","04","","01","22","03","","99","","","","","","","","DFP1900130730","20191206","1","","","","","","0","0","1","0","0","0","1","0","0","0","0","0","0","0",0,0,0,"0",0,0,0,0,0,0,0,0,0,0,0,0,0,0,"0",0,0,0,0,0,0,0,0,4,0,0,0,0,0,0,0,"1",0,0,0,"0",0,0,0,0,"0",0,0,0,0,0,0,0,0,0,0,0,0,0,0,0,"0","0","0","0","0","0","0","0","1","0","0","0","0","0","0","0","0","0","0","0","0","0","0","0","1","1","0","0","1","1","0","0","0","0","0","0","0","0","0","0","0","0","0","0","0","0","0","0","0","0","0","1","0","0","0","0","0","0","0","0","0","0","0","0","0","0","0","0","0","0","0","0","0","0","0","0","0","0","0","0","0","0","0","0","0","0","0","0","0","0","0","0","1","201912","202204","2062"
"7962002","530010","72006253","21847641000156","3","1","00000000000000","","","","0180","","0","E","","","04","","03","36","03","","99","","","","","","","","ODO.00108-15","20210828","1","","","","","","0","0","1","0","0","0","1","0","0","0","0","0","0","0",0,0,0,"0",0,0,0,0,0,0,0,0,0,0,0,0,0,0,"0",0,0,0,0,0,0,0,0,4,0,0,0,0,0,0,0,"1",0,0,0,"0",0,0,0,0,"0",0,0,0,0,0,0,0,0,0,0,0,0,0,0,0,"0","0","1","0","0","0","0","0","1","0","0","0","0","0","0","0","0","0","0","0","0","0","0","0","1","1","0","0","1","1","0","0","0","0","0","0","0","0","0","0","0","0","0","0","0","0","0","0","0","0","0","1","0","0","0","1","0","0","0","0","0","0","0","0","0","0","0","0","0","0","0","0","0","0","0","0","0","0","0","0","0","0","0","0","0","0","0","0","0","0","0","0","1","202203","202204","2062"
"7968868","530010","71503501","23052894000169","3","1","00000000000000","","","","","","0","E","","","04","","02","04","03","","99","","","","","","","","EAS 20242-01","20201018","1","","","","","","0","0","1","0","0","0","1","0","0","0","0","0","0","0",0,0,0,"0",0,0,0,0,0,0,0,0,0,0,0,0,0,0,"0",0,0,0,4,0,0,0,0,0,0,0,0,0,0,0,0,"1",0,0,0,"0",0,0,0,0,"0",0,0,0,0,0,0,0,0,0,0,0,0,0,0,0,"0","0","1","0","0","0","0","0","0","0","0","0","0","0","0","0","0","0","0","0","0","0","0","0","1","0","0","0","1","1","0","0","0","0","0","0","0","0","0","0","0","0","0","0","0","0","0","0","0","0","0","1","0","0","0","1","0","0","0","0","0","0","0","0","0","0","0","0","0","0","0","0","0","0","0","0","0","0","0","0","0","0","0","0","0","0","0","0","0","0","0","0","1","202010","202204","2062"
"7969384","530010","70710100","06092065000190","3","1","00000000000000","","","","0005","","0","E","","","04","","01","36","03","","99","","","","","","","","ODO 00314-02","20220130","1","","","","","","0","0","1","0","0","0","1","0","0","0","0","0","0","0",0,0,0,"0",0,0,0,0,0,0,0,0,0,0,0,0,0,0,"0",0,0,0,0,0,0,0,0,5,0,0,0,0,0,0,0,"1",0,0,0,"0",0,0,0,0,"0",0,0,0,0,0,0,0,0,0,0,0,0,0,0,0,"0","0","1","0","0","0","0","0","1","0","0","0","0","0","0","0","0","0","0","0","0","0","0","0","1","1","0","0","1","1","0","0","0","0","0","0","0","0","0","0","0","0","0","0","0","0","0","0","0","0","0","1","0","0","0","1","0","0","0","0","0","0","0","0","0","0","0","0","0","0","0","0","0","0","0","0","0","0","0","0","0","0","0","0","0","0","0","0","0","0","0","0","1","202202","202204","2062"
"7969457","530010","73330003","10946050000110","3","1","00000000000000","","","","0120","","0","E","","","04","","01","04","04","","99","","","","","","","","EAS-00005-08","20210124","1","","","","","","0","0","1","0","0","0","1","0","0","0","0","0","0","0",0,0,0,"0",0,0,0,0,0,0,0,0,0,0,0,0,0,0,"0",3,4,0,2,0,0,0,0,0,0,0,0,0,0,0,0,"1",0,0,0,"0",0,0,0,0,"0",0,0,0,0,0,0,0,0,0,0,0,0,0,0,0,"0","0","1","0","0","0","0","0","0","0","0","0","0","0","0","0","0","0","0","0","0","0","0","0","1","1","0","0","1","1","0","0","0","0","0","0","0","0","0","0","0","0","0","0","0","0","0","0","0","0","0","1","0","0","0","1","0","0","0","0","0","0","0","0","0","0","0","0","0","0","0","0","0","0","0","0","0","0","0","0","0","0","0","0","0","0","0","0","0","0","0","0","1","202112","202204","2062"
"7971044","530010","70770560","61486650078964","3","1","00000000000000","","","","","","0","E","","","04","","03","39","06","","99","","","","","","","","LAB 00038-02","20210701","1","","","","","","0","0","1","0","0","0","1","0","0","0","0","0","0","0",0,0,0,"0",0,0,0,0,0,0,0,0,0,0,0,0,0,0,"0",0,0,0,0,0,0,0,1,0,0,0,0,0,0,0,0,"1",0,0,0,"0",0,0,0,0,"0",0,0,0,0,0,0,0,0,1,0,0,0,0,0,0,"0","0","0","0","0","0","0","0","0","0","0","0","0","0","0","0","0","0","0","0","0","0","0","0","0","1","0","0","1","1","0","0","0","0","0","0","0","0","0","0","0","0","0","0","0","0","0","0","0","0","0","0","0","0","0","0","0","0","1","0","0","0","1","0","0","0","0","0","0","0","0","0","0","0","0","0","0","0","0","0","0","0","0","0","0","0","0","0","0","0","0","0","1","202109","202204","2046"
"7971230","530010","70390150","09594361000188","3","1","00000000000000","","","","","","0","E","","","04","","03","36","03","","99","","","","","","","","EAS 20114-01","20200123","1","","","","","","0","0","1","0","0","0","1","0","0","0","0","0","0","0",0,0,0,"0",0,0,0,0,0,0,0,0,0,0,0,0,0,0,"0",0,1,0,0,0,0,0,0,0,0,0,0,0,0,0,0,"1",0,0,0,"0",0,0,0,0,"0",0,0,0,0,0,0,0,0,0,0,0,0,0,0,0,"0","0","1","0","0","0","0","0","0","0","0","0","0","0","0","0","0","0","0","0","0","0","0","0","1","0","0","0","1","1","0","0","0","0","0","0","0","0","0","0","0","0","0","0","0","0","0","0","0","0","0","1","0","0","0","1","0","0","0","0","0","0","0","0","0","0","0","0","0","0","0","0","0","0","0","0","0","0","0","0","0","0","0","0","0","0","0","0","0","0","0","0","1","202001","202204","2062"
"7973713","530010","70390108","18256199000189","3","1","00000000000000","","","","0010","","0","E","","","04","","01","36","03","","99","","","","","","","","RLE@DIGITAL","20220119","1","","","","","","0","0","1","0","0","0","1","0","0","0","0","0","0","0",0,0,0,"0",0,0,0,0,0,0,0,0,0,0,0,0,0,0,"0",0,0,0,0,0,0,0,0,2,0,0,0,0,0,0,0,"1",0,0,0,"0",0,0,0,0,"0",0,0,0,0,0,0,0,0,0,0,0,0,0,0,0,"0","0","1","0","0","0","0","0","1","0","0","0","0","0","0","0","0","0","0","0","0","0","0","0","1","1","0","0","1","1","0","0","0","0","0","0","0","0","0","0","0","0","0","0","0","0","0","0","0","0","0","1","0","0","0","1","0","0","0","0","0","0","0","0","0","0","0","0","0","0","0","0","0","0","0","0","0","0","0","0","0","0","0","0","0","0","0","0","0","0","0","0","1","202202","202204","2240"
"7974655","530010","72025001","04385785000119","3","1","00000000000000","","","","0180","","0","E","","","04","","03","36","03","","99","","","","","","","","EAS 00040-14","20201027","1","","","","","","0","0","1","0","0","0","1","0","0","0","0","0","0","0",0,0,0,"0",0,0,0,0,0,0,0,0,0,0,0,0,0,0,"0",0,5,0,0,0,0,0,0,0,0,0,0,0,0,0,0,"1",0,0,0,"0",0,0,0,0,"0",0,0,0,0,0,0,0,0,0,0,0,0,0,0,0,"0","0","1","0","0","0","0","0","1","0","0","0","0","0","0","0","0","1","0","0","0","0","0","0","1","1","0","0","1","1","0","0","0","0","0","0","0","0","0","0","0","0","0","0","0","0","0","0","0","0","0","1","0","0","0","1","0","0","0","0","0","0","0","0","0","0","0","0","0","0","0","0","0","0","0","0","0","0","0","0","0","0","0","0","0","0","0","0","0","0","0","0","1","202111","202204","2062"
"7974663","530010","70390095","23121780000123","3","1","00000000000000","","","","0015","","0","E","","","04","","03","36","01","","99","","","","","","","","RLE","20210728","1","","","","","","0","0","1","0","0","0","1","0","0","0","0","0","0","0",0,0,0,"0",0,0,0,0,0,0,0,0,0,0,0,0,0,0,"0",0,1,0,0,0,0,0,0,0,0,0,0,0,0,0,0,"1",0,0,0,"0",0,0,0,0,"0",0,0,0,0,0,0,0,0,0,0,0,0,0,0,0,"0","0","1","0","0","0","0","0","0","0","0","0","0","0","0","0","0","0","0","0","0","0","0","0","1","0","1","0","1","1","0","0","0","0","0","0","0","0","0","0","0","0","0","0","0","0","0","0","0","0","0","1","0","0","0","1","0","0","0","0","0","0","0","0","0","0","0","0","0","0","0","0","0","0","0","0","0","0","0","0","0","0","0","0","0","0","0","0","0","0","0","0","1","202202","202204","2062"
"7975295","530010","71691047","00000000000000","3","3","00394700000108","","07","","0160","","1","E","","","04","","03","02","03","","99","","","","","","","","","","","","","","","","1","0","0","0","0","0","1","0","0","0","0","0","0","0",0,0,0,"0",0,0,0,0,0,0,0,0,0,0,0,0,0,0,"0",1,0,0,0,0,0,0,0,0,0,1,1,0,0,0,0,"1",0,0,0,"0",0,0,0,0,"0",0,0,0,0,0,0,0,0,0,0,0,0,0,0,0,"0","0","1","0","0","0","0","0","0","0","0","0","0","0","0","0","0","0","0","0","0","0","0","0","1","1","0","0","1","1","0","0","0","0","0","0","0","0","0","0","0","0","0","0","0","0","0","0","0","0","1","0","0","0","0","0","0","0","0","0","0","0","0","0","0","0","0","0","0","0","0","0","0","0","0","0","0","0","0","0","0","0","0","0","0","0","0","0","0","0","0","0","1","202203","202204","1023"
"7975325","530010","72115700","02699082000130","3","1","00000000000000","","","","0180","","0","E","","","04","","03","36","03","","99","","","","","","","","EAS 00080-15","20190527","1","","","","","","0","0","1","0","0","0","1","0","0","0","0","0","0","0",0,0,0,"0",0,0,0,0,0,0,0,0,0,0,0,0,0,0,"0",0,2,0,0,0,0,0,0,0,0,0,0,0,0,0,0,"1",0,0,0,"0",0,0,0,0,"0",0,0,0,0,0,0,0,0,0,0,0,0,0,0,0,"0","0","1","0","0","0","0","0","0","0","0","0","0","0","0","0","0","0","0","0","0","0","0","0","1","0","0","0","1","1","0","0","0","0","0","0","0","0","0","0","0","0","0","0","0","0","0","0","0","0","0","1","0","0","0","1","0","0","0","0","0","0","0","0","0","0","0","0","0","0","0","0","0","0","0","0","0","0","0","0","0","0","0","0","0","0","0","0","0","0","0","0","1","201905","202204","2062"
"7978243","530010","70390904","00076570000165","3","1","00000000000000","","","","0010","","0","E","","","04","","03","07","04","","99","","","","","","","","EAS.05012-01","20210427","1","","","","","","0","0","1","0","1","0","1","0","0","1","0","1","0","1",0,1,0,"1",6,0,0,0,0,0,0,0,0,0,0,0,0,6,"1",1,0,0,0,0,0,1,0,0,0,0,0,0,0,1,0,"1",0,1,0,"1",0,0,0,0,"0",0,0,0,0,0,0,0,0,0,0,1,0,0,0,0,"0","1","1","0","0","0","0","0","0","1","0","0","0","0","0","0","0","1","0","1","0","0","0","0","1","1","1","0","1","1","0","0","0","0","0","0","0","0","0","0","0","0","0","0","1","0","0","1","1","0","0","1","0","0","1","1","0","0","1","0","0","1","1","0","0","1","0","0","1","1","0","0","0","0","0","0","0","0","0","0","0","0","0","0","0","0","0","0","0","0","0","0","1","202203","202204","2062"
"7978642","530010","71615660","00382069000127","3","1","00000000000000","","","","0090","","1","E","","","04","","03","05","06","","99","070","214","0093962","","","","","EAS-00176-03","20210316","1","","","","","","0","0","1","0","1","0","1","0","0","1","0","1","0","1",42,52,55,"1",0,0,0,11,0,0,0,11,0,0,1,1,1,7,"1",3,6,8,1,0,0,0,0,0,1,1,0,0,0,1,1,"1",6,1,1,"1",0,0,0,0,"0",0,0,0,11,1,0,0,0,0,0,7,0,0,0,0,"0","1","1","1","0","0","1","0","1","0","1","1","0","0","0","0","0","1","1","1","0","1","0","0","1","1","1","0","1","1","1","1","1","1","0","1","1","1","1","0","1","0","1","1","1","0","0","0","1","0","1","1","0","0","1","1","0","1","1","0","0","1","1","0","0","1","0","0","0","1","0","0","0","0","0","0","0","0","0","0","0","0","0","0","0","0","0","0","0","0","0","0","1","202204","202204","2054"
"7979541","530010","70632100","04264939000114","3","1","00000000000000","","","","","","0","E","","","04","","03","39","03","","99","001","33804","494240","","","","","LAB 0037","20220107","1","","","","","","0","0","1","0","0","0","1","0","0","0","0","0","0","0",0,0,0,"0",0,0,0,0,0,0,0,0,0,0,0,0,0,0,"0",0,0,0,0,0,0,0,0,0,0,0,0,0,0,0,0,"0",0,0,0,"0",0,0,0,0,"0",0,0,0,0,0,0,0,0,0,0,0,0,0,0,0,"0","0","0","0","0","0","0","0","0","0","0","0","0","0","0","0","0","0","0","0","0","0","0","0","0","0","1","0","0","1","0","0","0","0","0","0","0","0","0","0","0","0","0","0","0","0","0","0","0","0","0","0","0","0","0","0","0","0","1","0","0","0","0","0","0","0","0","0","0","0","0","0","0","0","0","0","0","0","0","0","0","0","0","0","0","0","0","0","0","0","0","0","1","202204","202204","2240"
"7979878","530010","70770560","00612008000109","3","1","00000000000000","","","","","","0","E","","","04","","03","36","03","","99","001","35998","4307860","","","","","LIC. SANIT.- EAS 00149-02","20200319","1","","","","","","0","0","1","0","0","0","1","0","0","0","0","0","0","0",0,0,0,"0",0,0,0,0,0,0,0,0,0,0,0,0,0,0,"0",0,0,0,10,0,0,0,0,0,0,0,0,0,0,0,0,"1",0,0,0,"0",0,0,0,0,"0",0,0,0,0,0,0,0,0,0,0,0,0,0,0,0,"0","0","1","0","0","0","0","0","0","0","0","0","0","0","0","0","0","0","0","0","0","0","0","0","1","0","0","0","1","1","0","0","0","0","0","0","0","0","0","0","0","0","0","0","0","0","0","0","0","0","0","1","0","0","0","1","0","0","0","0","0","0","0","0","0","0","0","0","0","0","0","0","0","0","0","0","0","0","0","0","0","0","0","0","0","0","0","0","0","0","0","0","1","202102","202204","2240"
"7980221","530010","70390145","37114071000125","3","1","00000000000000","","","","0010","","1","E","","","04","","03","62","03","","99","001","34789","2000873","","","","","EAS 0507901","20211026","1","","","","","","0","0","1","0","1","0","1","0","0","1","0","0","0","1",3,0,0,"1",0,0,0,0,0,0,0,0,0,0,0,0,0,0,"0",0,11,16,0,0,0,0,1,0,0,0,0,0,0,0,4,"1",0,0,0,"0",0,0,0,0,"0",0,0,0,0,0,0,0,0,2,0,0,0,0,0,0,"0","0","0","0","0","0","0","0","0","1","0","0","0","0","0","0","0","1","0","1","0","1","0","0","1","1","0","0","1","1","0","0","0","0","0","0","0","0","0","0","0","0","0","0","0","0","0","0","0","0","1","1","0","0","1","1","0","0","1","0","0","1","1","0","0","0","0","0","0","0","0","0","0","0","0","0","0","0","0","0","0","0","0","0","0","0","0","0","0","0","0","0","1","202202","202204","2062"
"7980485","530010","70390700","22843417000159","3","1","00000000000000","","","","0015","","0","E","","","04","","01","22","04","","99","","","","","","","","LICENCA SANITARIA","20190812","1","","","","","","0","0","1","0","0","0","1","0","0","0","0","0","0","0",0,0,0,"0",0,0,0,0,0,0,0,0,0,0,0,0,0,0,"0",0,1,0,0,0,0,0,0,0,0,0,0,0,0,0,0,"1",0,0,0,"0",0,0,0,0,"0",0,0,0,0,0,0,0,0,0,0,0,0,0,0,0,"0","0","1","0","0","0","0","0","0","0","0","0","0","0","0","0","0","0","0","0","0","0","0","0","1","1","0","0","1","1","0","0","0","0","0","0","0","0","0","0","0","0","0","0","0","0","0","0","0","0","0","0","0","0","0","1","0","0","0","0","0","0","0","0","0","0","0","0","0","0","0","0","0","0","0","0","0","0","0","0","0","0","0","0","0","0","0","0","0","0","0","0","1","202204","202204","2062"
"7980558","530010","70390700","00937476000153","3","1","00000000000000","","","","","","0","E","","","04","","03","36","03","","99","","","","","","","","","","","","","","","","0","0","1","0","0","0","1","0","0","0","0","0","0","0",0,0,0,"0",0,0,0,0,0,0,0,0,0,0,0,0,0,0,"0",0,3,0,0,0,0,0,0,0,0,0,0,0,0,0,0,"1",0,0,0,"0",0,0,0,0,"0",0,0,0,0,0,0,0,0,0,0,0,0,0,0,0,"0","0","1","0","0","0","0","0","0","0","0","0","0","0","0","0","0","0","0","0","0","0","0","0","1","0","0","0","1","1","0","0","0","0","0","0","0","0","0","0","0","0","0","0","0","0","0","0","0","0","0","1","0","0","1","1","0","0","0","0","0","0","0","0","0","0","0","0","0","0","0","0","0","0","0","0","0","0","0","0","0","0","0","0","0","0","0","0","0","0","0","0","1","202107","202204","2062"
"7981422","530010","72015525","37108321000114","3","1","00000000000000","","","","0180","","0","E","","","04","","01","36","03","","99","","","","","","","","EAS-00034/2014","20210921","1","","","","","","0","0","1","0","0","0","1","0","0","0","0","0","0","0",0,0,0,"0",0,0,0,0,0,0,0,0,0,0,0,0,0,0,"0",0,0,0,0,0,0,0,0,5,0,0,0,0,0,0,0,"1",0,0,0,"0",0,0,0,0,"0",0,0,0,0,0,0,0,0,0,0,0,0,0,0,0,"0","0","1","0","0","0","0","0","1","0","0","0","0","0","0","0","0","0","0","1","0","0","0","0","1","1","1","1","1","1","0","0","0","0","0","0","0","0","0","0","0","0","0","0","0","0","0","0","0","0","0","1","0","0","0","1","0","0","0","0","0","0","0","0","0","0","0","0","0","0","0","0","0","0","0","0","0","0","0","0","0","0","0","0","0","0","0","0","0","0","0","0","1","202203","202204","2240"
"7981457","530010","70680400","60884855001983","3","1","00000000000000","","","","0050","","0","E","","","04","","03","07","06","","99","","","","","","","","EAS-00095-07","20201218","1","","","","","","0","0","1","0","1","0","1","0","0","1","0","1","0","1",2,2,135,"1",0,2,0,0,1,1,0,0,0,0,0,0,0,2,"1",0,6,0,0,0,0,0,1,0,0,1,0,0,0,0,0,"1",2,1,0,"1",0,1,0,3,"1",2,2,0,0,0,0,0,0,0,0,7,0,0,0,0,"0","1","1","0","0","0","1","0","1","0","1","0","0","0","0","0","0","1","1","0","0","0","1","0","1","1","1","0","1","1","1","0","0","1","0","0","1","0","1","0","0","0","1","0","1","0","0","0","1","0","0","1","0","0","0","1","0","0","0","0","0","0","0","0","0","1","0","0","0","1","0","0","0","0","0","0","0","0","0","0","0","0","0","0","0","0","0","0","0","0","0","0","1","202111","202204","2054"
"7981538","530010","70200760","24377289000120","3","1","00000000000000","","","","0015","","0","E","","","04","","03","36","03","","99","","","","","","","","EAS.20244-01","20180208","1","","","","","","0","0","1","0","0","0","1","0","0","0","0","0","0","0",0,0,0,"0",0,0,0,0,0,0,0,0,0,0,0,0,0,0,"0",0,2,0,0,0,0,0,0,0,0,0,0,0,0,0,0,"1",0,0,0,"0",0,0,0,0,"0",0,0,0,0,0,0,0,0,0,0,0,0,0,0,0,"0","0","0","0","0","0","0","0","0","0","0","0","0","0","0","0","0","0","0","0","0","0","0","0","0","0","0","0","1","1","0","0","0","0","0","0","0","0","0","0","0","0","0","0","0","0","0","0","0","0","0","1","0","0","0","1","0","0","0","0","0","0","0","0","0","0","0","0","0","0","0","0","0","0","0","0","0","0","0","0","0","0","0","0","0","0","0","0","0","0","0","0","1","201909","202204","2062"
"7982348","530010","71020721","24714368000180","3","1","00000000000000","","","","0070","","0","E","","","04","","01","36","03","","99","","","","","","","","2345","20210701","1","","","","","","0","0","1","0","0","0","1","0","0","0","0","0","0","0",0,0,0,"0",0,0,0,0,0,0,0,0,0,0,0,0,0,0,"0",1,0,0,0,0,0,0,0,0,0,0,0,0,0,0,0,"1",0,0,0,"0",0,0,0,0,"0",0,0,0,0,0,0,0,0,0,0,0,0,0,0,0,"0","0","1","0","0","0","0","0","0","0","0","0","0","0","0","0","0","0","0","0","0","0","0","0","1","0","0","0","1","1","0","0","0","0","0","0","0","0","0","0","0","0","0","0","0","0","0","0","0","0","0","1","0","0","0","0","0","0","0","0","0","0","0","0","0","0","0","0","0","0","0","0","0","0","0","0","0","0","0","0","0","0","0","0","0","0","0","0","0","0","0","0","1","202111","202204","2062"
"7982704","530010","70390155","60840055002185","3","1","00000000000000","","","","","","0","E","","","04","","03","39","03","","99","","","","","","","","0566901","20211028","1","","","","","","0","0","1","0","0","0","1","0","0","0","0","0","0","0",0,0,0,"0",0,0,0,0,0,0,0,0,0,0,0,0,0,0,"0",0,0,0,0,0,0,0,0,0,0,0,0,0,0,0,0,"0",0,0,0,"0",0,0,0,0,"0",0,0,0,0,0,0,0,0,0,0,0,0,0,0,0,"0","0","1","0","0","0","0","0","0","1","0","1","0","0","0","0","0","0","0","1","0","0","0","0","1","1","1","0","1","1","0","0","0","0","0","0","0","0","0","0","0","0","0","0","0","0","0","0","0","0","0","0","0","0","0","0","0","0","1","0","0","0","1","0","0","0","0","0","0","0","0","0","0","0","0","0","0","0","0","0","0","0","0","0","0","0","0","0","0","0","0","0","1","202112","202204","2046"
"7983476","530010","71916500","23605721000120","3","1","00000000000000","","","","","","0","E","","","04","","03","36","03","","99","","","","","","","","RLE","20200221","","","","","","","0","0","1","0","0","0","1","0","0","0","0","0","0","0",0,0,0,"0",0,0,0,0,0,0,0,0,0,0,0,0,0,0,"0",0,3,0,0,0,0,0,0,0,0,0,0,0,0,0,0,"1",0,0,0,"0",0,0,0,0,"0",0,0,0,0,0,0,0,0,0,0,0,0,0,0,0,"0","0","1","0","0","0","0","0","0","0","0","0","0","0","0","0","0","0","0","0","0","0","0","0","1","0","0","0","1","1","0","0","0","0","0","0","0","0","0","0","0","0","0","0","0","0","0","0","0","0","0","1","0","0","0","1","0","0","0","0","0","0","0","0","0","0","0","0","0","0","0","0","0","0","0","0","0","0","0","0","0","0","0","0","0","0","0","0","0","0","0","0","1","202103","202204","2062"
"7984006","530010","70680600","18987609000161","3","1","00000000000000","","","","","","0","E","","","04","","03","36","03","","99","","","","","","","","EAS 00066-07/2021","20210719","1","","","","","","0","0","1","0","0","0","1","0","0","0","0","0","0","0",0,0,0,"0",0,0,0,0,0,0,0,0,0,0,0,0,0,0,"0",1,0,0,0,0,0,0,0,0,0,0,0,0,0,0,0,"1",0,0,0,"0",0,0,0,0,"0",0,0,0,0,0,0,0,0,0,0,0,0,0,0,0,"0","0","1","0","0","0","0","0","0","0","0","0","0","0","0","0","0","0","0","0","0","0","0","0","1","1","0","0","1","1","0","0","0","0","0","0","0","0","0","0","0","0","0","0","0","0","0","0","0","0","0","0","0","0","0","1","0","0","0","0","0","0","0","0","0","0","0","0","0","0","0","0","0","0","0","0","0","0","0","0","0","0","0","0","0","0","0","0","0","0","0","0","1","202110","202204","2232"
"7988303","530010","72115700","00000000000000","3","3","00394700000108","","04","","0180","","1","E","","","04","","02","36","03","","99","","","","","","","","","","","","","","","","0","0","1","0","0","0","1","0","0","0","0","0","0","0",0,0,0,"0",0,0,0,0,0,0,0,0,0,0,0,0,0,0,"0",0,1,0,1,0,0,0,0,0,0,0,0,0,0,0,0,"1",0,0,0,"0",0,0,0,0,"0",0,0,0,0,0,0,0,0,0,0,0,0,0,0,0,"0","0","1","0","0","0","0","0","0","0","0","0","0","0","0","0","0","0","0","0","0","0","0","0","1","0","0","0","1","1","0","0","0","0","0","0","0","0","0","0","0","0","0","0","0","0","0","0","0","0","1","0","0","0","0","0","0","1","0","0","0","0","0","0","0","0","0","0","0","0","0","0","0","0","0","0","0","0","0","0","0","0","0","0","0","0","0","0","0","0","0","0","1","202204","202204","1023"
"7990804","530010","73020070","00000000000000","3","3","00394700000108","","","","0010","","1","E","","","04","","03","42","06","","99","","","","","","","","","","","","","","","","0","0","1","0","0","0","1","0","0","0","0","0","0","0",0,0,0,"0",0,0,0,0,0,0,0,0,0,0,0,0,0,0,"0",0,0,0,0,0,0,0,0,0,0,0,0,0,0,0,0,"0",0,0,0,"0",0,0,0,0,"0",0,0,0,0,0,0,0,0,0,0,0,0,0,0,0,"0","0","0","0","0","0","0","0","0","0","0","0","0","0","0","0","0","0","0","0","0","0","0","0","0","1","0","0","1","1","0","0","0","0","0","0","0","0","0","0","0","0","0","0","0","0","0","0","0","0","0","0","0","0","0","0","0","0","0","0","0","0","0","0","1","0","0","0","0","0","0","0","0","0","0","0","0","0","0","0","0","0","0","0","0","1","0","0","0","0","0","0","1","202204","202204","1023"
"7990820","530010","72420175","00000000000000","3","3","00394700000108","","09","","0010","","1","E","","","04","","03","42","06","","99","","","","","","","","","","","","","","","","0","0","1","0","0","0","1","0","0","0","0","0","0","0",0,0,0,"0",0,0,0,0,0,0,0,0,0,0,0,0,0,0,"0",0,0,0,0,0,0,0,0,0,0,0,0,0,0,0,0,"0",0,0,0,"0",0,0,0,0,"0",0,0,0,0,0,0,0,0,0,0,0,0,0,0,0,"0","0","0","0","0","0","0","0","0","0","0","0","0","0","0","0","0","0","0","0","0","0","0","0","0","1","0","0","1","1","0","0","0","0","0","0","0","0","0","0","0","0","0","0","0","0","0","0","0","0","0","0","0","0","0","0","0","0","0","0","0","0","0","0","1","0","0","0","0","0","0","0","0","0","0","0","0","0","0","0","0","0","0","0","0","1","0","0","0","0","0","0","1","202204","202204","1023"
"7990839","530010","72130080","00000000000000","3","3","00394700000108","","","","0010","","1","E","","","04","","03","42","06","","99","","","","","","","","","","","","","","","","0","0","1","0","0","0","1","0","0","0","0","0","0","0",0,0,0,"0",0,0,0,0,0,0,0,0,0,0,0,0,0,0,"0",0,0,0,0,0,0,0,0,0,0,0,0,0,0,0,0,"0",0,0,0,"0",0,0,0,0,"0",0,0,0,0,0,0,0,0,0,0,0,0,0,0,0,"0","0","0","0","0","0","0","0","0","0","0","0","0","0","0","0","0","0","0","0","0","0","0","0","0","1","1","0","1","1","0","0","0","0","0","0","0","0","0","0","0","0","0","0","0","0","0","0","0","0","0","0","0","0","0","0","0","0","0","0","0","0","0","0","1","0","0","0","0","0","0","0","0","0","0","0","0","0","0","0","0","0","0","0","0","1","0","0","0","0","0","0","1","202204","202204","1023"
"7990847","530010","72600100","00000000000000","3","3","00394700000108","","","","0130","","1","E","","","04","","03","42","06","","99","","","","","","","","","","","","","","","","0","0","1","0","0","0","1","0","0","0","0","0","0","0",0,0,0,"0",0,0,0,0,0,0,0,0,0,0,0,0,0,0,"0",0,0,0,0,0,0,0,0,0,0,0,0,0,0,0,0,"0",0,0,0,"0",0,0,0,0,"0",0,0,0,0,0,0,0,0,0,0,0,0,0,0,0,"0","0","0","0","0","0","0","0","0","0","0","0","0","0","0","0","0","0","0","0","0","0","0","0","0","1","0","0","1","1","0","0","0","0","0","0","0","0","0","0","0","0","0","0","0","0","0","0","0","0","0","0","0","0","0","0","0","0","0","0","0","0","0","0","1","0","0","0","0","0","0","0","0","0","0","0","0","0","0","0","0","0","0","0","0","1","0","0","0","0","0","0","1","202204","202204","1023"
"7990863","530010","72210510","00000000000000","3","3","00394700000108","","","","0010","","1","E","","","04","","03","42","06","","99","","","","","","","","","","","","","","","","0","0","1","0","0","0","1","0","0","0","0","0","0","0",0,0,0,"0",0,0,0,0,0,0,0,0,0,0,0,0,0,0,"0",0,0,0,0,0,0,0,0,0,0,0,0,0,0,0,0,"0",0,0,0,"0",0,0,0,0,"0",0,0,0,0,0,0,0,0,0,0,0,0,0,0,0,"0","0","0","0","0","0","0","0","0","0","0","0","0","0","0","0","0","0","0","0","0","0","0","0","0","1","0","0","1","1","0","0","0","0","0","0","0","0","0","0","0","0","0","0","0","0","0","0","0","0","0","0","0","0","0","0","0","0","0","0","0","0","0","0","1","0","0","0","0","0","0","0","0","0","0","0","0","0","0","0","0","0","0","0","0","1","0","0","0","0","0","0","1","202204","202204","1023"
"7990871","530010","70610640","00000000000000","3","3","00394700000108","","","","0010","","1","E","","","04","","03","42","06","","99","","","","","","","","","","","","","","","","0","0","1","0","0","0","1","0","0","0","0","0","0","0",0,0,0,"0",0,0,0,0,0,0,0,0,0,0,0,0,0,0,"0",0,0,0,0,0,0,0,0,0,0,0,0,0,0,0,0,"0",0,0,0,"0",0,0,0,0,"0",0,0,0,0,0,0,0,0,0,0,0,0,0,0,0,"0","0","0","0","0","0","0","0","0","0","0","0","0","0","0","0","0","0","0","0","0","0","0","0","0","1","1","0","1","1","0","0","0","0","0","0","0","0","0","0","0","0","0","0","0","0","0","0","0","0","0","0","0","0","0","0","0","0","0","0","0","0","0","0","1","0","0","0","0","0","0","0","0","0","0","0","0","0","0","0","0","0","0","0","0","1","0","0","0","0","0","0","1","202204","202204","1023"
"7990901","530010","71725100","00000000000000","3","3","00394700000108","","","","0010","","1","E","","","04","","03","42","06","","99","","","","","","","","","","","","","","","","0","0","1","0","0","0","1","0","0","0","0","0","0","0",0,0,0,"0",0,0,0,0,0,0,0,0,0,0,0,0,0,0,"0",0,0,0,0,0,0,0,0,0,0,0,0,0,0,0,0,"0",0,0,0,"0",0,0,0,0,"0",0,0,0,0,0,0,0,0,0,0,0,0,0,0,0,"0","0","0","0","0","0","0","0","0","0","0","0","0","0","0","0","0","0","0","0","0","0","0","0","0","1","1","0","1","1","0","0","0","0","0","0","0","0","0","0","0","0","0","0","0","0","0","0","0","0","0","0","0","0","0","0","0","0","0","0","0","0","0","0","1","0","0","0","0","0","0","0","0","0","0","0","0","0","0","0","0","0","0","0","0","1","0","0","0","0","0","0","1","202204","202204","1023"
"7990944","530010","70610640","00000000000000","3","3","00394700000108","","","","0010","","1","E","","","04","","03","42","06","","99","","","","","","","","","","","","","","","","0","0","1","0","0","0","1","0","0","0","0","0","0","0",0,0,0,"0",0,0,0,0,0,0,0,0,0,0,0,0,0,0,"0",0,0,0,0,0,0,0,0,0,0,0,0,0,0,0,0,"0",0,0,0,"0",0,0,0,0,"0",0,0,0,0,0,0,0,0,0,0,0,0,0,0,0,"0","0","0","0","0","0","0","0","0","0","0","0","0","0","0","0","0","0","0","0","0","0","0","0","0","1","1","0","1","1","0","0","0","0","0","0","0","0","0","0","0","0","0","0","0","0","0","0","0","0","0","0","0","0","0","0","0","0","0","0","0","0","0","0","1","0","0","0","0","0","0","0","0","0","0","0","0","0","0","0","0","0","0","0","0","1","0","0","0","0","0","0","1","202204","202204","1023"
"7990952","530010","71573300","00000000000000","3","3","00394700000108","","","","0010","","1","E","","","04","","03","42","06","","99","","","","","","","","","","","","","","","","0","0","0","0","1","0","1","0","0","0","0","0","0","0",0,0,0,"0",0,0,0,0,0,0,0,0,0,0,0,0,0,0,"0",0,0,0,0,0,0,0,0,0,0,0,0,0,0,0,0,"0",0,0,0,"0",0,0,0,0,"0",0,0,0,0,0,0,0,0,0,0,0,0,0,0,0,"0","0","0","0","0","0","0","0","0","0","0","0","0","0","0","0","0","0","0","0","0","0","0","0","0","1","1","0","1","1","0","0","0","0","0","0","0","0","0","0","0","0","0","0","0","0","0","0","0","0","0","0","0","0","0","0","0","0","0","0","0","0","0","0","1","0","0","0","0","0","0","0","0","0","0","0","0","0","0","0","0","0","0","0","0","1","0","0","0","0","0","0","1","202204","202204","1023"
"7990960","530010","72130080","00000000000000","3","3","00394700000108","","","","0010","","1","E","","","04","","03","42","06","","99","","","","","","","","","","","","","","","","0","0","1","0","0","0","1","0","0","0","0","0","0","0",0,0,0,"0",0,0,0,0,0,0,0,0,0,0,0,0,0,0,"0",0,0,0,0,0,0,0,0,0,0,0,0,0,0,0,0,"0",0,0,0,"0",0,0,0,0,"0",0,0,0,0,0,0,0,0,0,0,0,0,0,0,0,"0","0","0","0","0","0","0","0","0","0","0","0","0","0","0","0","0","0","0","0","0","0","0","0","0","1","1","0","1","1","0","0","0","0","0","0","0","0","0","0","0","0","0","0","0","0","0","0","0","0","0","0","0","0","0","0","0","0","0","0","0","0","0","0","1","0","0","0","0","0","0","0","0","0","0","0","0","0","0","0","0","0","0","0","0","1","0","0","0","0","0","0","1","202204","202204","1023"
"7990979","530010","72130080","00000000000000","3","3","00394700000108","","","","0010","","1","E","","","04","","03","42","03","","99","","","","","","","","","","","","","","","","0","0","1","0","0","0","1","0","0","0","0","0","0","0",0,0,0,"0",0,0,0,0,0,0,0,0,0,0,0,0,0,0,"0",0,0,0,0,0,0,0,0,0,0,0,0,0,0,0,0,"0",0,0,0,"0",0,0,0,0,"0",0,0,0,0,0,0,0,0,0,0,0,0,0,0,0,"0","0","0","0","0","0","0","0","0","0","0","0","0","0","0","0","0","0","0","0","0","0","0","0","0","1","1","0","1","1","0","0","0","0","0","0","0","0","0","0","0","0","0","0","0","0","0","0","0","0","0","0","0","0","0","0","0","0","0","0","0","0","0","0","1","0","0","0","0","0","0","0","0","0","0","0","0","0","0","0","0","0","0","0","0","1","0","0","0","0","0","0","1","202204","202204","1023"
"7990987","530010","73310000","00000000000000","3","3","00394700000108","","","","0010","","1","E","","","04","","03","42","06","","99","","","","","","","","","","","","","","","","0","0","1","0","1","0","1","0","0","0","0","0","0","0",0,0,0,"0",0,0,0,0,0,0,0,0,0,0,0,0,0,0,"0",0,0,0,0,0,0,0,0,0,0,0,0,0,0,0,0,"0",0,0,0,"0",0,0,0,0,"0",0,0,0,0,0,0,0,0,0,0,0,0,0,0,0,"0","0","0","0","0","0","0","0","0","0","0","0","0","0","0","0","0","0","0","0","0","0","0","0","0","1","1","0","1","1","0","0","0","0","0","0","0","0","0","0","0","0","0","0","0","0","0","0","0","0","0","0","0","0","0","0","0","0","0","0","0","0","0","0","1","0","0","0","0","0","0","0","0","0","0","0","0","0","0","0","0","0","0","0","0","1","0","0","0","0","0","0","1","202204","202204","1023"
"7991029","530010","73310000","00000000000000","3","3","00394700000108","","","","0010","","1","E","","","04","","03","42","06","","99","","","","","","","","","","","","","","","","0","0","1","0","0","0","1","0","0","0","0","0","0","0",0,0,0,"0",0,0,0,0,0,0,0,0,0,0,0,0,0,0,"0",0,0,0,0,0,0,0,0,0,0,0,0,0,0,0,0,"0",0,0,0,"0",0,0,0,0,"0",0,0,0,0,0,0,0,0,0,0,0,0,0,0,0,"0","0","0","0","0","0","0","0","0","0","0","0","0","0","0","0","0","0","0","0","0","0","0","0","0","1","1","0","1","1","0","0","0","0","0","0","0","0","0","0","0","0","0","0","0","0","0","0","0","0","0","0","0","0","0","0","0","0","0","0","0","0","0","0","1","0","0","0","0","0","0","0","0","0","0","0","0","0","0","0","0","0","0","0","0","1","0","0","0","0","0","0","1","202204","202204","1023"
"7991053","530010","73020070","00000000000000","3","3","00394700000108","","","","0010","","1","E","","","04","","03","42","06","","99","","","","","","","","","","","","","","","","0","0","1","0","0","0","1","0","0","0","0","0","0","0",0,0,0,"0",0,0,0,0,0,0,0,0,0,0,0,0,0,0,"0",0,0,0,0,0,0,0,0,0,0,0,0,0,0,0,0,"0",0,0,0,"0",0,0,0,0,"0",0,0,0,0,0,0,0,0,0,0,0,0,0,0,0,"0","0","0","0","0","0","0","0","0","0","0","0","0","0","0","0","0","0","0","0","0","0","0","0","0","1","1","0","1","1","0","0","0","0","0","0","0","0","0","0","0","0","0","0","0","0","0","0","0","0","0","0","0","0","0","0","0","0","0","0","0","0","0","0","1","0","0","0","0","0","0","0","0","0","0","0","0","0","0","0","0","0","0","0","0","1","0","0","0","0","0","0","1","202204","202204","1023"
"7991096","530010","72420175","00000000000000","3","3","00394700000108","","","","0010","","1","E","","","04","","03","42","06","","99","","","","","","","","","","","","","","","","0","0","0","0","1","0","1","0","0","0","0","0","0","0",0,0,0,"0",0,0,0,0,0,0,0,0,0,0,0,0,0,0,"0",0,0,0,0,0,0,0,0,0,0,0,0,0,0,0,0,"0",0,0,0,"0",0,0,0,0,"0",0,0,0,0,0,0,0,0,0,0,0,0,0,0,0,"0","0","0","0","0","0","0","0","0","0","0","0","0","0","0","0","0","0","0","0","0","0","0","0","0","1","1","0","1","1","0","0","0","0","0","0","0","0","0","0","0","0","0","0","0","0","0","0","0","0","0","0","0","0","0","0","0","0","0","0","0","0","0","0","1","0","0","0","0","0","0","0","0","0","0","0","0","0","0","0","0","0","0","0","0","1","0","0","0","0","0","0","1","202204","202204","1023"
"7991142","530010","72502100","00000000000000","3","3","00394700000108","","","","0010","","1","E","","","04","","03","42","06","","99","","","","","","","","","","","","","","","","0","0","1","0","0","0","1","0","0","0","0","0","0","0",0,0,0,"0",0,0,0,0,0,0,0,0,0,0,0,0,0,0,"0",0,0,0,0,0,0,0,0,0,0,0,0,0,0,0,0,"0",0,0,0,"0",0,0,0,0,"0",0,0,0,0,0,0,0,0,0,0,0,0,0,0,0,"0","0","0","0","0","0","0","0","0","0","0","0","0","0","0","0","0","0","0","0","0","0","0","0","0","1","1","0","1","1","0","0","0","0","0","0","0","0","0","0","0","0","0","0","0","0","0","0","0","0","1","0","0","0","0","0","0","0","0","0","0","0","0","0","0","0","0","0","0","0","0","0","0","0","0","0","0","0","0","0","0","0","0","0","0","0","0","0","0","0","0","0","1","202204","202204","1023"
"7991150","530010","72502100","00000000000000","3","3","00394700000108","","","","0010","","1","E","","","04","","03","42","06","","99","","","","","","","","","","","","","","","","0","0","1","0","0","0","1","0","0","0","0","0","0","0",0,0,0,"0",0,0,0,0,0,0,0,0,0,0,0,0,0,0,"0",0,0,0,0,0,0,0,0,0,0,0,0,0,0,0,0,"0",0,0,0,"0",0,0,0,0,"0",0,0,0,0,0,0,0,0,0,0,0,0,0,0,0,"0","0","0","0","0","0","0","0","0","0","0","0","0","0","0","0","0","0","0","0","0","0","0","0","0","1","1","0","1","1","0","0","0","0","0","0","0","0","0","0","0","0","0","0","0","0","0","0","0","0","0","0","0","0","0","0","0","0","0","0","0","0","0","0","1","0","0","0","0","0","0","0","0","0","0","0","0","0","0","0","0","0","0","0","0","1","0","0","0","0","0","0","1","202204","202204","1023"
"7991169","530010","72305708","00000000000000","3","3","00394700000108","","","","0010","","1","E","","","04","","03","42","06","","99","","","","","","","","","","","","","","","","0","0","1","0","0","0","1","0","0","0","0","0","0","0",0,0,0,"0",0,0,0,0,0,0,0,0,0,0,0,0,0,0,"0",0,0,0,0,0,0,0,0,0,0,0,0,0,0,0,0,"0",0,0,0,"0",0,0,0,0,"0",0,0,0,0,0,0,0,0,0,0,0,0,0,0,0,"0","0","0","0","0","0","0","0","0","0","0","0","0","0","0","0","0","0","0","0","0","0","0","0","0","1","1","0","1","1","0","0","0","0","0","0","0","0","0","0","0","0","0","0","0","0","0","0","0","0","0","0","0","0","0","0","0","0","0","0","0","0","0","0","1","0","0","0","0","0","0","0","0","0","0","0","0","0","0","0","0","0","0","0","0","1","0","0","0","0","0","0","1","202204","202204","1023"
"7991177","530010","72210510","00000000000000","3","3","00394700000108","","","","0010","","1","E","","","04","","03","42","06","","99","","","","","","","","","","","","","","","","0","0","1","0","0","0","1","0","0","0","0","0","0","0",0,0,0,"0",0,0,0,0,0,0,0,0,0,0,0,0,0,0,"0",0,0,0,0,0,0,0,0,0,0,0,0,0,0,0,0,"0",0,0,0,"0",0,0,0,0,"0",0,0,0,0,0,0,0,0,0,0,0,0,0,0,0,"0","0","0","0","0","0","0","0","0","0","0","0","0","0","0","0","0","0","0","0","0","0","0","0","0","1","1","0","1","1","0","0","0","0","0","0","0","0","0","0","0","0","0","0","0","0","0","0","0","0","0","0","0","0","0","0","0","0","0","0","0","0","0","0","1","0","0","0","0","0","0","0","0","0","0","0","0","0","0","0","0","0","0","0","0","1","0","0","0","0","0","0","1","202204","202204","1023"
"7991185","530010","72305708","00000000000000","3","3","00394700000108","","","","0010","","1","E","","","04","","03","42","06","","99","","","","","","","","","","","","","","","","0","0","1","0","1","0","1","0","0","0","0","0","0","0",0,0,0,"0",0,0,0,0,0,0,0,0,0,0,0,0,0,0,"0",0,0,0,0,0,0,0,0,0,0,0,0,0,0,0,0,"0",0,0,0,"0",0,0,0,0,"0",0,0,0,0,0,0,0,0,0,0,0,0,0,0,0,"0","0","0","0","0","0","0","0","0","0","0","0","0","0","0","0","0","0","0","0","0","0","0","0","0","1","1","0","1","1","0","0","0","0","0","0","0","0","0","0","0","0","0","0","0","0","0","0","0","0","0","0","0","0","0","0","0","0","0","0","0","0","0","0","1","0","0","0","0","0","0","0","0","0","0","0","0","0","0","0","0","0","0","0","0","0","0","0","0","0","0","0","1","202204","202204","1023"
"7991193","530010","72600125","00000000000000","3","3","00394700000108","","","","0010","","1","E","","","04","","03","42","06","","99","","","","","","","","","","","","","","","","0","0","1","0","1","0","1","0","0","0","0","0","0","0",0,0,0,"0",0,0,0,0,0,0,0,0,0,0,0,0,0,0,"0",0,0,0,0,0,0,0,0,0,0,0,0,0,0,0,0,"0",0,0,0,"0",0,0,0,0,"0",0,0,0,0,0,0,0,0,0,0,0,0,0,0,0,"0","0","0","0","0","0","0","0","0","0","0","0","0","0","0","0","0","0","0","0","0","0","0","0","0","1","1","0","1","1","0","0","0","0","0","0","0","0","0","0","0","0","0","0","0","0","0","0","0","0","0","0","0","0","0","0","0","0","0","0","0","0","0","0","1","0","0","0","0","0","0","0","0","0","0","0","0","0","0","0","0","0","0","0","0","1","0","0","0","0","0","0","1","202204","202204","1023"
"7991207","530010","72210510","00000000000000","3","3","00394700000108","","","","0010","","1","E","","","04","","03","42","06","","99","","","","","","","","","","","","","","","","0","0","1","0","0","0","1","0","0","0","0","0","0","0",0,0,0,"0",0,0,0,0,0,0,0,0,0,0,0,0,0,0,"0",0,0,0,0,0,0,0,0,0,0,0,0,0,0,0,0,"0",0,0,0,"0",0,0,0,0,"0",0,0,0,0,0,0,0,0,0,0,0,0,0,0,0,"0","0","0","0","0","0","0","0","0","0","0","0","0","0","0","0","0","0","0","0","0","0","0","0","0","1","1","0","1","1","0","0","0","0","0","0","0","0","0","0","0","0","0","0","0","0","0","0","0","0","0","0","0","0","0","0","0","0","0","0","0","0","0","0","1","0","0","0","0","0","0","0","0","0","0","0","0","0","0","0","0","0","0","0","0","1","0","0","0","0","0","0","1","202204","202204","1023"
"7991215","530010","72210510","00000000000000","3","3","00394700000108","","","","0010","","1","E","","","04","","03","42","06","","99","","","","","","","","","","","","","","","","0","0","1","0","0","0","1","0","0","0","0","0","0","0",0,0,0,"0",0,0,0,0,0,0,0,0,0,0,0,0,0,0,"0",0,0,0,0,0,0,0,0,0,0,0,0,0,0,0,0,"0",0,0,0,"0",0,0,0,0,"0",0,0,0,0,0,0,0,0,0,0,0,0,0,0,0,"0","0","0","0","0","0","0","0","0","0","0","0","0","0","0","0","0","0","0","0","0","0","0","0","0","1","1","0","1","1","0","0","0","0","0","0","0","0","0","0","0","0","0","0","0","0","0","0","0","0","0","0","0","0","0","0","0","0","0","0","0","0","0","0","1","0","0","0","0","0","0","0","0","0","0","0","0","0","0","0","0","0","0","0","0","1","0","0","0","0","0","0","1","202204","202204","1023"
"7991223","530010","72240100","00000000000000","3","3","00394700000108","","","","0010","","1","E","","","04","","03","42","06","","99","","","","","","","","","","","","","","","","0","0","1","0","0","0","1","0","0","0","0","0","0","0",0,0,0,"0",0,0,0,0,0,0,0,0,0,0,0,0,0,0,"0",0,0,0,0,0,0,0,0,0,0,0,0,0,0,0,0,"0",0,0,0,"0",0,0,0,0,"0",0,0,0,0,0,0,0,0,0,0,0,0,0,0,0,"0","0","0","0","0","0","0","0","0","0","0","0","0","0","0","0","0","0","0","0","0","0","0","0","0","1","1","0","1","1","0","0","0","0","0","0","0","0","0","0","0","0","0","0","0","0","0","0","0","0","0","0","0","0","0","0","0","0","0","0","0","0","0","0","1","0","0","0","0","0","0","0","0","0","0","0","0","0","0","0","0","0","0","0","0","1","0","0","0","0","0","0","1","202204","202204","1023"
"7991231","530010","72720190","00000000000000","3","3","00394700000108","","","","0010","","1","E","","","04","","03","42","06","","99","","","","","","","","","","","","","","","","0","0","1","0","1","0","1","0","0","0","0","0","0","0",0,0,0,"0",0,0,0,0,0,0,0,0,0,0,0,0,0,0,"0",0,0,0,0,0,0,0,0,0,0,0,0,0,0,0,0,"0",0,0,0,"0",0,0,0,0,"0",0,0,0,0,0,0,0,0,0,0,0,0,0,0,0,"0","0","0","0","0","0","0","0","0","0","0","0","0","0","0","0","0","0","0","0","0","0","0","0","0","1","1","0","1","1","0","0","0","0","0","0","0","0","0","0","0","0","0","0","0","0","0","0","0","0","0","0","0","0","0","0","0","0","0","0","0","0","0","0","1","0","0","0","0","0","0","0","0","0","0","0","0","0","0","0","0","0","0","0","0","1","0","0","0","0","0","0","1","202204","202204","1023"
"7991290","530010","70610640","00000000000000","3","3","00394700000108","","","","0010","","1","E","","","04","","03","42","06","","99","","","","","","","","","","","","","","","","0","0","1","0","0","0","1","0","0","0","0","0","0","0",0,0,0,"0",0,0,0,0,0,0,0,0,0,0,0,0,0,0,"0",0,0,0,0,0,0,0,0,0,0,0,0,0,0,0,0,"0",0,0,0,"0",0,0,0,0,"0",0,0,0,0,0,0,0,0,0,0,0,0,0,0,0,"0","0","0","0","0","0","0","0","0","0","0","0","0","0","0","0","0","0","0","0","0","0","0","0","0","1","1","0","1","1","0","0","0","0","0","0","0","0","0","0","0","0","0","0","0","0","0","0","0","0","0","0","0","0","0","0","0","0","0","0","0","0","0","0","1","0","0","0","0","0","0","0","0","0","0","0","0","0","0","0","0","0","0","0","0","1","0","0","0","0","0","0","1","202204","202204","1023"
"7991304","530010","72420175","00000000000000","3","3","00394700000108","","","","0010","","1","E","","","04","","03","42","06","","99","","","","","","","","","","","","","","","","0","0","1","0","0","0","1","0","0","0","0","0","0","0",0,0,0,"0",0,0,0,0,0,0,0,0,0,0,0,0,0,0,"0",0,0,0,0,0,0,0,0,0,0,0,0,0,0,0,0,"0",0,0,0,"0",0,0,0,0,"0",0,0,0,0,0,0,0,0,0,0,0,0,0,0,0,"0","0","0","0","0","0","0","0","0","0","0","0","0","0","0","0","0","0","0","0","0","0","0","0","0","1","1","0","1","1","0","0","0","0","0","0","0","0","0","0","0","0","0","0","0","0","0","0","0","0","0","0","0","0","0","0","0","0","0","0","0","0","0","0","1","0","0","0","0","0","0","0","0","0","0","0","0","0","0","0","0","0","0","0","0","1","0","0","0","0","0","0","1","202204","202204","1023"
"7991312","530010","72130080","00000000000000","3","3","00394700000108","","","","0180","","1","E","","","04","","03","42","06","","99","","","","","","","","","","","","","","","","0","0","1","0","1","0","1","0","0","0","0","0","0","0",0,0,0,"0",0,0,0,0,0,0,0,0,0,0,0,0,0,0,"0",0,0,0,0,0,0,0,0,0,0,0,0,0,0,0,0,"0",0,0,0,"0",0,0,0,0,"0",0,0,0,0,0,0,0,0,0,0,0,0,0,0,0,"0","0","0","0","0","0","0","0","0","0","0","0","0","0","0","0","0","0","0","0","0","0","0","0","0","1","1","0","1","1","0","0","0","0","0","0","0","0","0","0","0","0","0","0","0","0","0","0","0","0","0","0","0","0","0","0","0","0","0","0","0","0","0","0","1","0","0","0","0","0","0","0","0","0","0","0","0","0","0","0","0","0","0","0","0","1","0","0","0","0","0","0","1","202204","202204","1023"
"7991320","530010","70340906","00000000000000","3","3","00394700000108","","","","0010","","1","E","","","04","","01","42","03","","99","","","","","","","","","","","","","","","","0","0","1","0","0","0","1","0","0","0","0","0","0","0",0,0,0,"0",0,0,0,0,0,0,0,0,0,0,0,0,0,0,"0",0,0,0,0,0,0,0,0,0,0,0,0,0,0,0,0,"0",0,0,0,"0",0,0,0,0,"0",0,0,0,0,0,0,0,0,0,0,0,0,0,0,0,"0","0","0","0","0","0","0","0","0","0","0","0","0","0","0","0","0","0","0","0","0","0","0","0","0","1","0","0","1","1","0","0","0","0","0","0","0","0","0","0","0","0","0","0","0","0","0","0","0","0","0","0","0","0","0","0","0","0","0","0","0","0","0","0","1","0","0","0","0","0","0","0","0","0","0","0","0","0","0","0","0","0","0","0","0","1","0","0","0","0","0","0","1","202204","202204","1023"
"7991339","530010","71692325","00000000000000","3","3","00394700000108","","","","0010","","1","E","","","04","","03","42","06","","99","","","","","","","","","","","","","","","","0","0","1","0","0","0","1","0","0","0","0","0","0","0",0,0,0,"0",0,0,0,0,0,0,0,0,0,0,0,0,0,0,"0",0,0,0,0,0,0,0,0,0,0,0,0,0,0,0,0,"0",0,0,0,"0",0,0,0,0,"0",0,0,0,0,0,0,0,0,0,0,0,0,0,0,0,"0","0","0","0","0","0","0","0","0","0","0","0","0","0","0","0","0","0","0","0","0","0","0","0","0","1","1","0","1","1","0","0","0","0","0","0","0","0","0","0","0","0","0","0","0","0","0","0","0","0","0","0","0","0","0","0","0","0","0","0","0","0","0","0","1","0","0","0","0","0","0","0","0","0","0","0","0","0","0","0","0","0","0","0","0","1","0","0","0","0","0","0","1","202204","202204","1023"
"7991347","530010","73020070","00000000000000","3","3","00394700000108","","","","0010","","1","E","","","04","","03","42","03","","99","","","","","","","","","","","","","","","","0","0","1","0","0","0","1","0","0","0","0","0","0","0",0,0,0,"0",0,0,0,0,0,0,0,0,0,0,0,0,0,0,"0",0,0,0,0,0,0,0,0,0,0,0,0,0,0,0,0,"0",0,0,0,"0",0,0,0,0,"0",0,0,0,0,0,0,0,0,0,0,0,0,0,0,0,"0","0","0","0","0","0","0","0","0","0","0","0","0","0","0","0","0","0","0","0","0","0","0","0","0","1","0","0","1","1","0","0","0","0","0","0","0","0","0","0","0","0","0","0","0","0","0","0","0","0","0","0","0","0","0","0","0","0","0","0","0","0","0","0","1","0","0","0","0","0","0","0","0","0","0","0","0","0","0","0","0","0","0","0","0","1","0","0","0","0","0","0","1","202201","202204","1023"
"7991363","530010","72600125","00000000000000","3","3","00394700000108","","","","0010","","1","E","","","04","","03","42","06","","99","","","","","","","","","","","","","","","","0","0","1","0","0","0","1","0","0","0","0","0","0","0",0,0,0,"0",0,0,0,0,0,0,0,0,0,0,0,0,0,0,"0",0,0,0,0,0,0,0,0,0,0,0,0,0,0,0,0,"0",0,0,0,"0",0,0,0,0,"0",0,0,0,0,0,0,0,0,0,0,0,0,0,0,0,"0","0","0","0","0","0","0","0","0","0","0","0","0","0","0","0","0","0","0","0","0","0","0","0","0","1","1","0","1","1","0","0","0","0","0","0","0","0","0","0","0","0","0","0","0","0","0","0","0","0","0","0","0","0","0","0","0","0","0","0","0","0","0","0","1","0","0","0","0","0","0","0","0","0","0","0","0","0","0","0","0","0","0","0","0","1","0","0","0","0","0","0","1","202204","202204","1023"
"7991371","530010","72120000","00000000000000","3","3","00394700000108","","","","0010","","1","E","","","04","","03","42","05","","99","","","","","","","","","","","","","","","","0","0","1","0","0","0","1","0","0","0","0","0","0","0",0,0,0,"0",0,0,0,0,0,0,0,0,0,0,0,0,0,0,"0",0,0,0,0,0,0,0,0,0,0,0,0,0,0,0,0,"0",0,0,0,"0",0,0,0,0,"0",0,0,0,0,0,0,0,0,0,0,0,0,0,0,0,"0","0","0","0","0","0","0","0","0","0","0","0","0","0","0","0","0","0","0","0","0","0","0","0","0","1","0","0","1","1","0","0","0","0","0","0","0","0","0","0","0","0","0","0","0","0","0","0","0","0","0","0","0","0","0","0","0","0","0","0","0","0","0","0","1","0","0","0","0","0","0","0","0","0","0","0","0","0","0","0","0","0","0","0","0","1","0","0","0","0","0","0","1","202204","202204","1023"
"7991401","530010","72420175","00000000000000","3","3","00394700000108","","","","0010","","1","E","","","04","","03","42","03","","99","","","","","","","","","","","","","","","","0","0","1","0","0","0","1","0","0","0","0","0","0","0",0,0,0,"0",0,0,0,0,0,0,0,0,0,0,0,0,0,0,"0",0,0,0,0,0,0,0,0,0,0,0,0,0,0,0,0,"0",0,0,0,"0",0,0,0,0,"0",0,0,0,0,0,0,0,0,0,0,0,0,0,0,0,"0","0","0","0","0","0","0","0","0","0","0","0","0","0","0","0","0","0","0","0","0","0","0","0","0","1","0","0","1","1","0","0","0","0","0","0","0","0","0","0","0","0","0","0","0","0","0","0","0","0","0","0","0","0","0","0","0","0","0","0","0","0","0","0","1","0","0","0","0","0","0","0","0","0","0","0","0","0","0","0","0","0","0","0","0","1","0","0","0","0","0","0","1","202204","202204","1023"
"7991428","530010","71805143","00000000000000","3","3","00394700000108","","","","0010","","1","E","","","04","","03","42","06","","99","","","","","","","","","","","","","","","","0","0","1","0","1","0","1","0","0","0","0","0","0","0",0,0,0,"0",0,0,0,0,0,0,0,0,0,0,0,0,0,0,"0",0,0,0,0,0,0,0,0,0,0,0,0,0,0,0,0,"0",0,0,0,"0",0,0,0,0,"0",0,0,0,0,0,0,0,0,0,0,0,0,0,0,0,"0","0","0","0","0","0","0","0","0","0","0","0","0","0","0","0","0","0","0","0","0","0","0","0","0","1","1","0","1","1","0","0","0","0","0","0","0","0","0","0","0","0","0","0","0","0","0","0","0","0","0","0","0","0","0","0","0","0","0","0","0","0","0","0","1","0","0","0","0","0","0","0","0","0","0","0","0","0","0","0","0","0","0","0","0","1","0","0","0","0","0","0","1","202204","202204","1023"
"7991436","530010","73060200","00000000000000","3","3","00394700000108","","","","0010","","1","E","","","04","","03","42","06","","99","","","","","","","","","","","","","","","","0","0","1","0","1","0","1","0","0","0","0","0","0","0",0,0,0,"0",0,0,0,0,0,0,0,0,0,0,0,0,0,0,"0",0,0,0,0,0,0,0,0,0,0,0,0,0,0,0,0,"0",0,0,0,"0",0,0,0,0,"0",0,0,0,0,0,0,0,0,0,0,0,0,0,0,0,"0","0","0","0","0","0","0","0","0","0","0","0","0","0","0","0","0","0","0","0","0","0","0","0","0","1","1","0","1","1","0","0","0","0","0","0","0","0","0","0","0","0","0","0","0","0","0","0","0","0","0","0","0","0","0","0","0","0","0","0","0","0","0","0","1","0","0","0","0","0","0","0","0","0","0","0","0","0","0","0","0","0","0","0","0","1","0","0","0","0","0","0","1","202204","202204","1023"
"7991444","530010","72130080","00000000000000","3","3","00394700000108","","09","","0010","","1","E","","","04","","03","42","06","","99","","","","","","","","","","","","","","","","0","0","1","0","0","0","1","0","0","0","0","0","0","0",0,0,0,"0",0,0,0,0,0,0,0,0,0,0,0,0,0,0,"0",0,0,0,0,0,0,0,0,0,0,0,0,0,0,0,0,"0",0,0,0,"0",0,0,0,0,"0",0,0,0,0,0,0,0,0,0,0,0,0,0,0,0,"0","0","0","0","0","0","0","0","0","0","0","0","0","0","0","0","0","0","0","0","0","0","0","0","0","1","0","0","1","1","0","0","0","0","0","0","0","0","0","0","0","0","0","0","0","0","0","0","0","0","0","0","0","0","0","0","0","0","0","0","0","0","0","0","1","0","0","0","0","0","0","0","0","0","0","0","0","0","0","0","0","0","0","0","0","1","0","0","0","0","0","0","1","202204","202204","1023"
"7991452","530010","70334900","00000000000000","3","3","00394700000108","","09","","0010","","1","E","","","04","","03","42","06","","99","","","","","","","","","","","","","","","","0","0","1","0","0","0","1","0","0","0","0","0","0","0",0,0,0,"0",0,0,0,0,0,0,0,0,0,0,0,0,0,0,"0",0,0,0,0,0,0,0,0,0,0,0,0,0,0,0,0,"0",0,0,0,"0",0,0,0,0,"0",0,0,0,0,0,0,0,0,0,0,0,0,0,0,0,"0","0","0","0","0","0","0","0","0","0","0","0","0","0","0","0","0","0","0","0","0","0","0","0","0","1","0","0","1","1","0","0","0","0","0","0","0","0","0","0","0","0","0","0","0","0","0","0","0","0","0","0","0","0","0","0","0","0","0","0","0","0","0","0","1","0","0","0","0","0","0","0","0","0","0","0","0","0","0","0","0","0","0","0","0","1","0","0","0","0","0","0","1","202204","202204","1023"
"7991460","530010","70203900","00000000000000","3","3","00394700000108","","","","0010","","1","E","","","04","","03","42","06","","99","","","","","","","","","","","","","","","","0","0","1","0","0","0","1","0","0","0","0","0","0","0",0,0,0,"0",0,0,0,0,0,0,0,0,0,0,0,0,0,0,"0",0,0,0,0,0,0,0,0,0,0,0,0,0,0,0,0,"0",0,0,0,"0",0,0,0,0,"0",0,0,0,0,0,0,0,0,0,0,0,0,0,0,0,"0","0","0","0","0","0","0","0","0","0","0","0","0","0","0","0","0","0","0","0","0","0","0","0","0","1","0","0","1","1","0","0","0","0","0","0","0","0","0","0","0","0","0","0","0","0","0","0","0","0","0","0","0","0","0","0","0","0","0","0","0","0","0","0","1","0","0","0","0","0","0","0","0","0","0","0","0","0","0","0","0","0","0","0","0","1","0","0","0","0","0","0","1","202204","202204","1023"
"7991487","530010","73020070","00000000000000","3","3","00394700000108","","","","0010","","1","E","","","04","","03","42","03","","99","","","","","","","","","","","","","","","","0","0","1","0","0","0","1","0","0","0","0","0","0","0",0,0,0,"0",0,0,0,0,0,0,0,0,0,0,0,0,0,0,"0",0,0,0,0,0,0,0,0,0,0,0,0,0,0,0,0,"0",0,0,0,"0",0,0,0,0,"0",0,0,0,0,0,0,0,0,0,0,0,0,0,0,0,"0","0","0","0","0","0","0","0","0","0","0","0","0","0","0","0","0","0","0","0","0","0","0","0","0","1","0","0","1","1","0","0","0","0","0","0","0","0","0","0","0","0","0","0","0","0","0","0","0","0","0","0","0","0","0","0","0","0","0","0","0","0","0","0","1","0","0","0","0","0","0","0","0","0","0","0","0","0","0","0","0","0","0","0","0","1","0","0","0","0","0","0","1","202204","202204","1023"
"7991495","530010","72210210","00000000000000","3","3","00394700000108","","","","0010","","1","E","","","04","","01","42","06","","99","","","","","","","","","","","","","","","","0","0","1","0","0","0","1","0","0","0","0","0","0","0",0,0,0,"0",0,0,0,0,0,0,0,0,0,0,0,0,0,0,"0",0,0,0,0,0,0,0,0,0,0,0,0,0,0,0,0,"0",0,0,0,"0",0,0,0,0,"0",0,0,0,0,0,0,0,0,0,0,0,0,0,0,0,"0","0","0","0","0","0","0","0","0","0","0","0","0","0","0","0","0","0","0","0","1","0","0","0","1","1","0","0","1","1","0","0","0","0","0","0","0","0","0","0","0","0","0","0","0","0","0","0","0","0","0","0","0","0","0","0","0","0","0","0","0","0","0","0","1","0","0","0","0","0","0","0","0","0","0","0","0","0","0","0","0","0","0","0","0","1","0","0","0","0","0","0","1","202204","202204","1023"
"7991525","530010","72210510","00000000000000","3","3","00394700000108","","","","0010","","1","E","","","04","","01","42","03","","99","","","","","","","","","","","","","","","","0","0","1","0","0","0","1","0","0","0","0","0","0","0",0,0,0,"0",0,0,0,0,0,0,0,0,0,0,0,0,0,0,"0",0,0,0,0,0,0,0,0,0,0,0,0,0,0,0,0,"0",0,0,0,"0",0,0,0,0,"0",0,0,0,0,0,0,0,0,0,0,0,0,0,0,0,"0","0","0","0","0","0","0","0","0","0","0","0","0","0","0","0","0","0","0","0","0","0","0","0","0","1","0","0","1","1","0","0","0","0","0","0","0","0","0","0","0","0","0","0","0","0","0","0","0","0","0","0","0","0","0","0","0","0","0","0","0","0","0","0","1","0","0","0","0","0","0","0","0","0","0","0","0","0","0","0","0","0","0","0","0","1","0","0","0","0","0","0","1","202204","202204","1023"
"7991541","530010","72120000","00000000000000","3","3","00394700000108","","","","0010","","1","E","","","04","","03","42","03","","99","","","","","","","","","","","","","","","","0","0","1","0","0","0","1","0","0","0","0","0","0","0",0,0,0,"0",0,0,0,0,0,0,0,0,0,0,0,0,0,0,"0",0,0,0,0,0,0,0,0,0,0,0,0,0,0,0,0,"0",0,0,0,"0",0,0,0,0,"0",0,0,0,0,0,0,0,0,0,0,0,0,0,0,0,"0","0","0","0","0","0","0","0","0","0","0","0","0","0","0","0","0","0","0","0","0","0","0","0","0","1","0","0","1","1","0","0","0","0","0","0","0","0","0","0","0","0","0","0","0","0","0","0","0","0","0","0","0","0","0","0","0","0","0","0","0","0","0","0","1","0","0","0","0","0","0","0","0","0","0","0","0","0","0","0","0","0","0","0","0","1","0","0","0","0","0","0","1","202204","202204","1023"
"7991568","530010","72305708","00000000000000","3","3","00394700000108","","","","0010","","1","E","","","04","","03","42","03","","99","","","","","","","","","","","","","","","","0","0","1","0","0","0","1","0","0","0","0","0","0","0",0,0,0,"0",0,0,0,0,0,0,0,0,0,0,0,0,0,0,"0",0,0,0,0,0,0,0,0,0,0,0,0,0,0,0,0,"0",0,0,0,"0",0,0,0,0,"0",0,0,0,0,0,0,0,0,0,0,0,0,0,0,0,"0","0","0","0","0","0","0","0","0","0","0","0","0","0","0","0","0","0","0","0","0","0","0","0","0","1","0","0","1","1","0","0","0","0","0","0","0","0","0","0","0","0","0","0","0","0","0","0","0","0","0","0","0","0","0","0","0","0","0","0","0","0","0","0","1","0","0","0","0","0","0","0","0","0","0","0","0","0","0","0","0","0","0","0","0","1","0","0","0","0","0","0","1","202204","202204","1023"
"7991576","530010","72305708","00000000000000","3","3","00394700000108","","","","0010","","1","E","","","04","","03","42","03","","99","","","","","","","","","","","","","","","","0","0","1","0","0","0","1","0","0","0","0","0","0","0",0,0,0,"0",0,0,0,0,0,0,0,0,0,0,0,0,0,0,"0",0,0,0,0,0,0,0,0,0,0,0,0,0,0,0,0,"0",0,0,0,"0",0,0,0,0,"0",0,0,0,0,0,0,0,0,0,0,0,0,0,0,0,"0","0","0","0","0","0","0","0","0","0","0","0","0","0","0","0","0","0","0","0","0","0","0","0","0","1","0","0","1","1","0","0","0","0","0","0","0","0","0","0","0","0","0","0","0","0","0","0","0","0","0","0","0","0","0","0","0","0","0","0","0","0","0","0","1","0","0","0","0","0","0","0","0","0","0","0","0","0","0","0","0","0","0","0","0","1","0","0","0","0","0","0","1","202204","202204","1023"
"7991584","530010","70340906","00000000000000","3","3","00394700000108","","","","0010","","1","E","","","04","","01","42","03","","99","","","","","","","","","","","","","","","","0","0","1","0","0","0","1","0","0","0","0","0","0","0",0,0,0,"0",0,0,0,0,0,0,0,0,0,0,0,0,0,0,"0",0,0,0,0,0,0,0,0,0,0,0,0,0,0,0,0,"0",0,0,0,"0",0,0,0,0,"0",0,0,0,0,0,0,0,0,0,0,0,0,0,0,0,"0","0","0","0","0","0","0","0","0","0","0","0","0","0","0","0","0","0","0","0","0","0","0","0","0","1","0","0","1","1","0","0","0","0","0","0","0","0","0","0","0","0","0","0","0","0","0","0","0","0","0","0","0","0","0","0","0","0","0","0","0","0","0","0","1","0","0","0","0","0","0","0","0","0","0","0","0","0","0","0","0","0","0","0","0","1","0","0","0","0","0","0","1","202204","202204","1023"
"7991592","530010","72420175","00000000000000","3","3","00394700000108","","","","0010","","1","E","","","04","","03","42","03","","99","","","","","","","","","","","","","","","","0","0","1","0","0","0","1","0","0","0","0","0","0","0",0,0,0,"0",0,0,0,0,0,0,0,0,0,0,0,0,0,0,"0",0,0,0,0,0,0,0,0,0,0,0,0,0,0,0,0,"0",0,0,0,"0",0,0,0,0,"0",0,0,0,0,0,0,0,0,0,0,0,0,0,0,0,"0","0","0","0","0","0","0","0","0","0","0","0","0","0","0","0","0","0","0","0","0","0","0","0","0","1","0","0","1","1","0","0","0","0","0","0","0","0","0","0","0","0","0","0","0","0","0","0","0","0","0","0","0","0","0","0","0","0","0","0","0","0","0","0","1","0","0","0","0","0","0","0","0","0","0","0","0","0","0","0","0","0","0","0","0","1","0","0","0","0","0","0","1","202204","202204","1023"
"7992173","530010","70200760","24675089000154","3","1","00000000000000","","","","0015","","0","E","","","04","","03","36","03","","99","","","","","","","","LICENCA DE FUNCIONAMENTO","20210508","1","","","","","","0","0","1","0","0","0","1","0","0","0","0","1","0","1",6,0,0,"1",0,0,0,0,0,0,0,0,0,0,0,0,0,0,"0",0,6,0,0,0,0,0,0,0,0,0,0,0,0,0,0,"1",0,0,0,"0",0,0,0,0,"0",0,0,0,0,0,0,0,0,0,0,0,0,0,0,0,"0","0","1","0","0","0","0","0","0","0","0","0","0","0","0","0","0","0","0","0","0","1","0","0","1","0","0","0","1","1","0","0","0","0","0","0","0","0","0","0","0","0","0","0","0","0","0","0","0","0","0","1","0","0","0","1","0","0","0","0","0","0","0","0","0","0","0","0","0","0","0","0","0","0","0","0","0","0","0","0","0","0","0","0","0","0","0","0","0","0","0","0","1","202204","202204","2062"
"7994613","530010","72302565","05508282000580","3","1","00000000000000","","","","0140","","0","E","","","04","","03","04","03","","99","","","","","","","","53900354945","20181016","1","","","","","","0","0","1","0","0","0","1","0","0","0","0","0","0","0",0,0,0,"0",0,0,0,0,0,0,0,0,0,0,0,0,0,0,"0",0,0,0,14,0,0,0,0,0,0,0,0,0,0,0,0,"1",0,0,0,"0",0,0,0,0,"0",0,0,0,0,0,0,0,0,0,0,0,0,0,0,0,"0","0","1","0","0","0","0","0","0","0","0","0","0","0","0","0","0","0","0","0","0","0","0","0","1","0","0","0","1","1","0","0","0","0","0","0","0","0","0","0","0","0","0","0","0","0","0","0","0","0","0","1","0","0","0","1","0","0","0","0","0","0","0","0","0","0","0","0","0","0","0","0","0","0","0","0","0","0","0","0","0","0","0","0","0","0","0","0","0","0","0","0","1","202005","202204","2062"
"7994648","530010","70200670","21618588000111","3","1","00000000000000","","","","0015","","0","E","","","04","","03","22","03","","99","","","","","","","","53201980952","20240422","1","","","","","","0","0","1","0","0","0","1","0","0","0","0","0","0","0",0,0,0,"0",0,0,0,0,0,0,0,0,0,0,0,0,0,0,"0",1,0,0,0,0,0,0,0,0,0,0,0,0,0,0,0,"1",0,0,0,"0",0,0,0,0,"0",0,0,0,0,0,0,0,0,0,0,0,0,0,0,0,"0","0","1","0","0","0","0","0","0","0","0","0","0","0","0","0","0","0","0","0","0","0","0","0","1","0","0","0","0","0","0","0","0","0","0","0","0","0","0","0","0","0","0","0","0","0","0","0","0","0","0","1","0","0","0","0","0","0","0","0","0","0","0","0","0","0","0","0","0","0","0","0","0","0","0","0","0","0","0","0","0","0","0","0","0","0","0","0","0","0","0","0","1","202107","202204","2062"
"7997965","530010","70200740","17921435000171","3","1","00000000000000","","","","","","0","E","","","04","","01","04","04","","99","","","","","","","","Nº EAS.20249-01","20210131","1","","","","","","0","0","1","0","0","0","1","0","0","0","0","0","0","0",0,0,0,"0",0,0,0,0,0,0,0,0,0,0,0,0,0,0,"0",0,2,0,1,0,0,0,0,0,0,0,0,0,0,0,1,"1",0,0,0,"0",0,0,0,0,"0",0,0,0,0,0,0,0,0,0,0,0,0,0,0,0,"0","0","1","0","0","0","0","0","0","0","0","0","0","0","0","0","0","0","0","0","0","0","0","0","1","1","0","0","1","1","0","0","0","0","0","0","0","0","0","0","0","0","0","0","0","0","0","0","0","0","0","1","0","0","1","1","1","0","0","0","0","0","0","0","0","0","0","0","0","0","0","0","0","0","0","0","0","0","0","0","0","0","0","0","0","0","0","0","0","0","0","0","1","202201","202204","2305"
"7998031","530010","70390906","61486650077569","3","1","00000000000000","","","","","","0","E","","","04","","","39","03","","99","","","","","","","","","","","","","","","","0","0","1","0","0","0","1","0","0","0","0","0","0","0",0,0,0,"0",0,0,0,0,0,0,0,0,0,0,0,0,0,0,"0",0,0,0,0,0,0,0,1,0,0,0,0,0,0,0,0,"1",0,0,0,"0",0,0,0,0,"0",0,0,0,0,0,0,0,0,1,0,0,0,0,0,0,"0","0","0","0","0","0","0","0","0","0","0","0","0","0","0","0","0","0","1","0","0","0","0","0","1","1","0","0","1","1","0","0","0","0","0","0","0","0","0","0","0","0","0","0","0","0","0","0","0","0","0","0","0","0","0","0","0","0","1","0","0","0","1","0","0","0","0","0","0","0","0","0","0","0","0","0","0","0","0","0","0","0","0","0","0","0","0","0","0","0","0","0","1","202010","202204","2046"
"7998104","530010","70294100","24314032000120","3","1","00000000000000","","","","0090","","0","E","","","04","","01","36","03","","99","","","","","","","","","","","","","","","","0","0","1","0","0","0","1","0","0","0","0","0","0","0",0,0,0,"0",0,0,0,0,0,0,0,0,0,0,0,0,0,0,"0",0,2,0,0,0,0,0,0,0,0,0,0,0,0,0,0,"1",0,0,0,"0",0,0,0,0,"0",0,0,0,0,0,0,0,0,0,0,0,0,0,0,0,"0","0","0","0","0","0","0","0","0","0","0","0","0","0","0","0","0","0","0","0","0","0","0","0","0","0","0","0","1","1","0","0","0","0","0","0","0","0","0","0","0","0","0","0","0","0","0","0","0","0","0","1","0","0","0","0","0","0","0","0","0","0","0","0","0","0","0","0","0","0","0","0","0","0","0","0","0","0","0","0","0","0","0","0","0","0","0","0","0","0","0","0","1","201901","202204","2240"
"7998341","530010","72130015","08086174000120","3","1","00000000000000","","","","0180","","0","E","","","04","","03","36","03","","99","","","","","","","","LICENCIAMENTO","20200806","1","","","","","","0","0","1","0","0","0","1","0","0","0","0","0","0","0",0,0,0,"0",0,0,0,0,0,0,0,0,0,0,0,0,0,0,"0",0,0,0,0,0,0,0,0,1,0,0,0,0,0,0,0,"1",0,0,0,"0",0,0,0,0,"0",0,0,0,0,0,0,0,0,0,0,0,0,0,0,0,"0","0","1","0","0","0","0","0","0","0","0","0","0","0","0","0","0","0","0","0","0","0","0","0","1","0","0","0","1","1","0","0","0","0","0","0","0","0","0","0","0","0","0","0","0","0","0","0","0","0","0","1","0","0","0","0","0","0","0","0","0","0","0","0","0","0","0","0","0","0","0","0","0","0","0","0","0","0","0","0","0","0","0","0","0","0","0","0","0","0","0","0","1","202105","202204","2240"
"7999631","530010","70350530","05698901000112","3","1","00000000000000","","","","","","0","E","","","04","","02","22","03","","99","","","","","","","","ODO.01344-01","20190618","1","","","","","","0","0","1","0","0","0","1","0","0","0","0","0","0","0",0,0,0,"0",0,0,0,0,0,0,0,0,0,0,0,0,0,0,"0",0,0,0,0,0,0,0,0,1,0,0,0,0,0,0,0,"1",0,0,0,"0",0,0,0,0,"0",0,0,0,0,0,0,0,0,0,0,0,0,0,0,0,"0","0","0","0","0","0","0","0","0","0","0","0","0","0","0","0","0","0","0","0","0","0","0","0","0","0","0","0","1","1","0","0","0","0","0","0","0","0","0","0","0","0","0","0","0","0","0","0","0","0","0","1","0","0","0","0","0","0","0","0","0","0","0","0","0","0","0","0","0","0","0","0","0","0","0","0","0","0","0","0","0","0","0","0","0","0","0","0","0","0","0","0","1","201912","202204","2062"
"7999984","530010","70390150","12343904000360","3","1","00000000000000","","","","0015","","0","E","","","04","","03","22","03","","99","","","","","","","","RLE","20210510","1","","","","","","0","0","0","0","0","0","0","0","0","0","0","0","0","0",0,0,0,"0",0,0,0,0,0,0,0,0,0,0,0,0,0,0,"0",0,1,0,0,0,0,0,0,0,0,0,0,0,0,0,0,"1",0,0,0,"0",0,0,0,0,"0",0,0,0,0,0,0,0,0,0,0,0,0,0,0,0,"0","0","0","0","0","0","0","0","0","0","0","0","0","0","0","0","0","0","0","0","0","0","0","0","0","1","0","0","1","1","0","0","0","0","0","0","0","0","0","0","0","0","0","0","0","0","0","0","0","0","0","1","0","0","0","1","0","0","0","0","0","0","0","0","0","0","0","0","0","0","0","0","0","0","0","0","0","0","0","0","0","0","0","0","0","0","0","0","0","0","0","0","1","202105","202204","2062"
"9001212","530010","70715900","03403713000194","3","1","00000000000000","","","","0010","","0","E","","","04","","03","36","04","","99","","","","","","","","ODO-1888/2019","20190624","1","","","","","","0","0","1","0","0","0","1","0","0","0","0","0","0","0",0,0,0,"0",0,0,0,0,0,0,0,0,0,0,0,0,0,0,"0",0,0,0,0,0,0,0,0,3,0,0,0,0,0,0,0,"1",0,0,0,"0",0,0,0,0,"0",0,0,0,0,0,0,0,0,0,0,0,0,0,0,0,"0","0","1","0","0","0","0","0","0","0","0","0","0","0","0","0","0","0","0","0","0","0","0","0","1","1","0","0","1","1","0","0","0","0","0","0","0","0","0","0","0","0","0","0","0","0","0","0","0","0","0","1","0","0","0","1","0","0","0","0","0","0","0","0","0","0","0","0","0","0","0","0","0","0","0","0","0","0","0","0","0","0","0","0","0","0","0","0","0","0","0","0","1","201910","202204","2240"
"9001980","530010","70200740","24651813000100","3","1","00000000000000","","","","","","0","E","","","04","","01","22","03","","99","","","","","","","","","","","","","","","","0","0","1","0","0","0","1","0","0","0","0","0","0","0",0,0,0,"0",0,0,0,0,0,0,0,0,0,0,0,0,0,0,"0",0,0,0,0,0,0,0,0,1,0,0,0,0,0,0,0,"1",0,0,0,"0",0,0,0,0,"0",0,0,0,0,0,0,0,0,0,0,0,0,0,0,0,"0","0","1","0","0","0","0","0","0","0","0","0","0","0","0","0","0","0","0","0","0","0","0","0","1","0","0","0","1","1","0","0","0","0","0","0","0","0","0","0","0","0","0","0","0","0","0","0","0","0","0","1","0","0","0","0","0","0","0","0","0","0","0","0","0","0","0","0","0","0","0","0","0","0","0","0","0","0","0","0","0","0","0","0","0","0","0","0","0","0","0","0","1","202103","202204","2062"
"9002650","530010","70310500","01262981000108","3","1","00000000000000","","","","0015","","0","E","","","04","","03","22","03","","99","","","","","","","","ODO.01 186-01","20210212","1","","","","","","0","0","1","0","0","0","1","0","0","0","0","0","0","0",0,0,0,"0",0,0,0,0,0,0,0,0,0,0,0,0,0,0,"0",0,0,0,0,0,0,0,0,1,0,0,0,0,0,0,0,"1",0,0,0,"0",0,0,0,0,"0",0,0,0,0,0,0,0,0,0,0,0,0,0,0,0,"0","0","1","0","0","0","0","0","1","0","0","0","0","0","0","0","0","0","0","0","0","0","0","0","1","1","0","0","1","1","0","0","0","0","0","0","0","0","0","0","0","0","0","0","0","0","0","0","0","0","0","1","0","0","0","1","0","0","0","0","0","0","0","0","0","0","0","0","0","0","0","0","0","0","0","0","0","0","0","0","0","0","0","0","0","0","0","0","0","0","0","0","1","202111","202204","2062"
"9002960","530010","71025010","00000000000000","3","3","00394700000108","","","","0010","","1","E","","","04","","03","42","06","","99","","","","","","","","","","","","","","","","0","0","1","0","0","0","1","0","0","0","0","0","0","0",0,0,0,"0",0,0,0,0,0,0,0,0,0,0,0,0,0,0,"0",0,0,0,0,0,0,0,0,0,0,0,0,0,0,0,0,"0",0,0,0,"0",0,0,0,0,"0",0,0,0,0,0,0,0,0,0,0,0,0,0,0,0,"0","0","0","0","0","0","0","0","0","0","0","0","0","0","0","0","0","0","0","0","0","0","0","0","0","1","1","0","1","1","0","0","0","0","0","0","0","0","0","0","0","0","0","0","0","0","0","0","0","0","0","0","0","0","0","0","0","0","0","0","0","0","0","0","1","0","0","0","0","0","0","0","0","0","0","0","0","0","0","0","0","0","0","0","0","1","0","0","0","0","0","0","1","202204","202204","1023"
"9006176","530010","71936970","03628122000891","3","1","00000000000000","","","","9901","","0","E","","","04","","03","36","03","","99","","","","","","","","RAD 0003-22","20191021","1","","","","","","0","0","1","0","0","0","1","0","0","0","0","0","0","0",0,0,0,"0",0,0,0,0,0,0,0,0,0,0,0,0,0,0,"0",0,2,0,0,0,0,0,0,0,0,0,0,0,0,0,0,"1",0,0,0,"0",0,0,0,0,"0",0,0,0,0,0,0,0,0,0,0,0,0,0,0,0,"0","0","1","0","0","0","0","0","0","0","0","0","0","0","0","0","0","0","0","0","0","0","0","0","1","0","0","0","1","1","0","0","0","0","0","0","0","0","0","0","0","0","0","0","0","0","0","0","0","0","0","1","0","0","0","1","0","0","0","0","0","0","0","0","0","0","0","0","0","0","0","0","0","0","0","0","0","0","0","0","0","0","0","0","0","0","0","0","0","0","0","0","1","201910","202204","2062"
"9006192","530010","72015525","03628122001006","3","1","00000000000000","","","","0180","","0","E","","","04","","03","36","03","","99","","","","","","","","RAD 00010 - 14","20191030","1","","","","","","0","0","1","0","0","0","1","0","0","0","0","0","0","0",0,0,0,"0",0,0,0,0,0,0,0,0,0,0,0,0,0,0,"0",0,0,0,4,0,0,0,0,0,0,0,0,0,0,0,0,"1",0,0,0,"0",0,0,0,0,"0",0,0,0,0,0,0,0,0,0,0,0,0,0,0,0,"0","0","0","0","0","0","0","0","0","0","0","0","0","0","0","0","0","0","1","0","0","0","0","0","1","0","0","0","1","1","0","0","0","0","0","0","0","0","0","0","0","0","0","0","0","0","0","0","0","0","0","1","0","0","0","1","0","0","0","0","0","0","0","0","0","0","0","0","0","0","0","0","0","0","0","0","0","0","0","0","0","0","0","0","0","0","0","0","0","0","0","0","1","201910","202204","2062"
"9007261","530010","72215172","03628122001197","3","1","00000000000000","","","","0180","","0","E","","","04","","03","36","03","","99","","","","","","","","RAD 00455 - 16","20191030","1","","","","","","0","0","1","0","0","0","1","0","0","0","0","0","0","0",0,0,0,"0",0,0,0,0,0,0,0,0,0,0,0,0,0,0,"0",0,0,0,6,0,0,0,0,0,0,0,0,0,0,0,0,"1",0,0,0,"0",0,0,0,0,"0",0,0,0,0,0,0,0,0,0,0,0,0,0,0,0,"0","0","1","0","0","0","0","0","0","0","0","0","0","0","0","0","0","0","0","0","0","0","0","0","1","0","0","0","1","1","0","0","0","0","0","0","0","0","0","0","0","0","0","0","0","0","0","0","0","0","0","1","0","0","0","1","0","0","0","0","0","0","0","0","0","0","0","0","0","0","0","0","0","0","0","0","0","0","0","0","0","0","0","0","0","0","0","0","0","0","0","0","1","201910","202204","2062"
"9007318","530010","70673416","03628122000972","3","1","00000000000000","","","","9931","","0","E","","","04","","03","36","03","","99","","","","","","","","RAD 0004-04","20190923","1","","","","","","0","0","1","0","0","0","1","0","0","0","0","0","0","0",0,0,0,"0",0,0,0,0,0,0,0,0,0,0,0,0,0,0,"0",0,1,0,0,0,0,0,0,0,0,0,0,0,0,0,0,"1",0,0,0,"0",0,0,0,0,"0",0,0,0,0,0,0,0,0,0,0,0,0,0,0,0,"0","0","1","0","0","0","0","0","0","0","0","0","0","0","0","0","0","0","0","0","0","0","0","0","1","0","0","0","1","1","0","0","0","0","0","0","0","0","0","0","0","0","0","0","0","0","0","0","0","0","0","1","0","0","0","1","0","0","0","0","0","0","0","0","0","0","0","0","0","0","0","0","0","0","0","0","0","0","0","0","0","0","0","0","0","0","0","0","0","0","0","0","1","201909","202204","2062"
"9010270","530010","70340907","03628122000620","3","1","00000000000000","","","","0015","","0","E","","","04","","03","36","03","","99","","","","","","","","RAD 01718-01","20190930","1","","","","","","0","0","1","0","0","0","1","0","0","0","0","0","0","0",0,0,0,"0",0,0,0,0,0,0,0,0,0,0,0,0,0,0,"0",0,0,0,3,0,0,0,0,0,0,0,0,0,0,0,0,"1",0,0,0,"0",0,0,0,0,"0",0,0,0,0,0,0,0,0,0,0,0,0,0,0,0,"0","0","1","0","0","0","0","0","0","0","0","0","0","0","0","0","0","0","0","0","0","0","0","0","1","0","0","0","1","1","0","0","0","0","0","0","0","0","0","0","0","0","0","0","0","0","0","0","0","0","0","1","0","0","0","1","0","0","0","0","0","0","0","0","0","0","0","0","0","0","0","0","0","0","0","0","0","0","0","0","0","0","0","0","0","0","0","0","0","0","0","0","1","201909","202204","2062"
"9010297","530010","71909720","03863885000302","3","1","00000000000000","","","","","","0","E","","","04","","01","04","03","","99","","","","","","","","EAS.00089-22","20210610","1","","","","","","0","0","1","0","0","0","1","0","0","0","0","0","0","0",0,0,0,"0",0,0,0,0,0,0,0,0,0,0,0,0,0,0,"0",1,2,0,2,0,0,0,0,0,0,0,0,0,0,0,0,"1",0,0,0,"0",0,0,0,0,"0",0,0,0,0,0,0,0,0,0,0,0,0,0,0,0,"0","0","1","0","0","0","0","0","0","0","0","0","0","0","0","0","0","0","0","1","0","0","0","0","1","1","0","0","1","1","0","0","0","0","0","0","0","0","0","0","0","0","0","0","0","0","0","0","0","0","0","1","0","0","0","1","0","0","0","0","0","0","0","0","0","0","0","0","0","0","0","0","0","0","0","0","0","0","0","0","0","0","0","0","0","0","0","0","0","0","0","0","1","202106","202204","2062"
"9011404","530010","70390095","01718048000100","3","1","00000000000000","","","","","","0","E","","","04","","03","36","03","","99","","","","","","","","RAD 0536901","20190826","1","","","","","","0","0","1","0","0","0","1","0","0","0","0","0","0","0",0,0,0,"0",0,0,0,0,0,0,0,0,0,0,0,0,0,0,"0",0,1,0,0,0,0,0,0,0,0,0,0,0,0,0,0,"1",0,0,0,"0",0,0,0,0,"0",0,0,0,0,0,0,0,0,0,0,0,0,0,0,0,"0","0","1","0","0","0","0","0","0","0","0","0","0","0","0","0","0","0","0","0","0","0","0","0","1","1","0","0","0","1","0","0","0","0","0","0","0","0","0","0","0","0","0","0","0","0","0","0","0","0","0","1","0","0","0","0","0","0","0","0","0","0","0","0","0","0","0","0","0","0","0","0","0","0","0","0","0","0","0","0","0","0","0","0","0","0","0","0","0","0","0","0","1","202003","202204","2062"
"9019456","530010","70077900","13899353000117","3","1","00000000000000","","","","","","0","E","","","04","","03","36","03","","99","","","","","","","","53600335783","20190604","1","","","","","","0","0","1","0","0","0","1","0","0","0","0","0","0","0",0,0,0,"0",0,0,0,0,0,0,0,0,0,0,0,0,0,0,"0",0,0,0,0,0,0,0,0,1,0,0,0,0,0,0,0,"1",0,0,0,"0",0,0,0,0,"0",0,0,0,0,0,0,0,0,0,0,0,0,0,0,0,"0","0","1","0","0","0","0","0","1","0","0","0","0","0","0","0","0","0","0","0","0","0","0","0","1","1","0","0","0","1","0","0","0","0","0","0","0","0","0","0","0","0","0","0","0","0","0","0","0","0","0","1","0","0","0","0","0","0","0","0","0","0","0","0","0","0","0","0","0","0","0","0","0","0","0","0","0","0","0","0","0","0","0","0","0","0","0","0","0","0","0","0","1","202003","202204","2305"
"9019480","530010","71939540","16861002000105","3","1","00000000000000","","","","","","0","E","","","04","","01","36","03","","99","","","","","","","","ODO.00036-22","20210222","1","","","","","","0","0","1","0","0","0","1","0","0","0","0","0","0","0",0,0,0,"0",0,0,0,0,0,0,0,0,0,0,0,0,0,0,"0",0,0,0,0,0,0,0,0,2,0,0,0,0,0,0,0,"1",0,0,0,"0",0,0,0,0,"0",0,0,0,0,0,0,0,0,0,0,0,0,0,0,0,"0","0","1","0","0","0","0","0","1","0","0","0","0","0","0","0","0","0","0","0","0","0","0","0","1","1","0","0","1","1","0","0","0","0","0","0","0","0","0","0","0","0","0","0","0","0","0","0","0","0","0","1","0","0","0","0","0","0","0","0","0","0","0","0","0","0","0","0","0","0","0","0","0","0","0","0","0","0","0","0","0","0","0","0","0","0","0","0","0","0","0","0","1","202104","202204","2062"
"9019499","530010","70744500","00718528003388","3","1","00000000000000","","","","0010","","0","E","","","04","","03","39","03","","99","","","","","","","","LAB 05662-01","20210503","1","","","","","","0","0","1","0","0","0","1","0","0","0","0","0","0","0",0,0,0,"0",0,0,0,0,0,0,0,0,0,0,0,0,0,0,"0",0,0,0,0,0,0,0,0,0,0,0,0,0,0,0,0,"0",0,0,0,"0",0,0,0,0,"0",0,0,0,0,0,0,0,0,0,0,0,0,0,0,0,"0","0","1","0","0","0","0","0","0","0","0","0","0","0","0","0","0","0","0","0","0","0","0","0","1","1","0","0","1","1","0","0","0","0","0","0","0","0","0","0","0","0","0","0","0","0","0","0","0","0","0","0","0","0","0","0","0","0","1","0","0","1","1","0","0","0","0","0","0","0","0","0","0","0","0","0","0","0","0","0","0","0","0","0","0","0","0","0","0","0","0","0","1","202108","202204","2054"
"9020039","530010","70390700","61486650079006","3","1","00000000000000","","","","","","0","E","","","04","","03","39","06","","99","","","","","","","","LAB 05713-01","20210820","1","","","","","","0","0","1","0","0","0","1","0","0","0","0","0","0","0",0,0,0,"0",0,0,0,0,0,0,0,0,0,0,0,0,0,0,"0",0,0,0,0,0,0,0,1,0,0,0,0,0,0,0,0,"1",0,0,0,"0",0,0,0,0,"0",0,0,0,0,0,0,0,0,1,0,0,0,0,0,0,"0","0","0","0","0","0","0","0","0","0","0","0","0","0","0","0","0","0","1","0","0","0","0","0","1","1","0","0","1","1","0","0","0","0","0","0","0","0","0","0","0","0","0","0","0","0","0","0","0","0","0","0","0","0","0","0","0","0","1","0","0","0","1","0","0","0","0","0","0","0","0","0","0","0","0","0","0","0","0","0","0","0","0","0","0","0","0","0","0","0","0","0","1","202109","202204","2046"
"9020292","530010","71571000","37130952000210","3","1","00000000000000","","","","0110","","0","E","","","04","","01","36","04","","99","","","","","","","","","","","","","","","","0","0","1","0","0","0","1","0","0","0","0","0","0","0",0,0,0,"0",0,0,0,0,0,0,0,0,0,0,0,0,0,0,"0",0,0,0,0,0,0,0,0,3,0,0,0,0,0,0,0,"1",0,0,0,"0",0,0,0,0,"0",0,0,0,0,0,0,0,0,0,0,0,0,0,0,0,"0","0","1","0","0","0","0","0","0","0","0","0","0","0","0","0","0","0","0","0","0","0","0","0","1","1","0","0","1","1","0","0","0","0","0","0","0","0","0","0","0","0","0","0","0","0","0","0","0","0","0","1","0","0","0","1","0","0","0","0","0","0","0","0","0","0","0","0","0","0","0","0","0","0","0","0","0","0","0","0","0","0","0","0","0","0","0","0","0","0","0","0","1","202108","202204","2062"
"9022783","530010","71909720","21598456000175","3","1","00000000000000","","","","9901","","0","E","","","04","","03","36","04","","99","","","","","","","","ODO.00062-22","20191119","1","","","","","","0","0","1","0","0","0","1","0","0","0","0","0","0","0",0,0,0,"0",0,0,0,0,0,0,0,0,0,0,0,0,0,0,"0",0,1,0,0,0,0,0,0,0,0,0,0,0,0,0,0,"1",0,0,0,"0",0,0,0,0,"0",0,0,0,0,0,0,0,0,0,0,0,0,0,0,0,"0","0","1","0","0","0","0","0","1","0","0","0","0","0","0","0","0","0","0","0","0","0","0","0","1","1","1","0","0","1","0","0","0","0","0","0","0","0","0","0","0","0","0","0","0","0","0","0","0","0","0","1","0","0","0","0","0","0","0","0","0","0","0","0","0","0","0","0","0","0","0","0","0","0","0","0","0","0","0","0","0","0","0","0","0","0","0","0","0","0","0","0","1","202002","202204","2305"
"9024654","530010","72410206","09104513000540","3","1","00000000000000","","","","0060","","0","E","","","04","","03","36","03","","99","","","","","","","","00126/2016","20180719","1","","","","","","0","0","1","0","0","0","1","0","0","1","0","0","0","1",22,0,0,"1",0,0,0,3,0,0,0,0,0,1,0,0,1,7,"1",0,7,0,5,0,0,0,3,0,2,1,0,0,0,0,2,"1",0,0,0,"0",0,0,0,0,"0",0,0,0,0,0,0,0,0,3,0,0,0,0,0,0,"0","0","1","0","0","0","1","0","1","1","0","0","0","0","0","0","0","1","0","1","0","1","0","0","1","1","1","0","1","1","0","0","0","0","0","0","0","0","0","0","0","0","0","0","0","0","0","0","0","0","0","1","0","0","1","1","0","0","0","0","0","0","0","0","0","0","0","0","0","0","0","0","0","0","0","0","0","0","0","0","0","0","0","0","0","0","0","0","0","0","0","0","1","202201","202204","2054"
"9025391","530010","71736102","15113393000117","3","1","00000000000000","","","","","","0","E","","","04","","03","77","03","","99","","","","","","","","0023-11/2021","20210428","1","","","","","","0","0","1","0","0","0","1","0","0","0","0","0","0","0",0,0,0,"0",0,0,0,0,0,0,0,0,0,0,0,0,0,0,"0",0,0,0,0,0,0,0,0,0,0,0,0,0,0,0,0,"0",0,0,0,"0",0,0,0,0,"0",0,0,0,0,0,0,0,0,0,0,0,0,0,0,0,"0","0","0","0","0","0","0","0","0","0","0","0","0","0","0","0","0","0","0","0","0","0","0","0","0","0","1","0","0","1","0","0","0","0","0","0","0","0","0","0","0","0","0","0","0","0","0","0","0","0","0","0","0","0","0","1","0","0","0","0","0","0","0","0","0","0","0","0","0","0","0","0","0","0","0","0","0","0","0","0","0","0","0","0","0","0","0","0","0","0","0","0","1","202105","202204","2305"
"9025731","530010","70200730","61590410000710","3","1","00000000000000","","","","0015","","0","E","","","04","","02","36","03","","99","","","","","","","","","20190225","1","","","","","","0","0","1","0","0","0","1","0","0","0","0","0","0","0",0,0,0,"0",0,0,0,0,0,0,0,0,0,0,0,0,0,0,"1",0,1,0,0,0,0,0,0,0,0,0,0,0,0,0,0,"1",0,0,0,"0",0,0,0,0,"0",0,0,0,1,1,0,0,0,0,0,0,0,0,0,0,"0","0","1","0","0","0","0","0","0","0","0","0","0","0","0","0","0","0","1","0","0","0","0","0","1","1","0","1","1","1","0","0","0","0","0","0","0","0","0","0","0","0","0","0","0","0","0","0","0","0","0","1","0","0","0","1","0","0","0","0","0","0","0","0","0","0","0","0","0","0","0","0","0","0","0","0","0","0","0","0","0","0","0","0","0","0","0","0","0","0","0","0","1","202110","202204","3999"
"9027874","530010","70770560","19863862000176","3","1","00000000000000","","","","0005","","0","E","","","04","","01","22","03","","99","","","","","","","","","","","","","","","","0","0","1","0","0","0","1","0","0","0","0","0","0","0",0,0,0,"0",0,0,0,0,0,0,0,0,0,0,0,0,0,0,"0",0,1,0,0,0,0,0,0,0,0,0,0,0,0,0,0,"1",0,0,0,"0",0,0,0,0,"0",0,0,0,0,0,0,0,0,0,0,0,0,0,0,0,"0","0","1","0","0","0","0","0","0","0","0","0","0","0","0","0","0","0","0","0","0","0","0","0","1","0","0","0","1","1","0","0","0","0","0","0","0","0","0","0","0","0","0","0","0","0","0","0","0","0","0","1","0","0","1","1","0","0","0","0","0","0","0","0","0","0","0","0","0","0","0","0","0","0","0","0","0","0","0","0","0","0","0","0","0","0","0","0","0","0","0","0","1","202011","202204","2062"
"9029893","530010","70350510","13649407000277","3","1","00000000000000","","","","","","0","E","","","04","","01","04","03","","99","","","","","","","","","20210222","","","","","","","0","0","1","0","0","0","1","0","0","0","0","0","0","0",0,0,0,"0",0,0,0,0,0,0,0,0,0,0,0,0,0,0,"0",0,0,0,3,0,0,0,0,0,0,0,0,0,0,0,0,"1",0,0,0,"0",0,0,0,0,"0",0,0,0,0,0,0,0,0,0,0,0,0,0,0,0,"0","0","1","0","0","0","0","0","0","0","1","0","0","0","0","0","0","0","0","0","0","0","0","0","1","0","0","0","1","1","0","0","0","0","0","0","0","0","0","0","0","0","0","0","0","0","0","0","0","0","0","1","0","0","0","1","0","0","0","0","0","0","0","0","0","0","0","0","0","0","0","0","0","0","0","0","0","0","0","0","0","0","0","0","0","0","0","0","0","0","0","0","1","202103","202204","2062"
"9031324","530010","70804005","20588071000164","3","1","00000000000000","","","","0005","","0","E","","","04","","01","04","03","","99","001","31291","257583","","","","","0074502","20200921","2","","","","","","0","0","1","0","0","0","1","0","0","0","0","0","0","0",0,0,0,"0",0,0,0,0,0,0,0,0,0,0,0,0,0,0,"0",7,0,0,1,0,0,0,0,0,0,1,0,0,0,0,0,"1",0,0,0,"0",0,0,0,0,"0",0,0,0,0,0,0,0,0,0,0,0,0,0,0,0,"0","0","0","1","0","0","0","0","0","0","0","0","0","0","0","0","0","0","0","0","0","0","0","0","1","0","0","0","1","1","0","0","0","0","0","0","0","0","0","0","0","0","0","0","0","0","0","0","0","0","0","1","0","0","1","1","0","0","1","0","0","1","1","0","0","0","0","0","0","0","0","0","0","0","0","0","0","0","0","0","0","0","0","0","0","0","0","0","0","0","0","0","1","202011","202204","2062"
"9031340","530010","73017017","00000000000000","3","3","00394700000108","","06","","0170","","1","E","","","04","","03","36","03","","99","","","","","","","","","","","","","","","","0","0","1","0","0","0","1","0","0","0","0","0","0","0",0,0,0,"0",0,0,0,0,0,0,0,0,0,0,0,0,0,0,"0",0,0,0,4,0,0,0,0,0,0,0,0,0,0,0,0,"1",0,0,0,"0",0,0,0,0,"0",0,0,0,0,0,0,0,0,0,0,0,0,0,0,0,"0","0","0","0","0","0","0","0","0","0","0","0","0","0","0","0","0","0","0","0","0","0","0","0","0","0","0","0","1","1","0","0","0","0","0","0","0","0","0","0","0","0","0","0","0","0","0","0","0","0","1","0","0","0","0","0","0","0","0","0","0","0","0","0","0","0","0","0","0","0","0","0","0","0","0","0","0","0","0","0","0","0","0","0","0","0","0","0","0","0","0","0","1","202204","202204","1023"
"9032290","530010","72115700","08868518000153","3","1","00000000000000","","","","0180","","0","E","","","04","","03","04","03","","99","","","","","","","","RLE DIGITAL CERTIF DE LIC","20201222","1","","","","","","0","0","1","0","0","0","1","0","0","0","0","0","0","0",0,0,0,"0",0,0,0,0,0,0,0,0,0,0,0,0,0,0,"0",1,1,0,1,0,0,0,0,0,0,0,0,0,0,0,0,"1",0,0,0,"0",0,0,0,0,"0",0,0,0,0,0,0,0,0,0,0,0,0,0,0,0,"0","0","1","0","0","0","0","0","0","0","0","0","0","0","0","0","0","0","0","0","0","0","0","0","1","1","0","0","1","1","0","0","0","0","0","0","0","0","0","0","0","0","0","0","0","0","0","0","0","0","0","1","0","0","1","1","0","0","0","0","0","0","0","0","0","0","0","0","0","0","0","0","0","0","0","0","0","0","0","0","0","0","0","0","0","0","0","0","0","0","0","0","1","202103","202204","2062"
"9034587","530010","70390150","25110959000100","3","1","00000000000000","","","","0010","","0","E","","","04","","01","36","03","","99","","","","","","","","EAS.30108-01","20181024","1","","","","","","0","0","1","0","0","0","1","0","0","0","0","0","0","0",0,0,0,"0",0,0,0,0,0,0,0,0,0,0,0,0,0,0,"0",0,0,0,2,0,0,0,0,0,0,0,0,0,0,0,0,"1",0,0,0,"0",0,0,0,0,"0",0,0,0,0,0,0,0,0,0,0,0,0,0,0,0,"0","0","0","0","0","0","0","0","0","0","0","0","0","0","0","0","0","0","0","0","0","0","0","0","0","0","0","0","1","1","0","0","0","0","0","0","0","0","0","0","0","0","0","0","0","0","0","0","0","0","0","1","0","0","0","1","0","0","0","0","0","0","0","0","0","0","0","0","0","0","0","0","0","0","0","0","0","0","0","0","0","0","0","0","0","0","0","0","0","0","0","0","1","201908","202204","2305"
"9034625","530010","72010120","17190995000101","3","1","00000000000000","","","","0180","","0","E","","","04","","01","04","03","","99","","","","","","","","00172-14","20210519","1","","","","","","0","0","1","0","0","0","1","0","0","0","0","0","0","0",0,0,0,"0",0,0,0,0,0,0,0,0,0,0,0,0,0,0,"0",1,10,0,1,0,0,0,0,0,0,0,0,0,0,0,0,"1",0,0,0,"0",0,0,0,0,"0",0,0,0,0,0,0,0,0,0,0,0,0,0,0,0,"0","0","1","0","0","0","0","0","0","0","1","0","0","0","0","0","0","0","0","1","0","1","0","0","1","1","0","0","1","1","0","0","0","0","0","0","0","0","0","0","0","0","0","0","0","0","0","0","0","0","0","1","0","0","1","1","0","0","0","0","0","0","0","0","0","0","0","0","0","0","0","0","0","0","0","0","0","0","0","0","0","0","0","0","0","0","0","0","0","0","0","0","1","202105","202204","2062"
"9038035","530010","70390095","19308416000108","3","1","00000000000000","","","","0010","","0","E","","","04","","01","36","03","","99","","","","","","","","EAS.03850","20200102","1","","","","","","0","0","1","0","0","0","1","0","0","0","0","0","0","0",0,0,0,"0",0,0,0,0,0,0,0,0,0,0,0,0,0,0,"0",0,1,0,0,0,0,0,0,0,0,0,0,0,0,0,0,"1",0,0,0,"0",0,0,0,0,"0",0,0,0,0,0,0,0,0,0,0,0,0,0,0,0,"0","0","1","0","0","0","0","0","0","0","0","0","0","0","0","0","0","0","0","0","0","0","0","0","1","1","0","0","1","1","0","0","0","0","0","0","0","0","0","0","0","0","0","0","0","0","0","0","0","0","0","1","0","0","0","1","0","0","0","0","0","0","0","0","0","0","0","0","0","0","0","0","0","0","0","0","0","0","0","0","0","0","0","0","0","0","0","0","0","0","0","0","1","202108","202204","2062"
"9038272","530010","70390150","21526343000164","3","1","00000000000000","","","","0010","","0","E","","","04","","03","04","03","","99","","","","","","","","EAS.20264-01","20210521","1","","","","","","0","0","1","0","0","0","1","0","0","0","0","0","0","0",0,0,0,"0",0,0,0,0,0,0,0,0,0,0,0,0,0,0,"0",0,2,0,1,0,0,0,0,0,0,0,0,0,0,0,0,"1",0,0,0,"0",0,0,0,0,"0",0,0,0,0,0,0,0,0,0,0,0,0,0,0,0,"0","0","1","0","0","0","0","0","0","0","0","0","0","0","0","0","0","0","0","0","0","0","0","0","1","0","0","0","1","1","0","0","0","0","0","0","0","0","0","0","0","0","0","0","0","0","0","0","0","0","0","1","0","0","0","1","0","0","0","0","0","0","0","0","0","0","0","0","0","0","0","0","0","0","0","0","0","0","0","0","0","0","0","0","0","0","0","0","0","0","0","0","1","202108","202204","2062"
"9038353","530010","71615660","25091325000158","3","1","00000000000000","","","","0090","","0","E","","","04","","01","36","03","","99","","","","","","","","EAS.00406-03","20190613","1","","","","","","0","0","1","0","0","0","1","0","0","0","0","0","0","0",0,0,0,"0",0,0,0,0,0,0,0,0,0,0,0,0,0,0,"0",0,1,0,0,0,0,0,0,0,0,0,0,0,0,0,0,"1",0,0,0,"0",0,0,0,0,"0",0,0,0,0,0,0,0,0,0,0,0,0,0,0,0,"0","0","1","0","0","0","0","0","0","0","0","0","0","0","0","0","0","0","0","0","0","0","0","0","1","1","0","0","1","1","0","0","0","0","0","0","0","0","0","0","0","0","0","0","0","0","0","0","0","0","0","1","0","0","0","0","0","0","0","0","0","0","0","0","0","0","0","0","0","0","0","0","0","0","0","0","0","0","0","0","0","0","0","0","0","0","0","0","0","0","0","0","1","202002","202204","2062"
"9038620","530010","71900100","25217826000138","3","1","00000000000000","","","","","","0","E","","","04","","03","04","04","","99","","","","","","","","RLE 53202069749","20201113","1","","","","","","0","0","1","0","0","0","1","0","0","0","0","0","0","0",0,0,0,"0",0,0,0,0,0,0,0,0,0,0,0,0,0,0,"0",0,2,0,0,0,0,0,0,0,0,0,0,0,0,0,0,"1",0,0,0,"0",0,0,0,0,"0",0,0,0,0,0,0,0,0,0,0,0,0,0,0,0,"0","0","1","0","0","0","0","0","1","0","0","0","0","0","0","0","0","0","0","0","0","0","0","0","1","1","0","0","1","1","0","0","0","0","0","0","0","0","0","0","0","0","0","0","0","0","0","0","0","0","0","1","0","0","0","1","0","0","0","0","0","0","0","0","0","0","0","0","0","0","0","0","0","0","0","0","0","0","0","0","0","0","0","0","0","0","0","0","0","0","0","0","1","202202","202204","2062"
"9038825","530010","70710146","25065531000193","3","1","00000000000000","","","","0005","","0","E","","","04","","02","36","03","","99","","","","","","","","EAS 486-02/2021","20210513","1","","","","","","0","0","1","0","0","0","1","0","0","0","0","0","0","0",0,0,0,"0",0,0,0,0,0,0,0,0,0,0,0,0,0,0,"0",0,1,0,0,0,0,0,0,0,0,0,1,0,0,0,0,"1",0,0,0,"0",0,0,0,0,"0",0,0,0,0,0,0,0,0,0,0,0,0,0,0,0,"0","0","1","0","0","0","0","0","0","0","0","0","0","0","0","0","0","0","0","0","0","0","0","0","1","0","0","0","1","1","0","0","0","0","0","0","0","0","0","0","0","0","0","0","0","0","0","0","0","0","0","1","0","0","0","0","0","0","0","0","0","0","0","0","0","0","0","0","0","0","0","0","0","0","0","0","0","0","0","0","0","0","0","0","0","0","0","0","0","0","0","0","1","202112","202204","2062"
"9038914","530010","71907720","25210259000198","3","1","00000000000000","","","","0180","","0","E","","","04","","03","04","03","","99","","","","","","","","EAS.00096-22","20190529","1","","","","","","0","0","1","0","0","0","1","0","0","0","0","0","0","0",0,0,0,"0",0,0,0,0,0,0,0,0,0,0,0,0,0,0,"0",1,1,0,0,0,0,0,0,0,0,0,0,0,0,0,0,"1",0,0,0,"0",0,0,0,0,"0",0,0,0,0,0,0,0,0,0,0,0,0,0,0,0,"0","0","1","0","0","0","0","0","0","0","0","0","0","0","0","0","0","0","0","0","0","0","0","0","1","0","0","0","1","1","0","0","0","0","0","0","0","0","0","0","0","0","0","0","0","0","0","0","0","0","0","1","0","0","0","1","0","0","0","0","0","0","0","0","0","0","0","0","0","0","0","0","0","0","0","0","0","0","0","0","0","0","0","0","0","0","0","0","0","0","0","0","1","201906","202204","2062"
"9039066","530010","70390108","24932013000167","3","1","00000000000000","","","","","","0","E","","","04","","03","36","03","","99","","","","","","","","EAS2030101","20210427","1","","","","","","0","0","1","0","0","0","1","0","0","0","0","0","0","0",0,0,0,"0",0,0,0,0,0,0,0,0,0,0,0,0,0,0,"0",0,3,0,0,0,0,0,0,0,0,0,0,0,0,0,0,"1",0,0,0,"0",0,0,0,0,"0",0,0,0,0,0,0,0,0,0,0,0,0,0,0,0,"0","0","1","0","0","0","0","0","0","0","0","0","0","0","0","0","0","0","0","0","0","0","0","0","1","0","0","0","1","1","0","0","0","0","0","0","0","0","0","0","0","0","0","0","0","0","0","0","0","0","0","1","0","0","0","1","0","0","0","0","0","0","0","0","0","0","0","0","0","0","0","0","0","0","0","0","0","0","0","0","0","0","0","0","0","0","0","0","0","0","0","0","1","202107","202204","2062"
"9039481","530010","71936250","22853856000142","3","1","00000000000000","","","","","","0","E","","","04","","01","36","03","","99","","","","","","","","","20180521","1","","","","","","0","0","1","0","0","0","1","0","0","0","0","0","0","0",0,0,0,"0",0,0,0,0,0,0,0,0,0,0,0,0,0,0,"0",0,1,0,0,0,0,0,0,0,0,0,0,0,0,0,0,"1",0,0,0,"0",0,0,0,0,"0",0,0,0,0,0,0,0,0,0,0,0,0,0,0,0,"0","0","1","0","0","0","0","0","0","0","0","0","0","0","0","0","0","0","0","0","0","0","0","0","1","0","0","0","1","1","0","0","0","0","0","0","0","0","0","0","0","0","0","0","0","0","0","0","0","0","0","0","0","0","0","1","0","0","0","0","0","0","0","0","0","0","0","0","0","0","0","0","0","0","0","0","0","0","0","0","0","0","0","0","0","0","0","0","0","0","0","0","1","201902","202204","2062"
"9039775","530010","70673416","24565118000125","3","1","00000000000000","","","","9931","","0","E","","","04","","03","36","03","","99","","","","","","","","00126-07/2021","20211201","1","","","","","","0","0","1","0","0","0","1","0","0","0","0","0","0","0",0,0,0,"0",0,0,0,0,0,0,0,0,0,0,0,0,0,0,"0",0,1,0,0,0,0,0,0,0,0,0,0,0,0,0,0,"1",0,0,0,"0",0,0,0,0,"0",0,0,0,0,0,0,0,0,0,0,0,0,0,0,0,"0","0","1","0","0","0","0","0","0","0","0","0","0","0","0","0","0","0","0","0","0","0","0","0","1","1","0","0","1","1","0","0","0","0","0","0","0","0","0","0","0","0","0","0","0","0","0","0","0","0","0","1","0","0","0","1","0","0","0","0","0","0","0","0","0","0","0","0","0","0","0","0","0","0","0","0","0","0","0","0","0","0","0","0","0","0","0","0","0","0","0","0","1","202112","202204","2062"
"9040021","530010","72215178","03771319000109","3","1","00000000000000","","","","0040","","1","E","","","04","","03","05","06","","99","070","0015","20.479-5","","","","","EAS.00318-16","20200624","1","","","","","","0","0","0","0","0","0","0","0","0","0","0","1","0","1",0,2,19,"1",0,0,0,0,0,0,0,0,0,0,0,0,0,0,"0",0,0,0,0,0,0,0,0,0,0,0,0,0,0,0,0,"0",1,0,0,"1",0,0,0,0,"0",0,0,0,0,0,0,0,0,0,0,0,0,0,0,0,"0","1","0","0","0","0","1","0","1","0","1","0","0","0","0","0","0","1","0","1","0","0","0","1","1","1","0","0","1","1","0","0","0","0","0","0","0","0","0","0","0","0","0","1","0","0","0","0","0","0","0","0","0","0","0","0","0","1","0","0","0","0","0","0","0","0","0","0","0","0","0","0","0","0","0","0","0","0","0","0","0","0","0","0","0","1","0","0","0","0","0","0","1","202204","202204","2062"
"9040242","530010","71880067","25117708000158","3","1","00000000000000","","","","0135","","0","E","","","04","","03","22","03","","99","","","","","","","","RLE","20210220","1","","","","","","0","0","1","0","0","0","1","0","0","0","0","0","0","0",0,0,0,"0",0,0,0,0,0,0,0,0,0,0,0,0,0,0,"0",0,0,0,0,0,0,0,0,2,0,0,0,0,0,0,0,"1",0,0,0,"0",0,0,0,0,"0",0,0,0,0,0,0,0,0,0,0,0,0,0,0,0,"0","0","1","0","0","0","0","0","0","0","0","0","0","0","0","0","0","0","0","0","0","0","0","0","1","0","0","0","1","1","0","0","0","0","0","0","0","0","0","0","0","0","0","0","0","0","0","0","0","0","0","1","0","0","0","0","0","0","0","0","0","0","0","0","0","0","0","0","0","0","0","0","0","0","0","0","0","0","0","0","0","0","0","0","0","0","0","0","0","0","0","0","1","202112","202204","2062"
"9040293","530010","71020115","06088709000177","3","1","00000000000000","","","","0070","","0","E","","","04","","03","36","03","","99","","","","","","","","RAD 00048-10","20191106","1","","","","","","0","0","1","0","0","0","1","0","0","0","0","0","0","0",0,0,0,"0",0,0,0,0,0,0,0,0,0,0,0,0,0,0,"0",0,0,0,4,0,0,0,0,0,0,0,0,0,0,0,0,"1",0,0,0,"0",0,0,0,0,"0",0,0,0,0,0,0,0,0,0,0,0,0,0,0,0,"0","0","1","0","0","0","0","0","0","0","0","0","0","0","0","0","0","0","0","0","0","0","0","0","1","0","0","0","1","1","0","0","0","0","0","0","0","0","0","0","0","0","0","0","0","0","0","0","0","0","0","1","0","0","0","1","0","0","0","0","0","0","0","0","0","0","0","0","0","0","0","0","0","0","0","0","0","0","0","0","0","0","0","0","0","0","0","0","0","0","0","0","1","202009","202204","2062"
"9042318","530010","72600424","22113941000174","3","1","00000000000000","","","","","","0","E","","","04","","03","22","03","","99","","","","","","","","RLE 5320199279-9","20200218","1","","","","","","0","0","1","0","0","0","1","0","0","0","0","0","0","0",0,0,0,"0",0,0,0,0,0,0,0,0,0,0,0,0,0,0,"0",0,0,0,0,0,0,0,0,3,0,0,0,0,0,0,0,"1",0,0,0,"0",0,0,0,0,"0",0,0,0,0,0,0,0,0,0,0,0,0,0,0,0,"0","0","1","0","0","0","0","0","1","0","0","0","0","0","0","0","0","0","0","1","0","0","0","0","1","1","1","0","1","1","0","0","0","0","0","0","0","0","0","0","0","0","0","0","0","0","0","0","0","0","0","1","0","0","0","1","0","0","0","0","0","0","0","0","0","0","0","0","0","0","0","0","0","0","0","0","0","0","0","0","0","0","0","0","0","0","0","0","0","0","0","0","1","202002","202204","2062"
"9043934","530010","70070904","25308390000192","3","1","00000000000000","","","","0015","","0","E","","","04","","01","36","03","","99","","","","","","","","","","","","","","","","0","0","1","0","0","0","1","0","0","0","0","0","0","0",0,0,0,"0",0,0,0,0,0,0,0,0,0,0,0,0,0,0,"0",1,0,0,0,0,0,0,0,0,0,0,0,0,0,0,0,"1",0,0,0,"0",0,0,0,0,"0",0,0,0,0,0,0,0,0,0,0,0,0,0,0,0,"0","0","0","1","0","0","0","0","0","0","0","0","0","0","0","0","0","0","0","0","0","0","0","0","1","0","0","0","1","1","0","0","0","0","0","0","0","0","0","0","0","0","0","0","0","0","0","0","0","0","0","1","0","0","0","0","0","0","0","0","0","0","0","0","0","0","0","0","0","0","0","0","0","0","0","0","0","0","0","0","0","0","0","0","0","0","0","0","0","0","0","0","1","201906","202204","2305"
"9044272","530010","70351535","22479316000140","3","1","00000000000000","","","","0015","","0","E","","","04","","01","22","03","","99","","","","","","","","ODO.00057-07","20200908","1","","","","","","0","0","1","0","0","0","1","0","0","0","0","0","0","0",0,0,0,"0",0,0,0,0,0,0,0,0,0,0,0,0,0,0,"0",0,0,0,0,0,0,0,0,1,0,0,0,0,0,0,0,"1",0,0,0,"0",0,0,0,0,"0",0,0,0,0,0,0,0,0,0,0,0,0,0,0,0,"0","0","1","0","0","0","0","0","1","0","0","0","0","0","0","0","0","0","0","0","0","0","0","0","1","0","0","0","1","1","0","0","0","0","0","0","0","0","0","0","0","0","0","0","0","0","0","0","0","0","0","1","0","0","0","0","0","0","0","0","0","0","0","0","0","0","0","0","0","0","0","0","0","0","0","0","0","0","0","0","0","0","0","0","0","0","0","0","0","0","0","0","1","202105","202204","2305"
"9045139","530010","70390150","23196559000134","3","1","00000000000000","","","","","","0","E","","","04","","03","36","03","","99","","","","","","","","LICENCA SANITARIA","20220103","1","","","","","","0","0","1","0","0","0","1","0","0","0","0","0","0","0",0,0,0,"0",0,0,0,0,0,0,0,0,0,0,0,0,0,0,"0",0,2,0,0,0,0,0,0,0,0,0,0,0,0,0,0,"1",0,0,0,"0",0,0,0,0,"0",0,0,0,0,0,0,0,0,0,0,0,0,0,0,0,"0","0","1","0","0","0","0","0","0","0","0","0","0","0","0","0","0","0","0","0","0","0","0","0","1","0","0","0","1","1","0","0","0","0","0","0","0","0","0","0","0","0","0","0","0","0","0","0","0","0","0","1","0","0","0","1","0","0","0","0","0","0","0","0","0","0","0","0","0","0","0","0","0","0","0","0","0","0","0","0","0","0","0","0","0","0","0","0","0","0","0","0","1","202201","202204","2305"
"9046453","530010","70673623","25018281000130","3","1","00000000000000","","","","9931","","0","E","","","04","","01","36","03","","99","","","","","","","","RLE","20180727","1","","","","","","0","0","1","0","0","0","1","0","0","0","0","0","0","0",0,0,0,"0",0,0,0,0,0,0,0,0,0,0,0,0,0,0,"0",0,1,0,0,0,0,0,0,0,0,0,0,0,0,0,0,"1",0,0,0,"0",0,0,0,0,"0",0,0,0,0,0,0,0,0,0,0,0,0,0,0,0,"0","0","1","0","0","0","0","0","0","0","0","0","0","0","0","0","0","0","0","0","0","0","0","0","1","0","0","0","1","1","0","0","0","0","0","0","0","0","0","0","0","0","0","0","0","0","0","0","0","0","0","1","0","0","0","1","0","0","0","0","0","0","0","0","0","0","0","0","0","0","0","0","0","0","0","0","0","0","0","0","0","0","0","0","0","0","0","0","0","0","0","0","1","202003","202204","2062"
"9046771","530010","70390900","10691567000105","3","1","00000000000000","","","","","","0","E","","","04","","03","22","01","","99","","","","","","","","","20210211","1","","","","","","0","0","1","0","0","0","1","0","0","0","0","0","0","0",0,0,0,"0",0,0,0,0,0,0,0,0,0,0,0,0,0,0,"0",1,0,0,0,0,0,0,0,0,0,0,0,0,0,0,0,"1",0,0,0,"0",0,0,0,0,"0",0,0,0,0,0,0,0,0,0,0,0,0,0,0,0,"0","0","0","0","0","0","0","0","0","0","0","0","0","0","0","0","0","0","0","0","0","0","0","0","0","0","0","0","1","1","0","0","0","0","0","0","0","0","0","0","0","0","0","0","0","0","0","0","0","0","0","1","0","0","0","1","0","0","0","0","0","0","0","0","0","0","0","0","0","0","0","0","0","0","0","0","0","0","0","0","0","0","0","0","0","0","0","0","0","0","0","0","1","202203","202204","2232"
"9047514","530010","71930250","20773570000121","3","1","00000000000000","","","","","","0","E","","","04","","03","39","03","","99","","","","","","","","","","","","","","","","0","0","1","0","0","0","1","0","0","0","0","0","0","0",0,0,0,"0",0,0,0,0,0,0,0,0,0,0,0,0,0,0,"0",3,0,0,0,0,0,0,0,0,0,0,0,0,0,0,0,"1",0,0,0,"0",0,0,0,0,"0",0,0,0,0,0,0,0,0,0,0,0,0,0,0,0,"0","0","0","1","0","0","0","0","0","0","0","0","0","0","0","0","0","0","0","0","0","0","0","0","1","1","0","0","1","1","0","0","0","0","0","0","0","0","0","0","0","0","0","0","0","0","0","0","0","0","0","1","0","0","0","0","0","0","0","0","0","0","0","0","0","0","0","0","0","0","0","0","0","0","0","0","0","0","0","0","0","0","0","0","0","0","0","0","0","0","0","0","1","202106","202204","2305"
"9047913","530010","70380700","01443380000100","3","1","00000000000000","","","","0010","","0","E","","","04","","03","36","03","","99","","","","","","","","EAS.05328-01","20210913","1","","","","","","0","0","1","0","0","0","1","0","0","0","0","0","0","0",0,0,0,"0",0,0,0,0,0,0,0,0,0,0,0,0,0,0,"0",3,3,0,0,0,0,0,0,0,0,0,0,0,0,0,0,"1",0,0,0,"0",0,0,0,0,"0",0,0,0,0,0,0,0,0,0,0,0,0,0,0,0,"0","0","1","0","0","0","0","0","0","1","0","0","0","0","0","0","0","1","0","1","0","0","0","0","1","1","0","0","1","1","0","0","0","0","0","0","0","0","0","0","0","0","0","0","0","0","0","0","0","0","0","1","0","0","0","1","0","0","0","0","0","0","0","0","0","0","0","0","0","0","0","0","0","0","0","0","0","0","0","0","0","0","0","0","0","0","0","0","0","0","0","0","1","202202","202204","2062"
"9048006","530010","70390906","24986991000191","3","1","00000000000000","","","","","","0","E","","","04","","01","36","03","","99","","","","","","","","RAD.05486.-01","20210311","1","","","","","","0","0","1","0","0","0","1","0","0","0","0","0","0","0",0,0,0,"0",0,0,0,0,0,0,0,0,0,0,0,0,0,0,"0",0,2,0,0,0,0,0,0,0,0,0,0,0,0,0,0,"1",0,0,0,"0",0,0,0,0,"0",0,0,0,0,0,0,0,0,0,0,0,0,0,0,0,"0","0","1","0","0","0","0","0","1","0","0","0","0","0","0","0","0","0","0","1","0","0","0","0","1","1","0","0","1","1","0","0","0","0","0","0","0","0","0","0","0","0","0","0","0","0","0","0","0","0","0","1","0","0","0","0","0","0","0","0","0","0","0","0","0","0","0","0","0","0","0","0","0","0","0","0","0","0","0","0","0","0","0","0","0","0","0","0","0","0","0","0","1","202103","202204","2062"
"9048448","530010","70770561","05399715000344","3","1","00000000000000","","","","0005","","0","E","","","04","","01","36","03","","99","","","","","","","","EAS -00015/2005","20210520","1","","","","","","0","0","1","0","0","0","1","0","0","0","0","0","0","0",0,0,0,"0",0,0,0,0,0,0,0,0,0,0,0,0,0,0,"0",0,5,0,0,0,0,0,0,0,0,0,0,0,0,0,0,"1",0,0,0,"0",0,0,0,0,"0",0,0,0,0,0,0,0,0,0,0,0,0,0,0,0,"0","0","1","0","0","0","0","0","0","0","0","0","0","0","0","0","0","0","1","1","0","0","0","0","1","1","1","0","1","1","0","0","0","0","0","0","0","0","0","0","0","0","0","0","0","0","0","0","0","0","0","1","0","0","0","1","0","0","0","0","0","0","0","0","0","0","0","0","0","0","0","0","0","0","0","0","0","0","0","0","0","0","0","0","0","0","0","0","0","0","0","0","1","202203","202204","2062"
"9049185","530010","70077900","25025613000104","3","1","00000000000000","","","","","","0","E","","","04","","01","36","03","","99","","","","","","","","ODO-00012-02/2021","20210212","1","","","","","","0","0","1","0","0","0","1","0","0","0","0","0","0","0",0,0,0,"0",0,0,0,0,0,0,0,0,0,0,0,0,0,0,"0",0,0,0,0,0,0,0,0,2,0,0,0,0,0,0,0,"1",0,0,0,"0",0,0,0,0,"0",0,0,0,0,0,0,0,0,0,0,0,0,0,0,0,"0","0","1","0","0","0","0","0","0","0","0","0","0","0","0","0","0","0","0","0","0","0","0","0","1","0","0","0","1","1","0","0","0","0","0","0","0","0","0","0","0","0","0","0","0","0","0","0","0","0","0","1","0","0","0","1","0","0","0","0","0","0","0","0","0","0","0","0","0","0","0","0","0","0","0","0","0","0","0","0","0","0","0","0","0","0","0","0","0","0","0","0","1","202103","202204","2062"
"9049495","530010","70300902","23327367000110","3","1","00000000000000","","","","","","0","E","","","04","","01","22","03","","99","","","","","","","","EAS.00358-01","20200306","1","","","","","","0","0","1","0","0","0","1","0","0","0","0","0","0","0",0,0,0,"0",0,0,0,0,0,0,0,0,0,0,0,0,0,0,"0",1,0,0,0,0,0,0,0,0,0,0,0,0,0,0,0,"1",0,0,0,"0",0,0,0,0,"0",0,0,0,0,0,0,0,0,0,0,0,0,0,0,0,"0","0","1","0","0","0","0","0","0","0","0","0","0","0","0","0","0","0","0","0","0","0","0","0","1","0","0","0","1","1","0","0","0","0","0","0","0","0","0","0","0","0","0","0","0","0","0","0","0","0","0","1","0","0","0","0","0","0","0","0","0","0","0","0","0","0","0","0","0","0","0","0","0","0","0","0","0","0","0","0","0","0","0","0","0","0","0","0","0","0","0","0","1","202010","202204","2062"
"9049592","530010","70673416","24233464000106","3","1","00000000000000","","","","9931","","0","E","","","04","","01","36","04","","99","","","","","","","","","20180706","1","","","","","","0","0","1","0","0","0","1","0","0","0","0","0","0","0",0,0,0,"0",0,0,0,0,0,0,0,0,0,0,0,0,0,0,"0",0,0,0,3,0,0,0,0,1,0,0,0,0,0,0,0,"1",0,0,0,"0",0,0,0,0,"0",0,0,0,0,0,0,0,0,0,0,0,0,0,0,0,"0","0","0","0","0","0","0","0","0","0","0","0","0","0","0","0","0","0","0","0","0","0","0","0","0","0","0","0","1","1","0","0","0","0","0","0","0","0","0","0","0","0","0","0","0","0","0","0","0","0","0","1","0","0","0","0","0","0","0","0","0","0","0","0","0","0","0","0","0","0","0","0","0","0","0","0","0","0","0","0","0","0","0","0","0","0","0","0","0","0","0","0","1","201911","202204","2062"
"9050353","530010","70770100","03233255000192","3","1","00000000000000","","","","0005","","0","E","","","04","","01","04","03","","99","","","","","","","","EAS - 0158-2 2021","20211115","1","","","","","","0","0","1","0","1","0","1","0","0","0","0","0","0","0",0,0,0,"0",0,0,0,0,0,0,0,0,0,0,0,0,0,0,"0",0,15,0,0,0,0,0,1,0,0,0,0,0,0,0,0,"1",0,0,0,"0",0,0,0,0,"0",0,0,0,0,0,0,0,0,0,0,0,0,0,0,0,"0","0","1","0","0","0","0","0","1","0","0","0","0","0","0","0","0","0","0","0","0","0","0","0","1","1","0","0","1","1","0","0","0","0","0","0","0","0","0","0","0","0","0","0","0","0","0","0","0","0","0","1","0","0","0","1","0","0","0","0","0","0","0","0","0","0","0","0","0","0","0","0","0","0","0","0","0","0","0","0","0","0","0","0","0","0","0","0","0","0","0","0","1","202203","202204","2062"
"9050442","530010","70712900","21519924000179","3","1","00000000000000","","","","","","0","E","","","04","","03","22","03","","99","","","","","","","","ODO 00275-02","20190829","1","","","","","","0","0","1","0","0","0","1","0","0","0","0","0","0","0",0,0,0,"0",0,0,0,0,0,0,0,0,0,0,0,0,0,0,"0",0,0,0,0,0,0,0,0,1,0,0,0,0,0,0,0,"1",0,0,0,"0",0,0,0,0,"0",0,0,0,0,0,0,0,0,0,0,0,0,0,0,0,"0","0","1","0","0","0","0","0","1","0","0","0","0","0","0","0","0","0","0","0","0","0","0","0","1","1","0","0","1","1","0","0","0","0","0","0","0","0","0","0","0","0","0","0","0","0","0","0","0","0","0","1","0","0","0","0","0","0","0","0","0","0","0","0","0","0","0","0","0","0","0","0","0","0","0","0","0","0","0","0","0","0","0","0","0","0","0","0","0","0","0","0","1","202010","202204","2305"
"9051384","530010","72710020","22934360000101","3","1","00000000000000","","","","","","0","E","","","04","","03","04","03","","99","","","","","","","","5320201489-8","20200108","1","","","","","","0","0","1","0","0","0","1","0","0","0","0","0","0","0",0,0,0,"0",0,0,0,0,0,0,0,0,0,0,0,0,0,0,"0",2,3,0,0,0,0,0,0,0,0,0,0,0,0,0,0,"1",0,0,0,"0",0,0,0,0,"0",0,0,0,0,0,0,0,0,0,0,0,0,0,0,0,"0","0","1","0","0","0","1","0","1","0","0","0","0","0","0","0","0","0","1","0","0","0","0","0","1","1","0","0","1","1","0","0","0","0","0","0","0","0","0","0","0","0","0","0","0","0","0","0","0","0","0","1","0","0","0","1","0","0","0","0","0","0","0","0","0","0","0","0","0","0","0","0","0","0","0","0","0","0","0","0","0","0","0","0","0","0","0","0","0","0","0","0","1","202011","202204","2062"
"9052682","530010","72579595","21312906000111","3","1","00000000000000","","","","0150","","0","E","","","04","","03","07","06","","99","","","","","","","","EAS0002319","20210225","1","","","","","","0","0","0","0","0","0","0","0","0","1","0","0","0","1",0,0,0,"0",0,0,0,4,0,0,0,0,0,0,0,0,0,0,"1",0,1,0,6,0,0,0,4,0,0,1,0,0,0,0,0,"1",0,0,0,"0",0,0,0,0,"0",0,0,0,0,0,0,0,0,13,0,0,0,0,0,0,"0","0","1","0","1","0","1","0","0","0","0","0","0","0","0","0","1","0","0","0","1","0","0","0","1","1","1","0","1","1","0","0","0","0","0","0","0","0","0","0","0","0","0","0","1","0","0","0","0","0","0","0","0","0","0","1","0","0","0","0","0","0","0","0","0","0","0","0","0","0","0","0","0","0","0","0","0","0","0","0","0","0","0","0","0","0","0","0","0","0","0","0","1","202111","202204","2062"
"9052925","530010","70710100","20175214000106","3","1","00000000000000","","","","","","0","E","","","04","","03","36","04","","99","","","","","","","","RLE","20210811","1","","","","","","0","0","1","0","0","0","1","0","0","0","0","0","0","0",0,0,0,"0",0,0,0,0,0,0,0,0,0,0,0,0,0,0,"0",0,4,0,23,0,0,0,0,0,0,0,0,0,0,0,0,"1",0,0,0,"0",0,0,0,0,"0",0,0,0,0,0,0,0,0,0,0,0,0,0,0,0,"0","0","1","0","0","0","0","0","0","0","0","0","0","0","0","0","0","0","0","0","0","0","0","0","1","1","1","0","1","1","0","0","0","0","0","0","0","0","0","0","0","0","0","0","0","0","0","0","0","0","0","1","0","0","0","1","0","0","0","0","0","0","0","0","0","0","0","0","0","0","0","0","0","0","0","0","0","0","0","0","0","0","0","0","0","0","0","0","0","0","0","0","1","202201","202204","2062"
"9054030","530010","71916500","24386034000124","3","1","00000000000000","","","","9901","","0","E","","","04","","03","04","03","","99","","","","","","","","LICENCA SANITARIA","20190422","1","","","","","","0","0","1","0","0","0","1","0","0","0","0","0","0","0",0,0,0,"0",0,0,0,0,0,0,0,0,0,0,0,0,0,0,"0",0,1,0,1,0,0,0,0,1,0,0,0,0,0,0,0,"1",0,0,0,"0",0,0,0,0,"0",0,0,0,0,0,0,0,0,0,0,0,0,0,0,0,"0","0","1","0","0","0","0","0","0","0","0","0","0","0","0","0","0","0","0","0","0","0","0","0","1","1","0","0","0","1","0","0","0","0","0","0","0","0","0","0","0","0","0","0","0","0","0","0","0","0","0","1","0","0","1","0","0","0","0","0","0","0","0","0","0","0","0","0","0","0","0","0","0","0","0","0","0","0","0","0","0","0","0","0","0","0","0","0","0","0","0","0","1","202111","202204","2305"
"9054715","530010","71009000","25179014000145","3","1","00000000000000","","","","0070","","0","E","","","04","","03","22","03","","99","","","","","","","","LICENCIAMENTO SANITARIO","20210722","1","","","","","","0","0","1","0","0","0","1","0","0","0","0","0","0","0",0,0,0,"0",0,0,0,0,0,0,0,0,0,0,0,0,0,0,"0",0,0,0,1,0,0,0,0,0,0,0,0,0,0,0,0,"1",0,0,0,"0",0,0,0,0,"0",0,0,0,0,0,0,0,0,0,0,0,0,0,0,0,"0","0","1","0","0","0","0","0","0","0","0","0","0","0","0","0","0","0","0","0","0","0","0","0","1","0","0","0","1","1","0","0","0","0","0","0","0","0","0","0","0","0","0","0","0","0","0","0","0","0","0","1","0","0","0","1","0","0","0","0","0","0","0","0","0","0","0","0","0","0","0","0","0","0","0","0","0","0","0","0","0","0","0","0","0","0","0","0","0","0","0","0","1","202108","202204","2135"
"9054979","530010","70390095","18260440000143","3","1","00000000000000","","","","0015","","0","E","","","04","","01","22","03","","99","","","","","","","","ODO.0171401","20201231","1","","","","","","0","0","1","0","0","0","1","0","0","0","0","0","0","0",0,0,0,"0",0,0,0,0,0,0,0,0,0,0,0,0,0,0,"0",0,0,0,0,0,0,0,0,1,0,0,0,0,0,0,0,"1",0,0,0,"0",0,0,0,0,"0",0,0,0,0,0,0,0,0,0,0,0,0,0,0,0,"0","0","1","0","0","0","0","0","1","0","0","0","0","0","0","0","0","0","0","0","0","0","0","0","1","0","0","0","1","1","0","0","0","0","0","0","0","0","0","0","0","0","0","0","0","0","0","0","0","0","0","1","0","0","0","0","0","0","0","0","0","0","0","0","0","0","0","0","0","0","0","0","0","0","0","0","0","0","0","0","0","0","0","0","0","0","0","0","0","0","0","0","1","202111","202204","2062"
"9055339","530010","70390108","06987849000187","3","1","00000000000000","","","","","","0","E","","","04","","03","22","03","","99","","","","","","","","RLE 53201265102","20211216","1","","","","","","0","0","1","0","0","0","1","0","0","0","0","0","0","0",0,0,0,"0",0,0,0,0,0,0,0,0,0,0,0,0,0,0,"0",0,0,0,0,0,0,0,0,2,0,0,0,0,0,0,0,"1",0,0,0,"0",0,0,0,0,"0",0,0,0,0,0,0,0,0,0,0,0,0,0,0,0,"0","0","1","0","0","0","0","0","1","0","0","0","0","0","0","0","0","0","0","1","0","0","0","0","1","1","1","0","1","1","0","0","0","0","0","0","0","0","0","0","0","0","0","0","0","0","0","0","0","0","0","1","0","0","1","1","0","0","0","0","0","0","0","0","0","0","0","0","0","0","0","0","0","0","0","0","0","0","0","0","0","0","0","0","0","0","0","0","0","0","0","0","1","202205","202204","2062"
"9055495","530010","70711905","24249847000172","3","1","00000000000000","","","","0005","","0","E","","","04","","03","36","03","","99","","","","","","","","EAS 00477-02/2020","20201217","1","","","","","","0","0","1","0","0","0","1","0","0","0","0","0","0","0",0,0,0,"0",0,0,0,0,0,0,0,0,0,0,0,0,0,0,"0",0,1,0,0,0,0,0,0,0,1,0,0,0,0,0,0,"1",0,0,0,"0",0,0,0,0,"0",0,0,0,0,0,0,0,0,0,0,0,0,0,0,0,"0","0","1","0","0","0","0","0","0","0","0","0","0","0","0","0","0","0","0","0","0","0","0","0","1","1","0","0","1","1","0","0","0","0","0","0","0","0","0","0","0","0","0","0","0","0","0","0","0","0","0","1","0","0","0","1","0","0","0","0","0","0","0","0","0","0","0","0","0","0","0","0","0","0","0","0","0","0","0","0","0","0","0","0","0","0","0","0","0","0","0","0","1","202106","202204","2062"
"9056890","530010","70390150","24487842000188","3","1","00000000000000","","","","","","0","E","","","04","","01","36","03","","99","","","","","","","","EAS.","20200321","1","","","","","","0","0","1","0","0","0","1","0","0","0","0","0","0","0",0,0,0,"0",0,0,0,0,0,0,0,0,0,0,0,0,0,0,"0",0,1,0,0,0,0,0,0,0,0,0,0,0,0,0,0,"1",0,0,0,"0",0,0,0,0,"0",0,0,0,0,0,0,0,0,0,0,0,0,0,0,0,"0","0","1","0","0","0","0","0","0","0","0","0","0","0","0","0","0","0","0","0","0","0","0","0","1","0","0","0","1","1","0","0","0","0","0","0","0","0","0","0","0","0","0","0","0","0","0","0","0","0","0","1","0","0","0","0","0","0","0","0","0","0","0","0","0","0","0","0","0","0","0","0","0","0","0","0","0","0","0","0","0","0","0","0","0","0","0","0","0","0","0","0","1","202204","202204","2062"
"9056939","530010","73035090","25227571000194","3","1","00000000000000","","","","","","0","E","","","04","","01","36","04","","99","","","","","","","","EAS - 115/2018","20190820","1","","","","","","0","0","1","0","0","0","1","0","0","0","0","0","0","0",0,0,0,"0",0,0,0,0,0,0,0,0,0,0,0,0,0,0,"0",0,0,0,2,0,0,0,0,0,0,0,0,0,0,0,0,"1",0,0,0,"0",0,0,0,0,"0",0,0,0,0,0,0,0,0,0,0,0,0,0,0,0,"0","0","1","0","0","0","0","0","0","0","0","0","0","0","0","0","0","0","0","0","0","0","0","0","1","1","0","0","1","1","0","0","0","0","0","0","0","0","0","0","0","0","0","0","0","0","0","0","0","0","0","1","0","0","0","1","0","0","0","0","0","0","0","0","0","0","0","0","0","0","0","0","0","0","0","0","0","0","0","0","0","0","0","0","0","0","0","0","0","0","0","0","1","202001","202204","2062"
"9056963","530010","72001185","00000000000000","3","3","00394700000108","","04","","9934","","1","E","","","04","","03","02","04","","99","","","","","","","","","","","","","","","","1","0","1","0","0","0","1","0","0","0","0","0","0","0",0,0,0,"0",0,0,0,0,0,0,0,0,0,0,0,0,0,0,"0",1,0,0,0,0,0,0,0,1,0,1,1,0,0,0,0,"1",0,0,0,"0",0,0,0,0,"0",0,0,0,0,0,0,0,0,0,0,0,0,0,0,0,"0","0","1","0","1","0","1","0","1","0","0","0","0","0","0","0","0","0","0","0","0","0","0","0","1","0","0","0","1","1","0","0","0","0","0","0","0","0","0","0","0","0","0","0","0","0","0","0","0","0","1","0","0","0","0","0","0","0","0","0","0","0","0","0","0","0","0","0","0","0","0","0","0","0","0","0","0","0","0","0","0","0","0","0","0","0","0","0","0","0","0","0","1","202205","202204","1023"
"9058249","530010","71931720","05045512000279","3","1","00000000000000","","","","9901","","0","E","","","04","","03","36","03","","99","","","","","","","","ODO.00071-22","20201204","1","","","","","","0","0","1","0","0","0","1","0","0","0","0","0","0","0",0,0,0,"0",0,0,0,0,0,0,0,0,0,0,0,0,0,0,"0",0,0,0,0,0,0,0,0,2,0,0,0,0,0,0,0,"1",0,0,0,"0",0,0,0,0,"0",0,0,0,0,0,0,0,0,0,0,0,0,0,0,0,"0","0","1","0","0","0","0","0","0","0","0","0","0","0","0","0","0","0","0","0","0","0","0","0","1","1","0","0","1","1","0","0","0","0","0","0","0","0","0","0","0","0","0","0","0","0","0","0","0","0","0","1","0","0","0","1","0","0","0","0","0","0","0","0","0","0","0","0","0","0","0","0","0","0","0","0","0","0","0","0","0","0","0","0","0","0","0","0","0","0","0","0","1","202101","202204","2062"
"9058362","530010","70390904","00117242000160","3","1","00000000000000","","","","0010","","0","E","","","04","","03","39","04","","99","001","33820","2001799","","","","","RAD.05408-01","20210820","1","","","","","","0","0","1","0","0","0","1","0","0","0","0","0","0","0",0,0,0,"0",0,0,0,0,0,0,0,0,0,0,0,0,0,0,"0",0,10,0,0,0,0,0,0,0,0,0,0,0,0,0,0,"1",0,0,0,"0",0,0,0,0,"0",0,0,0,0,0,0,0,0,0,0,0,0,0,0,0,"0","0","0","1","0","0","0","0","0","0","0","0","0","0","0","0","0","0","0","0","0","0","0","0","1","1","1","0","1","1","0","0","0","0","0","0","0","0","0","0","0","0","0","0","0","0","0","0","0","0","0","0","0","0","0","0","0","0","1","0","0","0","1","0","0","0","0","0","0","0","0","0","0","0","0","0","0","0","0","0","0","0","0","0","0","0","0","0","0","0","0","0","1","202109","202204","2054"
"9058419","530010","70390095","18914298000100","3","1","00000000000000","","","","0010","","0","E","","","04","","03","36","03","","99","","","","","","","","","","","","","","","","0","0","1","0","0","0","1","0","0","0","0","0","0","0",0,0,0,"0",0,0,0,0,0,0,0,0,0,0,0,0,0,0,"0",0,1,0,0,0,0,0,0,0,0,0,0,0,0,0,0,"1",0,0,0,"0",0,0,0,0,"0",0,0,0,0,0,0,0,0,0,0,0,0,0,0,0,"0","0","1","0","0","0","0","0","0","0","0","0","0","0","0","0","0","0","0","0","0","0","0","0","1","0","0","0","1","1","0","0","0","0","0","0","0","0","0","0","0","0","0","0","0","0","0","0","0","0","0","1","0","0","1","1","0","0","0","0","0","0","0","0","0","0","0","0","0","0","0","0","0","0","0","0","0","0","0","0","0","0","0","0","0","0","0","0","0","0","0","0","1","202003","202204","2135"
"9058605","530010","71919540","07725305000100","3","1","00000000000000","","","","9901","","0","E","","","04","","03","36","03","","99","","","","","","","","ODO.00051-02","20191113","1","","","","","","0","0","1","0","0","0","1","0","0","0","0","0","0","0",0,0,0,"0",0,0,0,0,0,0,0,0,0,0,0,0,0,0,"0",0,0,0,0,0,0,0,0,2,0,0,0,0,0,0,0,"1",0,0,0,"0",0,0,0,0,"0",0,0,0,0,0,0,0,0,0,0,0,0,0,0,0,"0","0","0","0","0","0","0","0","0","0","0","0","0","0","0","0","0","0","0","0","0","0","0","0","0","0","1","0","1","1","0","0","0","0","0","0","0","0","0","0","0","0","0","0","0","0","0","0","0","0","0","1","0","0","0","0","0","0","0","0","0","0","0","0","0","0","0","0","0","0","0","0","0","0","0","0","0","0","0","0","0","0","0","0","0","0","0","0","0","0","0","0","1","202003","202204","2240"
"9058982","530010","70390020","24552597000145","3","1","00000000000000","","","","","","0","E","","","04","","02","22","04","","99","","","","","","","","LICENCA SANITARIA","20180319","1","","","","","","0","0","1","0","0","0","1","0","0","0","0","0","0","0",0,0,0,"0",0,0,0,0,0,0,0,0,0,0,0,0,0,0,"0",0,0,0,1,0,0,0,0,0,0,0,0,0,0,0,0,"1",0,0,0,"0",0,0,0,0,"0",0,0,0,0,0,0,0,0,0,0,0,0,0,0,0,"0","0","0","0","0","0","0","0","0","0","0","0","0","0","0","0","0","0","0","0","0","0","0","0","0","0","0","0","1","1","0","0","0","0","0","0","0","0","0","0","0","0","0","0","0","0","0","0","0","0","0","1","0","0","0","0","0","0","0","0","0","0","0","0","0","0","0","0","0","0","0","0","0","0","0","0","0","0","0","0","0","0","0","0","0","0","0","0","0","0","0","0","1","202007","202204","2305"
"9060340","530010","70673416","15372144000146","3","1","00000000000000","","","","","","0","E","","","04","","03","36","03","","99","","","","","","","","EAS.00132-07","20190906","1","","","","","","0","0","1","0","0","0","1","0","0","0","0","0","0","0",0,0,0,"0",0,0,0,0,0,0,0,0,0,0,0,0,0,0,"0",0,0,0,1,0,0,0,0,0,0,0,0,0,0,0,0,"1",0,0,0,"0",0,0,0,0,"0",0,0,0,0,0,0,0,0,0,0,0,0,0,0,0,"0","0","1","0","0","0","0","0","0","0","0","0","0","0","0","0","0","0","0","0","0","0","0","0","1","0","0","0","1","1","0","0","0","0","0","0","0","0","0","0","0","0","0","0","0","0","0","0","0","0","0","1","0","0","0","1","0","0","0","0","0","0","0","0","0","0","0","0","0","0","0","0","0","0","0","0","0","0","0","0","0","0","0","0","0","0","0","0","0","0","0","0","1","202008","202204","2305"
"9064400","530010","72015000","07487349000149","3","1","00000000000000","","","","0180","","0","E","","","04","","03","36","03","","99","","","","","","","","EM FASE DE RENOVACAO","20190212","1","","","","","","0","0","1","0","0","0","1","0","0","0","0","0","0","0",0,0,0,"0",0,0,0,0,0,0,0,0,0,0,0,0,0,0,"0",0,0,0,0,0,0,0,0,1,0,0,0,0,0,0,0,"1",0,0,0,"0",0,0,0,0,"0",0,0,0,0,0,0,0,0,0,0,0,0,0,0,0,"0","0","1","0","0","0","0","0","0","0","0","0","0","0","0","0","0","0","0","0","0","0","0","0","1","1","1","0","1","1","0","0","0","0","0","0","0","0","0","0","0","0","0","0","0","0","0","0","0","0","0","1","0","0","0","1","0","0","0","0","0","0","0","0","0","0","0","0","0","0","0","0","0","0","0","0","0","0","0","0","0","0","0","0","0","0","0","0","0","0","0","0","1","201906","202204","2305"
"9064613","530010","70200760","22041509000115","3","1","00000000000000","","","","","","0","E","","","04","","03","36","03","","99","","","","","","","","RLE","20210520","1","","","","","","0","0","0","0","1","0","1","0","0","1","0","0","0","1",1,0,0,"1",0,0,0,0,0,0,0,0,0,0,0,0,0,0,"0",0,6,0,0,0,0,0,0,0,0,0,0,0,0,0,0,"1",0,0,0,"0",0,0,0,0,"0",0,0,0,0,0,0,0,0,0,0,0,0,0,0,0,"0","0","1","0","0","0","0","0","0","0","0","0","0","0","0","0","0","0","0","0","0","1","0","0","1","0","0","0","1","1","0","0","0","0","0","0","0","0","0","0","0","0","0","0","0","0","0","0","0","0","0","1","0","0","0","1","0","0","0","0","0","0","0","0","0","0","0","0","0","0","0","0","0","0","0","0","0","0","0","0","0","0","0","0","0","0","0","0","0","0","0","0","1","202204","202204","2062"
"9072934","530010","70710100","22720255000161","3","1","00000000000000","","","","","","0","E","","","04","","03","36","03","","99","","","","","","","","","20160914","1","","","","","","0","0","1","0","0","0","1","0","0","0","0","0","0","0",0,0,0,"0",0,0,0,0,0,0,0,0,0,0,0,0,0,0,"0",0,1,0,0,0,0,0,0,0,0,0,0,0,0,0,0,"1",0,0,0,"0",0,0,0,0,"0",0,0,0,0,0,0,0,0,0,0,0,0,0,0,0,"0","0","0","0","0","0","0","0","0","0","0","0","0","0","0","0","0","0","0","0","0","0","0","0","0","0","0","0","1","1","0","0","0","0","0","0","0","0","0","0","0","0","0","0","0","0","0","0","0","0","0","1","0","0","1","1","0","0","0","0","0","0","0","0","0","0","0","0","0","0","0","0","0","0","0","0","0","0","0","0","0","0","0","0","0","0","0","0","0","0","0","0","1","202010","202204","2062"
"9074988","530010","72220280","23045600000171","3","1","00000000000000","","","","0040","","0","E","","","04","","03","04","03","","99","","","","","","","","EAS.00366-16","20200304","1","","","","","","0","0","1","0","0","0","1","0","0","0","0","0","0","0",0,0,0,"0",0,0,0,0,0,0,0,0,0,0,0,0,0,0,"0",1,1,0,0,0,0,0,0,0,0,0,0,0,0,0,0,"1",0,0,0,"0",0,0,0,0,"0",0,0,0,0,0,0,0,0,0,0,0,0,0,0,0,"0","0","1","0","0","0","0","0","1","0","0","0","0","0","0","0","0","0","0","0","0","0","0","0","1","1","0","0","1","1","0","0","0","0","0","0","0","0","0","0","0","0","0","0","0","0","0","0","0","0","0","1","0","0","0","1","0","0","0","0","0","0","0","0","0","0","0","0","0","0","0","0","0","0","0","0","0","0","0","0","0","0","0","0","0","0","0","0","0","0","0","0","1","202102","202204","2062"
"9075577","530010","70390150","19676081000172","3","1","00000000000000","","","","","","0","E","","","04","","01","36","03","","99","","","","","","","","EAS-20294-01","20191022","1","","","","","","0","0","1","0","0","0","1","0","0","0","0","0","0","0",0,0,0,"0",0,0,0,0,0,0,0,0,0,0,0,0,0,0,"0",0,5,0,0,0,0,0,0,0,0,0,0,0,0,0,0,"1",0,0,0,"0",0,0,0,0,"0",0,0,0,0,0,0,0,0,0,0,0,0,0,0,0,"0","0","1","0","0","0","0","0","0","0","0","0","0","0","0","0","0","0","0","0","0","0","0","0","1","1","0","0","1","1","0","0","0","0","0","0","0","0","0","0","0","0","0","0","0","0","0","0","0","0","0","1","0","0","0","1","0","0","0","0","0","0","0","0","0","0","0","0","0","0","0","0","0","0","0","0","0","0","0","0","0","0","0","0","0","0","0","0","0","0","0","0","1","202001","202204","2062"
"9075747","530010","72410101","24618038000190","3","1","00000000000000","","","","","","0","E","","","04","","01","36","03","","99","","","","","","","","","","","","","","","","0","0","1","0","0","0","1","0","0","0","0","0","0","0",0,0,0,"0",0,0,0,0,0,0,0,0,0,0,0,0,0,0,"0",0,1,0,0,0,0,0,0,0,0,0,0,0,0,0,0,"1",0,0,0,"0",0,0,0,0,"0",0,0,0,0,0,0,0,0,0,0,0,0,0,0,0,"0","0","0","0","0","0","0","0","0","0","0","0","0","0","0","0","1","0","0","0","0","0","0","0","1","0","1","0","1","1","0","0","0","0","0","0","0","0","0","0","0","0","0","0","0","0","0","0","0","0","0","1","0","0","0","1","0","0","0","0","0","0","0","0","0","0","0","0","0","0","0","0","0","0","0","0","0","0","0","0","0","0","0","0","0","0","0","0","0","0","0","0","1","202107","202204","2062"
"9077677","530010","70200700","24314055000134","3","1","00000000000000","","","","0015","","0","E","","","04","","02","22","03","","99","","","","","","","","LICENCA SANITARIA","20211013","1","","","","","","0","0","1","0","0","0","1","0","0","0","0","0","0","0",0,0,0,"0",0,0,0,0,0,0,0,0,0,0,0,0,0,0,"0",0,1,0,0,0,0,0,0,0,0,0,0,0,0,0,0,"1",0,0,0,"0",0,0,0,0,"0",0,0,0,0,0,0,0,0,0,0,0,0,0,0,0,"0","0","1","0","0","0","0","0","0","0","0","0","0","0","0","0","0","0","0","0","0","0","0","0","1","1","0","0","1","1","0","0","0","0","0","0","0","0","0","0","0","0","0","0","0","0","0","0","0","0","0","1","0","0","0","0","0","0","0","0","0","0","0","0","0","0","0","0","0","0","0","0","0","0","0","0","0","0","0","0","0","0","0","0","0","0","0","0","0","0","0","0","1","202203","202204","2062"
"9077774","530010","72535110","24689576000176","3","1","00000000000000","","","","","","0","E","","","04","","01","22","03","","99","","","","","","","","0DO0004519","20200914","1","","","","","","0","0","1","0","0","0","1","0","0","0","0","0","0","0",0,0,0,"0",0,0,0,0,0,0,0,0,0,0,0,0,0,0,"0",0,0,0,0,0,0,0,0,2,0,0,0,0,0,0,0,"1",0,0,0,"0",0,0,0,0,"0",0,0,0,0,0,0,0,0,0,0,0,0,0,0,0,"0","0","0","0","0","0","0","0","0","0","0","0","0","0","0","0","0","0","0","0","0","0","0","0","0","0","0","0","1","1","0","0","0","0","0","0","0","0","0","0","0","0","0","0","0","0","0","0","0","0","0","0","0","0","0","1","0","0","0","0","0","0","0","0","0","0","0","0","0","0","0","0","0","0","0","0","0","0","0","0","0","0","0","0","0","0","0","0","0","0","0","0","1","202012","202204","2062"
"9078460","530010","70390150","00380931000405","3","1","00000000000000","","","","","","0","E","","","04","","03","36","03","","99","","","","","","","","05478-01","20180823","1","","","","","","0","0","1","0","0","0","1","0","0","0","0","0","0","0",0,0,0,"0",0,0,0,0,0,0,0,0,0,0,0,0,0,0,"0",0,1,0,0,0,0,0,0,0,0,0,0,0,0,0,0,"1",0,0,0,"0",0,0,0,0,"0",0,0,0,0,0,0,0,0,0,0,0,0,0,0,0,"0","0","0","0","0","0","0","0","0","0","0","0","0","0","0","0","0","0","0","0","0","0","0","0","0","1","1","1","1","1","0","0","0","0","0","0","0","0","0","0","0","0","0","0","0","0","0","0","0","0","0","1","0","0","0","1","0","0","0","0","0","0","0","0","0","0","0","0","0","0","0","0","0","0","0","0","0","0","0","0","0","0","0","0","0","0","0","0","0","0","0","0","1","201907","202204","2062"
"9078576","530010","71907720","17928161000142","3","1","00000000000000","","","","","","0","E","","","04","","03","04","03","","99","","","","","","","","EAS 00113-22","20190125","1","","","","","","0","0","1","0","0","0","1","0","0","0","0","0","0","0",0,0,0,"0",0,0,0,0,0,0,0,0,0,0,0,0,0,0,"0",0,0,0,2,0,0,0,0,0,0,0,0,0,0,0,0,"1",0,0,0,"0",0,0,0,0,"0",0,0,0,0,0,0,0,0,0,0,0,0,0,0,0,"0","0","1","0","0","0","0","0","0","0","0","0","0","0","0","0","0","0","0","0","0","0","0","0","1","1","0","0","1","1","0","0","0","0","0","0","0","0","0","0","0","0","0","0","0","0","0","0","0","0","0","1","0","0","0","0","0","0","0","0","0","0","0","0","0","0","0","0","0","0","0","0","0","0","0","0","0","0","0","0","0","0","0","0","0","0","0","0","0","0","0","0","1","201908","202204","2135"
"9078886","530010","71065131","24206437000144","3","1","00000000000000","","","","","","0","E","","","04","","01","22","03","","99","","","","","","","","53101347433","20210809","1","","","","","","0","0","1","0","0","0","1","0","0","0","0","0","0","0",0,0,0,"0",0,0,0,0,0,0,0,0,0,0,0,0,0,0,"0",0,1,0,0,0,0,0,0,0,0,0,0,0,0,0,0,"1",0,0,0,"0",0,0,0,0,"0",0,0,0,0,0,0,0,0,0,0,0,0,0,0,0,"0","0","1","0","0","0","0","0","0","0","0","0","0","0","0","0","0","0","0","0","0","0","0","0","1","1","0","0","0","1","0","0","0","0","0","0","0","0","0","0","0","0","0","0","0","0","0","0","0","0","0","1","0","0","0","0","0","0","0","0","0","0","0","0","0","0","0","0","0","0","0","0","0","0","0","0","0","0","0","0","0","0","0","0","0","0","0","0","0","0","0","0","1","202108","202204","2135"
"9086161","530010","70390020","24034636000112","3","1","00000000000000","","","","","","0","E","","","04","","01","22","03","","99","","","","","","","","","","1","","","","","","0","0","1","0","0","0","1","0","0","0","0","0","0","0",0,0,0,"0",0,0,0,0,0,0,0,0,0,0,0,0,0,0,"0",0,3,0,0,0,0,0,0,0,0,0,0,0,0,0,0,"1",0,0,0,"0",0,0,0,0,"0",0,0,0,0,0,0,0,0,0,0,0,0,0,0,0,"0","0","0","0","0","0","0","0","0","0","0","0","0","0","0","0","0","0","0","0","0","0","0","0","0","0","0","0","1","1","0","0","0","0","0","0","0","0","0","0","0","0","0","0","0","0","0","0","0","0","0","1","0","0","0","1","0","0","0","0","0","0","0","0","0","0","0","0","0","0","0","0","0","0","0","0","0","0","0","0","0","0","0","0","0","0","0","0","0","0","0","0","1","202004","202204","2062"
"9089292","530010","70200760","23999123000183","3","1","00000000000000","","","","0010","","0","E","","","04","","03","04","03","","99","","","","","","","","EAS.20283-01","20190201","1","","","","","","0","0","1","0","0","0","1","0","0","0","0","0","0","0",0,0,0,"0",0,0,0,0,0,0,0,0,0,0,0,0,0,0,"0",1,0,0,0,0,0,0,0,0,0,0,0,0,0,0,0,"1",0,0,0,"0",0,0,0,0,"0",0,0,0,0,0,0,0,0,0,0,0,0,0,0,0,"0","0","1","0","0","0","0","0","0","1","0","0","0","0","0","0","0","0","0","0","0","0","0","0","1","1","0","0","1","1","0","0","0","0","0","0","0","0","0","0","0","0","0","0","0","0","0","0","0","0","0","1","0","0","0","0","0","0","0","0","0","0","0","0","0","0","0","0","0","0","0","0","0","0","0","0","0","0","0","0","0","0","0","0","0","0","0","0","0","0","0","0","1","201903","202204","2062"
"9089632","530010","70390150","23102055000299","3","1","00000000000000","","","","","","0","E","","","04","","01","36","03","","99","","","","","","","","EAS 20342-01","20181122","1","","","","","","0","0","1","0","0","0","1","0","0","0","0","0","0","0",0,0,0,"0",0,0,0,0,0,0,0,0,0,0,0,0,0,0,"0",0,1,0,0,0,0,0,0,0,0,0,0,0,0,0,0,"1",0,0,0,"0",0,0,0,0,"0",0,0,0,0,0,0,0,0,0,0,0,0,0,0,0,"0","0","1","0","0","0","0","0","0","0","0","0","0","0","0","0","0","0","0","0","0","0","0","0","1","0","0","0","1","1","0","0","0","0","0","0","0","0","0","0","0","0","0","0","0","0","0","0","0","0","0","0","0","0","0","1","0","0","0","0","0","0","0","0","0","0","0","0","0","0","0","0","0","0","0","0","0","0","0","0","0","0","0","0","0","0","0","0","0","0","0","0","1","202107","202204","2062"
"9089756","530010","70390078","26009237000127","3","1","00000000000000","","","","0015","","0","E","","","04","","01","22","04","","99","","","","","","","","DOCUMENTO EMITIDO POR RLE","20181022","1","","","","","","0","0","1","0","0","0","1","0","0","0","0","0","0","0",0,0,0,"0",0,0,0,0,0,0,0,0,0,0,0,0,0,0,"0",0,0,0,1,0,0,0,0,0,0,0,0,0,0,0,0,"1",0,0,0,"0",0,0,0,0,"0",0,0,0,0,0,0,0,0,0,0,0,0,0,0,0,"0","0","1","0","0","0","0","0","0","0","0","0","0","0","0","0","0","0","0","0","0","0","0","0","1","0","0","0","1","1","0","0","0","0","0","0","0","0","0","0","0","0","0","0","0","0","0","0","0","0","0","1","0","0","0","1","0","0","0","0","0","0","0","0","0","0","0","0","0","0","0","0","0","0","0","0","0","0","0","0","0","0","0","0","0","0","0","0","0","0","0","0","1","202003","202204","2062"
"9089780","530010","70200700","25244236000102","3","1","00000000000000","","","","","","0","E","","","04","","01","36","04","","99","","","","","","","","2032701","20201002","1","","","","","","0","0","1","0","0","0","1","0","0","0","0","0","0","0",0,0,0,"0",0,0,0,0,0,0,0,0,0,0,0,0,0,0,"0",1,7,0,3,0,0,0,0,0,0,0,0,0,0,0,0,"1",0,0,0,"0",0,0,0,0,"0",0,0,0,0,0,0,0,0,0,0,0,0,0,0,0,"0","0","0","0","0","0","0","0","0","0","0","0","0","0","0","0","0","0","0","0","0","1","0","0","1","1","0","0","1","1","0","0","0","0","0","0","0","0","0","0","0","0","0","0","0","0","0","0","0","0","0","1","0","0","0","1","0","0","0","0","0","0","0","0","0","0","0","0","0","0","0","0","0","0","0","0","0","0","0","0","0","0","0","0","0","0","0","0","0","0","0","0","1","202011","202204","2062"
"9090193","530010","70770909","26114270000117","3","1","00000000000000","","","","","","0","E","","","04","","01","22","03","","99","","","","","","","","LICENCIAMENTO","20160913","1","","","","","","0","0","1","0","0","0","1","0","0","0","0","0","0","0",0,0,0,"0",0,0,0,0,0,0,0,0,0,0,0,0,0,0,"0",0,0,0,1,0,0,0,0,0,0,0,0,0,0,0,0,"1",0,0,0,"0",0,0,0,0,"0",0,0,0,0,0,0,0,0,0,0,0,0,0,0,0,"0","0","0","0","0","0","0","0","0","0","0","0","0","0","0","0","0","0","0","0","0","0","0","0","0","0","0","0","1","1","0","0","0","0","0","0","0","0","0","0","0","0","0","0","0","0","0","0","0","0","0","1","0","0","0","0","0","0","0","0","0","0","0","0","0","0","0","0","0","0","0","0","0","0","0","0","0","0","0","0","0","0","0","0","0","0","0","0","0","0","0","0","1","202101","202204","2062"
"9090746","530010","71225540","26128958000156","3","1","00000000000000","","","","0070","","0","E","","","04","","03","77","03","","99","","","","","","","","EAS 00006-10","20210413","1","","","","","","0","0","1","0","0","0","1","0","0","0","0","0","0","0",0,0,0,"0",0,0,0,0,0,0,0,0,0,0,0,0,0,0,"0",0,0,1,0,0,0,0,0,0,0,0,0,0,0,0,0,"1",0,0,0,"0",0,0,0,0,"0",0,0,0,0,0,0,0,0,0,0,0,0,0,0,0,"0","0","0","1","0","0","1","0","0","0","0","0","0","0","0","0","0","0","0","0","0","0","0","0","1","1","0","0","1","1","0","0","0","0","0","0","0","0","0","0","0","0","0","0","0","0","0","0","0","0","0","1","0","0","0","1","0","0","0","0","0","0","0","0","0","0","0","0","0","0","0","0","0","0","0","0","0","0","0","0","0","0","0","0","0","0","0","0","0","0","0","0","1","202105","202204","2062"
"9092838","530010","70390055","24894378000144","3","1","00000000000000","","","","","","0","E","","","04","","01","22","03","","99","","","","","","","","EAS.00548-01","20220428","1","","","","","","0","0","1","0","0","0","1","0","0","0","0","0","0","0",0,0,0,"0",0,0,0,0,0,0,0,0,0,0,0,0,0,0,"0",0,0,0,1,0,0,0,0,0,0,0,0,0,0,0,0,"1",0,0,0,"0",0,0,0,0,"0",0,0,0,0,0,0,0,0,0,0,0,0,0,0,0,"0","0","1","0","0","0","0","0","0","0","0","0","0","0","0","0","0","0","0","0","0","0","0","0","1","0","0","0","1","1","0","0","0","0","0","0","0","0","0","0","0","0","0","0","0","0","0","0","0","0","0","1","0","0","0","0","0","0","0","0","0","0","0","0","0","0","0","0","0","0","0","0","0","0","0","0","0","0","0","0","0","0","0","0","0","0","0","0","0","0","0","0","1","202205","202204","2062"
"9093753","530010","71070507","09087150000582","3","1","00000000000000","","","","0070","","0","E","","","04","","02","77","06","","99","","","","","","","","EAS 25457","20210101","1","","","","","","0","0","1","0","0","0","1","0","0","0","0","0","0","0",0,0,0,"0",0,0,0,0,0,0,0,0,0,0,0,0,0,0,"0",0,0,0,0,0,0,0,0,0,0,0,0,0,0,0,0,"0",0,0,0,"0",0,0,0,0,"0",0,0,0,0,0,0,0,0,0,0,0,0,0,0,0,"0","0","0","0","0","0","0","0","0","0","0","0","0","0","0","0","0","0","0","0","0","1","0","0","1","1","1","0","1","1","0","0","0","0","0","0","0","0","0","0","0","0","0","0","0","0","0","0","0","0","0","0","0","0","0","0","0","0","0","0","0","0","1","0","0","0","0","0","0","0","0","0","0","0","0","0","0","0","0","0","0","0","0","0","0","0","0","0","0","0","0","0","1","202111","202204","2062"
"9094334","530010","70719903","20205877000126","3","1","00000000000000","","","","","","0","E","","","04","","03","22","03","","99","","","","","","","","53201941744","20191121","1","","","","","","0","0","1","0","0","0","1","0","0","0","0","0","0","0",0,0,0,"0",0,0,0,0,0,0,0,0,0,0,0,0,0,0,"0",0,0,0,0,0,0,0,0,1,0,0,0,0,0,0,0,"1",0,0,0,"0",0,0,0,0,"0",0,0,0,0,0,0,0,0,0,0,0,0,0,0,0,"0","0","1","0","0","0","0","0","0","0","0","0","0","0","0","0","0","0","0","0","0","0","0","0","1","0","0","0","1","1","0","0","0","0","0","0","0","0","0","0","0","0","0","0","0","0","0","0","0","0","0","1","0","0","1","1","0","0","0","0","0","0","0","0","0","0","0","0","0","0","0","0","0","0","0","0","0","0","0","0","0","0","0","0","0","0","0","0","0","0","0","0","1","202102","202204","2062"
"9095217","530010","72016140","26033114000121","3","1","00000000000000","","","","0180","","0","E","","","04","","01","04","03","","99","","","","","","","","20161400419798 CBM-DF","20160919","1","","","","","","0","0","1","0","0","0","1","0","0","0","0","0","0","0",0,0,0,"0",0,0,0,0,0,0,0,0,0,0,0,0,0,0,"0",0,0,0,3,0,0,0,0,0,0,0,0,0,0,0,0,"1",0,0,0,"0",0,0,0,0,"0",0,0,0,0,0,0,0,0,0,0,0,0,0,0,0,"0","0","1","0","0","0","0","0","0","0","0","0","0","0","0","0","0","0","0","0","0","0","0","0","1","0","0","0","1","1","0","0","0","0","0","0","0","0","0","0","0","0","0","0","0","0","0","0","0","0","0","1","0","0","0","1","0","0","0","0","0","0","0","0","0","0","0","0","0","0","0","0","0","0","0","0","0","0","0","0","0","0","0","0","0","0","0","0","0","0","0","0","1","202203","202204","2305"
"9097864","530010","71907720","08685236000382","3","1","00000000000000","","","","9901","","0","E","","","04","","03","04","03","","99","","","","","","","","RLE","20211101","1","","","","","","0","0","1","0","0","0","1","0","0","0","0","0","0","0",0,0,0,"0",0,0,0,0,0,0,0,0,0,0,0,0,0,0,"0",0,6,0,2,0,0,0,0,0,0,0,0,0,0,0,0,"1",0,0,0,"0",0,0,0,0,"0",0,0,0,0,0,0,0,0,0,0,0,0,0,0,0,"0","0","0","1","0","0","0","0","0","1","0","0","0","0","0","0","0","0","0","1","0","0","0","0","1","1","0","0","1","1","0","0","0","0","0","0","0","0","0","0","0","0","0","0","0","0","0","0","0","0","0","1","0","0","0","1","0","0","0","0","0","0","0","0","0","0","0","0","0","0","0","0","0","0","0","0","0","0","0","0","0","0","0","0","0","0","0","0","0","0","0","0","1","202202","202204","2062"
"9097880","530010","71904540","25309441000109","3","1","00000000000000","","","","0180","","0","E","","","04","","03","22","03","","99","","","","","","","","RLE@DIGITAL","20211231","1","","","","","","0","0","1","0","0","0","1","0","0","0","0","0","0","0",0,0,0,"0",0,0,0,0,0,0,0,0,0,0,0,0,0,0,"0",0,0,0,1,0,0,0,0,0,0,0,0,0,0,0,0,"1",0,0,0,"0",0,0,0,0,"0",0,0,0,0,0,0,0,0,0,0,0,0,0,0,0,"0","0","1","0","0","0","0","0","0","0","0","0","0","0","0","0","0","0","0","0","0","0","0","0","1","0","0","0","1","1","0","0","0","0","0","0","0","0","0","0","0","0","0","0","0","0","0","0","0","0","0","1","0","0","0","1","0","0","0","0","0","0","0","0","0","0","0","0","0","0","0","0","0","0","0","0","0","0","0","0","0","0","0","0","0","0","0","0","0","0","0","0","1","202202","202204","2062"
"9097899","530010","71907720","22800877000108","3","1","00000000000000","","","","","","0","E","","","04","","03","36","03","","99","","","","","","","","EAS 0011022","20191009","1","","","","","","0","0","1","0","0","0","1","0","0","0","0","0","0","0",0,0,0,"0",0,0,0,0,0,0,0,0,0,0,0,0,0,0,"0",0,1,0,0,0,0,0,0,0,0,0,0,0,0,0,0,"1",0,0,0,"0",0,0,0,0,"0",0,0,0,0,0,0,0,0,0,0,0,0,0,0,0,"0","0","1","0","0","0","0","0","0","0","0","0","0","0","0","0","0","0","0","0","0","0","0","0","1","1","0","0","1","1","0","0","0","0","0","0","0","0","0","0","0","0","0","0","0","0","0","0","0","0","0","1","0","0","0","1","0","0","0","0","0","0","0","0","0","0","0","0","0","0","0","0","0","0","0","0","0","0","0","0","0","0","0","0","0","0","0","0","0","0","0","0","1","202010","202204","2062"
"9097937","530010","70390700","23491040000189","3","1","00000000000000","","","","","","0","E","","","04","","03","22","03","","99","","","","","","","","","","","","","","","","0","0","1","0","0","0","1","0","0","0","0","0","0","0",0,0,0,"0",0,0,0,0,0,0,0,0,0,0,0,0,0,0,"0",0,1,0,0,0,0,0,0,0,0,0,0,0,0,0,0,"1",0,0,0,"0",0,0,0,0,"0",0,0,0,0,0,0,0,0,0,0,0,0,0,0,0,"0","0","0","0","0","0","0","0","0","0","0","0","0","0","0","0","0","0","0","0","0","0","0","0","0","0","0","0","1","1","0","0","0","0","0","0","0","0","0","0","0","0","0","0","0","0","0","0","0","0","0","1","0","0","0","1","0","0","0","0","0","0","0","0","0","0","0","0","0","0","0","0","0","0","0","0","0","0","0","0","0","0","0","0","0","0","0","0","0","0","0","0","1","202009","202204","2062"
"9098011","530010","71572301","00718528006301","3","1","00000000000000","","","","0110","","0","E","","","04","","03","39","03","","99","","","","","","","","LAB -00003-05","20210701","1","","","","","","0","0","1","0","0","0","1","0","0","0","0","0","0","0",0,0,0,"0",0,0,0,0,0,0,0,0,0,0,0,0,0,0,"0",0,0,0,0,0,0,0,0,0,0,0,0,0,0,0,0,"0",0,0,0,"0",0,0,0,0,"0",0,0,0,0,0,0,0,0,0,0,0,0,0,0,0,"0","0","1","0","0","0","0","0","0","0","0","0","0","0","0","0","0","0","0","0","0","0","0","0","1","1","0","0","1","1","0","0","0","0","0","0","0","0","0","0","0","0","0","0","0","0","0","0","0","0","0","0","0","0","0","0","0","0","1","0","0","1","1","0","0","0","0","0","0","0","0","0","0","0","0","0","0","0","0","0","0","0","0","0","0","0","0","0","0","0","0","0","1","202203","202204","2054"
"9098038","530010","70673632","04745562000115","3","1","00000000000000","","","","","","0","E","","","04","","01","22","04","","99","","","","","","","","53201112519","20211019","1","","","","","","0","0","1","0","0","0","1","0","0","0","0","0","0","0",0,0,0,"0",0,0,0,0,0,0,0,0,0,0,0,0,0,0,"0",0,0,0,1,0,0,0,0,0,0,0,0,0,0,0,0,"1",0,0,0,"0",0,0,0,0,"0",0,0,0,0,0,0,0,0,0,0,0,0,0,0,0,"0","0","0","0","0","0","0","0","0","0","0","0","0","0","0","0","0","0","0","0","0","0","0","0","0","0","0","0","1","1","0","0","0","0","0","0","0","0","0","0","0","0","0","0","0","0","0","0","0","0","0","1","0","0","0","0","0","0","0","0","0","0","0","0","0","0","0","0","0","0","0","0","0","0","0","0","0","0","0","0","0","0","0","0","0","0","0","0","0","0","0","0","1","202201","202204","2062"
"9098097","530010","71907720","04868115000315","3","1","00000000000000","","","","","","0","E","","","04","","02","36","03","","99","","","","","","","","EAS00103-22","20210526","1","","","","","","0","0","1","0","0","0","1","0","0","0","0","0","0","0",0,0,0,"0",0,0,0,0,0,0,0,0,0,0,0,0,0,0,"0",0,1,0,0,0,0,0,0,0,0,0,0,0,0,0,0,"1",0,0,0,"0",0,0,0,0,"0",0,0,0,0,0,0,0,0,0,0,0,0,0,0,0,"0","0","1","0","0","0","0","0","0","0","0","0","0","0","0","0","0","0","0","0","0","0","0","0","1","0","0","0","1","1","0","0","0","0","0","0","0","0","0","0","0","0","0","0","0","0","0","0","0","0","0","1","0","0","0","0","0","0","0","0","0","0","0","0","0","0","0","0","0","0","0","0","0","0","0","0","0","0","0","0","0","0","0","0","0","0","0","0","0","0","0","0","1","202110","202204","2062"
"9098240","530010","70200760","09420488000180","3","1","00000000000000","","","","0010","","0","E","","","04","","03","36","03","","99","","","","","","","","EAS.0796-02","20210522","1","","","","","","0","0","1","0","0","0","1","0","0","0","0","0","0","0",0,0,0,"0",0,0,0,0,0,0,0,0,0,0,0,0,0,0,"0",0,2,0,0,0,0,0,0,0,0,0,0,0,0,0,0,"1",0,0,0,"0",0,0,0,0,"0",0,0,0,0,0,0,0,0,0,0,0,0,0,0,0,"0","0","1","0","0","0","0","0","0","0","0","0","0","0","0","0","0","0","0","0","0","0","0","0","1","0","0","0","1","1","0","0","0","0","0","0","0","0","0","0","0","0","0","0","0","0","0","0","0","0","0","1","0","0","0","1","0","0","0","0","0","0","0","0","0","0","0","0","0","0","0","0","0","0","0","0","0","0","0","0","0","0","0","0","0","0","0","0","0","0","0","0","1","202106","202204","2062"
"9098348","530010","71950770","25499656000121","3","1","00000000000000","","","","9901","","0","E","","","04","","02","62","03","","99","","","","","","","","53600231279","20220128","1","","","","","","0","0","1","0","0","0","1","0","0","0","0","0","0","0",0,0,0,"0",0,0,0,0,0,0,0,0,0,0,0,0,0,0,"0",0,1,0,0,0,0,0,0,0,0,0,0,0,0,0,0,"1",0,0,0,"0",0,0,0,0,"0",0,0,0,0,0,0,0,0,0,0,0,0,0,0,0,"0","0","1","0","0","0","0","0","0","0","1","0","0","0","0","0","0","0","0","0","0","0","0","0","1","1","1","1","1","1","0","0","0","0","0","0","0","0","0","0","0","0","0","0","0","0","0","0","0","0","0","0","0","0","0","1","0","0","0","0","0","0","0","0","0","0","0","0","0","0","0","0","0","0","0","0","0","0","0","0","0","0","0","0","0","0","0","0","0","0","0","0","1","202202","202204","2062"
"9098518","530010","70200760","19880181000116","3","1","00000000000000","","","","0010","","0","E","","","04","","03","22","03","","99","","","","","","","","EAS-20298-01","20210919","1","","","","","","0","0","1","0","0","0","1","0","0","0","0","0","0","0",0,0,0,"0",0,0,0,0,0,0,0,0,0,0,0,0,0,0,"0",0,1,0,0,0,0,0,0,0,0,0,0,0,0,0,0,"1",0,0,0,"0",0,0,0,0,"0",0,0,0,0,0,0,0,0,0,0,0,0,0,0,0,"0","0","1","0","0","0","0","0","0","0","0","0","0","0","0","0","0","0","0","0","0","0","0","0","1","0","0","0","1","1","0","0","0","0","0","0","0","0","0","0","0","0","0","0","0","0","0","0","0","0","0","1","0","0","0","1","0","0","0","0","0","0","0","0","0","0","0","0","0","0","0","0","0","0","0","0","0","0","0","0","0","0","0","0","0","0","0","0","0","0","0","0","1","202112","202204","2062"
"9098712","530010","70670522","26021391000114","3","1","00000000000000","","","","0050","","0","E","","","04","","03","36","03","","99","","","","","","","","RLE DIGITAL","20190404","1","","","","","","0","0","1","0","0","0","1","0","0","0","0","0","0","0",0,0,0,"0",0,0,0,0,0,0,0,0,0,0,0,0,0,0,"0",0,0,0,1,0,0,0,0,0,0,0,0,0,0,0,0,"1",0,0,0,"0",0,0,0,0,"0",0,0,0,0,0,0,0,0,0,0,0,0,0,0,0,"0","0","1","0","0","0","0","0","0","0","0","0","0","0","0","0","0","0","0","0","0","0","0","0","1","1","0","0","1","1","0","0","0","0","0","0","0","0","0","0","0","0","0","0","0","0","0","0","0","0","0","1","0","0","0","1","0","0","0","0","0","0","0","0","0","0","0","0","0","0","0","0","0","0","0","0","0","0","0","0","0","0","0","0","0","0","0","0","0","0","0","0","1","201904","202204","2062"
"9098828","530010","71919180","25320857000110","3","1","00000000000000","","","","","","0","E","","","04","","01","39","04","","99","","","","","","","","LAB.00010-22","20201016","1","","","","","","0","0","1","0","0","0","1","0","0","0","0","0","0","0",0,0,0,"0",0,0,0,0,0,0,0,0,0,0,0,0,0,0,"0",0,0,0,2,0,0,0,0,0,0,0,0,0,0,0,0,"1",0,0,0,"0",0,0,0,0,"0",0,0,0,0,0,0,0,0,0,0,0,0,0,0,0,"0","0","1","0","0","0","0","0","0","0","0","0","0","0","0","0","0","0","0","0","0","0","0","0","1","1","0","0","1","1","0","0","0","0","0","0","0","0","0","0","0","0","0","0","0","0","0","0","0","0","0","0","0","0","0","0","0","0","1","0","0","1","1","0","0","0","0","0","0","0","0","0","0","0","0","0","0","0","0","0","0","0","0","0","0","0","0","0","0","0","0","0","1","202105","202204","2062"
"9100016","530010","70710100","00074304461591","1","1","00000000000000","","","","0005","","0","E","","","04","","01","22","03","","99","","","","","","","","EAS 125/2002","20210720","1","","","","","","0","0","1","0","0","0","1","0","0","0","0","0","0","0",0,0,0,"0",0,0,0,0,0,0,0,0,0,0,0,0,0,0,"0",0,0,0,1,0,0,0,0,0,0,0,0,0,0,0,0,"1",0,0,0,"0",0,0,0,0,"0",0,0,0,0,0,0,0,0,0,0,0,0,0,0,0,"0","0","1","0","0","0","0","0","0","0","0","0","0","0","0","0","0","0","0","0","0","0","0","0","1","1","0","0","1","1","0","0","0","0","0","0","0","0","0","0","0","0","0","0","0","0","0","0","0","0","0","1","0","0","0","1","0","0","0","0","0","0","0","0","0","0","0","0","0","0","0","0","0","0","0","0","0","0","0","0","0","0","0","0","0","0","0","0","0","0","0","0","1","202110","202204","4000"
"9100059","530010","70670513","17999410000190","3","1","00000000000000","","","","0010","","0","E","","","04","","03","36","03","","99","","","","","","","","EAS1285","20211103","1","","","","","","0","0","1","0","0","0","1","0","0","0","0","0","0","0",0,0,0,"0",0,0,0,0,0,0,0,0,0,0,0,0,0,0,"0",0,0,0,2,0,0,0,0,0,0,0,0,0,0,0,0,"1",0,0,0,"0",0,0,0,0,"0",0,0,0,0,0,0,0,0,0,0,0,0,0,0,0,"0","0","1","0","0","0","0","0","0","0","0","0","0","0","0","0","0","0","0","0","0","0","0","0","1","0","0","0","1","1","0","0","0","0","0","0","0","0","0","0","0","0","0","0","0","0","0","0","0","0","0","1","0","0","0","1","0","0","0","0","0","0","0","0","0","0","0","0","0","0","0","0","0","0","0","0","0","0","0","0","0","0","0","0","0","0","0","0","0","0","0","0","1","202112","202204","2062"
"9104259","530010","72215178","24962640000140","3","1","00000000000000","","","","0040","","0","E","","","04","","03","36","03","","99","","","","","","","","EAS.00244-16","20200918","1","","","","","","0","0","1","0","0","0","1","0","0","0","0","0","0","0",0,0,0,"0",0,0,0,0,0,0,0,0,0,0,0,0,0,0,"0",0,2,0,0,0,0,0,0,0,0,0,0,0,0,0,0,"1",0,0,0,"0",0,0,0,0,"0",0,0,0,0,0,0,0,0,0,0,0,0,0,0,0,"0","0","1","0","0","0","0","0","0","0","0","0","0","0","0","0","0","0","0","0","0","0","0","0","1","1","0","0","1","1","0","0","0","0","0","0","0","0","0","0","0","0","0","0","0","0","0","0","0","0","0","1","0","0","0","1","0","0","0","0","0","0","0","0","0","0","0","0","0","0","0","0","0","0","0","0","0","0","0","0","0","0","0","0","0","0","0","0","0","0","0","0","1","202107","202204","2062"
"9105751","530010","70390700","00346098002187","3","1","00000000000000","","","","0015","","0","E","","","04","","01","39","03","","99","","","","","","","","05741-01","20210524","1","","","","","","0","0","1","0","0","0","1","0","0","0","0","0","0","0",0,0,0,"0",0,0,0,0,0,0,0,0,0,0,0,0,0,0,"0",0,0,0,0,0,0,0,0,0,0,0,0,0,0,0,0,"0",0,0,0,"0",0,0,0,0,"0",0,0,0,0,0,0,0,0,0,0,0,0,0,0,0,"0","0","1","0","0","0","0","0","0","1","0","0","0","0","0","0","0","1","0","0","0","0","0","0","1","1","0","0","1","1","0","0","0","0","0","0","0","0","0","0","0","0","0","0","0","0","0","0","0","0","0","1","0","0","0","1","0","0","1","0","0","0","0","0","0","0","0","0","0","0","0","0","0","0","0","0","0","0","0","0","0","0","0","0","0","0","0","0","0","0","0","0","1","202107","202204","2062"
"9109633","530010","72010030","25091409000191","3","1","00000000000000","","","","","","0","E","","","04","","03","22","03","","99","","","","","","","","ODO 00146-15/2021","20210820","1","","","","","","0","0","1","0","0","0","1","0","0","0","0","0","0","0",0,0,0,"0",0,0,0,0,0,0,0,0,0,0,0,0,0,0,"0",0,0,0,0,0,0,0,0,2,0,0,0,0,0,0,0,"1",0,0,0,"0",0,0,0,0,"0",0,0,0,0,0,0,0,0,0,0,0,0,0,0,0,"0","0","0","0","0","0","0","0","0","0","0","0","0","0","0","0","0","0","0","0","0","0","0","0","0","1","1","0","1","1","0","0","0","0","0","0","0","0","0","0","0","0","0","0","0","0","0","0","0","0","0","1","0","0","0","1","0","0","0","0","0","0","0","0","0","0","0","0","0","0","0","0","0","0","0","0","0","0","0","0","0","0","0","0","0","0","0","0","0","0","0","0","1","202203","202204","2062"
"9114580","530010","71950904","22474011000146","3","1","00000000000000","","","","","","0","E","","","04","","01","36","04","","99","","","","","","","","N EAS.0019414","20210813","1","","","","","","0","0","1","0","0","0","1","0","0","0","0","0","0","0",0,0,0,"0",0,0,0,0,0,0,0,0,0,0,0,0,0,0,"0",0,0,0,2,0,0,0,0,0,0,0,0,0,0,0,0,"1",0,0,0,"0",0,0,0,0,"0",0,0,0,0,0,0,0,0,0,0,0,0,0,0,0,"0","0","1","0","0","0","0","0","0","0","0","0","0","0","0","0","0","0","0","0","0","0","0","0","1","0","0","0","1","1","0","0","0","0","0","0","0","0","0","0","0","0","0","0","0","0","0","0","0","0","0","1","0","0","0","0","0","0","0","0","0","0","0","0","0","0","0","0","0","0","0","0","0","0","0","0","0","0","0","0","0","0","0","0","0","0","0","0","0","0","0","0","1","202111","202204","2062"
"9114629","530010","72115525","06234436000121","3","1","00000000000000","","","","0010","","0","E","","","04","","03","39","03","","99","","","","","","","","00015-15","20181220","1","","","","","","0","0","1","0","0","0","1","0","0","0","0","0","0","0",0,0,0,"0",0,0,0,0,0,0,0,0,0,0,0,0,0,0,"0",0,0,0,0,0,0,0,0,0,0,0,0,0,0,0,0,"0",0,0,0,"0",0,0,0,0,"0",0,0,0,0,0,0,0,0,0,0,0,0,0,0,0,"0","0","1","0","0","0","0","0","1","0","0","0","0","0","0","0","0","0","0","0","0","0","0","0","1","1","0","0","1","1","0","0","0","0","0","0","0","0","0","0","0","0","0","0","0","0","0","0","0","0","0","0","0","0","0","0","0","0","1","0","0","1","1","0","0","0","0","0","0","0","0","0","0","0","0","0","0","0","0","0","0","0","0","0","0","0","0","0","0","0","0","0","1","201905","202204","2062"
"9115404","530010","70712903","24438219000135","3","1","00000000000000","","","","0010","","0","E","","","04","","01","36","03","","99","","","","","","","","EAS 00631-02","20220130","1","","","","","","0","0","1","0","0","0","1","0","0","0","0","0","0","0",0,0,0,"0",0,0,0,0,0,0,0,0,0,0,0,0,0,0,"0",0,1,0,0,0,0,0,0,0,0,0,0,0,0,0,0,"1",0,0,0,"0",0,0,0,0,"0",0,0,0,0,0,0,0,0,0,0,0,0,0,0,0,"0","0","1","0","0","0","0","0","0","0","0","0","0","0","0","0","0","0","0","0","0","0","0","0","1","1","0","0","1","1","0","0","0","0","0","0","0","0","0","0","0","0","0","0","0","0","0","0","0","0","0","1","0","0","0","1","0","0","0","0","0","0","0","0","0","0","0","0","0","0","0","0","0","0","0","0","0","0","0","0","0","0","0","0","0","0","0","0","0","0","0","0","1","202202","202204","2062"
"9115838","530010","72320556","12054355000142","3","1","00000000000000","","","","0140","","0","E","","","04","","03","36","03","","99","","","","","","","","ODO.00035-18","20180830","1","","","","","","0","0","1","0","0","0","1","0","0","0","0","0","0","0",0,0,0,"0",0,0,0,0,0,0,0,0,0,0,0,0,0,0,"0",0,0,0,0,0,0,0,0,6,0,0,0,0,0,0,0,"1",0,0,0,"0",0,0,0,0,"0",0,0,0,0,0,0,0,0,0,0,0,0,0,0,0,"0","0","1","0","0","0","0","0","1","0","0","0","0","0","0","0","0","0","0","0","0","0","0","0","1","1","0","0","1","1","0","0","0","0","0","0","0","0","0","0","0","0","0","0","0","0","0","0","0","0","0","1","0","0","0","1","0","0","0","0","0","0","0","0","0","0","0","0","0","0","0","0","0","0","0","0","0","0","0","0","0","0","0","0","0","0","0","0","0","0","0","0","1","201907","202204","2062"
"9118314","530010","70390150","07392677000161","3","1","00000000000000","","","","","","0","E","","","04","","03","22","06","","99","","","","","","","","EAS.20158-01","20191014","1","","","","","","0","0","1","0","0","0","1","0","0","0","0","0","0","0",0,0,0,"0",0,0,0,0,0,0,0,0,0,0,0,0,0,0,"0",0,1,0,0,0,0,0,0,0,0,0,0,0,0,0,0,"1",0,0,0,"0",0,0,0,0,"0",0,0,0,0,0,0,0,0,0,0,0,0,0,0,0,"0","0","1","0","0","0","0","0","0","0","0","0","0","0","0","0","0","0","0","0","0","0","0","0","1","1","0","0","1","1","0","0","0","0","0","0","0","0","0","0","0","0","0","0","0","0","0","0","0","0","0","1","0","0","0","1","0","0","1","0","0","0","1","0","0","0","0","0","0","0","0","0","0","0","0","0","0","0","0","0","0","0","0","0","0","0","0","0","0","0","0","0","1","202006","202204","2240"
"9119361","530010","70670431","00718528011488","3","1","00000000000000","","","","0050","","0","E","","","04","","01","39","03","","99","","","","","","","","LAB 00006-07","20210810","1","","","","","","0","0","1","0","0","0","1","0","0","0","0","0","0","0",0,0,0,"0",0,0,0,0,0,0,0,0,0,0,0,0,0,0,"0",0,0,0,0,0,0,0,0,0,0,0,1,0,0,0,0,"1",0,0,0,"0",0,0,0,0,"0",0,0,0,0,0,0,0,0,0,0,0,0,0,0,0,"0","0","1","0","0","0","0","0","0","0","0","0","0","0","0","0","0","0","0","0","0","0","0","0","1","1","0","0","1","1","0","0","0","0","0","0","0","0","0","0","0","0","0","0","0","0","0","0","0","0","0","0","0","0","0","0","0","0","1","0","0","1","1","0","0","0","0","0","0","0","0","0","0","0","0","0","0","0","0","0","0","0","0","0","0","0","0","0","0","0","0","0","1","202108","202204","2054"
"9119965","530010","70648010","21518891000142","3","1","00000000000000","","","","0050","","0","E","","","04","","03","22","01","","99","","","","","","","","EAS00004-07/2020","20200603","1","","","","","","0","0","1","0","0","0","1","0","0","0","0","0","0","0",0,0,0,"0",0,0,0,0,0,0,0,0,0,0,0,0,0,0,"0",0,1,0,0,0,0,0,0,0,0,0,0,0,0,0,0,"1",0,0,0,"0",0,0,0,0,"0",0,0,0,0,0,0,0,0,0,0,0,0,0,0,0,"0","0","0","1","0","0","0","0","0","0","0","0","0","0","0","0","0","0","0","0","0","0","0","0","1","0","0","0","1","1","0","0","0","0","0","0","0","0","0","0","0","0","0","0","0","0","0","0","0","0","0","1","0","0","0","1","0","0","0","0","0","0","0","0","0","0","0","0","0","0","0","0","0","0","0","0","0","0","0","0","0","0","0","0","0","0","0","0","0","0","0","0","1","202006","202204","2062"
"9122303","530010","71953000","00601179000302","3","1","00000000000000","","","","","","0","E","","","04","","03","36","03","","99","","","","","","","","EAS. 00189-14","20191018","1","","","","","","0","0","1","0","0","0","1","0","0","0","0","0","0","0",0,0,0,"0",0,0,0,0,0,0,0,0,0,0,0,0,0,0,"0",0,3,0,0,0,0,0,0,0,0,0,0,0,0,0,0,"1",0,0,0,"0",0,0,0,0,"0",0,0,0,0,0,0,0,0,0,0,0,0,0,0,0,"0","0","1","0","0","0","0","0","0","0","0","0","0","0","0","0","0","0","0","1","0","0","0","0","1","0","0","0","1","1","0","0","0","0","0","0","1","0","0","0","0","0","1","0","0","0","0","0","0","0","0","1","0","0","1","1","0","0","1","0","0","1","1","0","0","0","0","0","0","0","0","0","0","0","0","0","0","0","0","0","0","0","0","0","0","0","0","0","0","0","0","0","1","202006","202204","2062"
"9122605","530010","71020612","22275370000174","3","1","00000000000000","","","","0070","","0","E","","","04","","03","36","03","","99","","","","","","","","53202046315","20190225","1","","","","","","0","0","1","0","0","0","1","0","0","0","0","0","0","0",0,0,0,"0",0,0,0,0,0,0,0,0,0,0,0,0,0,0,"0",0,0,0,2,0,0,0,0,0,0,0,0,0,0,0,0,"1",0,0,0,"0",0,0,0,0,"0",0,0,0,0,0,0,0,0,0,0,0,0,0,0,0,"0","0","1","0","0","0","0","0","0","0","0","0","0","0","0","0","0","0","0","0","0","0","0","0","1","0","0","0","1","1","0","0","0","0","0","0","0","0","0","0","0","0","0","0","0","0","0","0","0","0","0","1","0","0","0","1","0","0","0","0","0","0","0","0","0","0","0","0","0","0","0","0","0","0","0","0","0","0","0","0","0","0","0","0","0","0","0","0","0","0","0","0","1","201909","202204","2062"
"9122923","530010","70200700","26009306000100","3","1","00000000000000","","","","","","0","E","","","04","","03","36","03","","99","","","","","","","","CERTIFICADO RLE","20190504","1","","","","","","0","0","1","0","0","0","1","0","0","0","0","0","0","0",0,0,0,"0",0,0,0,0,0,0,0,0,0,0,0,0,0,0,"0",0,4,0,0,0,0,0,0,0,0,0,0,0,0,0,0,"1",0,0,0,"0",0,0,0,0,"0",0,0,0,0,0,0,0,0,0,0,0,0,0,0,0,"0","0","1","0","0","0","0","0","0","0","0","0","0","0","0","0","0","0","0","0","0","0","0","0","1","0","0","0","1","1","0","0","0","0","0","0","0","0","0","0","0","0","0","0","0","0","0","0","0","0","0","1","0","0","0","1","0","0","0","0","0","0","0","0","0","0","0","0","0","0","0","0","0","0","0","0","0","0","0","0","0","0","0","0","0","0","0","0","0","0","0","0","1","202006","202204","2062"
"9123075","530010","72115700","22388382000105","3","1","00000000000000","","","","0180","","0","E","","","04","","03","36","03","","99","","","","","","","","RLE@DIGITAL","20220119","1","","","","","","0","0","1","0","0","0","1","0","0","0","0","0","0","0",0,0,0,"0",0,0,0,0,0,0,0,0,0,0,0,0,0,0,"0",0,2,0,0,0,0,0,0,0,0,0,0,0,0,0,0,"1",0,0,0,"0",0,0,0,0,"0",0,0,0,0,0,0,0,0,0,0,0,0,0,0,0,"0","0","1","0","0","0","0","0","0","0","0","0","0","0","0","0","0","0","0","1","0","0","0","0","1","0","0","0","1","1","0","0","0","0","0","0","0","0","0","0","0","0","0","0","0","0","0","0","0","0","0","1","0","0","0","0","0","0","0","0","0","0","0","0","0","0","0","0","0","0","0","0","0","0","0","0","0","0","0","0","0","0","0","0","0","0","0","0","0","0","0","0","1","202202","202204","2232"
"9123083","530010","70200700","23859348000134","3","1","00000000000000","","","","","","0","E","","","04","","01","36","04","","99","","","","","","","","EAS.30047-01","20180417","1","","","","","","0","0","1","0","0","0","1","0","0","0","0","0","0","0",0,0,0,"0",0,0,0,0,0,0,0,0,0,0,0,0,0,0,"0",0,1,0,0,0,0,0,0,0,0,0,0,0,0,0,0,"1",0,0,0,"0",0,0,0,0,"0",0,0,0,0,0,0,0,0,0,0,0,0,0,0,0,"0","0","1","0","0","0","0","0","0","0","0","0","0","0","0","0","0","0","0","0","0","0","0","0","1","0","0","0","1","1","0","0","0","0","0","0","0","0","0","0","0","0","0","0","0","0","0","0","0","0","0","1","0","0","0","1","0","0","0","0","0","0","0","0","0","0","0","0","0","0","0","0","0","0","0","0","0","0","0","0","0","0","0","0","0","0","0","0","0","0","0","0","1","201909","202204","2062"
"9123334","530010","71953000","25101082000191","3","1","00000000000000","","","","0010","","0","E","","","04","","03","39","03","","99","","","","","","","","LAB. 00014-14","20200513","1","","","","","","0","0","1","0","0","0","1","0","0","0","0","0","0","0",0,0,0,"0",0,0,0,0,0,0,0,0,0,0,0,0,0,0,"0",0,0,0,0,0,0,0,0,0,0,0,0,0,0,0,0,"0",0,0,0,"0",0,0,0,0,"0",0,0,0,0,0,0,0,0,0,0,0,0,0,0,0,"0","0","1","0","0","0","0","0","1","0","0","0","0","0","0","0","0","0","0","0","0","0","0","0","1","1","0","0","1","1","0","0","0","0","0","0","0","0","0","0","0","0","0","0","0","0","0","0","0","0","0","0","0","0","0","0","0","0","1","0","0","0","1","0","0","0","0","0","0","0","0","0","0","0","0","0","0","0","0","0","0","0","0","0","0","0","0","0","0","0","0","0","1","202012","202204","2062"
"9123873","530010","70770560","24576642000100","3","1","00000000000000","","","","","","0","E","","","04","","03","04","03","","99","","","","","","","","","","","","","","","","0","0","1","0","0","0","1","0","0","0","0","0","0","0",0,0,0,"0",0,0,0,0,0,0,0,0,0,0,0,0,0,0,"0",0,2,0,0,0,0,0,0,0,0,0,0,0,0,0,0,"1",0,0,0,"0",0,0,0,0,"0",0,0,0,0,0,0,0,0,0,0,0,0,0,0,0,"0","0","1","0","0","0","0","0","0","0","0","0","0","0","0","0","0","0","0","0","0","0","0","0","1","1","0","0","1","1","0","0","0","0","0","0","0","0","0","0","0","0","0","0","0","0","0","0","0","0","0","1","0","0","0","1","0","0","0","0","0","0","0","0","0","0","0","0","0","0","0","0","0","0","0","0","0","0","0","0","0","0","0","0","0","0","0","0","0","0","0","0","1","202009","202204","2062"
"9124756","530010","72006238","24981301000101","3","1","00000000000000","","","","9934","","0","E","","","04","","03","04","03","","99","","","","","","","","EAS 0024715","20200116","1","","","","","","0","0","1","0","0","0","1","0","0","0","0","0","0","0",0,0,0,"0",0,0,0,0,0,0,0,0,0,0,0,0,0,0,"0",0,15,0,0,0,0,0,0,0,0,0,0,0,0,0,0,"1",0,0,0,"0",0,0,0,0,"0",0,0,0,0,0,0,0,0,0,0,0,0,0,0,0,"0","0","1","0","0","0","0","0","0","0","0","0","0","0","0","0","0","0","0","0","0","0","0","0","1","0","0","0","1","1","0","0","0","0","0","0","0","0","0","0","0","0","0","0","0","0","0","0","0","0","0","0","0","0","0","1","0","0","0","0","0","0","0","0","0","0","0","0","0","0","0","0","0","0","0","0","0","0","0","0","0","0","0","0","0","0","0","0","0","0","0","0","1","202010","202204","2062"
"9125272","530010","70390150","26248961000103","3","1","00000000000000","","","","0010","","0","E","","","04","","03","36","03","","99","","","","","","","","EAS","20210510","1","","","","","","0","0","1","0","0","0","1","0","0","0","0","0","0","0",0,0,0,"0",0,0,0,0,0,0,0,0,0,0,0,0,0,0,"0",1,0,0,0,0,0,0,0,0,0,0,0,0,0,0,0,"1",0,0,0,"0",0,0,0,0,"0",0,0,0,0,0,0,0,0,0,0,0,0,0,0,0,"0","0","1","0","0","0","0","0","0","0","0","0","0","0","0","0","0","0","0","1","0","0","0","0","1","1","0","0","1","1","0","0","0","0","0","0","0","0","0","0","0","0","0","0","0","0","0","0","0","0","0","1","0","0","0","0","0","0","0","0","0","0","0","0","0","0","0","0","0","0","0","0","0","0","0","0","0","0","0","0","0","0","0","0","0","0","0","0","0","0","0","0","1","202111","202204","2062"
"9125434","530010","72405125","13545103000189","3","1","00000000000000","","","","","","0","E","","","04","","03","36","06","","99","","","","","","","","","","","","","","","","0","0","1","0","0","0","1","0","0","0","0","0","0","0",0,0,0,"0",0,0,0,0,0,0,0,0,0,0,0,0,0,0,"0",0,4,0,0,0,0,0,0,0,0,0,0,0,0,0,0,"1",0,0,0,"0",0,0,0,0,"0",0,0,0,0,0,0,0,0,0,0,0,0,0,0,0,"0","0","0","1","0","0","0","0","0","0","0","0","0","0","0","0","0","0","0","1","0","1","0","0","1","0","0","0","1","1","0","0","0","0","0","0","0","0","0","0","0","0","0","0","0","0","0","0","0","0","0","0","0","0","0","0","0","0","1","0","0","0","0","0","0","0","0","0","0","0","0","0","0","0","0","0","0","0","0","0","0","0","0","0","0","0","0","0","0","0","0","0","1","202010","202204","2062"
"9126198","530010","70390095","24783629000113","3","1","00000000000000","","","","0015","","0","E","","","04","","03","04","03","","99","","","","","","","","EAS2029601","20201127","1","","","","","","0","0","1","0","0","0","1","0","0","0","0","0","0","0",0,0,0,"0",0,0,0,0,0,0,0,0,0,0,0,0,0,0,"0",0,1,0,0,0,0,0,0,0,0,0,0,0,0,0,0,"1",0,0,0,"0",0,0,0,0,"0",0,0,0,0,0,0,0,0,0,0,0,0,0,0,0,"0","0","1","0","0","0","0","0","0","0","0","0","0","0","0","0","0","0","0","0","0","0","0","0","1","0","0","0","1","1","0","0","0","0","0","0","0","0","0","0","0","0","0","0","0","0","0","0","0","0","0","1","0","0","0","1","0","0","0","0","0","0","0","0","0","0","0","0","0","0","0","0","0","0","0","0","0","0","0","0","0","0","0","0","0","0","0","0","0","0","0","0","1","202105","202204","2062"
"9126856","530010","70200730","22129053000140","3","1","00000000000000","","","","0015","","0","E","","","04","","03","36","03","","99","","","","","","","","EAS.20465-01","20210608","1","","","","","","0","0","1","0","0","0","1","0","0","0","0","0","0","0",0,0,0,"0",0,0,0,0,0,0,0,0,0,0,0,0,0,0,"0",0,2,0,0,0,0,0,0,0,0,0,0,0,0,0,0,"1",0,0,0,"0",0,0,0,0,"0",0,0,0,0,0,0,0,0,0,0,0,0,0,0,0,"0","0","1","0","0","0","0","0","1","0","0","0","0","0","0","0","0","1","0","1","0","0","0","0","1","1","1","0","1","1","0","0","0","0","0","0","0","0","0","0","0","0","0","0","0","0","0","0","0","0","0","1","0","0","0","1","0","0","0","0","0","0","0","0","0","0","0","0","0","0","0","0","0","0","0","0","0","0","0","0","0","0","0","0","0","0","0","0","0","0","0","0","1","202110","202204","2135"
"9127208","530010","72425100","26240185000103","3","1","00000000000000","","","","0060","","0","E","","","04","","01","04","03","","99","","","","","","","","ALVARA","20161025","1","","","","","","0","0","1","0","0","0","1","0","0","0","0","0","0","0",0,0,0,"0",0,0,0,0,0,0,0,0,0,0,0,0,0,0,"0",1,1,0,0,0,0,0,0,0,0,0,0,0,0,0,0,"1",0,0,0,"0",0,0,0,0,"0",0,0,0,0,0,0,0,0,0,0,0,0,0,0,0,"0","0","1","0","0","0","0","0","0","1","0","0","0","0","0","0","0","1","0","1","0","0","0","0","1","0","0","0","1","1","0","0","0","0","0","0","0","0","0","0","0","0","0","0","0","0","0","0","0","0","0","1","0","0","0","0","0","0","0","0","0","0","0","0","0","0","0","0","0","0","0","0","0","0","0","0","0","0","0","0","0","0","0","0","0","0","0","0","0","0","0","0","1","201904","202204","2062"
"9127992","530010","70673601","22713640000181","3","1","00000000000000","","","","0010","","0","E","","","04","","01","22","04","","99","","","","","","","","CERT. DE LICENCIAMENTO","20180829","","","","","","","0","0","1","0","0","0","1","0","0","0","0","0","0","0",0,0,0,"0",0,0,0,0,0,0,0,0,0,0,0,0,0,0,"0",0,0,0,1,0,0,0,0,0,0,0,0,0,0,0,0,"1",0,0,0,"0",0,0,0,0,"0",0,0,0,0,0,0,0,0,0,0,0,0,0,0,0,"0","0","1","0","0","0","0","0","0","0","0","0","0","0","0","0","0","0","0","0","0","0","0","0","1","0","0","0","1","1","0","0","0","0","0","0","0","0","0","0","0","0","0","0","0","0","0","0","0","0","0","1","0","0","0","0","0","0","0","0","0","0","0","0","0","0","0","0","0","0","0","0","0","0","0","0","0","0","0","0","0","0","0","0","0","0","0","0","0","0","0","0","1","202204","202204","2305"
"9128417","530010","72025001","26065190000119","3","1","00000000000000","","","","0180","","0","E","","","04","","01","36","03","","99","","","","","","","","EAS -195-14","20210620","1","","","","","","0","0","1","0","0","0","1","0","0","0","0","0","0","0",0,0,0,"0",0,0,0,0,0,0,0,0,0,0,0,0,0,0,"0",0,1,0,0,0,0,0,0,0,0,0,0,0,0,0,0,"1",0,0,0,"0",0,0,0,0,"0",0,0,0,0,0,0,0,0,0,0,0,0,0,0,0,"0","0","1","0","0","0","0","0","0","1","0","0","0","0","0","0","0","1","0","1","0","0","0","0","1","1","1","0","1","1","0","0","0","0","0","0","0","0","0","0","0","0","0","0","0","0","0","0","0","0","0","1","0","0","0","1","0","0","0","0","0","0","0","0","0","0","0","0","0","0","0","0","0","0","0","0","0","0","0","0","0","0","0","0","0","0","0","0","0","0","0","0","1","202203","202204","2062"
"9128468","530010","71916500","24128945000151","3","1","00000000000000","","","","9901","","0","E","","","04","","01","36","03","","99","","","","","","","","DFP2100011731","20210126","1","","","","","","0","0","1","0","0","0","1","0","0","0","0","0","0","0",0,0,0,"0",0,0,0,0,0,0,0,0,0,0,0,0,0,0,"0",0,1,0,0,0,0,0,0,0,0,0,0,0,0,1,0,"1",0,0,0,"0",0,0,0,0,"0",0,0,0,0,0,0,0,0,0,0,0,0,0,0,0,"0","0","1","0","0","0","0","0","0","0","0","0","0","0","0","0","0","0","0","0","0","0","0","0","1","0","0","0","1","1","0","0","0","0","0","0","0","0","0","0","0","0","0","0","0","0","0","0","0","0","0","1","0","0","0","1","0","0","0","0","0","0","0","0","0","0","0","0","0","0","0","0","0","0","0","0","0","0","0","0","0","0","0","0","0","0","0","0","0","0","0","0","1","202107","202204","2062"
"9128905","530010","70390095","24195411000148","3","1","00000000000000","","","","0010","","0","E","","","04","","03","22","03","","99","","","","","","","","RLE@DIGITAL","20211231","1","","","","","","0","0","1","0","0","0","1","0","0","0","0","0","0","0",0,0,0,"0",0,0,0,0,0,0,0,0,0,0,0,0,0,0,"0",0,0,0,1,0,0,0,0,0,0,0,0,0,0,0,0,"1",0,0,0,"0",0,0,0,0,"0",0,0,0,0,0,0,0,0,0,0,0,0,0,0,0,"0","0","1","0","0","0","0","0","0","0","0","0","0","0","0","0","0","0","0","0","0","0","0","0","1","0","0","0","1","1","0","0","0","0","0","0","0","0","0","0","0","0","0","0","0","0","0","0","0","0","0","1","0","0","0","1","0","0","0","0","0","0","0","0","0","0","0","0","0","0","0","0","0","0","0","0","0","0","0","0","0","0","0","0","0","0","0","0","0","0","0","0","1","202202","202204","2062"
"9129049","530010","70390145","06905968000224","3","1","00000000000000","","","","","","0","E","","","04","","03","04","03","","99","","","","","","","","DFP1800","20190905","1","","","","","","0","0","1","0","0","0","1","0","0","0","0","0","0","0",0,0,0,"0",0,0,0,0,0,0,0,0,0,0,0,0,0,0,"0",0,1,0,1,0,0,0,0,0,0,0,0,0,0,0,0,"1",0,0,0,"0",0,0,0,0,"0",0,0,0,0,0,0,0,0,0,0,0,0,0,0,0,"0","0","1","0","0","0","0","0","0","0","0","0","0","0","0","0","0","0","0","0","0","0","0","0","1","0","0","0","1","1","0","0","0","0","0","0","0","0","0","0","0","0","0","0","0","0","0","0","0","0","0","1","0","0","1","1","0","0","0","0","0","0","0","0","0","0","0","0","0","0","0","0","0","0","0","0","0","0","0","0","0","0","0","0","0","0","0","0","0","0","0","0","1","202005","202204","2232"
"9129359","530010","72025110","26482659000115","3","1","00000000000000","","","","0010","","0","E","","","04","","01","36","03","","99","","","","","","","","EAS- 2013/2014","20210701","1","","","","","","0","0","1","0","0","0","1","0","0","0","0","0","0","0",0,0,0,"0",0,0,0,0,0,0,0,0,0,0,0,0,0,0,"0",3,0,0,0,0,0,0,0,0,0,0,0,0,0,0,0,"1",0,0,0,"0",0,0,0,0,"0",0,0,0,0,0,0,0,0,0,0,0,0,0,0,0,"0","0","0","1","0","0","0","0","0","0","0","0","0","0","0","0","0","0","0","0","0","0","0","0","1","1","1","0","1","1","0","0","0","0","0","0","0","0","0","0","0","0","0","0","0","0","0","0","0","0","0","1","0","0","0","1","0","0","0","0","0","0","0","0","0","0","0","0","0","0","0","0","0","0","0","0","0","0","0","0","0","0","0","0","0","0","0","0","0","0","0","0","1","202203","202204","2062"
"9129545","530010","70719900","26103348000106","3","1","00000000000000","","","","","","0","E","","","04","","03","36","03","","99","","","","","","","","CERTIFICADO RLE","20180821","1","","","","","","0","0","1","0","0","0","1","0","0","0","0","0","0","0",0,0,0,"0",0,0,0,0,0,0,0,0,0,0,0,0,0,0,"0",0,0,0,4,0,0,0,0,0,0,0,0,0,0,0,0,"1",0,0,0,"0",0,0,0,0,"0",0,0,0,0,0,0,0,0,0,0,0,0,0,0,0,"0","0","1","0","0","0","0","0","0","0","0","0","0","0","0","0","0","0","0","0","0","0","0","0","1","0","0","0","1","1","0","0","0","0","0","0","0","0","0","0","0","0","0","0","0","0","0","0","0","0","0","1","0","0","0","1","0","0","0","0","0","0","0","0","0","0","0","0","0","0","0","0","0","0","0","0","0","0","0","0","0","0","0","0","0","0","0","0","0","0","0","0","1","202103","202204","2062"
"9129650","530010","70390903","60840055033307","3","1","00000000000000","","","","","","0","E","","","04","","03","39","04","","99","","","","","","","","LAB.05718-01","20210210","1","","","","","","0","0","1","0","0","0","1","0","0","0","0","0","0","0",0,0,0,"0",0,0,0,0,0,0,0,0,0,0,0,0,0,0,"0",0,0,0,0,0,0,0,0,0,0,0,0,0,0,0,0,"0",0,0,0,"0",0,0,0,0,"0",0,0,0,0,0,0,0,0,0,0,0,0,0,0,0,"0","0","1","0","0","0","0","0","0","1","0","1","0","0","0","0","0","0","0","1","0","0","0","0","1","1","0","0","1","1","0","0","0","0","0","0","0","0","0","0","0","0","0","0","0","0","0","0","0","0","0","0","0","0","0","0","0","0","1","0","0","0","1","0","0","0","0","0","0","0","0","0","0","0","0","0","0","0","0","0","0","0","0","0","0","0","0","0","0","0","0","0","1","202109","202204","2046"
"9129944","530010","71904540","26039423000109","3","1","00000000000000","","","","9901","","0","E","","","04","","01","36","03","","99","","","","","","","","RLE DIGITAL CERT DE LICEN","20200715","1","","","","","","0","0","1","0","0","0","1","0","0","0","0","0","0","0",0,0,0,"0",0,0,0,0,0,0,0,0,0,0,0,0,0,0,"0",0,0,0,2,0,0,0,0,0,0,0,0,0,0,0,0,"1",0,0,0,"0",0,0,0,0,"0",0,0,0,0,0,0,0,0,0,0,0,0,0,0,0,"0","0","1","0","0","0","0","0","0","0","0","0","0","0","0","0","0","0","0","0","0","0","0","0","1","1","0","0","1","1","0","0","0","0","0","0","0","0","0","0","0","0","0","0","0","0","0","0","0","0","0","1","0","0","1","1","0","0","0","0","0","0","0","0","0","0","0","0","0","0","0","0","0","0","0","0","0","0","0","0","0","0","0","0","0","0","0","0","0","0","0","0","1","202103","202204","2062"
"9130349","530010","70200700","03950531000133","3","1","00000000000000","","","","0010","","0","E","","","04","","03","36","03","","99","","","","","","","","","","","","","","","","0","0","1","0","0","0","1","0","0","0","0","0","0","0",0,0,0,"0",0,0,0,0,0,0,0,0,0,0,0,0,0,0,"0",0,3,0,0,0,0,0,0,0,0,0,0,0,0,0,0,"1",0,0,0,"0",0,0,0,0,"0",0,0,0,0,0,0,0,0,0,0,0,0,0,0,0,"0","0","1","0","0","0","0","0","0","0","0","0","0","0","0","0","0","0","0","0","0","0","0","0","1","0","0","0","1","1","0","0","0","0","0","0","0","0","0","0","0","0","0","0","0","0","0","0","0","0","0","1","0","0","1","1","0","0","0","0","0","0","0","0","0","0","0","0","0","0","0","0","0","0","0","0","0","0","0","0","0","0","0","0","0","0","0","0","0","0","0","0","1","202003","202204","2062"
"9130373","530010","70390907","14926821000168","3","1","00000000000000","","","","","","0","E","","","04","","03","36","03","","99","","","","","","","","RLE VISADF","20210514","1","","","","","","0","0","1","0","0","0","1","0","0","0","0","0","0","0",0,0,0,"0",0,0,0,0,0,0,0,0,0,0,0,0,0,0,"0",0,0,0,0,0,0,0,0,1,0,0,0,0,0,0,0,"1",0,0,0,"0",0,0,0,0,"0",0,0,0,0,0,0,0,0,0,0,0,0,0,0,0,"0","0","1","0","0","0","0","0","1","0","0","0","0","0","0","0","0","0","0","0","0","0","0","0","1","1","0","0","1","1","0","0","0","0","0","0","0","0","0","0","0","0","0","0","0","0","0","0","0","0","0","1","0","0","0","1","0","0","0","0","0","0","0","0","0","0","0","0","0","0","0","0","0","0","0","0","0","0","0","0","0","0","0","0","0","0","0","0","0","0","0","0","1","202111","202204","2062"
"9131175","530010","72770100","48555775006352","3","1","00000000000000","","","","0020","","0","E","","","04","","01","83","06","","99","001","25003","294322","","","","","LICENCA SANITARIA","20191127","2","","","","","","0","0","0","0","0","0","0","0","0","0","0","0","0","0",0,0,0,"0",0,0,0,0,0,0,0,0,0,0,0,0,0,0,"0",0,0,0,2,0,0,0,0,0,0,0,0,0,0,0,0,"1",0,0,0,"0",0,0,0,0,"0",0,0,0,0,0,0,0,0,0,0,0,0,0,0,0,"0","0","0","0","0","0","0","0","0","0","0","0","0","0","0","0","0","0","0","0","0","0","0","0","0","0","0","0","1","1","0","0","0","0","0","0","0","0","0","0","0","0","0","0","0","0","0","0","0","0","0","0","0","0","0","0","0","0","0","0","0","0","0","0","0","0","0","0","0","0","0","0","0","0","0","0","0","1","0","0","0","0","0","0","0","0","0","0","0","0","0","0","1","202003","202204","3999"
"9131248","530010","72015520","24743508000148","3","1","00000000000000","","","","","","0","E","","","04","","03","22","03","","99","","","","","","","","000130-14","20190618","1","","","","","","0","0","1","0","0","0","1","0","0","0","0","0","0","0",0,0,0,"0",0,0,0,0,0,0,0,0,0,0,0,0,0,0,"0",0,0,0,0,0,0,0,0,1,0,0,0,0,0,0,0,"1",0,0,0,"0",0,0,0,0,"0",0,0,0,0,0,0,0,0,0,0,0,0,0,0,0,"0","0","1","0","0","0","0","0","0","0","0","0","0","0","0","0","0","0","0","0","0","0","0","0","1","1","0","0","0","1","0","0","0","0","0","0","0","0","0","0","0","0","0","0","0","0","0","0","0","0","0","0","0","0","0","1","0","0","0","0","0","0","0","0","0","0","0","0","0","0","0","0","0","0","0","0","0","0","0","0","0","0","0","0","0","0","0","0","0","0","0","0","1","202111","202204","2062"
"9134816","530010","72110270","23632309000108","3","1","00000000000000","","","","0180","","0","E","","","04","","01","04","04","","99","001","28878","132381","","","","","EAS 00233-15","20161111","1","","","","","","0","0","1","0","0","0","1","0","0","0","0","0","0","0",0,0,0,"0",0,0,0,0,0,0,0,0,0,0,0,0,0,0,"0",0,0,0,3,0,0,0,0,0,0,0,0,0,0,0,0,"1",0,0,0,"0",0,0,0,0,"0",0,0,0,0,0,0,0,0,0,0,0,0,0,0,0,"0","0","1","0","0","0","0","0","0","0","0","0","0","0","0","0","0","0","0","0","0","0","0","0","1","0","0","0","1","1","0","0","0","0","0","0","0","0","0","0","0","0","0","0","0","0","0","0","0","0","0","0","0","0","0","1","0","0","0","0","0","0","0","0","0","0","0","0","0","0","0","0","0","0","0","0","0","0","0","0","0","0","0","0","0","0","0","0","0","0","0","0","1","202103","202204","2062"
"9134875","530010","70390108","21904392000193","3","1","00000000000000","","","","","","0","E","","","04","","03","36","03","","99","","","","","","","","EAS.54012-01","20181124","1","","","","","","0","0","1","0","0","0","1","0","0","0","0","0","0","0",0,0,0,"0",0,0,0,0,0,0,0,0,0,0,0,0,0,0,"0",0,1,0,0,0,0,0,0,0,0,0,0,0,0,0,0,"1",0,0,0,"0",0,0,0,0,"0",0,0,0,0,0,0,0,0,0,0,0,0,0,0,0,"0","0","1","0","0","0","0","0","1","0","0","0","0","0","0","0","0","1","0","1","0","0","0","0","1","1","1","0","1","1","0","0","0","0","0","0","0","0","0","0","0","0","0","0","0","0","0","0","0","0","0","1","0","0","0","1","0","0","0","0","0","0","0","0","0","0","0","0","0","0","0","0","0","0","0","0","0","0","0","0","0","0","0","0","0","0","0","0","0","0","0","0","1","201812","202204","2062"
"9135502","530010","71926000","23972733000193","3","1","00000000000000","","","","","","0","E","","","04","","03","04","04","","99","","","","","","","","RLE@DIGITAL","20220119","1","","","","","","0","0","1","0","0","0","1","0","0","0","0","0","0","0",0,0,0,"0",0,0,0,0,0,0,0,0,0,0,0,0,0,0,"0",1,6,0,0,0,0,0,0,0,0,0,0,0,0,0,0,"1",0,0,0,"0",0,0,0,0,"0",0,0,0,0,0,0,0,0,0,0,0,0,0,0,0,"0","0","1","0","0","0","0","0","0","0","0","0","0","0","0","0","0","0","0","0","0","0","0","0","1","1","0","0","1","1","0","0","0","0","0","0","0","0","0","0","0","0","0","0","0","0","0","0","0","0","0","1","0","0","0","1","0","0","0","0","0","0","0","0","0","0","0","0","0","0","0","0","0","0","0","0","0","0","0","0","0","0","0","0","0","0","0","0","0","0","0","0","1","202202","202204","2062"
"9135898","530010","70390108","25157721000130","3","1","00000000000000","","","","0010","","0","E","","","04","","03","36","03","","99","","","","","","","","EAS.20849-01","20210929","1","","","","","","0","0","1","0","0","0","1","0","0","0","0","0","0","0",0,0,0,"0",0,0,0,0,0,0,0,0,0,0,0,0,0,0,"0",0,2,0,0,0,0,0,0,0,0,0,0,0,0,0,0,"1",0,0,0,"0",0,0,0,0,"0",0,0,0,0,0,0,0,0,0,0,0,0,0,0,0,"0","0","1","0","0","0","0","0","1","0","0","0","0","0","0","0","0","1","0","1","0","0","0","0","1","1","1","0","1","1","0","0","0","0","0","0","0","0","0","0","0","0","0","0","0","0","0","0","0","0","0","1","0","0","0","1","0","0","0","0","0","0","0","0","0","0","0","0","0","0","0","0","0","0","0","0","0","0","0","0","0","0","0","0","0","0","0","0","0","0","0","0","1","202110","202204","2305"
"9136010","530010","70390150","26740525000157","3","1","00000000000000","","","","0015","","0","E","","","04","","03","04","03","","99","","","","","","","","53202092457","20210428","1","","","","","","0","0","1","0","0","0","1","0","0","0","0","0","0","0",0,0,0,"0",0,0,0,0,0,0,0,0,0,0,0,0,0,0,"0",0,1,0,0,0,0,0,0,0,0,0,0,0,0,0,0,"1",0,0,0,"0",0,0,0,0,"0",0,0,0,0,0,0,0,0,0,0,0,0,0,0,0,"0","0","1","0","0","0","0","0","1","0","0","0","0","0","0","0","0","1","0","1","0","0","0","0","1","0","1","0","1","1","0","0","0","0","0","0","0","0","0","0","0","0","0","0","0","0","0","0","0","0","0","1","0","0","0","1","0","0","0","0","0","0","0","0","0","0","0","0","0","0","0","0","0","0","0","0","0","0","0","0","0","0","0","0","0","0","0","0","0","0","0","0","1","202112","202204","2062"
"9136193","530010","72015020","23247496000106","3","1","00000000000000","","","","","","0","E","","","04","","03","36","03","","99","","","","","","","","EAS 00180-14","20190215","1","","","","","","0","0","1","0","0","0","1","0","0","0","0","0","0","0",0,0,0,"0",0,0,0,0,0,0,0,0,0,0,0,0,0,0,"0",0,1,0,0,0,0,0,0,0,0,0,0,0,0,0,0,"1",0,0,0,"0",0,0,0,0,"0",0,0,0,0,0,0,0,0,0,0,0,0,0,0,0,"0","0","1","0","0","0","0","0","0","0","0","0","0","0","0","0","0","0","0","0","0","0","0","0","1","0","0","0","1","1","0","0","0","0","0","0","0","0","0","0","0","0","0","0","0","0","0","0","0","0","0","1","0","0","0","0","0","0","0","0","0","0","0","0","0","0","0","0","0","0","0","0","0","0","0","0","0","0","0","0","0","0","0","0","0","0","0","0","0","0","0","0","1","202009","202204","2062"
"9137181","530010","70200740","26042166000164","3","1","00000000000000","","","","0015","","0","E","","","04","","03","36","03","","99","","","","","","","","EAS 20322-01","20200525","1","","","","","","0","0","1","0","0","0","1","0","0","0","0","0","0","0",0,0,0,"0",0,0,0,0,0,0,0,0,0,0,0,0,0,0,"0",1,0,0,0,0,0,0,0,0,0,0,0,0,0,0,0,"1",0,0,0,"0",0,0,0,0,"0",0,0,0,0,0,0,0,0,0,0,0,0,0,0,0,"0","0","1","0","0","0","0","0","0","0","0","0","0","0","0","0","0","0","0","0","0","0","0","0","1","0","0","0","1","1","0","0","0","0","0","0","0","0","0","0","0","0","0","0","0","0","0","0","0","0","0","1","0","0","0","0","0","0","0","0","0","0","0","0","0","0","0","0","0","0","0","0","0","0","0","0","0","0","0","0","0","0","0","0","0","0","0","0","0","0","0","0","1","202009","202204","2062"
"9137386","530010","70710140","25255899000114","3","1","00000000000000","","","","","","0","E","","","04","","03","22","03","","99","","","","","","","","ODO 00457-02/2021","20210916","1","","","","","","0","0","1","0","0","0","1","0","0","0","0","0","0","0",0,0,0,"0",0,0,0,0,0,0,0,0,0,0,0,0,0,0,"0",0,0,0,0,0,0,0,0,1,0,0,0,0,0,0,0,"1",0,0,0,"0",0,0,0,0,"0",0,0,0,0,0,0,0,0,0,0,0,0,0,0,0,"0","0","0","0","0","0","0","0","0","0","0","0","0","0","0","0","0","0","0","0","0","0","0","0","0","0","0","0","1","1","0","0","0","0","0","0","0","0","0","0","0","0","0","0","0","0","0","0","0","0","0","1","0","0","0","0","0","0","0","0","0","0","0","0","0","0","0","0","0","0","0","0","0","0","0","0","0","0","0","0","0","0","0","0","0","0","0","0","0","0","0","0","1","202111","202204","2305"
"9140182","530010","70770560","24890120000170","3","1","00000000000000","","","","0005","","0","E","","","04","","03","36","06","","99","","","","","","","","","20200918","1","","","","","","0","0","1","0","0","0","1","0","0","0","0","0","0","0",0,0,0,"0",0,0,0,0,0,0,0,0,0,0,0,0,0,0,"0",0,4,0,0,0,0,0,0,0,0,0,0,0,0,0,0,"1",0,0,0,"0",0,0,0,0,"0",0,0,0,0,0,0,0,0,0,0,0,0,0,0,0,"0","0","1","0","0","0","0","0","0","0","0","0","0","0","0","0","0","0","0","0","0","0","0","0","1","1","0","0","1","1","0","0","0","0","0","0","0","0","0","0","0","0","0","0","0","0","0","0","0","0","0","1","0","0","0","1","0","0","0","0","0","0","0","0","0","0","0","0","0","0","0","0","0","0","0","0","0","0","0","0","0","0","0","0","0","0","0","0","0","0","0","0","1","202107","202204","2240"
"9140514","530010","70200760","25092064000190","3","1","00000000000000","","","","","","0","E","","","04","","01","22","03","","99","","","","","","","","ODO01734-01","20201023","1","","","","","","0","0","1","0","0","0","1","0","0","0","0","0","0","0",0,0,0,"0",0,0,0,0,0,0,0,0,0,0,0,0,0,0,"0",0,1,0,0,0,0,0,0,0,0,0,0,0,0,0,0,"1",0,0,0,"0",0,0,0,0,"0",0,0,0,0,0,0,0,0,0,0,0,0,0,0,0,"0","0","1","0","0","0","0","0","0","0","0","0","0","0","0","0","0","0","0","0","0","0","0","0","1","0","0","0","1","1","0","0","0","0","0","0","0","0","0","0","0","0","0","0","0","0","0","0","0","0","0","1","0","0","0","1","0","0","0","0","0","0","0","0","0","0","0","0","0","0","0","0","0","0","0","0","0","0","0","0","0","0","0","0","0","0","0","0","0","0","0","0","1","202107","202204","2305"
"9141944","530010","71950770","03624129000673","3","1","00000000000000","","","","","","0","E","","","04","","03","04","03","","99","","","","","","","","EAS 00212-14","20200430","1","","","","","","0","0","1","0","0","0","1","0","0","0","0","0","0","0",0,0,0,"0",0,0,0,0,0,0,0,0,0,0,0,0,0,0,"0",0,0,0,4,0,0,0,0,0,0,0,0,0,0,0,0,"1",0,0,0,"0",0,0,0,0,"0",0,0,0,0,0,0,0,0,0,0,0,0,0,0,0,"0","0","1","0","0","0","0","0","0","0","0","0","0","0","0","0","0","0","0","0","0","0","0","0","1","0","0","0","1","1","0","0","0","0","0","0","0","0","0","0","0","0","0","0","0","0","0","0","0","0","0","1","0","0","1","1","0","0","0","0","0","0","0","0","0","0","0","0","0","0","0","0","0","0","0","0","0","0","0","0","0","0","0","0","0","0","0","0","0","0","0","0","1","202106","202204","2232"
"9143947","530010","72220283","24424804000186","3","1","00000000000000","","","","0040","","0","E","","","04","","03","36","03","","99","","","","","","","","EAS 00227-16","20200610","1","","","","","","0","0","1","0","0","0","1","0","0","0","0","0","0","0",0,0,0,"0",0,0,0,0,0,0,0,0,0,0,0,0,0,0,"0",0,3,0,0,0,0,0,0,0,0,0,0,0,0,0,0,"1",0,0,0,"0",0,0,0,0,"0",0,0,0,0,0,0,0,0,0,0,0,0,0,0,0,"0","0","1","0","0","0","0","0","0","0","0","0","0","0","0","0","0","0","0","0","0","0","0","0","1","1","0","0","1","1","0","0","0","0","0","0","0","0","0","0","0","0","0","0","0","0","0","0","0","0","0","1","0","0","0","1","0","0","0","0","0","0","0","0","0","0","0","0","0","0","0","0","0","0","0","0","0","0","0","0","0","0","0","0","0","0","0","0","0","0","0","0","1","202110","202204","2062"
"9144021","530010","70390155","26473115000197","3","1","00000000000000","","","","0010","","0","E","","","04","","","22","03","","99","","","","","","","","EAS20332-01","20180206","1","","","","","","0","0","1","0","0","0","1","0","0","0","0","0","0","0",0,0,0,"0",0,0,0,0,0,0,0,0,0,0,0,0,0,0,"0",2,0,0,0,0,0,0,0,0,0,0,0,0,0,0,0,"1",0,0,0,"0",0,0,0,0,"0",0,0,0,0,0,0,0,0,0,0,0,0,0,0,0,"0","0","0","0","0","0","0","0","0","0","0","0","0","0","0","0","0","0","0","0","0","0","0","0","0","0","0","0","1","1","0","0","0","0","0","0","0","0","0","0","0","0","0","0","0","0","0","0","0","0","0","1","0","0","1","1","0","0","0","0","0","0","0","0","0","0","0","0","0","0","0","0","0","0","0","0","0","0","0","0","0","0","0","0","0","0","0","0","0","0","0","0","1","201911","202204","2062"
"9144552","530010","71200055","26457272000109","3","1","00000000000000","","","","","","0","E","","","04","","03","22","03","","99","","","","","","","","53202085442","20210930","1","","","","","","0","0","1","0","0","0","1","0","0","0","0","0","0","0",0,0,0,"0",0,0,0,0,0,0,0,0,0,0,0,0,0,0,"0",0,0,0,0,0,0,0,0,1,0,0,0,0,0,0,0,"1",0,0,0,"0",0,0,0,0,"0",0,0,0,0,0,0,0,0,0,0,0,0,0,0,0,"0","0","1","0","0","0","0","0","0","0","0","0","0","0","0","0","0","0","0","0","0","0","0","0","1","0","0","0","1","1","0","0","0","0","0","0","0","0","0","0","0","0","0","0","0","0","0","0","0","0","0","1","0","0","0","0","0","0","0","0","0","0","0","0","0","0","0","0","0","0","0","0","0","0","0","0","0","0","0","0","0","0","0","0","0","0","0","0","0","0","0","0","1","202203","202204","2062"
"9145745","530010","70770560","26737472000115","3","1","00000000000000","","","","0010","","0","E","","","04","","01","04","04","","99","","","","","","","","EAS 00867-02","20190227","1","","","","","","0","0","1","0","0","0","1","0","0","0","0","0","0","0",0,0,0,"0",0,0,0,0,0,0,0,0,0,0,0,0,0,0,"0",0,0,0,1,0,0,0,0,0,0,0,0,0,0,0,0,"1",0,0,0,"0",0,0,0,0,"0",0,0,0,0,0,0,0,0,0,0,0,0,0,0,0,"0","0","1","0","0","0","0","0","0","0","0","0","0","0","0","0","0","0","0","0","0","0","0","0","1","0","0","0","1","1","0","0","0","0","0","0","0","0","0","0","0","0","0","0","0","0","0","0","0","0","0","1","0","0","0","0","0","0","0","0","0","0","0","0","0","0","0","0","0","0","0","0","0","0","0","0","0","0","0","0","0","0","0","0","0","0","0","0","0","0","0","0","1","202002","202204","2062"
"9147985","530010","72115700","26493846000102","3","1","00000000000000","","","","0180","","0","E","","","04","","03","22","03","","99","","","","","","","","LICENCIAMENTO","20200709","1","","","","","","0","0","1","0","0","0","1","0","0","0","0","0","0","0",0,0,0,"0",0,0,0,0,0,0,0,0,0,0,0,0,0,0,"0",1,0,0,0,0,0,0,0,0,0,0,0,0,0,0,0,"1",0,0,0,"0",0,0,0,0,"0",0,0,0,0,0,0,0,0,0,0,0,0,0,0,0,"0","0","1","0","0","0","0","0","0","0","0","0","0","0","0","0","0","0","0","0","0","0","0","0","1","0","0","0","1","1","0","0","0","0","0","0","0","0","0","0","0","0","0","0","0","0","0","0","0","0","0","1","0","0","0","0","0","0","0","0","0","0","0","0","0","0","0","0","0","0","0","0","0","0","0","0","0","0","0","0","0","0","0","0","0","0","0","0","0","0","0","0","1","202010","202204","2305"
"9148981","530010","70200700","19048170000174","3","1","00000000000000","","","","","","0","E","","","04","","01","36","04","","99","","","","","","","","CERTIF DE LICENCIAMENTO","20180810","1","","","","","","0","0","1","0","0","0","1","0","0","0","0","0","0","0",0,0,0,"0",0,0,0,0,0,0,0,0,0,0,0,0,0,0,"0",3,0,0,0,0,0,0,0,0,0,0,0,0,0,0,0,"1",0,0,0,"0",0,0,0,0,"0",0,0,0,0,0,0,0,0,0,0,0,0,0,0,0,"0","0","1","0","0","0","0","0","0","0","0","0","0","0","0","0","0","0","0","0","0","0","0","0","1","0","0","0","1","1","0","0","0","0","0","0","0","0","0","0","0","0","0","0","0","0","0","0","0","0","0","1","0","0","0","1","0","0","0","0","0","0","0","0","0","0","0","0","0","0","0","0","0","0","0","0","0","0","0","0","0","0","0","0","0","0","0","0","0","0","0","0","1","202105","202204","2062"
"9149090","530010","70770560","25243802000153","3","1","00000000000000","","","","0005","","0","E","","","04","","01","36","03","","99","","","","","","","","EAS 0934-02","20200617","1","","","","","","0","0","1","0","0","0","1","0","0","0","0","0","0","0",0,0,0,"0",0,0,0,0,0,0,0,0,0,0,0,0,0,0,"0",0,1,0,0,0,0,0,0,0,0,0,0,0,0,0,0,"1",0,0,0,"0",0,0,0,0,"0",0,0,0,0,0,0,0,0,0,0,0,0,0,0,0,"0","0","1","0","0","0","0","0","0","0","0","0","0","0","0","0","0","0","0","0","0","0","0","0","1","0","0","0","1","1","0","0","0","0","0","0","0","0","0","0","0","0","0","0","0","0","0","0","0","0","0","1","0","0","0","0","0","0","0","0","0","0","0","0","0","0","0","0","0","0","0","0","0","0","0","0","0","0","0","0","0","0","0","0","0","0","0","0","0","0","0","0","1","202008","202204","2062"
"9151990","530010","70340907","25275643000179","3","1","00000000000000","","","","0015","","0","E","","","04","","01","22","03","","99","","","","","","","","","","","","","","","","0","0","1","0","0","0","1","0","0","0","0","0","0","0",0,0,0,"0",0,0,0,0,0,0,0,0,0,0,0,0,0,0,"0",0,0,0,1,0,0,0,0,0,0,0,0,0,0,0,0,"1",0,0,0,"0",0,0,0,0,"0",0,0,0,0,0,0,0,0,0,0,0,0,0,0,0,"0","0","1","0","0","0","0","0","0","0","0","0","0","0","0","0","0","0","0","0","0","0","0","0","1","0","0","0","1","1","0","0","0","0","0","0","0","0","0","0","0","0","0","0","0","0","0","0","0","0","0","1","0","0","0","0","0","0","0","0","0","0","0","0","0","0","0","0","0","0","0","0","0","0","0","0","0","0","0","0","0","0","0","0","0","0","0","0","0","0","0","0","1","202011","202204","2062"
"9153896","530010","70770560","24617575000116","3","1","00000000000000","","","","0005","","0","E","","","04","","03","36","03","","99","","","","","","","","CERTIFICADO RLE","20190111","1","","","","","","0","0","1","0","0","0","1","0","0","0","0","0","0","0",0,0,0,"0",0,0,0,0,0,0,0,0,0,0,0,0,0,0,"0",0,0,0,7,0,0,0,0,0,0,0,0,0,0,0,0,"1",0,0,0,"0",0,0,0,0,"0",0,0,0,0,0,0,0,0,0,0,0,0,0,0,0,"0","0","1","0","0","0","0","0","0","0","0","0","0","0","0","0","0","0","0","0","0","0","0","0","1","0","0","0","1","1","0","0","0","0","0","0","0","0","0","0","0","0","0","0","0","0","0","0","0","0","0","1","0","0","0","0","0","0","0","0","0","0","0","0","0","0","0","0","0","0","0","0","0","0","0","0","0","0","0","0","0","0","0","0","0","0","0","0","0","0","0","0","1","202201","202204","2062"
"9155880","530010","70710146","26502176000135","3","1","00000000000000","","","","","","0","E","","","04","","03","36","03","","99","","","","","","","","DFP2000060564","20210319","1","","","","","","0","0","1","0","0","0","1","0","0","0","0","0","0","0",0,0,0,"0",0,0,0,0,0,0,0,0,0,0,0,0,0,0,"0",1,1,0,1,0,0,0,0,0,0,0,0,0,0,0,0,"1",0,0,0,"0",0,0,0,0,"0",0,0,0,0,0,0,0,0,0,0,0,0,0,0,0,"0","0","1","0","0","0","0","0","0","0","0","0","0","0","0","0","0","0","0","0","0","0","0","0","1","1","0","0","1","1","0","0","0","0","0","0","0","0","0","0","0","0","0","0","0","0","0","0","0","0","0","1","0","0","0","1","0","0","0","0","0","0","0","0","0","0","0","0","0","0","0","0","0","0","0","0","0","0","0","0","0","0","0","0","0","0","0","0","0","0","0","0","1","202201","202204","2062"
"9156372","530010","72600400","26399050000187","3","1","00000000000000","","","","","","0","E","","","04","","01","39","04","","99","","","","","","","","LAB 00247-17","20200730","1","","","","","","0","0","1","0","0","0","1","0","0","0","0","0","0","0",0,0,0,"0",0,0,0,0,0,0,0,0,0,0,0,0,0,0,"0",0,0,0,2,0,0,0,0,0,0,0,0,0,0,0,0,"1",0,0,0,"0",0,0,0,0,"0",0,0,0,0,0,0,0,0,0,0,0,0,0,0,0,"0","0","1","0","0","0","0","0","0","0","0","0","0","0","0","0","0","0","0","0","0","0","0","0","1","1","0","0","1","1","0","0","0","0","0","0","0","0","0","0","0","0","0","0","0","0","0","0","0","0","0","0","0","0","0","0","0","0","1","0","0","0","1","0","0","0","0","0","0","0","0","0","0","0","0","0","0","0","0","0","0","0","0","0","0","0","0","0","0","0","0","0","1","202102","202204","2062"
"9156933","530010","70390150","24515072000130","3","1","00000000000000","","","","0010","","0","E","","","04","","01","36","03","","99","","","","","","","","EAS-30090-01","20180323","1","","","","","","0","0","1","0","0","0","1","0","0","0","0","0","0","0",0,0,0,"0",0,0,0,0,0,0,0,0,0,0,0,0,0,0,"0",0,1,0,1,0,0,0,0,0,0,0,0,0,0,0,0,"1",0,0,0,"0",0,0,0,0,"0",0,0,0,0,0,0,0,0,0,0,0,0,0,0,0,"0","0","1","0","0","0","0","0","0","0","0","0","0","0","0","0","0","0","0","0","0","0","0","0","1","0","0","0","1","1","0","0","0","0","0","0","0","0","0","0","0","0","0","0","0","0","0","0","0","0","0","1","0","0","0","0","0","0","0","0","0","0","0","0","0","0","0","0","0","0","0","0","0","0","0","0","0","0","0","0","0","0","0","0","0","0","0","0","0","0","0","0","1","201909","202204","2062"
"9161910","530010","70390150","26211790000148","3","1","00000000000000","","","","0015","","0","E","","","04","","03","39","04","","99","","","","","","","","LICENCA SANITARIA","20180328","1","","","","","","0","0","1","0","0","0","1","0","0","0","0","0","0","0",0,0,0,"0",0,0,0,0,0,0,0,0,0,0,0,0,0,0,"0",0,0,0,0,0,0,0,0,0,0,0,0,0,0,0,0,"0",0,0,0,"0",0,0,0,0,"0",0,0,0,0,0,0,0,0,0,0,0,0,0,0,0,"0","0","1","0","0","0","0","0","0","0","0","0","0","0","0","0","0","0","0","0","0","0","0","0","1","1","0","0","1","1","0","0","0","0","0","0","0","0","0","0","0","0","0","0","0","0","0","0","0","0","0","1","0","0","0","1","0","0","0","0","0","0","1","0","0","0","0","0","0","0","0","0","0","0","0","0","0","0","0","0","0","0","0","0","0","0","0","0","0","0","0","0","1","202204","202204","2062"
"9163107","530010","70390150","19107854000108","3","1","00000000000000","","","","0015","","0","E","","","04","","03","36","03","","99","","","","","","","","EAS 20377-01","20200114","1","","","","","","0","0","1","0","0","0","1","0","0","0","0","0","0","0",0,0,0,"0",0,0,0,0,0,0,0,0,0,0,0,0,0,0,"0",0,4,0,0,0,0,0,0,0,0,0,0,0,0,0,0,"1",0,0,0,"0",0,0,0,0,"0",0,0,0,0,0,0,0,0,0,0,0,0,0,0,0,"0","0","1","0","0","0","0","0","0","0","0","0","0","0","0","0","0","0","0","0","0","0","0","0","1","0","1","0","1","1","0","0","0","0","0","0","0","0","0","0","0","0","0","0","0","0","0","0","0","0","0","1","0","0","0","1","0","0","0","0","0","0","0","0","0","0","0","0","0","0","0","0","0","0","0","0","0","0","0","0","0","0","0","0","0","0","0","0","0","0","0","0","1","202112","202204","2062"
"9165088","530010","71916500","23410192000100","3","1","00000000000000","","","","9901","","0","E","","","04","","03","04","03","","99","","","","","","","","00109/2019","20200623","2","","","","","","0","0","1","0","0","0","1","0","0","0","0","0","0","0",0,0,0,"0",0,0,0,0,0,0,0,0,0,0,0,0,0,0,"0",0,0,0,0,0,0,0,0,6,0,0,0,0,0,0,0,"1",0,0,0,"0",0,0,0,0,"0",0,0,0,0,0,0,0,0,0,0,0,0,0,0,0,"0","0","1","0","0","0","0","0","0","1","0","0","0","0","0","0","0","0","0","0","0","0","0","0","1","1","0","0","1","1","0","0","0","0","0","0","0","0","0","0","0","0","0","0","0","0","0","0","0","0","0","1","0","0","0","0","0","0","0","0","0","0","0","0","0","0","0","0","0","0","0","0","0","0","0","0","0","0","0","0","0","0","0","0","0","0","0","0","0","0","0","0","1","202104","202204","2305"
"9166815","530010","71680362","21145946000116","3","1","00000000000000","","","","9930","","0","E","","","04","","03","22","03","","99","","","","","","","","EAS.00053-23","20190430","1","","","","","","0","0","1","0","0","0","1","0","0","0","0","0","0","0",0,0,0,"0",0,0,0,0,0,0,0,0,0,0,0,0,0,0,"0",1,0,0,0,0,0,0,0,0,0,0,0,0,0,0,0,"1",0,0,0,"0",0,0,0,0,"0",0,0,0,0,0,0,0,0,0,0,0,0,0,0,0,"0","0","0","1","0","0","0","0","0","0","0","0","0","0","0","0","0","0","0","0","0","0","0","0","1","0","0","0","1","1","0","0","0","0","0","0","0","0","0","0","0","0","0","0","0","0","0","0","0","0","0","1","0","0","0","1","0","0","0","0","0","0","0","0","0","0","0","0","0","0","0","0","0","0","0","0","0","0","0","0","0","0","0","0","0","0","0","0","0","0","0","0","1","201906","202204","2062"
"9169601","530010","71907720","17135638000132","3","1","00000000000000","","","","","","0","E","","","04","","01","22","03","","99","","","","","","","","EAS-00119-22/2020","20201230","1","","","","","","0","0","1","0","0","0","1","0","0","0","0","0","0","0",0,0,0,"0",0,0,0,0,0,0,0,0,0,0,0,0,0,0,"0",0,1,0,0,0,0,0,0,0,0,0,0,0,0,0,0,"1",0,0,0,"0",0,0,0,0,"0",0,0,0,0,0,0,0,0,0,0,0,0,0,0,0,"0","0","1","0","0","0","0","0","0","0","0","0","0","0","0","0","0","0","0","0","0","0","0","0","1","0","0","0","1","1","0","0","0","0","0","0","0","0","0","0","0","0","0","0","0","0","0","0","0","0","0","1","0","0","0","0","0","0","0","0","0","0","0","0","0","0","0","0","0","0","0","0","0","0","0","0","0","0","0","0","0","0","0","0","0","0","0","0","0","0","0","0","1","202201","202204","2062"
"9170898","530010","70390150","26009230000105","3","1","00000000000000","","","","0015","","0","E","","","04","","01","04","03","","99","","","","","","","","RLE - WFIEEC","20210514","1","","","","","","0","0","1","0","0","0","1","0","0","0","0","0","0","0",0,0,0,"0",0,0,0,0,0,0,0,0,0,0,0,0,0,0,"0",0,1,0,0,0,0,0,0,0,0,0,0,0,0,0,0,"1",0,0,0,"0",0,0,0,0,"0",0,0,0,0,0,0,0,0,0,0,0,0,0,0,0,"0","0","1","0","0","0","0","0","0","0","0","0","0","0","0","0","0","0","0","0","0","0","0","0","1","1","0","0","1","1","0","0","0","0","0","0","0","0","0","0","0","0","0","0","0","0","0","0","0","0","0","1","0","0","0","0","0","0","0","0","0","0","0","0","0","0","0","0","0","0","0","0","0","0","0","0","0","0","0","0","0","0","0","0","0","0","0","0","0","0","0","0","1","202105","202204","2062"
"9170936","530010","70720630","34062360000130","3","1","00000000000000","","","","0005","","0","E","","","04","","01","36","03","","99","","","","","","","","CERTIFICADO DE LICENCIAME","20211008","1","","","","","","0","0","1","0","0","0","1","0","0","0","0","0","0","0",0,0,0,"0",0,0,0,0,0,0,0,0,0,0,0,0,0,0,"0",0,0,0,1,0,0,0,0,0,0,0,0,0,0,0,0,"1",0,0,0,"0",0,0,0,0,"0",0,0,0,0,0,0,0,0,0,0,0,0,0,0,0,"0","0","1","0","0","0","0","0","0","0","0","0","0","0","0","0","0","0","0","0","0","0","0","0","1","0","0","0","1","1","0","0","0","0","0","0","0","0","0","0","0","0","0","0","0","0","0","0","0","0","0","1","0","0","0","1","0","0","0","0","0","0","0","0","0","0","0","0","0","0","0","0","0","0","0","0","0","0","0","0","0","0","0","0","0","0","0","0","0","0","0","0","1","202111","202204","2062"
"9176160","530010","72220283","24873579000165","3","1","00000000000000","","","","","","0","E","","","04","","02","36","04","","99","","","","","","","","YXDO6C","20210721","1","","","","","","0","0","1","0","0","0","1","0","0","0","0","0","0","0",0,0,0,"0",0,0,0,0,0,0,0,0,0,0,0,0,0,0,"0",0,1,0,0,0,0,0,0,0,0,0,0,0,0,0,0,"1",0,0,0,"0",0,0,0,0,"0",0,0,0,0,0,0,0,0,0,0,0,0,0,0,0,"0","0","1","0","0","0","0","0","0","0","0","0","0","0","0","0","0","0","0","0","0","0","0","0","1","0","0","0","1","1","0","0","0","0","0","0","0","0","0","0","0","0","0","0","0","0","0","0","0","0","0","1","0","0","0","0","0","0","0","0","0","0","0","0","0","0","0","0","0","0","0","0","0","0","0","0","0","0","0","0","0","0","0","0","0","0","0","0","0","0","0","0","1","202109","202204","2062"
"9176179","530010","70390095","03348155000101","3","1","00000000000000","","","","0010","","0","E","","","04","","03","62","05","","99","","","","","","","","LICENCA SANITARIA","20200914","1","","","","","","0","0","1","0","0","0","1","0","0","1","0","0","0","1",0,0,0,"0",0,0,0,0,0,0,0,0,0,0,0,0,0,0,"0",0,6,0,0,0,0,0,0,0,0,0,0,0,0,0,1,"1",0,1,0,"1",0,0,0,0,"0",0,0,0,0,0,0,0,0,0,0,2,0,0,0,0,"0","1","1","0","0","0","1","0","1","0","0","0","0","0","0","0","0","0","0","1","0","1","0","0","1","1","0","0","1","1","1","0","0","0","0","0","0","0","0","0","0","0","1","0","0","0","0","0","0","0","0","1","0","0","0","1","0","0","1","0","0","0","1","0","0","0","0","0","0","0","0","0","0","0","0","0","0","0","0","0","0","0","0","0","0","0","0","0","0","0","0","0","1","202009","202204","2062"
"9176187","530010","71681120","22995953000170","3","1","00000000000000","","","","9930","","0","E","","","04","","03","04","04","","99","","","","","","","","058232020","20200714","1","","","","","","0","0","1","0","0","0","1","0","0","0","0","0","0","0",0,0,0,"0",0,0,0,0,0,0,0,0,0,0,0,0,0,0,"0",0,0,0,2,0,0,0,0,0,0,0,0,0,0,0,0,"1",0,0,0,"0",0,0,0,0,"0",0,0,0,0,0,0,0,0,0,0,0,0,0,0,0,"0","0","0","1","0","0","0","0","0","1","0","0","0","0","0","0","0","0","0","0","0","0","0","0","1","1","0","0","1","1","0","0","0","0","0","0","0","0","0","0","0","0","0","0","0","0","0","0","0","0","0","1","0","0","0","1","0","0","0","0","0","0","0","0","0","0","0","0","0","0","0","0","0","0","0","0","0","0","0","0","0","0","0","0","0","0","0","0","0","0","0","0","1","202011","202204","2062"
"9176772","530010","72025348","06264421000106","3","1","00000000000000","","","","0180","","0","E","","","04","","03","04","03","","99","001","15075","1150472","","","","","RAD0001214","20190513","1","","","","","","0","0","1","0","0","0","1","0","0","0","0","0","0","0",0,0,0,"0",0,0,0,0,0,0,0,0,0,0,0,0,0,0,"0",1,6,0,0,0,0,0,0,0,0,0,0,0,0,0,0,"1",0,0,0,"0",0,0,0,0,"0",0,0,0,0,0,0,0,0,0,0,0,0,0,0,0,"0","0","1","0","0","0","0","0","0","0","0","0","0","0","0","0","0","0","0","0","0","0","0","0","1","1","0","0","1","1","0","0","0","0","0","0","0","0","0","0","0","0","0","0","0","0","0","0","0","0","0","1","0","0","0","1","0","0","1","0","0","0","1","0","0","0","0","0","0","0","0","0","0","0","0","0","0","0","0","0","0","0","0","0","0","0","0","0","0","0","0","0","1","202003","202204","2062"
"9176888","530010","72025110","21903856000147","3","1","00000000000000","","","","","","0","E","","","04","","03","36","04","","99","","","","","","","","EAS 00199-14","20211016","1","","","","","","0","0","1","0","0","0","1","0","0","0","0","0","0","0",0,0,0,"0",0,0,0,0,0,0,0,0,0,0,0,0,0,0,"0",0,4,0,0,0,0,0,0,0,0,0,0,0,0,0,0,"1",0,0,0,"0",0,0,0,0,"0",0,0,0,0,0,0,0,0,0,0,0,0,0,0,0,"0","0","1","0","0","0","0","0","0","0","0","0","0","0","0","0","0","0","0","0","0","0","0","0","1","1","0","0","1","1","0","0","0","0","0","0","0","0","0","0","0","0","0","0","0","0","0","0","0","0","0","1","0","0","0","1","0","0","0","0","0","0","0","0","0","0","0","0","0","0","0","0","0","0","0","0","0","0","0","0","0","0","0","0","0","0","0","0","0","0","0","0","1","202202","202204","2062"
"9177736","530010","70711000","25135081000168","3","1","00000000000000","","","","","","0","E","","","04","","02","36","03","","99","","","","","","","","201901021","20190416","1","","","","","","0","0","1","0","0","0","1","0","0","0","0","0","0","0",0,0,0,"0",0,0,0,0,0,0,0,0,0,0,0,0,0,0,"0",0,0,0,1,0,0,0,0,0,0,0,0,0,0,0,0,"1",0,0,0,"0",0,0,0,0,"0",0,0,0,0,0,0,0,0,0,0,0,0,0,0,0,"0","0","1","0","0","0","0","0","0","0","0","0","0","0","0","0","0","0","0","0","0","0","0","0","1","0","0","0","1","1","0","0","0","0","0","0","0","0","0","0","0","0","0","0","0","0","0","0","0","0","0","1","0","0","0","0","0","0","0","0","0","0","0","0","0","0","0","0","0","0","0","0","0","0","0","0","0","0","0","0","0","0","0","0","0","0","0","0","0","0","0","0","1","201906","202204","2062"
"9177930","530010","71635013","21544566000154","3","1","00000000000000","","","","","","0","E","","","04","","03","04","03","","99","","","","","","","","EAS 400-03/2021","20220315","1","","","","","","0","0","1","0","0","0","1","0","0","0","0","0","0","0",0,0,0,"0",0,0,0,0,0,0,0,0,0,0,0,0,0,0,"0",0,2,0,0,0,0,0,0,0,0,0,0,0,0,0,0,"1",0,0,0,"0",0,0,0,0,"0",0,0,0,0,0,0,0,0,0,0,0,0,0,0,0,"0","0","1","0","0","0","0","0","0","0","0","0","0","0","0","0","0","0","0","0","0","0","0","0","1","1","0","0","1","1","0","0","0","0","0","0","0","0","0","0","0","0","0","0","0","0","0","0","0","0","0","1","0","0","0","0","0","0","0","0","0","0","0","0","0","0","0","0","0","0","0","0","0","0","0","0","0","0","0","0","0","0","0","0","0","0","0","0","0","0","0","0","1","202204","202204","2062"
"9178015","530010","70200700","22658924000112","3","1","00000000000000","","","","","","0","E","","","04","","03","36","03","","99","","","","","","","","EAS 2034501","20210204","1","","","","","","0","0","1","0","0","0","1","0","0","0","0","0","0","0",0,0,0,"0",0,0,0,0,0,0,0,0,0,0,0,0,0,0,"0",0,1,0,0,0,0,0,0,0,0,0,0,0,0,0,0,"1",0,0,0,"0",0,0,0,0,"0",0,0,0,0,0,0,0,0,0,0,0,0,0,0,0,"0","0","1","0","0","0","0","0","0","0","0","0","0","0","0","0","0","0","0","0","0","0","0","0","1","0","0","0","1","1","0","0","0","0","0","0","0","0","0","0","0","0","0","0","0","0","0","0","0","0","0","1","0","0","0","1","0","0","0","0","0","0","0","0","0","0","0","0","0","0","0","0","0","0","0","0","0","0","0","0","0","0","0","0","0","0","0","0","0","0","0","0","1","202109","202204","2062"
"9178481","530010","72010100","20555359000132","3","1","00000000000000","","","","0180","","0","E","","","04","","01","36","03","","99","","","","","","","","EAS.00260-15","20191221","1","","","","","","0","0","1","0","0","0","1","0","0","0","0","0","0","0",0,0,0,"0",0,0,0,0,0,0,0,0,0,0,0,0,0,0,"0",0,3,0,0,0,0,0,0,0,0,0,0,0,0,0,0,"1",0,0,0,"0",0,0,0,0,"0",0,0,0,0,0,0,0,0,0,0,0,0,0,0,0,"0","0","1","0","0","0","0","0","0","0","0","0","0","0","0","0","0","0","0","0","0","0","0","0","1","1","0","0","1","1","0","0","0","0","0","0","0","0","0","0","0","0","0","0","0","0","0","0","0","0","0","1","0","0","0","1","0","0","0","0","0","0","0","0","0","0","0","0","0","0","0","0","0","0","0","0","0","0","0","0","0","0","0","0","0","0","0","0","0","0","0","0","1","202001","202204","2062"
"9179321","530010","70610200","00000000000000","3","3","08942610000116","","","","0010","","0","E","","","04","","03","36","03","","99","","","","","","","","","","","","","","","","0","0","1","0","0","0","1","0","0","0","0","0","0","0",0,0,0,"0",0,0,0,0,0,0,0,0,0,0,0,0,0,0,"0",0,0,0,0,0,0,0,0,6,0,0,0,0,0,0,0,"1",0,0,0,"0",0,0,0,0,"0",0,0,0,0,0,0,0,0,0,0,0,0,0,0,0,"0","0","1","0","0","0","0","0","1","0","0","0","0","0","0","0","0","1","0","1","0","0","0","0","1","1","1","0","1","1","0","0","0","0","0","0","0","0","0","0","0","0","0","0","0","0","0","0","0","0","0","0","0","0","1","0","0","0","0","0","0","0","0","0","0","0","0","0","0","0","0","0","0","0","0","0","0","0","0","0","0","0","0","0","0","0","0","0","0","0","0","0","1","202204","202204","1023"
"9180168","530010","72425100","24857885000108","3","1","00000000000000","","","","0060","","1","E","","","04","","01","36","03","","99","216","216","0022973-8","","","","","RAD.00004-20","20190213","1","","","","","","0","0","1","0","0","0","1","0","0","0","0","0","0","0",0,0,0,"0",0,0,0,0,0,0,0,0,0,0,0,0,0,0,"0",0,1,0,0,0,0,0,0,0,0,0,0,0,0,0,0,"1",0,0,0,"0",0,0,0,0,"0",0,0,0,0,0,0,0,0,0,0,0,0,0,0,0,"0","0","1","0","0","0","0","0","0","0","0","0","0","0","0","0","0","0","0","0","0","0","0","0","1","0","1","0","1","1","0","0","0","0","0","0","0","0","0","0","0","0","0","0","0","0","0","0","0","0","1","1","0","0","0","1","0","0","1","0","0","0","1","0","0","0","0","0","0","0","0","0","0","0","0","0","0","0","0","0","0","0","0","0","0","0","0","0","0","0","0","0","1","201909","202204","2062"
"9181032","530010","72600400","24719746000118","3","1","00000000000000","","","","0130","","0","E","","","04","","01","22","03","","99","","","","","","","","RLE","20210208","1","","","","","","0","0","1","0","0","0","1","0","0","0","0","0","0","0",0,0,0,"0",0,0,0,0,0,0,0,0,0,0,0,0,0,0,"0",0,0,0,0,0,0,0,0,1,0,0,0,0,0,0,0,"1",0,0,0,"0",0,0,0,0,"0",0,0,0,0,0,0,0,0,0,0,0,0,0,0,0,"0","0","1","0","0","0","0","0","1","0","0","0","0","0","0","0","0","0","0","0","0","0","0","0","1","1","0","0","1","1","0","0","0","0","0","0","0","0","0","0","0","0","0","0","0","0","0","0","0","0","0","1","0","0","0","0","0","0","0","0","0","0","0","0","0","0","0","0","0","0","0","0","0","0","0","0","0","0","0","0","0","0","0","0","0","0","0","0","0","0","0","0","1","202203","202204","2062"
"9181660","530010","70830350","26392255000130","3","1","00000000000000","","","","","","0","E","","","04","","01","22","03","","99","","","","","","","","Nº EAS 01016-02","","1","","","","","","0","0","1","0","0","0","1","0","0","0","0","0","0","0",0,0,0,"0",0,0,0,0,0,0,0,0,0,0,0,0,0,0,"0",0,0,0,1,0,0,0,0,0,0,0,0,0,0,0,0,"1",0,0,0,"0",0,0,0,0,"0",0,0,0,0,0,0,0,0,0,0,0,0,0,0,0,"0","0","0","0","0","0","0","0","0","0","0","0","0","0","0","0","0","0","0","0","0","0","0","0","0","0","0","0","1","1","0","0","0","0","0","0","0","0","0","0","0","0","0","0","0","0","0","0","0","0","0","1","0","0","0","0","0","0","0","0","0","0","0","0","0","0","0","0","0","0","0","0","0","0","0","0","0","0","0","0","0","0","0","0","0","0","0","0","0","0","0","0","1","201907","202204","2062"
"9182039","530010","70390095","24571350000176","3","1","00000000000000","","","","0010","","0","E","","","04","","","36","03","","99","","","","","","","","EAS.20362-01","20210331","1","","","","","","0","0","1","0","0","0","1","0","0","0","0","0","0","0",0,0,0,"0",0,0,0,0,0,0,0,0,0,0,0,0,0,0,"0",1,0,0,0,0,0,0,0,0,0,0,0,0,0,0,0,"1",0,0,0,"0",0,0,0,0,"0",0,0,0,0,0,0,0,0,0,0,0,0,0,0,0,"0","0","1","0","0","0","0","0","0","0","0","0","0","0","0","0","0","0","0","0","0","0","0","0","1","0","0","0","1","1","0","0","0","0","0","0","0","0","0","0","0","0","0","0","0","0","0","0","0","0","0","1","0","0","0","1","0","0","0","0","0","0","0","0","0","0","0","0","0","0","0","0","0","0","0","0","0","0","0","0","0","0","0","0","0","0","0","0","0","0","0","0","1","202104","202204","2054"
"9182616","530010","72025065","61486650078026","3","1","00000000000000","","","","","","0","E","","","04","","02","39","03","","99","","","","","","","","","","","","","","","","0","0","1","0","0","0","1","0","0","0","0","0","0","0",0,0,0,"0",0,0,0,0,0,0,0,0,0,0,0,0,0,0,"0",0,0,0,0,0,0,0,1,0,0,0,0,0,0,0,0,"1",0,0,0,"0",0,0,0,0,"0",0,0,0,0,0,0,0,0,1,0,0,0,0,0,0,"0","0","0","0","0","0","0","0","0","0","0","0","0","0","0","0","0","0","1","0","0","0","0","0","1","1","0","0","1","1","0","0","0","0","0","0","0","0","0","0","0","0","0","0","0","0","0","0","0","0","0","0","0","0","0","0","0","0","1","0","0","0","1","0","0","0","0","0","0","0","0","0","0","0","0","0","0","0","0","0","0","0","0","0","0","0","0","0","0","0","0","0","1","202010","202204","2046"
"9183647","530010","70340901","19666405000191","3","1","00000000000000","","","","0015","","0","E","","","04","","03","36","03","","99","","","","","","","","EAS 20208-01","20180914","1","","","","","","0","0","1","0","0","0","1","0","0","0","0","0","0","0",0,0,0,"0",0,0,0,0,0,0,0,0,0,0,0,0,0,0,"0",0,1,0,0,0,0,0,0,0,0,0,0,0,0,0,0,"1",0,0,0,"0",0,0,0,0,"0",0,0,0,0,0,0,0,0,0,0,0,0,0,0,0,"0","0","0","1","0","0","0","0","0","0","0","0","0","0","0","0","0","0","0","0","0","0","0","0","1","1","0","0","1","1","0","0","0","0","0","0","0","0","0","0","0","0","0","0","0","0","0","0","0","0","0","1","0","0","0","0","0","0","0","0","0","0","0","0","0","0","0","0","0","0","0","0","0","0","0","0","0","0","0","0","0","0","0","0","0","0","0","0","0","0","0","0","1","201911","202204","2062"
"9184678","530010","70200700","14957713000152","3","1","00000000000000","","","","","","0","E","","","04","","01","36","04","","99","","","","","","","","544646648","20210101","","","","","","","0","0","1","0","0","0","1","0","0","0","0","0","0","0",0,0,0,"0",0,0,0,0,0,0,0,0,0,0,0,0,0,0,"0",0,1,0,0,0,0,0,0,0,0,0,0,0,0,0,0,"1",0,0,0,"0",0,0,0,0,"0",0,0,0,0,0,0,0,0,0,0,0,0,0,0,0,"0","0","1","0","0","0","0","0","0","0","0","0","0","0","0","0","0","0","0","0","0","0","0","0","1","1","0","0","0","1","0","0","0","0","0","0","0","0","0","0","0","0","0","0","0","0","0","0","0","0","0","1","0","0","0","0","0","0","0","0","0","0","0","0","0","0","0","0","0","0","0","0","0","0","0","0","0","0","0","0","0","0","0","0","0","0","0","0","0","0","0","0","1","202111","202204","2062"
"9184686","530010","71939540","27147573000107","3","1","00000000000000","","","","9901","","0","E","","","04","","01","22","04","","99","","","","","","","","DFP1800124359","20181127","1","","","","","","0","0","1","0","0","0","1","0","0","0","0","0","0","0",0,0,0,"0",0,0,0,0,0,0,0,0,0,0,0,0,0,0,"0",0,0,0,2,0,0,0,0,0,0,0,0,0,0,0,0,"1",0,0,0,"0",0,0,0,0,"0",0,0,0,0,0,0,0,0,0,0,0,0,0,0,0,"0","0","1","0","0","0","0","0","0","0","0","0","0","0","0","0","0","0","0","0","0","0","0","0","1","0","0","0","1","1","0","0","0","0","0","0","0","0","0","0","0","0","0","0","0","0","0","0","0","0","0","1","0","0","0","0","0","0","0","0","0","0","0","0","0","0","0","0","0","0","0","0","0","0","0","0","0","0","0","0","0","0","0","0","0","0","0","0","0","0","0","0","1","202102","202204","2062"
"9186255","530010","71925000","20236933000190","3","1","00000000000000","","","","","","0","E","","","04","","01","22","04","","99","","","","","","","","","","","","","","","","0","0","1","0","0","0","1","0","0","0","0","0","0","0",0,0,0,"0",0,0,0,0,0,0,0,0,0,0,0,0,0,0,"0",1,0,0,0,0,0,0,0,0,0,0,0,0,0,0,0,"1",0,0,0,"0",0,0,0,0,"0",0,0,0,0,0,0,0,0,0,0,0,0,0,0,0,"0","0","1","0","0","0","0","0","0","0","0","0","0","0","0","0","0","0","0","0","0","0","0","0","1","0","0","0","1","1","0","0","0","0","0","0","0","0","0","0","0","0","0","0","0","0","0","0","0","0","0","1","0","0","0","0","0","0","0","0","0","0","0","0","0","0","0","0","0","0","0","0","0","0","0","0","0","0","0","0","0","0","0","0","0","0","0","0","0","0","0","0","1","202008","202204","2062"
"9187723","530010","73010511","00000000000000","3","3","08942610000116","","","","0170","","0","E","","","04","","03","36","03","","99","","","","","","","","","","","","","","","","0","0","1","0","0","0","1","0","0","0","0","0","0","0",0,0,0,"0",0,0,0,0,0,0,0,0,0,0,0,0,0,0,"0",0,0,0,0,0,0,0,0,2,0,0,0,0,0,0,0,"1",0,0,0,"0",0,0,0,0,"0",0,0,0,0,0,0,0,0,0,0,0,0,0,0,0,"0","0","1","0","0","0","0","0","1","0","0","0","0","0","0","0","0","1","0","1","0","0","0","0","1","1","1","0","1","1","0","0","0","0","0","0","0","0","0","0","0","0","0","0","0","0","0","0","0","0","0","0","0","0","1","0","0","0","0","0","0","0","0","0","0","0","0","0","0","0","0","0","0","0","0","0","0","0","0","0","0","0","0","0","0","0","0","0","0","0","0","0","1","202204","202204","1023"
"9187804","530010","72115080","00000000000000","3","3","08942610000116","","","","0180","","0","E","","","04","","03","36","03","","99","","","","","","","","","","","","","","","","0","0","1","0","0","0","1","0","0","0","0","0","0","0",0,0,0,"0",0,0,0,0,0,0,0,0,0,0,0,0,0,0,"0",0,0,0,0,0,0,0,0,1,0,0,0,0,0,0,0,"1",0,0,0,"0",0,0,0,0,"0",0,0,0,0,0,0,0,0,0,0,0,0,0,0,0,"0","0","1","0","0","0","0","0","1","0","0","0","0","0","0","0","0","1","0","1","0","0","0","0","1","1","1","0","1","1","0","0","0","0","0","0","0","0","0","0","0","0","0","0","0","0","0","0","0","0","0","0","0","0","1","0","0","0","0","0","0","0","0","0","0","0","0","0","0","0","0","0","0","0","0","0","0","0","0","0","0","0","0","0","0","0","0","0","0","0","0","0","1","202204","202204","1023"
"9187812","530010","72115080","00000000000000","3","3","08942610000116","","","","0180","","0","E","","","04","","03","36","03","","99","","","","","","","","","","","","","","","","0","0","1","0","0","0","1","0","0","0","0","0","0","0",0,0,0,"0",0,0,0,0,0,0,0,0,0,0,0,0,0,0,"0",0,0,0,0,0,0,0,0,3,0,0,0,0,0,0,0,"1",0,0,0,"0",0,0,0,0,"0",0,0,0,0,0,0,0,0,0,0,0,0,0,0,0,"0","0","1","0","0","0","0","0","1","0","0","0","0","0","0","0","0","1","0","1","0","0","0","0","1","1","1","0","1","1","0","0","0","0","0","0","0","0","0","0","0","0","0","0","0","0","0","0","0","0","0","0","0","0","1","0","0","0","0","0","0","0","0","0","0","0","0","0","0","0","0","0","0","0","0","0","0","0","0","0","0","0","0","0","0","0","0","0","0","0","0","0","1","202204","202204","1023"
"9187839","530010","72415600","00000000000000","3","3","08942610000116","","","","0060","","0","E","","","04","","03","36","03","","99","","","","","","","","","","","","","","","","0","0","1","0","0","0","1","0","0","0","0","0","0","0",0,0,0,"0",0,0,0,0,0,0,0,0,0,0,0,0,0,0,"0",0,0,0,0,0,0,0,0,2,0,0,0,0,0,0,0,"1",0,0,0,"0",0,0,0,0,"0",0,0,0,0,0,0,0,0,0,0,0,0,0,0,0,"0","0","1","0","0","0","0","0","1","0","0","0","0","0","0","0","0","1","0","1","0","0","0","0","1","1","1","0","1","1","0","0","0","0","0","0","0","0","0","0","0","0","0","0","0","0","0","0","0","0","0","0","0","0","1","0","0","0","0","0","0","0","0","0","0","0","0","0","0","0","0","0","0","0","0","0","0","0","0","0","0","0","0","0","0","0","0","0","0","0","0","0","1","202204","202204","1023"
"9189297","530010","73005080","26875843000125","3","1","00000000000000","","","","0170","","0","E","","","04","","01","36","03","","99","","","","","","","","53202095715","20201026","1","","","","","","0","0","1","0","0","0","1","0","0","0","0","0","0","0",0,0,0,"0",0,0,0,0,0,0,0,0,0,0,0,0,0,0,"0",0,0,0,1,0,0,0,0,0,0,0,0,0,0,0,0,"1",0,0,0,"0",0,0,0,0,"0",0,0,0,0,0,0,0,0,0,0,0,0,0,0,0,"0","0","1","0","0","0","0","0","0","0","0","0","0","0","0","0","0","0","0","0","0","0","0","0","1","0","0","0","1","1","0","0","0","0","0","0","0","0","0","0","0","0","0","0","0","0","0","0","0","0","0","1","0","0","0","1","0","0","0","0","0","0","0","0","0","0","0","0","0","0","0","0","0","0","0","0","0","0","0","0","0","0","0","0","0","0","0","0","0","0","0","0","1","202105","202204","2062"
"9189335","530010","71936250","25146448000149","3","1","00000000000000","","","","","","0","E","","","04","","03","36","03","","99","","","","","","","","","20201215","1","","","","","","0","0","1","0","0","0","1","0","0","0","0","0","0","0",0,0,0,"0",0,0,0,0,0,0,0,0,0,0,0,0,0,0,"0",0,6,0,0,0,0,0,0,0,0,0,0,0,0,0,0,"1",0,0,0,"0",0,0,0,0,"0",0,0,0,0,0,0,0,0,0,0,0,0,0,0,0,"0","0","0","0","0","0","0","0","0","0","1","0","0","0","0","0","0","0","0","1","0","0","0","0","1","1","0","0","1","1","0","0","0","0","0","0","0","0","0","0","0","0","0","0","0","0","0","0","0","0","0","1","0","0","1","1","0","0","0","0","0","0","0","0","0","0","0","0","0","0","0","0","0","0","0","0","0","0","0","0","0","0","0","0","0","0","0","0","0","0","0","0","1","202012","202204","2062"
"9189777","530010","70602900","00000000000000","3","3","00394700000108","","","","0010","","1","E","","","04","","03","50","03","","99","","","","","","","","","","","","","","","","0","0","1","0","0","0","1","0","0","0","0","0","0","0",0,0,0,"0",0,0,0,0,0,0,0,0,0,0,0,0,0,0,"0",0,0,0,0,0,0,0,0,0,0,0,0,0,0,0,0,"0",0,0,0,"0",0,0,0,0,"0",0,0,0,0,0,0,0,0,0,0,0,0,0,0,0,"0","0","0","0","0","0","0","0","0","0","0","0","0","0","0","0","0","0","0","0","0","0","0","0","0","0","0","0","1","1","0","0","0","0","0","0","0","0","0","0","0","0","0","0","0","0","0","0","0","0","0","0","0","0","0","0","0","0","0","0","0","0","0","0","0","0","0","0","0","0","0","0","0","0","0","0","0","0","1","0","0","0","0","0","0","0","0","0","0","0","0","0","1","202009","202204","1023"
"9189823","530010","70071125","00000000000000","3","3","00394700000108","","","","0010","","1","E","","","04","","03","50","03","","99","","","","","","","","","","","","","","","","0","0","1","0","0","0","1","0","0","0","0","0","0","0",0,0,0,"0",0,0,0,0,0,0,0,0,0,0,0,0,0,0,"0",0,0,0,0,0,0,0,0,0,0,0,0,0,0,0,0,"0",0,0,0,"0",0,0,0,0,"0",0,0,0,0,0,0,0,0,0,0,0,0,0,0,0,"0","0","0","0","0","0","0","0","0","0","0","0","0","0","0","0","0","0","0","0","0","0","0","0","0","0","0","0","1","1","0","0","0","0","0","0","0","0","0","0","0","0","0","0","0","0","0","0","0","0","0","0","0","0","0","0","0","0","0","0","0","0","0","0","0","0","0","0","0","0","0","0","0","0","0","0","0","0","1","0","0","0","0","0","0","0","0","0","0","0","0","0","1","202009","202204","1023"
"9189890","530010","72720040","00000000000000","3","3","00394700000108","","","","0020","","1","E","","","04","","03","50","03","","99","","","","","","","","","","","","","","","","0","0","1","0","0","0","1","0","0","0","0","0","0","0",0,0,0,"0",0,0,0,0,0,0,0,0,0,0,0,0,0,0,"0",0,0,0,0,0,0,0,0,0,0,0,0,0,0,0,0,"0",0,0,0,"0",0,0,0,0,"0",0,0,0,0,0,0,0,0,0,0,0,0,0,0,0,"0","0","0","0","0","0","0","0","0","0","0","0","0","0","0","0","0","0","0","0","0","0","0","0","0","0","0","0","1","1","0","0","0","0","0","0","0","0","0","0","0","0","0","0","0","0","0","0","0","0","0","0","0","0","0","0","0","0","0","0","0","0","0","0","0","0","0","0","0","0","0","0","0","0","0","0","0","0","1","0","0","0","0","0","0","0","0","0","0","0","0","0","1","202002","202204","1023"
"9189920","530010","72215150","00000000000000","3","3","00394700000108","","","","0040","","1","E","","","04","","03","50","03","","99","","","","","","","","","","","","","","","","0","0","1","0","0","0","1","0","0","0","0","0","0","0",0,0,0,"0",0,0,0,0,0,0,0,0,0,0,0,0,0,0,"0",0,0,0,0,0,0,0,0,0,0,0,0,0,0,0,0,"0",0,0,0,"0",0,0,0,0,"0",0,0,0,0,0,0,0,0,0,0,0,0,0,0,0,"0","0","0","0","0","0","0","0","0","0","0","0","0","0","0","0","0","0","0","0","0","0","0","0","0","0","0","0","1","1","0","0","0","0","0","0","0","0","0","0","0","0","0","0","0","0","0","0","0","0","0","0","0","0","0","0","0","0","0","0","0","0","0","0","0","0","0","0","0","0","0","0","0","0","0","0","0","0","1","0","0","0","0","0","0","0","0","0","0","0","0","0","1","202002","202204","1023"
"9189963","530010","72410206","00000000000000","3","3","00394700000108","","","","0060","","1","E","","","04","","03","50","03","","99","","","","","","","","","","","","","","","","0","0","1","0","0","0","1","0","0","0","0","0","0","0",0,0,0,"0",0,0,0,0,0,0,0,0,0,0,0,0,0,0,"0",0,0,0,0,0,0,0,0,0,0,0,0,0,0,0,0,"0",0,0,0,"0",0,0,0,0,"0",0,0,0,0,0,0,0,0,0,0,0,0,0,0,0,"0","0","0","0","0","0","0","0","0","0","0","0","0","0","0","0","0","0","0","0","0","0","0","0","0","0","0","0","1","1","0","0","0","0","0","0","0","0","0","0","0","0","0","0","0","0","0","0","0","0","0","0","0","0","0","0","0","0","0","0","0","0","0","0","0","0","0","0","0","0","0","0","0","0","0","0","0","0","1","0","0","0","0","0","0","0","0","0","0","0","0","0","1","202002","202204","1023"
"9190082","530010","71010320","00000000000000","3","3","00394700000108","","","","0070","","1","E","","","04","","03","50","03","","99","","","","","","","","","","","","","","","","0","0","1","0","0","0","1","0","0","0","0","0","0","0",0,0,0,"0",0,0,0,0,0,0,0,0,0,0,0,0,0,0,"0",0,0,0,0,0,0,0,0,0,0,0,0,0,0,0,0,"0",0,0,0,"0",0,0,0,0,"0",0,0,0,0,0,0,0,0,0,0,0,0,0,0,0,"0","0","0","0","0","0","0","0","0","0","0","0","0","0","0","0","0","0","0","0","0","0","0","0","0","0","0","0","1","1","0","0","0","0","0","0","0","0","0","0","0","0","0","0","0","0","0","0","0","0","0","0","0","0","0","0","0","0","0","0","0","0","0","0","0","0","0","0","0","0","0","0","0","0","0","0","0","0","1","0","0","0","0","0","0","0","0","0","0","0","0","0","1","202111","202204","1023"
"9190104","530010","71730000","00000000000000","3","3","00394700000108","","","","0100","","1","E","","","04","","03","50","03","","99","","","","","","","","","","","","","","","","0","0","1","0","0","0","1","0","0","0","0","0","0","0",0,0,0,"0",0,0,0,0,0,0,0,0,0,0,0,0,0,0,"0",0,0,0,0,0,0,0,0,0,0,0,0,0,0,0,0,"0",0,0,0,"0",0,0,0,0,"0",0,0,0,0,0,0,0,0,0,0,0,0,0,0,0,"0","0","0","0","0","0","0","0","0","0","0","0","0","0","0","0","0","0","0","0","0","0","0","0","0","0","0","0","1","1","0","0","0","0","0","0","0","0","0","0","0","0","0","0","0","0","0","0","0","0","0","0","0","0","0","0","0","0","0","0","0","0","0","0","0","0","0","0","0","0","0","0","0","0","0","0","0","0","1","0","0","0","0","0","0","0","0","0","0","0","0","0","1","202002","202204","1023"
"9190112","530010","71570030","00000000000000","3","3","00394700000108","","","","0110","","1","E","","","04","","03","50","03","","99","","","","","","","","","","","","","","","","0","0","1","0","0","0","1","0","0","0","0","0","0","0",0,0,0,"0",0,0,0,0,0,0,0,0,0,0,0,0,0,0,"0",0,0,0,0,0,0,0,0,0,0,0,0,0,0,0,0,"0",0,0,0,"0",0,0,0,0,"0",0,0,0,0,0,0,0,0,0,0,0,0,0,0,0,"0","0","0","0","0","0","0","0","0","0","0","0","0","0","0","0","0","0","0","0","0","0","0","0","0","0","0","0","1","1","0","0","0","0","0","0","0","0","0","0","0","0","0","0","0","0","0","0","0","0","0","0","0","0","0","0","0","0","0","0","0","0","0","0","0","0","0","0","0","0","0","0","0","0","0","0","0","0","1","0","0","0","0","0","0","0","0","0","0","0","0","0","1","202111","202204","1023"
"9190139","530010","72630250","00000000000000","3","3","00394700000108","","","","0130","","1","E","","","04","","03","50","03","","99","","","","","","","","","","","","","","","","0","0","1","0","0","0","1","0","0","0","0","0","0","0",0,0,0,"0",0,0,0,0,0,0,0,0,0,0,0,0,0,0,"0",0,0,0,0,0,0,0,0,0,0,0,0,0,0,0,0,"0",0,0,0,"0",0,0,0,0,"0",0,0,0,0,0,0,0,0,0,0,0,0,0,0,0,"0","0","0","0","0","0","0","0","0","0","0","0","0","0","0","0","0","0","0","0","0","0","0","0","0","0","0","0","1","1","0","0","0","0","0","0","0","0","0","0","0","0","0","0","0","0","0","0","0","0","0","0","0","0","0","0","0","0","0","0","0","0","0","0","0","0","0","0","0","0","0","0","0","0","0","0","0","0","1","0","0","0","0","0","0","0","0","0","0","0","0","0","1","202111","202204","1023"
"9190155","530010","72322583","00000000000000","3","3","00394700000108","","","","0140","","1","E","","","04","","03","50","03","","99","","","","","","","","","","","","","","","","0","0","1","0","0","0","1","0","0","0","0","0","0","0",0,0,0,"0",0,0,0,0,0,0,0,0,0,0,0,0,0,0,"0",0,0,0,0,0,0,0,0,0,0,0,0,0,0,0,0,"0",0,0,0,"0",0,0,0,0,"0",0,0,0,0,0,0,0,0,0,0,0,0,0,0,0,"0","0","0","0","0","0","0","0","0","0","0","0","0","0","0","0","0","0","0","0","0","0","0","0","0","0","0","0","1","1","0","0","0","0","0","0","0","0","0","0","0","0","0","0","0","0","0","0","0","0","0","0","0","0","0","0","0","0","0","0","0","0","0","0","0","0","0","0","0","0","0","0","0","0","0","0","0","0","1","0","0","0","0","0","0","0","0","0","0","0","0","0","1","202111","202204","1023"
"9190163","530010","72502100","00000000000000","3","3","00394700000108","","","","0150","","1","E","","","04","","03","50","03","","99","","","","","","","","","","","","","","","","0","0","1","0","0","0","1","0","0","0","0","0","0","0",0,0,0,"0",0,0,0,0,0,0,0,0,0,0,0,0,0,0,"0",0,0,0,0,0,0,0,0,0,0,0,0,0,0,0,0,"0",0,0,0,"0",0,0,0,0,"0",0,0,0,0,0,0,0,0,0,0,0,0,0,0,0,"0","0","0","0","0","0","0","0","0","0","0","0","0","0","0","0","0","0","0","0","0","0","0","0","0","0","0","0","1","1","0","0","0","0","0","0","0","0","0","0","0","0","0","0","0","0","0","0","0","0","0","0","0","0","0","0","0","0","0","0","0","0","0","0","0","0","0","0","0","0","0","0","0","0","0","0","0","0","1","0","0","0","0","0","0","0","0","0","0","0","0","0","1","202111","202204","1023"
"9190228","530010","71691101","00000000000000","3","3","00394700000108","","","","0160","","1","E","","","04","","03","50","03","","99","","","","","","","","","","","","","","","","0","0","1","0","0","0","1","0","0","0","0","0","0","0",0,0,0,"0",0,0,0,0,0,0,0,0,0,0,0,0,0,0,"0",0,0,0,0,0,0,0,0,0,0,0,0,0,0,0,0,"0",0,0,0,"0",0,0,0,0,"0",0,0,0,0,0,0,0,0,0,0,0,0,0,0,0,"0","0","0","0","0","0","0","0","0","0","0","0","0","0","0","0","0","0","0","0","0","0","0","0","0","0","0","0","1","1","0","0","0","0","0","0","0","0","0","0","0","0","0","0","0","0","0","0","0","0","0","0","0","0","0","0","0","0","0","0","0","0","0","0","0","0","0","0","0","0","0","0","0","0","0","0","0","0","1","0","0","0","0","0","0","0","0","0","0","0","0","0","1","202111","202204","1023"
"9190473","530010","73020412","00000000000000","3","3","00394700000108","","","","0170","","1","E","","","04","","03","50","03","","99","","","","","","","","","","","","","","","","0","0","1","0","0","0","1","0","0","0","0","0","0","0",0,0,0,"0",0,0,0,0,0,0,0,0,0,0,0,0,0,0,"0",0,0,0,0,0,0,0,0,0,0,0,0,0,0,0,0,"0",0,0,0,"0",0,0,0,0,"0",0,0,0,0,0,0,0,0,0,0,0,0,0,0,0,"0","0","0","0","0","0","0","0","0","0","0","0","0","0","0","0","0","0","0","0","0","0","0","0","0","0","0","0","1","1","0","0","0","0","0","0","0","0","0","0","0","0","0","0","0","0","0","0","0","0","0","0","0","0","0","0","0","0","0","0","0","0","0","0","0","0","0","0","0","0","0","0","0","0","0","0","0","0","1","0","0","0","0","0","0","0","0","0","0","0","0","0","1","202111","202204","1023"
"9190481","530010","71909000","00000000000000","3","3","00394700000108","","","","0180","","1","E","","","04","","03","50","03","","99","","","","","","","","","","","","","","","","0","0","1","0","0","0","1","0","0","0","0","0","0","0",0,0,0,"0",0,0,0,0,0,0,0,0,0,0,0,0,0,0,"0",0,0,0,0,0,0,0,0,0,0,0,0,0,0,0,0,"0",0,0,0,"0",0,0,0,0,"0",0,0,0,0,0,0,0,0,0,0,0,0,0,0,0,"0","0","0","0","0","0","0","0","0","0","0","0","0","0","0","0","0","0","0","0","0","0","0","0","0","0","0","0","1","1","0","0","0","0","0","0","0","0","0","0","0","0","0","0","0","0","0","0","0","0","0","0","0","0","0","0","0","0","0","0","0","0","0","0","0","0","0","0","0","0","0","0","0","0","0","0","0","0","1","0","0","0","0","0","0","0","0","0","0","0","0","0","1","202002","202204","1023"
"9191917","530010","70200740","22413957000100","3","1","00000000000000","","","","","","0","E","","","04","","03","04","03","","99","","","","","","","","EAS.20330-01","20211014","1","","","","","","0","0","1","0","0","0","1","0","0","0","0","0","0","0",0,0,0,"0",0,0,0,0,0,0,0,0,0,0,0,0,0,0,"0",0,3,0,0,0,0,0,0,0,0,0,0,0,0,0,0,"1",0,0,0,"0",0,0,0,0,"0",0,0,0,0,0,0,0,0,0,0,0,0,0,0,0,"0","0","1","0","0","0","0","0","0","0","0","0","0","0","0","0","0","0","0","0","0","0","0","0","1","1","0","0","1","1","0","0","0","0","0","0","0","0","0","0","0","0","0","0","0","0","0","0","0","0","0","1","0","0","0","1","0","0","1","0","0","0","1","0","0","0","0","0","0","0","0","0","0","0","0","0","0","0","0","0","0","0","0","0","0","0","0","0","0","0","0","0","1","202203","202204","2062"
"9193553","530010","70680403","23239089000149","3","1","00000000000000","","","","0010","","0","E","","","04","","03","36","03","","99","","","","","","","","RLE@DIGITAL","20211221","1","","","","","","0","0","1","0","0","0","1","0","0","0","0","0","0","0",0,0,0,"0",0,0,0,0,0,0,0,0,0,0,0,0,0,2,"1",0,2,0,0,0,0,0,0,0,0,0,0,0,0,0,0,"1",0,0,0,"0",0,0,0,0,"0",0,0,0,0,0,0,0,0,0,0,0,0,0,0,0,"0","0","1","0","0","0","0","0","0","0","0","0","0","0","0","0","0","0","0","0","0","0","0","0","1","1","0","0","1","1","0","0","0","0","0","0","0","0","0","0","0","0","0","0","0","0","0","0","0","0","0","1","0","0","0","1","0","0","0","0","0","0","0","0","0","0","0","0","0","0","0","0","0","0","0","0","0","0","0","0","0","0","0","0","0","0","0","0","0","0","0","0","1","202203","202204","2062"
"9193804","530010","70390907","26032122000153","3","1","00000000000000","","","","0015","","0","E","","","03","","03","22","03","","99","","","","","","","","EAS.20429-01","20190201","1","","","","","","0","0","1","0","0","0","1","0","0","0","0","0","0","0",0,0,0,"0",0,0,0,0,0,0,0,0,0,0,0,0,0,0,"0",0,0,0,1,0,0,0,0,0,0,0,0,0,0,0,0,"1",0,0,0,"0",0,0,0,0,"0",0,0,0,0,0,0,0,0,0,0,0,0,0,0,0,"0","0","1","0","0","0","0","0","0","0","0","0","0","0","0","0","0","0","0","0","0","0","0","0","1","0","0","0","1","1","0","0","0","0","0","0","0","0","0","0","0","0","0","0","0","0","0","0","0","0","0","1","0","0","0","1","0","0","0","0","0","0","0","0","0","0","0","0","0","0","0","0","0","0","0","0","0","0","0","0","0","0","0","0","0","0","0","0","0","0","0","0","1","201908","202204","2062"
"9194118","530010","73310000","00000000000000","3","3","00394700000108","","","","0120","","1","E","","","04","","03","50","03","","99","","","","","","","","","","","","","","","","0","0","1","0","0","0","1","0","0","0","0","0","0","0",0,0,0,"0",0,0,0,0,0,0,0,0,0,0,0,0,0,0,"0",0,0,0,0,0,0,0,0,0,0,0,0,0,0,0,0,"0",0,0,0,"0",0,0,0,0,"0",0,0,0,0,0,0,0,0,0,0,0,0,0,0,0,"0","0","0","0","0","0","0","0","0","0","0","0","0","0","0","0","0","0","0","0","0","0","0","0","0","0","0","0","1","1","0","0","0","0","0","0","0","0","0","0","0","0","0","0","0","0","0","0","0","0","0","0","0","0","0","0","0","0","0","0","0","0","0","0","0","0","0","0","0","0","0","0","0","0","0","0","0","0","1","0","0","0","0","0","0","0","0","0","0","0","0","0","1","202111","202204","1023"
"9194789","530010","71736502","26508112000141","3","1","00000000000000","","","","0100","","0","E","","","04","","02","77","03","","99","","","","","","","","EAS0009-11","20190426","1","","","","","","0","0","1","0","0","0","1","0","0","0","0","0","0","0",0,0,0,"0",0,0,0,0,0,0,0,0,0,0,0,0,0,0,"0",1,0,0,0,0,0,0,0,0,0,0,0,0,0,0,0,"1",0,0,0,"0",0,0,0,0,"0",0,0,0,0,0,0,0,0,0,0,0,0,0,0,0,"0","0","1","0","0","0","1","0","0","1","0","1","0","0","0","0","0","0","0","1","0","1","0","0","1","1","0","0","1","1","0","0","0","0","0","0","0","0","0","0","0","0","0","0","0","0","0","0","0","0","0","0","0","0","0","1","0","0","0","0","0","0","0","0","0","0","0","0","0","0","0","0","0","0","0","0","0","0","0","0","0","0","0","0","0","0","0","0","0","0","0","0","1","201907","202204","2062"
"9204628","530010","70200760","22008303000193","3","1","00000000000000","","","","0015","","0","E","","","04","","03","36","03","","99","","","","","","","","LICENCA SANITARIA 2034901","20200415","1","","","","","","0","0","1","0","0","0","1","0","0","0","0","0","0","0",0,0,0,"0",0,0,0,0,0,0,0,0,0,0,0,0,0,0,"0",0,1,0,0,0,0,0,0,0,0,0,0,0,0,0,0,"1",0,0,0,"0",0,0,0,0,"0",0,0,0,0,0,0,0,0,0,0,0,0,0,0,0,"0","0","1","0","0","0","0","0","0","0","0","0","0","0","0","0","0","0","0","0","0","0","0","0","1","0","0","0","1","1","0","0","0","0","0","0","0","0","0","0","0","0","0","0","0","0","0","0","0","0","0","1","0","0","1","1","0","0","0","0","0","0","0","0","0","0","0","0","0","0","0","0","0","0","0","0","0","0","0","0","0","0","0","0","0","0","0","0","0","0","0","0","1","202101","202204","2062"
"9206930","530010","70673416","14726482000257","3","1","00000000000000","","","","0050","","0","E","","","04","","01","36","02","","99","","","","","","","","RLE@DIGITAL","20180626","1","","","","","","0","0","1","0","0","0","1","0","0","0","0","0","0","0",0,0,0,"0",0,0,0,0,0,0,0,0,0,0,0,0,0,0,"0",0,0,0,0,0,0,0,0,4,0,0,0,0,0,0,0,"1",0,0,0,"0",0,0,0,0,"0",0,0,0,0,0,0,0,0,0,0,0,0,0,0,0,"0","0","1","0","0","0","0","0","1","0","0","0","0","0","0","0","0","0","0","0","0","0","0","0","1","1","0","0","1","1","0","0","0","0","0","0","0","0","0","0","0","0","0","0","0","0","0","0","0","0","0","1","0","0","0","1","0","0","0","0","0","0","0","0","0","0","0","0","0","0","0","0","0","0","0","0","0","0","0","0","0","0","0","0","0","0","0","0","0","0","0","0","1","202004","202204","2062"
"9207082","530010","71070512","24732085000160","3","1","00000000000000","","","","0070","","0","E","","","04","","03","36","03","","99","","","","","","","","EAS-0001410","20190529","1","","","","","","0","0","1","0","0","0","1","0","0","0","0","0","0","0",0,0,0,"0",0,0,0,0,0,0,0,0,0,0,0,0,0,0,"0",0,1,0,0,0,0,0,0,0,0,0,0,0,0,0,0,"1",0,0,0,"0",0,0,0,0,"0",0,0,0,0,0,0,0,0,0,0,0,0,0,0,0,"0","0","1","0","0","0","0","0","0","0","0","0","0","0","0","0","0","0","0","0","0","0","0","0","1","0","0","0","1","1","0","0","0","0","0","0","0","0","0","0","0","0","0","0","0","0","0","0","0","0","0","0","0","0","0","1","0","0","0","0","0","0","0","0","0","0","0","0","0","0","0","0","0","0","0","0","0","0","0","0","0","0","0","0","0","0","0","0","0","0","0","0","1","202106","202204","2062"
"9207694","530010","71953000","24683564000134","3","1","00000000000000","","","","0010","","0","E","","","04","","03","04","04","","99","","","","","","","","EAS.00190-14","20200504","1","","","","","","0","0","1","0","0","0","1","0","0","0","0","0","0","0",0,0,0,"0",0,0,0,0,0,0,0,0,0,0,0,0,0,0,"0",1,2,0,1,0,0,0,0,0,0,0,0,0,0,0,0,"1",0,0,0,"0",0,0,0,0,"0",0,0,0,0,0,0,0,0,0,0,0,0,0,0,0,"0","0","1","0","0","0","0","0","0","0","0","0","0","0","0","0","0","0","1","0","0","0","0","0","1","1","0","0","1","1","0","0","0","0","0","0","0","0","0","0","0","0","0","0","0","0","0","0","0","0","0","1","0","0","0","1","0","0","0","0","0","0","1","0","0","0","0","0","0","0","0","0","0","0","0","0","0","0","0","0","0","0","0","0","0","0","0","0","0","0","0","0","1","202012","202204","2305"
"9212388","530010","70390108","10885562000113","3","1","00000000000000","","","","","","0","E","","","04","","03","22","03","","99","","","","","","","","RLE","20190607","1","","","","","","0","0","1","0","0","0","1","0","0","0","0","0","0","0",0,0,0,"0",0,0,0,0,0,0,0,0,0,0,0,0,0,0,"0",0,0,0,1,0,0,0,0,0,0,0,0,0,0,0,0,"1",0,0,0,"0",0,0,0,0,"0",0,0,0,0,0,0,0,0,0,0,0,0,0,0,0,"0","0","0","1","0","0","0","0","0","0","0","0","0","0","0","0","0","0","0","0","0","0","0","0","1","0","0","0","1","1","0","0","0","0","0","0","0","0","0","0","0","0","0","0","0","0","0","0","0","0","0","1","0","0","1","1","0","0","0","0","0","0","0","0","0","0","0","0","0","0","0","0","0","0","0","0","0","0","0","0","0","0","0","0","0","0","0","0","0","0","0","0","1","201907","202204","2305"
"9212418","530010","70830350","00718528011801","3","1","00000000000000","","","","0010","","0","E","","","04","","01","39","03","","99","","","","","","","","LAB-0044-02","20211209","1","","","","","","0","0","1","0","0","0","1","0","0","0","0","0","0","0",0,0,0,"0",0,0,0,0,0,0,0,0,0,0,0,0,0,0,"0",0,0,0,0,0,0,0,0,0,0,0,0,0,0,0,0,"0",0,0,0,"0",0,0,0,0,"0",0,0,0,0,0,0,0,0,0,0,0,0,0,0,0,"0","0","1","0","0","0","0","0","0","0","0","0","0","0","0","0","0","0","0","0","0","0","0","0","1","1","0","0","1","1","0","0","0","0","0","0","0","0","0","0","0","0","0","0","0","0","0","0","0","0","0","0","0","0","0","0","0","0","1","0","0","1","1","0","0","0","0","0","0","0","0","0","0","0","0","0","0","0","0","0","0","0","0","0","0","0","0","0","0","0","0","0","1","202201","202204","2054"
"9212434","530010","71060280","23062247000138","3","1","00000000000000","","","","","","0","E","","","04","","03","36","03","","99","","","","","","","","53600132467","20190730","1","","","","","","0","0","1","0","0","0","1","0","0","0","0","0","0","0",0,0,0,"0",0,0,0,0,0,0,0,0,0,0,0,0,0,0,"0",0,0,0,0,0,0,0,0,2,0,0,0,0,0,0,0,"1",0,0,0,"0",0,0,0,0,"0",0,0,0,0,0,0,0,0,0,0,0,0,0,0,0,"0","0","1","0","0","0","0","0","0","0","0","0","0","0","0","0","0","0","0","1","0","0","0","0","1","1","0","0","1","1","0","0","0","0","0","0","0","0","0","0","0","0","0","0","0","0","0","0","0","0","0","1","0","0","0","1","0","0","0","0","0","0","0","0","0","0","0","0","0","0","0","0","0","0","0","0","0","0","0","0","0","0","0","0","0","0","0","0","0","0","0","0","1","202201","202204","2062"
"9217460","530010","70830300","26668894000186","3","1","00000000000000","","","","0005","","0","E","","","04","","01","36","03","","99","","","","","","","","EAS 00730-02","20200831","1","","","","","","0","0","1","0","0","0","1","0","0","0","0","0","0","0",0,0,0,"0",0,0,0,0,0,0,0,0,0,0,0,0,0,0,"0",0,0,0,1,0,0,0,0,0,0,0,0,0,0,0,0,"1",0,0,0,"0",0,0,0,0,"0",0,0,0,0,0,0,0,0,0,0,0,0,0,0,0,"0","0","0","1","0","0","0","0","0","0","0","0","0","0","0","0","0","0","0","0","0","0","0","0","1","0","0","0","1","1","0","0","0","0","0","0","0","0","0","0","0","0","0","0","0","0","0","0","0","0","0","1","0","0","0","0","0","0","0","0","0","0","0","0","0","0","0","0","0","0","0","0","0","0","0","0","0","0","0","0","0","0","0","0","0","0","0","0","0","0","0","0","1","202111","202204","2062"
"9218092","530010","72025110","26925260000161","3","1","00000000000000","","","","0180","","0","E","","","04","","03","04","03","","99","","","","","","","","EAS.00218-14","20200105","1","","","","","","0","0","1","0","0","0","1","0","0","0","0","0","0","0",0,0,0,"0",0,0,0,0,0,0,0,0,0,0,0,0,0,0,"0",1,10,0,1,0,0,0,0,0,0,0,0,0,0,0,0,"1",0,0,0,"0",0,0,0,0,"0",0,0,0,0,0,0,0,0,0,0,0,0,0,0,0,"0","0","1","0","0","0","0","0","0","0","0","0","0","0","0","0","0","0","0","0","0","0","0","0","1","0","1","0","1","1","0","0","0","0","0","0","0","0","0","0","0","0","0","0","0","0","0","0","0","0","0","1","0","0","0","1","0","0","1","0","0","0","1","0","0","0","0","0","0","0","0","0","0","0","0","0","0","0","0","0","0","0","0","0","0","0","0","0","0","0","0","0","1","202004","202204","2062"
"9220445","530010","73010535","00718528011305","3","1","00000000000000","","","","0170","","0","E","","","04","","01","39","03","","99","","","","","","","","LAB-01073-00","20210629","1","","","","","","0","0","1","0","0","0","1","0","0","0","0","0","0","0",0,0,0,"0",0,0,0,0,0,0,0,0,0,0,0,0,0,0,"0",0,0,0,0,0,0,0,0,0,0,0,0,0,0,0,0,"0",0,0,0,"0",0,0,0,0,"0",0,0,0,0,0,0,0,0,0,0,0,0,0,0,0,"0","0","1","0","0","0","0","0","0","0","0","0","0","0","0","0","0","0","0","0","0","0","0","0","1","1","0","0","1","1","0","0","0","0","0","0","0","0","0","0","0","0","0","0","0","0","0","0","0","0","0","0","0","0","0","0","0","0","1","0","0","1","1","0","0","0","0","0","0","0","0","0","0","0","0","0","0","0","0","0","0","0","0","0","0","0","0","0","0","0","0","0","1","202108","202204","2054"
"9222375","530010","72015240","27240677000153","3","1","00000000000000","","","","","","0","E","","","04","","03","36","04","","99","","","","","","","","53202102568","20200215","1","","","","","","0","0","1","0","0","0","1","0","0","0","0","0","0","0",0,0,0,"0",0,0,0,0,0,0,0,0,0,0,0,0,0,0,"0",0,0,0,2,0,0,0,0,0,0,0,0,0,0,0,0,"1",0,0,0,"0",0,0,0,0,"0",0,0,0,0,0,0,0,0,0,0,0,0,0,0,0,"0","0","1","0","0","0","0","0","0","0","0","0","0","0","0","0","0","0","0","1","0","0","0","0","1","0","0","0","1","1","0","0","0","0","0","0","0","0","0","0","0","0","0","0","0","0","0","0","0","0","0","1","0","0","0","1","0","0","0","0","0","0","0","0","0","0","0","0","0","0","0","0","0","0","0","0","0","0","0","0","0","0","0","0","0","0","0","0","0","0","0","0","1","202102","202204","2062"
"9225668","530010","70390095","25320857000209","3","1","00000000000000","","","","","","0","E","","","04","","01","39","04","","99","","","","","","","","LAB 05719-01","20210507","1","","","","","","0","0","1","0","0","0","1","0","0","0","0","0","0","0",0,0,0,"0",0,0,0,0,0,0,0,0,0,0,0,0,0,0,"0",0,0,0,2,0,0,0,0,0,0,0,0,0,0,0,0,"1",0,0,0,"0",0,0,0,0,"0",0,0,0,0,0,0,0,0,0,0,0,0,0,0,0,"0","0","1","0","0","0","0","0","0","0","0","0","0","0","0","0","0","0","0","0","0","0","0","0","1","1","0","0","1","1","0","0","0","0","0","0","0","0","0","0","0","0","0","0","0","0","0","0","0","0","0","0","0","0","0","0","0","0","1","0","0","0","1","0","0","0","0","0","0","0","0","0","0","0","0","0","0","0","0","0","0","0","0","0","0","0","0","0","0","0","0","0","1","202105","202204","2062"
"9226184","530010","72429050","01759280000260","3","1","00000000000000","","","","0060","","0","E","","","04","","01","04","03","","99","","","","","","","","CERTIF DE LICENCIAMENTO","20200128","1","","","","","","0","0","1","0","0","0","1","0","0","0","0","0","0","0",0,0,0,"0",0,0,0,0,0,0,0,0,0,0,0,0,0,0,"0",0,0,0,1,0,0,0,0,0,0,0,0,0,0,0,0,"1",0,0,0,"0",0,0,0,0,"0",0,0,0,0,0,0,0,0,0,0,0,0,0,0,0,"0","0","1","0","0","0","0","0","0","0","0","0","0","0","0","0","0","0","0","0","0","0","0","0","1","0","0","0","1","1","0","0","0","0","0","0","0","0","0","0","0","0","0","0","0","0","0","0","0","0","0","1","0","0","0","1","0","0","0","0","0","0","0","0","0","0","0","0","0","0","0","0","0","0","0","0","0","0","0","0","0","0","0","0","0","0","0","0","0","0","0","0","1","202003","202204","2062"
"9226613","530010","99999999","01310284000185","3","1","00000000000000","","","","","","0","E","","","04","","03","36","03","","99","","","","","","","","ODO 00044-07","20180411","1","","","","","","0","0","1","0","0","0","1","0","0","0","0","0","0","0",0,0,0,"0",0,0,0,0,0,0,0,0,0,0,0,0,0,0,"0",0,0,0,0,0,0,0,0,3,0,0,0,0,0,0,0,"1",0,0,0,"0",0,0,0,0,"0",0,0,0,0,0,0,0,0,0,0,0,0,0,0,0,"0","0","1","0","0","0","0","0","1","0","0","0","0","0","0","0","0","0","0","0","0","0","0","0","1","1","0","1","1","1","0","0","0","0","0","0","0","0","0","0","0","0","0","0","0","0","0","0","0","0","0","1","0","0","1","1","0","0","0","0","0","0","0","0","0","0","0","0","0","0","0","0","0","0","0","0","0","0","0","0","0","0","0","0","0","0","0","0","0","0","0","0","1","201905","202204","2062"
"9228772","530010","70200740","00718528011135","3","1","00000000000000","","","","0010","","0","E","","","04","","01","39","03","","99","","","","","","","","LAB-05720-01","20210922","1","","","","","","0","0","1","0","0","0","1","0","0","0","0","0","0","0",0,0,0,"0",0,0,0,0,0,0,0,0,0,0,0,0,0,0,"0",0,0,0,0,0,0,0,0,0,0,0,0,0,0,0,0,"0",0,0,0,"0",0,0,0,0,"0",0,0,0,0,0,0,0,0,0,0,0,0,0,0,0,"0","0","1","0","0","0","0","0","0","0","0","0","0","0","0","0","0","0","0","0","0","0","0","0","1","1","0","0","1","1","0","0","0","0","0","0","0","0","0","0","0","0","0","0","0","0","0","0","0","0","0","0","0","0","0","0","0","0","1","0","0","1","1","0","0","0","0","0","0","0","0","0","0","0","0","0","0","0","0","0","0","0","0","0","0","0","0","0","0","0","0","0","1","202112","202204","2054"
"9230092","530010","72220280","04868115000234","3","1","00000000000000","","","","","","0","E","","","04","","03","36","03","","99","","","","","","","","53900355224","20210505","1","","","","","","1","0","1","0","0","0","1","0","0","0","0","0","0","0",0,0,0,"0",0,0,0,0,0,0,0,0,0,0,0,0,0,0,"0",0,1,0,0,0,0,0,0,0,0,0,0,0,0,0,0,"1",0,0,0,"0",0,0,0,0,"0",0,0,0,0,0,0,0,0,0,0,0,0,0,0,0,"0","0","1","0","0","0","0","0","0","0","0","0","0","0","0","0","0","0","0","0","0","0","0","0","1","1","0","0","1","1","0","0","0","0","0","0","0","0","0","0","0","0","0","0","0","0","0","0","0","0","0","0","0","0","1","1","1","0","0","0","0","0","0","0","0","0","0","0","0","0","0","0","0","0","0","0","0","0","0","0","0","0","0","0","0","0","0","0","0","0","0","0","1","202110","202204","2062"
"9230122","530010","73036005","14739089000117","3","1","00000000000000","","","","","","0","E","","","04","","03","36","03","","99","","","","","","","","LICENCA SANITARIA","20211024","1","","","","","","0","0","1","0","0","0","1","0","0","0","0","0","0","0",0,0,0,"0",0,0,0,0,0,0,0,0,0,0,0,0,0,0,"0",0,1,0,0,0,0,0,0,0,0,0,0,0,0,0,0,"1",0,0,0,"0",0,0,0,0,"0",0,0,0,0,0,0,0,0,0,0,0,0,0,0,0,"0","0","1","0","0","0","0","0","0","0","0","0","0","0","0","0","0","0","0","0","0","0","0","0","1","0","0","1","1","1","0","0","0","0","0","0","0","0","0","0","0","0","0","0","0","0","0","0","0","0","0","1","0","0","0","0","0","0","0","0","0","0","0","0","0","0","0","0","0","0","0","0","0","0","0","0","0","0","0","0","0","0","0","0","0","0","0","0","0","0","0","0","1","202112","202204","2062"
"9230149","530010","72015010","14739089000206","3","1","00000000000000","","","","","","0","E","","","04","","03","36","03","","99","","","","","","","","LICENCA SANITARIA","20210920","1","","","","","","0","0","1","0","0","0","1","0","0","0","0","0","0","0",0,0,0,"0",0,0,0,0,0,0,0,0,0,0,0,0,0,0,"0",0,1,0,0,0,0,0,0,0,0,0,0,0,0,0,0,"1",0,0,0,"0",0,0,0,0,"0",0,0,0,0,0,0,0,0,0,0,0,0,0,0,0,"0","0","1","0","0","0","0","0","0","0","0","0","0","0","0","0","0","0","0","0","0","0","0","0","1","0","0","1","1","1","0","0","0","0","0","0","0","0","0","0","0","0","0","0","0","0","0","0","0","0","0","1","0","0","0","0","0","0","0","0","0","0","0","0","0","0","0","0","0","0","0","0","0","0","0","0","0","0","0","0","0","0","0","0","0","0","0","0","0","0","0","0","1","202112","202204","2062"
"9230785","530010","71916500","24973955000193","3","1","00000000000000","","","","","","0","E","","","04","","01","22","03","","99","","","","","","","","EAS.00127-22","20210311","1","","","","","","0","0","1","0","0","0","1","0","0","0","0","0","0","0",0,0,0,"0",0,0,0,0,0,0,0,0,0,0,0,0,0,0,"0",0,0,0,1,0,0,0,0,0,0,0,0,0,0,0,0,"1",0,0,0,"0",0,0,0,0,"0",0,0,0,0,0,0,0,0,0,0,0,0,0,0,0,"0","0","1","0","0","0","0","0","0","0","0","0","0","0","0","0","0","0","0","0","0","0","0","0","1","0","0","0","1","1","0","0","0","0","0","0","0","0","0","0","0","0","0","0","0","0","0","0","0","0","0","1","0","0","0","0","0","0","0","0","0","0","0","0","0","0","0","0","0","0","0","0","0","0","0","0","0","0","0","0","0","0","0","0","0","0","0","0","0","0","0","0","1","202108","202204","2062"
"9232397","530010","70390095","16902194000150","3","1","00000000000000","","","","0015","","0","E","","","04","","03","22","03","","99","","","","","","","","EAS20364-01","20210618","2","","","","","","0","0","1","0","0","0","1","0","0","0","0","0","0","0",0,0,0,"0",0,0,0,0,0,0,0,0,0,0,0,0,0,0,"0",1,0,0,0,0,0,0,0,0,0,0,0,0,0,0,0,"1",0,0,0,"0",0,0,0,0,"0",0,0,0,0,0,0,0,0,0,0,0,0,0,0,0,"0","0","1","0","0","0","0","0","0","0","0","0","0","0","0","0","0","0","0","0","0","0","0","0","1","1","0","0","1","1","0","0","0","0","0","0","0","0","0","0","0","0","0","0","0","0","0","0","0","0","0","1","0","0","0","1","0","0","0","0","0","0","0","0","0","0","0","0","0","0","0","0","0","0","0","0","0","0","0","0","0","0","0","0","0","0","0","0","0","0","0","0","1","202201","202204","2062"
"9232451","530010","72130540","27296449000103","3","1","00000000000000","","","","","","0","E","","","04","","01","22","03","","99","","","","","","","","VISADF","20191129","1","","","","","","0","0","1","0","0","0","1","0","0","0","0","0","0","0",0,0,0,"0",0,0,0,0,0,0,0,0,0,0,0,0,0,0,"0",1,0,0,0,0,0,0,0,0,0,0,0,0,0,0,0,"1",0,0,0,"0",0,0,0,0,"0",0,0,0,0,0,0,0,0,0,0,0,0,0,0,0,"0","0","1","0","0","0","0","0","0","0","0","0","0","0","0","0","0","0","0","0","0","0","0","0","1","1","1","0","1","1","0","0","0","0","0","0","0","0","0","0","0","0","0","0","0","0","0","0","0","0","0","1","0","0","0","1","0","0","0","0","0","0","0","0","0","0","0","0","0","0","0","0","0","0","0","0","0","0","0","0","0","0","0","0","0","0","0","0","0","0","0","0","1","202001","202204","2062"
"9233636","530010","72015525","72593742000502","3","1","00000000000000","","","","","","0","E","","","04","","03","04","03","","99","","","","","","","","CERTIFICADO RLE","20200109","1","","","","","","0","0","1","0","0","0","1","0","0","0","0","0","0","0",0,0,0,"0",0,0,0,0,0,0,0,0,0,0,0,0,0,0,"0",1,1,0,1,0,0,0,0,0,0,0,0,0,0,0,0,"1",0,0,0,"0",0,0,0,0,"0",0,0,0,0,0,0,0,0,0,0,0,0,0,0,0,"0","0","1","0","0","0","0","0","0","0","0","0","0","0","0","0","0","0","0","0","0","0","0","0","1","0","0","0","1","1","0","0","0","0","0","0","0","0","0","0","0","0","0","0","0","0","0","0","0","0","0","1","0","0","0","1","0","0","0","0","0","0","0","0","0","0","0","0","0","0","0","0","0","0","0","0","0","0","0","0","0","0","0","0","0","0","0","0","0","0","0","0","1","202203","202204","2305"
"9233903","530010","72410101","27218652000153","3","1","00000000000000","","","","0060","","0","E","","","04","","03","04","03","","99","","","","","","","","EAS 0035-8","20200909","1","","","","","","0","0","1","0","0","0","1","0","0","0","0","0","0","0",0,0,0,"0",0,0,0,0,0,0,0,0,0,0,0,0,0,0,"0",2,2,0,1,0,0,0,0,1,0,0,0,0,0,0,0,"1",0,0,0,"0",0,0,0,0,"0",0,0,0,0,0,0,0,0,0,0,0,0,0,0,0,"0","0","1","0","0","0","0","0","0","0","0","0","0","0","0","0","0","0","0","0","0","0","0","0","1","1","0","0","1","1","0","0","0","0","0","0","0","0","0","0","0","0","0","0","0","0","0","0","0","0","0","1","0","0","1","1","0","0","0","0","0","0","0","0","0","0","0","0","0","0","0","0","0","0","0","0","0","0","0","0","0","0","0","0","0","0","0","0","0","0","0","0","1","202105","202204","2062"
"9234292","530010","70390108","26762089000117","3","1","00000000000000","","","","","","0","E","","","04","","01","22","03","","99","","","","","","","","20171400175813","20170406","1","","","","","","0","0","1","0","0","0","1","0","0","0","0","0","0","0",0,0,0,"0",0,0,0,0,0,0,0,0,0,0,0,0,0,0,"0",0,0,0,1,0,0,0,0,0,0,0,0,0,0,0,0,"1",0,0,0,"0",0,0,0,0,"0",0,0,0,0,0,0,0,0,0,0,0,0,0,0,0,"0","0","0","0","0","0","0","0","0","0","0","0","0","0","0","0","0","0","0","0","0","0","0","0","0","0","0","0","1","1","0","0","0","0","0","0","0","0","0","0","0","0","0","0","0","0","0","0","0","0","0","1","0","0","0","0","0","0","0","0","0","0","0","0","0","0","0","0","0","0","0","0","0","0","0","0","0","0","0","0","0","0","0","0","0","0","0","0","0","0","0","0","1","201909","202204","2135"
"9234314","530010","70673601","27285831000103","3","1","00000000000000","","","","9931","","0","E","","","04","","01","36","03","","99","","","","","","","","CERTIF. DE LICENCIAMENTO","20180709","1","","","","","","0","0","1","0","0","0","1","0","0","0","0","0","0","0",0,0,0,"0",0,0,0,0,0,0,0,0,0,0,0,0,0,0,"0",0,0,0,0,0,0,0,0,2,0,0,0,0,0,0,0,"1",0,0,0,"0",0,0,0,0,"0",0,0,0,0,0,0,0,0,0,0,0,0,0,0,0,"0","0","0","0","0","0","0","0","0","0","0","0","0","0","0","0","0","0","0","0","1","0","0","0","1","1","0","0","1","1","0","0","0","0","0","0","0","0","0","0","0","0","0","0","0","0","0","0","0","0","0","1","0","0","0","1","0","0","0","0","0","0","0","0","0","0","0","0","0","0","0","0","0","0","0","0","0","0","0","0","0","0","0","0","0","0","0","0","0","0","0","0","1","202204","202204","2062"
"9235086","530010","71916500","27353985000195","3","1","00000000000000","","","","9901","","0","E","","","04","","03","22","03","","99","","","","","","","","","","","","","","","","0","0","1","0","0","0","1","0","0","0","0","0","0","0",0,0,0,"0",0,0,0,0,0,0,0,0,0,0,0,0,0,0,"0",0,0,0,0,0,0,0,0,1,0,0,0,0,0,0,0,"1",0,0,0,"0",0,0,0,0,"0",0,0,0,0,0,0,0,0,0,0,0,0,0,0,0,"0","0","1","0","0","0","0","0","1","0","0","0","0","0","0","0","0","0","0","0","0","0","0","0","1","1","1","0","1","1","0","0","0","0","0","0","0","0","0","0","0","0","0","0","0","0","0","0","0","0","0","1","0","0","1","1","0","0","0","0","0","0","0","0","0","0","0","0","0","0","0","0","0","0","0","0","0","0","0","0","0","0","0","0","0","0","0","0","0","0","0","0","1","202003","202204","2062"
"9235116","530010","72025110","38024717000146","3","1","00000000000000","","","","0180","","0","E","","","04","","01","04","04","","99","","","","","","","","EAS 00008 2014","20210522","1","","","","","","0","0","1","0","0","0","1","0","0","0","0","0","0","0",0,0,0,"0",0,0,0,0,0,0,0,0,0,0,0,0,0,0,"0",0,1,0,1,0,0,0,0,0,0,0,0,0,0,0,0,"1",0,0,0,"0",0,0,0,0,"0",0,0,0,0,0,0,0,0,0,0,0,0,0,0,0,"0","0","0","1","0","0","0","0","0","0","0","0","0","0","0","0","0","0","0","0","0","0","0","0","1","0","0","0","1","1","0","0","0","0","0","0","0","0","0","0","0","0","0","0","0","0","0","0","0","0","0","1","0","0","0","1","0","0","0","0","0","0","0","0","0","0","0","0","0","0","0","0","0","0","0","0","0","0","0","0","0","0","0","0","0","0","0","0","0","0","0","0","1","202203","202204","2062"
"9235183","530010","70200700","24868284000109","3","1","00000000000000","","","","0010","","0","E","","","04","","01","36","03","","99","","","","","","","","12345678","20210118","1","","","","","","0","0","1","0","0","0","1","0","0","0","0","0","0","0",0,0,0,"0",0,0,0,0,0,0,0,0,0,0,0,0,0,0,"0",0,2,0,0,0,0,0,0,0,0,0,0,0,0,0,0,"1",0,0,0,"0",0,0,0,0,"0",0,0,0,0,0,0,0,0,0,0,0,0,0,0,0,"0","0","1","0","0","0","0","0","0","0","0","0","0","0","0","0","0","0","0","0","0","0","0","0","1","0","0","0","1","1","0","0","0","0","0","0","0","0","0","0","0","0","0","0","0","0","0","0","0","0","0","1","0","0","0","1","0","0","0","0","0","0","0","0","0","0","0","0","0","0","0","0","0","0","0","0","0","0","0","0","0","0","0","0","0","0","0","0","0","0","0","0","1","202108","202204","2305"
"9237798","530010","72110010","27099808000124","3","1","00000000000000","","","","0180","","0","E","","","04","","03","62","03","","99","","","","","","","","EAS0031215-2020","20201221","1","","","","","","0","0","1","0","0","0","1","0","0","0","0","0","0","0",0,0,0,"0",0,0,0,0,0,0,0,0,0,0,0,0,0,0,"1",5,4,0,1,0,0,0,1,0,2,1,1,0,0,2,0,"1",0,0,0,"0",0,0,0,0,"0",0,0,1,0,0,0,0,0,0,0,0,0,0,0,0,"0","0","0","1","0","0","1","0","0","1","0","0","0","0","0","0","0","0","0","0","0","1","0","0","1","1","1","0","1","1","0","0","0","0","0","0","0","0","0","0","0","0","0","0","0","0","0","0","0","0","0","1","0","0","1","1","0","0","0","0","0","0","0","0","0","0","0","0","0","0","0","0","0","0","0","0","0","0","0","0","0","0","0","0","0","0","0","0","0","0","0","0","1","202104","202204","2062"
"9240535","530010","72015525","27687145000169","3","1","00000000000000","","","","","","0","E","","","04","","01","36","03","","99","","","","","","","","53202200501","20181128","1","","","","","","0","0","1","0","0","0","1","0","0","0","0","0","0","0",0,0,0,"0",0,0,0,0,0,0,0,0,0,0,0,0,0,0,"0",0,0,0,0,0,0,0,0,2,0,0,0,0,0,0,0,"1",0,0,0,"0",0,0,0,0,"0",0,0,0,0,0,0,0,0,0,0,0,0,0,0,0,"0","0","1","0","0","0","0","0","1","0","0","0","0","0","0","0","0","0","0","1","0","0","0","0","1","1","0","0","1","1","0","0","0","0","0","0","0","0","0","0","0","0","0","0","0","0","0","0","0","0","0","1","0","0","0","0","0","0","0","0","0","0","0","0","0","0","0","0","0","0","0","0","0","0","0","0","0","0","0","0","0","0","0","0","0","0","0","0","0","0","0","0","1","201906","202204","2062"
"9240683","530010","72405922","27507817000107","3","1","00000000000000","","","","","","0","E","","","04","","03","22","03","","99","","","","","","","","53600210506","20200414","1","","","","","","0","0","1","0","0","0","1","0","0","0","0","0","0","0",0,0,0,"0",0,0,0,0,0,0,0,0,0,0,0,0,0,0,"0",0,0,0,0,0,0,0,0,1,0,0,0,0,0,0,0,"1",0,0,0,"0",0,0,0,0,"0",0,0,0,0,0,0,0,0,0,0,0,0,0,0,0,"0","0","1","0","0","0","0","0","0","0","0","0","0","0","0","0","0","0","0","0","0","0","0","0","1","1","0","0","1","1","0","0","0","0","0","0","0","0","0","0","0","0","0","0","0","0","0","0","0","0","0","1","0","0","0","1","0","0","0","0","0","0","0","0","0","0","0","0","0","0","0","0","0","0","0","0","0","0","0","0","0","0","0","0","0","0","0","0","0","0","0","0","1","202101","202204","2305"
"9241701","530010","71906750","10796920000200","3","1","00000000000000","","","","","","0","E","","","04","","03","04","03","","99","","","","","","","","RLE","20190824","1","","","","","","0","0","1","0","0","0","1","0","0","0","0","0","0","0",0,0,0,"0",0,0,0,0,0,0,0,0,0,0,0,0,0,0,"0",0,0,0,3,0,0,0,0,0,0,0,0,0,0,0,0,"1",0,0,0,"0",0,0,0,0,"0",0,0,0,0,0,0,0,0,0,0,0,0,0,0,0,"0","0","1","0","0","0","0","0","0","0","0","0","0","0","0","0","0","0","0","0","0","0","0","0","1","0","0","0","1","1","0","0","0","0","0","0","0","0","0","0","0","0","0","0","0","0","0","0","0","0","0","1","0","0","0","1","0","0","0","0","0","0","0","0","0","0","0","0","0","0","0","0","0","0","0","0","0","0","0","0","0","0","0","0","0","0","0","0","0","0","0","0","1","202204","202204","2062"
"9242325","530010","70200700","24545762000131","3","1","00000000000000","","","","","","0","E","","","04","","03","22","03","","99","","","","","","","","20181400571980","20180514","1","","","","","","0","0","1","0","0","0","1","0","0","0","0","0","0","0",0,0,0,"0",0,0,0,0,0,0,0,0,0,0,0,0,0,0,"0",0,0,0,1,0,0,0,0,0,0,0,0,0,0,0,0,"1",0,0,0,"0",0,0,0,0,"0",0,0,0,0,0,0,0,0,0,0,0,0,0,0,0,"0","0","1","0","0","0","0","0","0","0","0","0","0","0","0","0","0","0","0","0","0","0","0","0","1","0","0","0","1","1","0","0","0","0","0","0","0","0","0","0","0","0","0","0","0","0","0","0","0","0","0","0","0","0","0","1","0","0","0","0","0","0","0","0","0","0","0","0","0","0","0","0","0","0","0","0","0","0","0","0","0","0","0","0","0","0","0","0","0","0","0","0","1","202108","202204","2135"
"9242368","530010","70200670","22849816000127","3","1","00000000000000","","","","0015","","0","E","","","04","","03","22","03","","99","","","","","","","","EAS.20381-01","20180403","1","","","","","","0","0","1","0","0","0","1","0","0","0","0","0","0","0",0,0,0,"0",0,0,0,0,0,0,0,0,0,0,0,0,0,0,"0",1,0,0,0,0,0,0,0,0,0,0,0,0,0,0,0,"1",0,0,0,"0",0,0,0,0,"0",0,0,0,0,0,0,0,0,0,0,0,0,0,0,0,"0","0","0","0","0","0","0","0","0","0","0","0","0","0","0","0","0","0","0","0","0","0","0","0","0","0","0","0","1","1","0","0","0","0","0","0","0","0","0","0","0","0","0","0","0","0","0","0","0","0","0","1","0","0","1","1","0","0","0","0","0","0","0","0","0","0","0","0","0","0","0","0","0","0","0","0","0","0","0","0","0","0","0","0","0","0","0","0","0","0","0","0","1","201908","202204","2062"
"9242686","530010","70200700","24006263000176","3","1","00000000000000","","","","0015","","0","E","","","04","","03","36","06","","99","","","","","","","","EAS 30081-01","20210803","1","","","","","","0","0","1","0","0","0","1","0","0","0","0","0","0","0",0,0,0,"0",0,0,0,0,0,0,0,0,0,0,0,0,0,0,"0",0,1,0,2,0,0,0,0,0,0,0,0,0,0,0,0,"1",0,0,0,"0",0,0,0,0,"0",0,0,0,0,0,0,0,0,0,0,0,0,0,0,0,"0","0","1","0","0","0","0","0","0","0","0","0","0","0","0","0","0","0","0","0","0","0","0","0","1","1","0","0","1","1","0","0","0","0","0","0","0","0","0","0","0","0","0","0","0","0","0","0","0","0","0","1","0","0","0","1","0","0","0","0","0","0","0","0","0","0","0","0","0","0","0","0","0","0","0","0","0","0","0","0","0","0","0","0","0","0","0","0","0","0","0","0","1","202112","202204","2062"
"9244972","530010","73330026","27007009000180","3","1","00000000000000","","","","","","0","E","","","04","","01","22","04","","99","","","","","","","","ODO.00236-08","20201002","","","","","","","0","0","1","0","0","0","1","0","0","0","0","0","0","0",0,0,0,"0",0,0,0,0,0,0,0,0,0,0,0,0,0,0,"0",0,0,0,0,0,0,0,0,3,0,0,0,0,0,0,0,"1",0,0,0,"0",0,0,0,0,"0",0,0,0,0,0,0,0,0,0,0,0,0,0,0,0,"0","0","0","0","0","0","0","0","1","0","0","0","0","0","0","0","0","0","0","0","0","0","0","0","1","1","0","0","1","1","0","0","0","0","0","0","0","0","0","0","0","0","0","0","0","0","0","0","0","0","0","1","0","0","0","0","0","0","0","0","0","0","0","0","0","0","0","0","0","0","0","0","0","0","0","0","0","0","0","0","0","0","0","0","0","0","0","0","0","0","0","0","1","202010","202204","2062"
"9245189","530010","71503505","27614185000180","3","1","00000000000000","","","","","","0","E","","","04","","01","22","04","","99","","","","","","","","LICENCIAMENTO","20170503","1","","","","","","0","0","1","0","0","0","1","0","0","0","0","0","0","0",0,0,0,"0",0,0,0,0,0,0,0,0,0,0,0,0,0,0,"0",0,0,0,1,0,0,0,0,0,0,0,0,0,0,0,0,"1",0,0,0,"0",0,0,0,0,"0",0,0,0,0,0,0,0,0,0,0,0,0,0,0,0,"0","0","0","0","0","0","0","0","0","0","0","0","0","0","0","0","0","0","0","0","0","0","0","0","0","0","0","0","1","1","0","0","0","0","0","0","0","0","0","0","0","0","0","0","0","0","0","0","0","0","0","1","0","0","0","0","0","0","0","0","0","0","0","0","0","0","0","0","0","0","0","0","0","0","0","0","0","0","0","0","0","0","0","0","0","0","0","0","0","0","0","0","1","202101","202204","2062"
"9246789","530010","70390095","26389389000100","3","1","00000000000000","","","","0015","","0","E","","","04","","01","36","03","","99","","","","","","","","EAS.30093-01","20180712","1","","","","","","0","0","1","0","0","0","1","0","0","0","0","0","0","0",0,0,0,"0",0,0,0,0,0,0,0,0,0,0,0,0,0,0,"0",0,0,0,2,0,0,0,0,0,0,0,0,0,0,0,0,"1",0,0,0,"0",0,0,0,0,"0",0,0,0,0,0,0,0,0,0,0,0,0,0,0,0,"0","0","1","0","0","0","0","0","0","0","0","0","0","0","0","0","0","0","0","0","0","0","0","0","1","0","0","0","1","1","0","0","0","0","0","0","0","0","0","0","0","0","0","0","0","0","0","0","0","0","0","1","0","0","0","1","0","0","0","0","0","0","0","0","0","0","0","0","0","0","0","0","0","0","0","0","0","0","0","0","0","0","0","0","0","0","0","0","0","0","0","0","1","201909","202204","2062"
"9246886","530010","72215178","18321853000190","3","1","00000000000000","","","","0040","","0","E","","","04","","01","22","03","","99","","","","","","","","EAS.00355-16","20180802","1","","","","","","0","0","1","0","0","0","1","0","0","0","0","0","0","0",0,0,0,"0",0,0,0,0,0,0,0,0,0,0,0,0,0,0,"0",0,1,0,0,0,0,0,0,0,0,0,0,0,0,0,0,"1",0,0,0,"0",0,0,0,0,"0",0,0,0,0,0,0,0,0,0,0,0,0,0,0,0,"0","0","0","0","0","0","0","0","0","0","0","0","0","0","0","0","0","0","0","0","0","0","0","0","0","0","0","0","1","1","0","0","0","0","0","0","0","0","0","0","0","0","0","0","0","0","0","0","0","0","0","1","0","0","0","1","0","0","0","0","0","0","0","0","0","0","0","0","0","0","0","0","0","0","0","0","0","0","0","0","0","0","0","0","0","0","0","0","0","0","0","0","1","201907","202204","2062"
"9247041","530010","70200700","26278646000129","3","1","00000000000000","","","","","","0","E","","","04","","03","04","03","","99","","","","","","","","EAS 2052901","20181203","1","","","","","","0","0","1","0","0","0","1","0","0","0","0","0","0","0",0,0,0,"0",0,0,0,0,0,0,0,0,0,0,0,0,0,0,"0",0,1,0,1,0,0,0,0,0,0,0,0,0,0,0,0,"1",0,0,0,"0",0,0,0,0,"0",0,0,0,0,0,0,0,0,0,0,0,0,0,0,0,"0","0","1","0","0","0","0","0","0","0","0","0","0","0","0","0","0","0","0","0","0","0","0","0","1","0","0","0","1","1","0","0","0","0","0","0","0","0","0","0","0","0","0","0","0","0","0","0","0","0","0","1","0","0","1","1","0","0","0","0","0","0","0","0","0","0","0","0","0","0","0","0","0","0","0","0","0","0","0","0","0","0","0","0","0","0","0","0","0","0","0","0","1","201908","202204","2062"
"9248420","530010","70390095","25264468000114","3","1","00000000000000","","","","","","0","E","","","04","","03","36","03","","99","","","","","","","","53202071018","20190222","1","","","","","","0","0","1","0","0","0","1","0","0","0","0","0","0","0",0,0,0,"0",0,0,0,0,0,0,0,0,0,0,0,0,0,0,"0",0,0,0,1,0,0,0,0,0,0,0,0,0,0,0,0,"1",0,0,0,"0",0,0,0,0,"0",0,0,0,0,0,0,0,0,0,0,0,0,0,0,0,"0","0","1","0","0","0","0","0","0","0","0","0","0","0","0","0","0","0","0","0","0","0","0","0","1","0","0","0","1","1","0","0","0","0","0","0","0","0","0","0","0","0","0","0","0","0","0","0","0","0","0","1","0","0","0","1","0","0","0","0","0","0","0","0","0","0","0","0","0","0","0","0","0","0","0","0","0","0","0","0","0","0","0","0","0","0","0","0","0","0","0","0","1","201904","202204","2062"
"9248455","530010","71680349","24455710000174","3","1","00000000000000","","","","0010","","0","E","","","04","","03","22","03","","99","","","","","","","","RLE 20181400238130","20210927","1","","","","","","0","0","1","0","0","0","1","0","0","0","0","0","0","0",0,0,0,"0",0,0,0,0,0,0,0,0,0,0,0,0,0,0,"0",0,0,0,0,0,0,0,0,2,0,0,0,0,0,0,0,"1",0,0,0,"0",0,0,0,0,"0",0,0,0,0,0,0,0,0,0,0,0,0,0,0,0,"0","0","1","0","0","0","0","0","0","0","0","0","0","0","0","0","0","0","0","0","0","0","0","0","1","1","0","0","1","1","0","0","0","0","0","0","0","0","0","0","0","0","0","0","0","0","0","0","0","0","0","1","0","0","0","1","0","0","0","0","0","0","0","0","0","0","0","0","0","0","0","0","0","0","0","0","0","0","0","0","0","0","0","0","0","0","0","0","0","0","0","0","1","202111","202204","2062"
"9249044","530010","70200700","18144214000105","3","1","00000000000000","","","","0015","","0","E","","","04","","03","36","03","","99","","","","","","","","LICENCIAMENTO","20210308","1","","","","","","0","0","1","0","0","0","1","0","0","0","0","0","0","0",0,0,0,"0",0,0,0,0,0,0,0,0,0,0,0,0,0,0,"0",1,0,0,0,0,0,0,0,0,0,0,0,0,0,0,0,"1",0,0,0,"0",0,0,0,0,"0",0,0,0,0,0,0,0,0,0,0,0,0,0,0,0,"0","0","1","0","0","0","0","0","0","0","0","0","0","0","0","0","0","0","0","0","0","0","0","0","1","0","0","0","1","1","0","0","0","0","0","0","0","0","0","0","0","0","0","0","0","0","0","0","0","0","0","1","0","0","0","0","0","0","0","0","0","0","0","0","0","0","0","0","0","0","0","0","0","0","0","0","0","0","0","0","0","0","0","0","0","0","0","0","0","0","0","0","1","202104","202204","2062"
"9249079","530010","70200760","06291317000100","3","1","00000000000000","","1","","","","0","E","","","04","","03","04","03","","99","","","","","","","","2029001","20201017","1","","","","","","0","0","1","0","0","0","1","0","0","0","0","0","0","0",0,0,0,"0",0,0,0,0,0,0,0,0,0,0,0,0,0,0,"0",0,2,0,0,1,1,0,0,0,0,0,0,0,0,0,0,"1",0,0,0,"0",0,0,0,0,"0",0,0,0,0,0,0,0,0,0,0,0,0,0,0,0,"0","0","0","1","0","0","0","0","0","0","0","0","0","0","0","0","0","0","0","0","0","0","0","0","1","0","0","0","1","1","0","0","0","0","0","0","0","0","0","0","0","0","0","0","0","0","0","0","0","0","0","1","0","0","0","1","0","0","0","0","0","0","0","0","0","0","0","0","0","0","0","0","0","0","0","0","0","0","0","0","0","0","0","0","0","0","0","0","0","0","0","0","1","202108","202204","2062"
"9249710","530010","70305900","15317856000162","3","1","00000000000000","","","","","","0","E","","","04","","01","22","03","","99","","","","","","","","N2MII0","20210101","1","","","","","","0","0","1","0","0","0","1","0","0","0","0","0","0","0",0,0,0,"0",0,0,0,0,0,0,0,0,0,0,0,0,0,0,"0",0,1,0,0,0,0,0,0,0,0,0,0,0,0,0,0,"1",0,0,0,"0",0,0,0,0,"0",0,0,0,0,0,0,0,0,0,0,0,0,0,0,0,"0","0","1","0","0","0","0","0","0","0","0","0","0","0","0","0","0","0","0","0","0","0","0","0","1","1","0","0","1","1","0","0","0","0","0","0","0","0","0","0","0","0","0","0","0","0","0","0","0","0","0","1","0","0","0","1","0","0","0","0","0","0","0","0","0","0","0","0","0","0","0","0","0","0","0","0","0","0","0","0","0","0","0","0","0","0","0","0","0","0","0","0","1","202103","202204","2062"
"9253041","530010","73006040","26840388000122","3","1","00000000000000","","","","0170","","0","E","","","04","","01","04","03","","99","","","","","","","","LICENCA SANITARIA","","1","","","","","","0","0","1","0","0","0","1","0","0","0","0","0","0","0",0,0,0,"0",0,0,0,0,0,0,0,0,0,0,0,0,0,0,"0",0,1,0,0,0,0,0,0,0,0,0,0,0,0,0,0,"1",0,0,0,"0",0,0,0,0,"0",0,0,0,0,0,0,0,0,0,0,0,0,0,0,0,"0","0","0","1","0","0","0","0","0","0","0","0","0","0","0","0","0","0","0","0","0","0","0","0","1","0","0","0","1","1","0","0","0","0","0","0","0","0","0","0","0","0","0","0","0","0","0","0","0","0","0","1","0","0","0","1","0","0","0","0","0","0","0","0","0","0","0","0","0","0","0","0","0","0","0","0","0","0","0","0","0","0","0","0","0","0","0","0","0","0","0","0","1","202107","202204","2062"
"9253661","530010","72215191","27021545000130","3","1","00000000000000","","","","","","0","E","","","04","","03","04","03","","99","","","","","","","","53202098234","20210421","1","","","","","","0","0","1","0","0","0","1","0","0","0","0","0","0","0",0,0,0,"0",0,0,0,0,0,0,0,0,0,0,0,0,0,0,"0",0,0,0,3,0,0,0,0,0,0,0,0,0,0,0,0,"1",0,0,0,"0",0,0,0,0,"0",0,0,0,0,0,0,0,0,0,0,0,0,0,0,0,"0","0","1","0","0","0","0","0","0","0","0","0","0","0","0","0","0","0","0","0","0","0","0","0","1","0","0","0","1","1","0","0","0","0","0","0","0","0","0","0","0","0","0","0","0","0","0","0","0","0","0","0","0","0","0","1","0","0","0","0","0","0","0","0","0","0","0","0","0","0","0","0","0","0","0","0","0","0","0","0","0","0","0","0","0","0","0","0","0","0","0","0","1","202104","202204","2062"
"9255001","530010","70632300","00718528010244","3","1","00000000000000","","","","0010","","0","E","","","04","","01","39","03","","99","","","","","","","","LAB 004-02","20211228","1","","","","","","0","0","1","0","0","0","1","0","0","0","0","0","0","0",0,0,0,"0",0,0,0,0,0,0,0,0,0,0,0,0,0,0,"0",0,0,0,0,0,0,0,0,0,0,0,0,0,0,0,0,"0",0,0,0,"0",0,0,0,0,"0",0,0,0,0,0,0,0,0,0,0,0,0,0,0,0,"0","0","1","0","0","0","0","0","0","0","0","0","0","0","0","0","0","0","0","0","0","0","0","0","1","1","0","0","1","1","0","0","0","0","0","0","0","0","0","0","0","0","0","0","0","0","0","0","0","0","0","0","0","0","0","0","0","0","1","0","0","1","1","0","0","0","0","0","0","0","0","0","0","0","0","0","0","0","0","0","0","0","0","0","0","0","0","0","0","0","0","0","1","202201","202204","2054"
"9255974","530010","70200700","27006324000193","3","1","00000000000000","","","","0015","","0","E","","","04","","01","36","04","","99","","","","","","","","VIGILANIA SANITARIA","20190411","1","","","","","","0","0","1","0","0","0","1","0","0","0","0","0","0","0",0,0,0,"0",0,0,0,0,0,0,0,0,0,0,0,0,0,0,"0",0,2,0,0,0,0,0,0,0,0,0,0,0,0,0,0,"1",0,0,0,"0",0,0,0,0,"0",0,0,0,0,0,0,0,0,0,0,0,0,0,0,0,"0","0","1","0","0","0","0","0","0","0","0","0","0","0","0","0","0","0","0","0","0","0","0","0","1","1","0","0","1","1","0","0","0","0","0","0","0","0","0","0","0","0","0","0","0","0","0","0","0","0","0","1","0","0","0","1","0","0","0","0","0","0","0","0","0","0","0","0","0","0","0","0","0","0","0","0","0","0","0","0","0","0","0","0","0","0","0","0","0","0","0","0","1","201909","202204","2062"
"9257365","530010","72405561","00718528011216","3","1","00000000000000","","","","0060","","0","E","","","04","","01","39","03","","99","","","","","","","","LAB - 00014-20","20210303","1","","","","","","0","0","1","0","0","0","1","0","0","0","0","0","0","0",0,0,0,"0",0,0,0,0,0,0,0,0,0,0,0,0,0,0,"0",0,0,0,0,0,0,0,0,0,0,0,1,0,0,0,0,"1",0,0,0,"0",0,0,0,0,"0",0,0,0,0,0,0,0,0,0,0,0,0,0,0,0,"0","0","1","0","0","0","0","0","0","0","0","0","0","0","0","0","0","0","0","0","0","0","0","0","1","1","0","0","1","1","0","0","0","0","0","0","0","0","0","0","0","0","0","0","0","0","0","0","0","0","0","0","0","0","0","0","0","0","1","0","0","1","1","0","0","0","0","0","0","0","0","0","0","0","0","0","0","0","0","0","0","0","0","0","0","0","0","0","0","0","0","0","1","202105","202204","2054"
"9257888","530010","70770100","09652914000101","3","1","00000000000000","","","","0010","","0","E","","","04","","03","36","04","","99","","","","","","","","CODIGO K30NGB","20210810","1","","","","","","0","0","1","0","0","0","1","0","0","0","0","0","0","0",0,0,0,"0",0,0,0,0,0,0,0,0,0,0,0,0,0,0,"0",0,0,0,1,0,0,0,0,0,0,0,0,0,0,0,0,"1",0,0,0,"0",0,0,0,0,"0",0,0,0,0,0,0,0,0,0,0,0,0,0,0,0,"0","0","1","0","0","0","0","0","0","0","0","0","0","0","0","0","0","0","0","0","0","0","0","0","1","0","0","0","1","1","0","0","0","0","0","0","0","0","0","0","0","0","0","0","0","0","0","0","0","0","0","1","0","0","0","1","0","0","0","0","0","0","0","0","0","0","0","0","0","0","0","0","0","0","0","0","0","0","0","0","0","0","0","0","0","0","0","0","0","0","0","0","1","202201","202204","2062"
"9257985","530010","70200730","25276347000192","3","1","00000000000000","","","","","","0","E","","","04","","03","22","03","","99","","","","","","","","20361-01/2021","20211207","1","","","","","","0","0","1","0","0","0","1","0","0","0","0","0","0","0",0,0,0,"0",0,0,0,0,0,0,0,0,0,0,0,0,0,0,"0",0,1,0,0,0,0,0,0,0,0,0,0,0,0,0,0,"1",0,0,0,"0",0,0,0,0,"0",0,0,0,0,0,0,0,0,0,0,0,0,0,0,0,"0","0","0","0","0","0","0","0","0","0","0","0","0","0","0","0","0","0","0","0","0","0","0","0","0","0","0","0","1","1","0","0","0","0","0","0","0","0","0","0","0","0","0","0","0","0","0","0","0","0","0","1","0","0","0","1","0","0","0","0","0","0","0","0","0","0","0","0","0","0","0","0","0","0","0","0","0","0","0","0","0","0","0","0","0","0","0","0","0","0","0","0","1","202204","202204","2240"
"9258949","530010","72115150","24065951000107","3","1","00000000000000","","","","","","0","E","","","04","","03","36","03","","99","","","","","","","","53600132467","20190730","1","","","","","","0","0","1","0","0","0","1","0","0","0","0","0","0","0",0,0,0,"0",0,0,0,0,0,0,0,0,0,0,0,0,0,0,"0",2,0,0,4,0,0,0,0,0,0,0,0,0,0,0,0,"1",0,0,0,"0",0,0,0,0,"0",0,0,0,0,0,0,0,0,0,0,0,0,0,0,0,"0","0","1","0","0","0","0","0","0","0","0","0","0","0","0","0","0","0","0","1","0","0","0","0","1","1","0","0","1","1","0","0","0","0","0","0","0","0","0","0","0","0","0","0","0","0","0","0","0","0","0","1","0","0","0","1","0","0","0","0","0","0","0","0","0","0","0","0","0","0","0","0","0","0","0","0","0","0","0","0","0","0","0","0","0","0","0","0","0","0","0","0","1","202103","202204","2305"
"9259651","530010","70200700","21976624000119","3","1","00000000000000","","","","0010","","0","E","","","04","","01","36","03","","99","","","","","","","","EAS20336-01","20210326","1","","","","","","0","0","1","0","0","0","1","0","0","1","0","0","0","1",8,0,0,"1",0,0,0,0,0,0,0,0,0,0,0,0,0,0,"0",0,1,0,0,0,0,0,0,0,2,0,0,0,0,0,0,"1",2,2,2,"1",0,0,0,0,"0",0,0,0,0,0,0,0,0,0,0,6,0,0,0,0,"0","1","0","0","0","0","0","0","0","0","0","0","0","0","0","0","0","0","0","0","0","1","0","0","1","1","0","0","1","1","0","0","0","0","0","0","0","0","0","0","0","0","0","0","1","0","0","0","1","0","0","1","0","0","0","1","0","0","0","0","0","0","0","0","0","0","0","0","0","0","0","0","0","0","0","0","0","0","0","0","0","0","0","0","0","0","0","0","0","0","0","0","1","202108","202204","2062"
"9260242","530010","72630123","18066764000145","3","1","00000000000000","","","","","","0","E","","","04","","01","36","03","","99","","","","","","","","","20170317","1","","","","","","0","0","1","0","0","0","1","0","0","0","0","0","0","0",0,0,0,"0",0,0,0,0,0,0,0,0,0,0,0,0,0,0,"0",0,0,0,4,0,0,0,0,0,0,0,0,0,0,0,0,"1",0,0,0,"0",0,0,0,0,"0",0,0,0,0,0,0,0,0,0,0,0,0,0,0,0,"0","0","1","0","0","0","0","0","0","0","0","0","0","0","0","0","0","0","0","0","0","0","0","0","1","0","0","0","1","1","0","0","0","0","0","0","0","0","0","0","0","0","0","0","0","0","0","0","0","0","0","1","0","0","0","0","0","0","0","0","0","0","0","0","0","0","0","0","0","0","0","0","0","0","0","0","0","0","0","0","0","0","0","0","0","0","0","0","0","0","0","0","1","202003","202204","2062"
"9262083","530010","71927540","03056609000766","3","1","00000000000000","","","","9901","","0","E","","","04","","01","36","03","","99","","","","","","","","EAS 16522","20210627","1","","","","","","0","0","1","0","0","0","1","0","0","0","0","0","0","0",0,0,0,"0",0,0,0,1,0,0,0,0,0,0,0,0,0,3,"1",0,4,0,0,0,0,0,0,0,0,0,0,0,0,0,1,"1",0,1,0,"1",0,0,0,0,"0",0,0,0,0,0,0,0,0,0,0,1,0,0,0,0,"0","1","1","0","0","0","0","0","0","1","0","0","0","0","0","0","0","1","1","0","0","1","0","0","1","1","0","0","1","1","0","0","0","0","0","0","0","0","0","0","0","0","0","0","0","0","0","0","0","0","0","1","0","0","1","1","0","0","0","0","0","0","0","0","0","0","0","0","0","0","0","0","0","0","0","0","0","0","0","0","0","0","0","0","0","0","0","0","0","0","0","0","1","202112","202204","2062"
"9263594","530010","72025348","05508282000660","3","1","00000000000000","","","","0180","","0","E","","","04","","01","04","03","","99","","","","","","","","53900366501","20181016","1","","","","","","0","0","1","0","0","0","1","0","0","0","0","0","0","0",0,0,0,"0",0,0,0,0,0,0,0,0,0,0,0,0,0,0,"0",0,0,0,12,0,0,0,0,0,0,0,0,0,0,0,0,"1",0,0,0,"0",0,0,0,0,"0",0,0,0,0,0,0,0,0,0,0,0,0,0,0,0,"0","0","0","1","0","0","0","0","0","0","0","0","0","0","0","0","0","0","0","0","0","0","0","0","1","0","0","0","1","1","0","0","0","0","0","0","0","0","0","0","0","0","0","0","0","0","0","0","0","0","0","1","0","0","0","1","0","0","0","0","0","0","0","0","0","0","0","0","0","0","0","0","0","0","0","0","0","0","0","0","0","0","0","0","0","0","0","0","0","0","0","0","1","202005","202204","2062"
"9263632","530010","71070090","00000000000000","3","3","00394700000108","","","","0070","","1","E","","","04","","03","02","03","","99","","","","","","","","","","","","","","","","1","0","1","0","0","0","1","0","0","0","0","0","0","0",0,0,0,"0",0,0,0,0,0,0,0,0,0,0,0,0,0,0,"0",4,0,0,0,0,0,0,0,1,0,0,0,0,0,0,0,"1",0,0,0,"0",0,0,0,0,"0",0,0,0,0,0,0,0,0,0,0,0,0,0,0,0,"0","0","1","0","0","0","0","0","0","0","0","0","0","0","0","0","0","0","0","0","0","0","0","0","1","0","0","0","1","1","0","0","0","0","0","0","0","0","0","0","0","0","0","0","0","0","0","0","0","0","1","0","0","0","0","0","0","0","0","0","0","0","0","0","0","0","0","0","0","0","0","0","0","0","0","0","0","0","0","0","0","0","0","0","0","0","0","0","0","0","0","0","1","202202","202204","1023"
"9263683","530010","73015132","60840055034117","3","1","00000000000000","","","","","","0","E","","","04","","03","39","04","","99","","","","","","","","LAB 00043-02/2021","20210823","1","","","","","","0","0","1","0","0","0","1","0","0","0","0","0","0","0",0,0,0,"0",0,0,0,0,0,0,0,0,0,0,0,0,0,0,"0",0,0,0,0,0,0,0,0,0,0,0,0,0,0,0,0,"0",0,0,0,"0",0,0,0,0,"0",0,0,0,0,0,0,0,0,0,0,0,0,0,0,0,"0","0","1","0","0","0","0","0","0","1","0","1","0","0","0","0","0","0","0","1","0","0","0","0","1","1","0","0","1","1","0","0","0","0","0","0","0","0","0","0","0","0","0","0","0","0","0","0","0","0","0","0","0","0","0","0","0","0","1","0","0","0","1","0","0","0","0","0","0","0","0","0","0","0","0","0","0","0","0","0","0","0","0","0","0","0","0","0","0","0","0","0","1","202109","202204","2046"
"9264299","530010","73062803","26772926000199","3","1","00000000000000","","","","0170","","0","E","","","04","","01","36","03","","99","","","","","","","","","20190607","1","","","","","","0","0","1","0","0","0","1","0","0","0","0","0","0","0",0,0,0,"0",0,0,0,0,0,0,0,0,0,0,0,0,0,0,"0",0,1,0,0,0,0,0,0,0,0,0,0,0,0,0,0,"1",0,0,0,"0",0,0,0,0,"0",0,0,0,0,0,0,0,0,0,0,0,0,0,0,0,"0","0","1","0","0","0","0","0","0","0","0","0","0","0","0","0","0","0","0","0","0","0","0","0","1","0","0","0","1","1","0","0","0","0","0","0","0","0","0","0","0","0","0","0","0","0","0","0","0","0","0","1","0","0","0","0","0","0","0","0","0","0","0","0","0","0","0","0","0","0","0","0","0","0","0","0","0","0","0","0","0","0","0","0","0","0","0","0","0","0","0","0","1","202005","202204","2062"
"9264426","530010","71953000","00623106000494","3","1","00000000000000","","","DF","0180","","0","E","","","04","","03","04","03","","99","001","34789","4058585","","","","","RAD0001114","20201228","1","","","","","","0","0","1","0","1","0","1","0","0","0","0","0","0","0",0,0,0,"0",0,0,0,0,0,0,0,0,0,0,0,0,0,0,"0",3,3,6,0,0,0,0,2,0,0,1,0,0,0,0,0,"1",0,0,0,"0",0,0,0,0,"0",0,0,0,0,0,0,0,0,0,0,0,0,0,0,0,"0","0","1","0","0","0","0","0","0","1","0","0","0","0","0","0","0","1","0","1","0","1","0","0","1","1","1","0","1","1","1","0","0","0","0","1","0","0","0","0","0","0","1","0","0","0","0","0","0","0","0","1","0","0","1","1","0","0","0","0","0","0","0","0","0","0","0","0","0","0","0","0","0","0","0","0","0","0","0","0","0","0","0","0","0","0","0","0","0","0","0","0","1","202109","202204","2062"
"9271600","530010","70200740","22041178000113","3","1","00000000000000","","","","","","0","E","","","04","","03","04","03","","99","","","","","","","","EAS 2059701","20201020","2","","","","","","0","0","1","0","0","0","1","0","0","0","0","0","0","0",0,0,0,"0",0,0,0,0,0,0,0,0,0,0,0,0,0,0,"0",0,2,0,0,0,0,0,0,0,0,0,0,0,0,0,0,"1",0,0,0,"0",0,0,0,0,"0",0,0,0,0,0,0,0,0,0,0,0,0,0,0,0,"0","0","1","0","0","0","0","0","0","0","0","0","0","0","0","0","0","0","0","0","0","0","0","0","1","0","0","0","1","1","0","0","0","0","0","0","0","0","0","0","0","0","0","0","0","0","0","0","0","0","0","1","0","0","0","1","0","0","0","0","0","0","0","0","0","0","0","0","0","0","0","0","0","0","0","0","0","0","0","0","0","0","0","0","0","0","0","0","0","0","0","0","1","202106","202204","2062"
"9271880","530010","70200740","24039859000172","3","1","00000000000000","","","","","","0","E","","","04","","03","36","03","","99","","","","","","","","EAS 20371-01","20200911","1","","","","","","0","0","1","0","0","0","1","0","0","0","0","0","0","0",0,0,0,"0",0,0,0,0,0,0,0,0,0,0,0,0,0,0,"0",0,1,0,0,0,0,0,0,0,0,0,0,0,0,0,0,"1",0,0,0,"0",0,0,0,0,"0",0,0,0,0,0,0,0,0,0,0,0,0,0,0,0,"0","0","1","0","0","0","0","0","0","0","0","0","0","0","0","0","0","0","0","0","0","0","0","0","1","0","0","0","1","1","0","0","0","0","0","0","0","0","0","0","0","0","0","0","0","0","0","0","0","0","0","1","0","0","0","1","0","0","0","0","0","0","0","0","0","0","0","0","0","0","0","0","0","0","0","0","0","0","0","0","0","0","0","0","0","0","0","0","0","0","0","0","1","202010","202204","2240"
"9271961","530010","70773560","00285660002886","3","1","00000000000000","","","","0005","","1","E","","","04","","02","39","03","","99","001","42110","413984","","","","","SESDF 00020-02","20190612","1","","","","","","0","0","1","0","0","0","1","0","0","0","0","0","0","0",0,0,0,"0",0,0,0,0,0,0,0,0,0,0,0,0,0,0,"0",0,0,0,1,0,0,0,0,0,0,0,0,0,0,0,0,"1",0,0,0,"0",0,0,0,0,"0",0,0,0,0,0,0,0,0,0,0,0,0,0,0,0,"0","0","1","0","0","0","0","0","0","0","0","0","0","0","0","0","0","0","0","0","0","0","0","0","1","1","0","0","1","1","0","0","0","0","0","0","0","0","0","0","0","0","0","0","0","0","0","0","0","0","0","0","0","0","0","0","0","1","0","0","0","0","0","0","0","0","0","0","0","0","0","0","0","0","0","0","0","0","0","0","0","0","0","0","0","0","0","0","0","0","0","0","1","201911","202204","2062"
"9272267","530010","70719903","14990692000339","3","1","00000000000000","","","","0005","","0","E","","","04","","03","36","03","","99","","","","","","","","","","","","","","","","0","0","1","0","0","0","1","0","0","0","0","0","0","0",0,0,0,"0",0,0,0,0,0,0,0,0,0,0,0,0,0,0,"0",0,0,0,6,0,0,0,0,0,0,0,0,0,0,0,0,"1",0,0,0,"0",0,0,0,0,"0",0,0,0,0,0,0,0,0,0,0,0,0,0,0,0,"0","0","1","0","0","0","0","0","0","0","0","0","0","0","0","0","0","0","0","0","0","0","0","0","1","0","0","0","1","1","0","0","0","0","0","0","0","0","0","0","0","0","0","0","0","0","0","0","0","0","0","1","0","0","0","1","0","0","0","0","0","0","0","0","0","0","0","0","0","0","0","0","0","0","0","0","0","0","0","0","0","0","0","0","0","0","0","0","0","0","0","0","1","202104","202204","2062"
"9272356","530010","72115700","13888605000293","3","1","00000000000000","","","","0180","","0","E","","","04","","","36","04","","99","","","","","","","","RLE","20200117","1","","","","","","0","0","1","0","0","0","1","0","0","0","0","0","0","0",0,0,0,"0",0,0,0,0,0,0,0,0,0,0,0,0,0,0,"0",0,0,0,9,0,0,0,0,0,0,0,0,0,0,0,0,"1",0,0,0,"0",0,0,0,0,"0",0,0,0,0,0,0,0,0,0,0,0,0,0,0,0,"0","0","1","0","0","0","0","0","0","0","0","0","0","0","0","0","0","0","0","0","0","0","0","0","1","0","0","0","1","1","0","0","0","0","0","0","0","0","0","0","0","0","0","0","0","0","0","0","0","0","0","0","0","0","0","0","0","0","1","0","0","0","1","0","0","0","0","0","0","0","0","0","0","0","0","0","0","0","0","0","0","0","0","0","0","0","0","0","0","0","0","0","1","202004","202204","2062"
"9272399","530010","72215171","21847641000237","3","1","00000000000000","","","","0040","","0","E","","","04","","03","36","03","","99","","","","","","","","ODO.00462-16","20211015","1","","","","","","0","0","1","0","0","0","1","0","0","0","0","0","0","0",0,0,0,"0",0,0,0,0,0,0,0,0,0,0,0,0,0,0,"0",0,0,0,0,0,0,0,0,7,0,0,0,0,0,0,0,"1",0,0,0,"0",0,0,0,0,"0",0,0,0,0,0,0,0,0,0,0,0,0,0,0,0,"0","0","1","0","0","0","0","0","1","0","0","0","0","0","0","0","0","0","0","0","0","0","0","0","1","1","0","0","1","1","0","0","0","0","0","0","0","0","0","0","0","0","0","0","0","0","0","0","0","0","0","1","0","0","0","1","0","0","0","0","0","0","0","0","0","0","0","0","0","0","0","0","0","0","0","0","0","0","0","0","0","0","0","0","0","0","0","0","0","0","0","0","1","202203","202204","2062"
"9272895","530010","70200700","26840377000142","3","1","00000000000000","","","","0010","","0","E","","","04","","03","22","03","","99","","","","","","","","EAS.20404-01","20210425","1","","","","","","0","0","1","0","0","0","1","0","0","0","0","0","0","0",0,0,0,"0",0,0,0,0,0,0,0,0,0,0,0,0,0,0,"0",0,1,0,0,0,0,0,0,0,0,0,0,0,0,0,0,"1",0,0,0,"0",0,0,0,0,"0",0,0,0,0,0,0,0,0,0,0,0,0,0,0,0,"0","0","1","0","0","0","0","0","1","0","0","0","0","0","0","0","0","0","0","0","0","0","0","0","1","1","0","0","1","1","0","0","0","0","0","0","0","0","0","0","0","0","0","0","0","0","0","0","0","0","0","1","0","0","0","1","0","0","0","0","0","0","0","0","0","0","0","0","0","0","0","0","0","0","0","0","0","0","0","0","0","0","0","0","0","0","0","0","0","0","0","0","1","202108","202204","2062"
"9274464","530010","71615350","27637284000188","3","1","00000000000000","","","","0090","","0","E","","","04","","01","22","05","","99","","","","","","","","LICENCA DE FUNCIONAMENTO","20180719","1","","","","","","0","0","1","0","0","0","1","0","0","0","0","0","0","0",0,0,0,"0",0,0,0,0,0,0,0,0,0,0,0,0,0,0,"0",1,0,0,0,0,0,0,0,0,0,0,0,0,0,0,0,"1",0,0,0,"0",0,0,0,0,"0",0,0,0,0,0,0,0,0,0,0,0,0,0,0,0,"0","0","1","0","0","0","0","0","0","0","0","0","0","0","0","0","0","0","0","0","0","0","0","0","1","0","0","0","1","1","0","0","0","0","0","0","0","0","0","0","0","0","0","0","0","0","0","0","0","0","0","1","0","0","0","0","0","0","0","0","0","0","0","0","0","0","0","0","0","0","0","0","0","0","0","0","0","0","0","0","0","0","0","0","0","0","0","0","0","0","0","0","1","202003","202204","2062"
"9274812","530010","70200695","23715093000136","3","1","00000000000000","","","","0015","","0","E","","","04","","01","04","03","","99","","","","","","","","53202033655","20190710","1","","","","","","0","0","1","0","0","0","1","0","0","0","0","0","0","0",0,0,0,"0",0,0,0,0,0,0,0,0,0,0,0,0,0,0,"0",1,0,0,3,0,0,0,0,0,0,0,0,0,0,0,0,"1",0,0,0,"0",0,0,0,0,"0",0,0,0,0,0,0,0,0,0,0,0,0,0,0,0,"0","0","1","0","0","0","0","0","0","0","1","0","0","0","0","0","0","0","0","0","0","0","0","0","1","0","0","0","1","1","0","0","0","0","0","0","0","0","0","0","0","0","0","0","0","0","0","0","0","0","0","1","0","0","0","0","0","0","0","0","0","0","0","0","0","0","0","0","0","0","0","0","0","0","0","0","0","0","0","0","0","0","0","0","0","0","0","0","0","0","0","0","1","202111","202204","2062"
"9274898","530010","70390150","23196559000215","3","1","00000000000000","","","","0010","","0","E","","","04","","03","36","03","","99","","","","","","","","EAS.20333-01","20180528","1","","","","","","0","0","1","0","0","0","1","0","0","0","0","0","0","0",0,0,0,"0",0,0,0,0,0,0,0,0,0,0,0,0,0,0,"0",0,2,0,0,0,0,0,0,0,0,0,0,0,0,0,0,"1",0,0,0,"0",0,0,0,0,"0",0,0,0,0,0,0,0,0,0,0,0,0,0,0,0,"0","0","1","0","0","0","0","0","1","0","0","0","0","0","0","0","0","0","0","0","0","0","0","0","1","1","0","0","1","1","0","0","0","0","0","0","0","0","0","0","0","0","0","0","0","0","0","0","0","0","0","1","0","0","0","1","0","0","0","0","0","0","0","0","0","0","0","0","0","0","0","0","0","0","0","0","0","0","0","0","0","0","0","0","0","0","0","0","0","0","0","0","1","201904","202204","2305"
"9276092","530010","73030050","00346098002420","3","1","00000000000000","","","","0170","","0","E","","","04","","03","39","03","","99","","","","","","","","EAS.0037654","20200828","1","","","","","","0","0","1","0","0","0","1","0","0","0","0","0","0","0",0,0,0,"0",0,0,0,0,0,0,0,0,0,0,0,0,0,0,"0",0,0,0,0,0,0,0,0,0,0,0,0,0,0,0,0,"0",0,0,0,"0",0,0,0,0,"0",0,0,0,0,0,0,0,0,0,0,0,0,0,0,0,"0","0","1","0","0","0","0","0","0","1","0","0","0","0","0","0","0","1","0","0","0","0","0","0","1","1","0","0","1","1","0","0","0","0","0","0","0","0","0","0","0","0","0","0","0","0","0","0","0","0","0","1","0","0","0","1","0","0","1","0","0","0","0","0","0","0","0","0","0","0","0","0","0","0","0","0","0","0","0","0","0","0","0","0","0","0","0","0","0","0","0","0","1","202011","202204","2062"
"9276637","530010","70760901","27513343000106","3","1","00000000000000","","","","0005","","0","E","","","04","","03","36","03","","99","","","","","","","","LICENCIAMENTO 00411-02","20210816","1","","","","","","0","0","1","0","0","0","1","0","0","0","0","0","0","0",0,0,0,"0",0,0,0,0,0,0,0,0,0,0,0,0,0,0,"0",0,1,0,0,0,0,0,0,0,0,0,0,0,0,0,0,"1",0,0,0,"0",0,0,0,0,"0",0,0,0,0,0,0,0,0,0,0,0,0,0,0,0,"0","0","1","0","0","0","0","0","0","0","0","0","0","0","0","0","0","0","0","0","0","0","0","0","1","0","0","0","1","1","0","0","0","0","0","0","0","0","0","0","0","0","0","0","0","0","0","0","0","0","0","1","0","0","0","1","0","0","0","0","0","0","0","0","0","0","0","0","0","0","0","0","0","0","0","0","0","0","0","0","0","0","0","0","0","0","0","0","0","0","0","0","1","202112","202204","2062"
"9276920","530010","70610200","00000000000000","3","3","08942610000116","","","","0015","","0","E","","","04","","03","04","03","","99","","","","","","","","","","","","","","","","0","0","1","0","0","0","1","0","0","0","0","0","0","0",0,0,0,"0",0,0,0,0,0,0,0,0,0,0,0,0,0,0,"0",21,0,0,1,0,0,0,0,0,0,1,0,0,1,0,4,"1",4,1,4,"1",0,0,0,0,"0",0,0,0,0,0,0,0,0,0,0,5,0,0,0,0,"0","1","1","0","1","0","0","0","1","0","0","0","0","0","0","0","0","1","0","1","1","0","0","0","1","0","0","0","1","1","0","0","0","0","0","0","0","0","0","0","0","0","0","0","0","0","0","0","0","0","0","0","0","0","1","0","0","0","0","0","0","0","0","0","0","0","0","0","0","0","0","0","0","0","0","0","0","0","0","0","0","0","0","0","0","0","0","0","0","0","0","0","1","202109","202204","1023"
"9277064","530010","71215300","16435379000100","3","1","00000000000000","","","","0070","","0","E","","","04","","03","36","01","","99","","","","","","","","EAS 20551 01","20210401","1","","","","","","0","0","1","0","0","0","1","0","0","0","0","0","0","0",0,0,0,"0",0,0,0,0,0,0,0,0,0,0,0,0,0,0,"0",0,0,0,0,0,0,0,0,0,0,0,0,0,0,0,1,"1",0,0,0,"0",0,0,0,0,"0",0,0,0,0,0,0,0,0,0,0,0,0,0,0,0,"0","0","1","0","0","0","0","0","0","1","0","0","0","0","0","0","0","0","0","0","0","0","0","0","1","1","0","0","1","1","0","0","0","0","0","0","0","0","0","0","0","0","0","0","0","0","0","0","0","0","0","1","0","0","0","0","0","0","0","0","0","0","0","0","0","0","0","0","0","0","0","0","0","0","0","0","0","0","0","0","0","0","0","0","0","0","0","0","0","0","0","0","1","202112","202204","2062"
"9278605","530010","70750610","09432656000409","3","1","00000000000000","","","","","","0","E","","","04","","03","36","04","","99","","","","","","","","53900316610","20200207","","","","","","","0","0","1","0","0","0","1","0","0","0","0","0","0","0",0,0,0,"0",0,0,0,0,0,0,0,0,0,0,0,0,0,0,"0",0,0,0,16,0,0,0,0,0,0,0,0,0,0,0,0,"1",0,0,0,"0",0,0,0,0,"0",0,0,0,0,0,0,0,0,0,0,0,0,0,0,0,"0","0","0","1","0","0","0","0","0","0","0","0","0","0","0","0","0","0","0","0","0","0","0","0","1","0","0","0","1","1","0","0","0","0","0","0","0","0","0","0","0","0","0","0","0","0","0","0","0","0","0","1","0","0","0","1","0","0","0","0","0","0","0","0","0","0","0","0","0","0","0","0","0","0","0","0","0","0","0","0","0","0","0","0","0","0","0","0","0","0","0","0","1","202011","202204","2062"
"9278613","530010","70863510","26936474000133","3","1","00000000000000","","","","0005","","0","E","","","04","","03","36","03","","99","","","","","","","","","","","","","","","","0","0","1","0","0","0","1","0","0","0","0","0","0","0",0,0,0,"0",0,0,0,0,0,0,0,0,0,0,0,0,0,0,"0",0,1,0,0,0,0,0,0,0,0,0,0,0,0,0,0,"1",0,0,0,"0",0,0,0,0,"0",0,0,0,0,0,0,0,0,0,0,0,0,0,0,0,"0","0","1","0","0","0","0","0","0","0","0","0","0","0","0","0","0","0","0","0","0","0","0","0","1","0","0","0","1","1","0","0","0","0","0","0","0","0","0","0","0","0","0","0","0","0","0","0","0","0","0","1","0","0","0","1","0","0","0","0","0","0","0","0","0","0","0","0","0","0","0","0","0","0","0","0","0","0","0","0","0","0","0","0","0","0","0","0","0","0","0","0","1","202006","202204","2062"
"9284095","530010","71060250","03056609000847","3","1","00000000000000","","","","0070","","0","E","","","04","","03","62","03","","99","","","","","","","","EAS.00068-10","20210512","1","","","","","","0","0","1","0","0","0","1","0","0","0","0","0","0","0",0,0,0,"0",0,0,0,1,0,0,0,0,0,0,0,0,0,3,"1",0,2,0,0,0,0,0,0,0,0,0,0,0,0,0,1,"1",2,0,0,"1",0,0,0,0,"0",0,0,0,0,0,0,0,0,0,0,0,0,0,0,0,"0","1","1","0","0","0","0","0","0","1","0","0","0","0","0","0","0","1","1","0","0","1","0","0","1","1","0","0","1","1","0","0","0","0","0","0","0","0","0","0","0","0","0","0","0","0","0","0","0","0","0","1","0","0","1","1","0","0","0","0","0","1","1","0","0","0","0","0","0","0","0","0","0","0","0","0","0","0","0","0","0","0","0","0","0","0","0","0","0","0","0","0","1","202111","202204","2062"
"9289194","530010","70200700","01481024000253","3","1","00000000000000","","","","0010","","0","E","","","04","","03","36","03","","99","","","","","","","","ODO 01731-01","20190918","1","","","","","","0","0","1","0","0","0","1","0","0","0","0","0","0","0",0,0,0,"0",0,0,0,0,0,0,0,0,0,0,0,0,0,0,"0",0,1,0,0,0,0,0,0,0,0,0,0,0,0,0,0,"1",0,0,0,"0",0,0,0,0,"0",0,0,0,0,0,0,0,0,0,0,0,0,0,0,0,"0","0","1","0","0","0","0","0","1","0","0","0","0","0","0","0","0","0","0","0","0","0","0","0","1","1","1","0","1","1","0","0","0","0","0","0","0","0","0","0","0","0","0","0","0","0","0","0","0","0","0","1","0","0","1","1","0","0","0","0","0","0","0","0","0","0","0","0","0","0","0","0","0","0","0","0","0","0","0","0","0","0","0","0","0","0","0","0","0","0","0","0","1","201910","202204","2240"
"9289275","530010","70070120","23678371000122","3","1","00000000000000","","","","","","0","E","","","04","","03","36","03","","99","","","","","","","","EAS.20403-01","20180730","1","","","","","","0","0","1","0","0","0","1","0","0","0","0","0","0","0",0,0,0,"0",0,0,0,0,0,0,0,0,0,0,0,0,0,0,"0",0,2,0,0,0,0,0,0,0,0,0,0,0,0,0,0,"1",0,0,0,"0",0,0,0,0,"0",0,0,0,0,0,0,0,0,0,0,0,0,0,0,0,"0","0","1","0","0","0","0","0","0","0","0","0","0","0","0","0","0","0","0","0","0","0","0","0","1","0","0","0","1","1","0","0","0","0","0","0","0","0","0","0","0","0","0","0","0","0","0","0","0","0","0","1","0","0","0","1","0","0","0","0","0","0","0","0","0","0","0","0","0","0","0","0","0","0","0","0","0","0","0","0","0","0","0","0","0","0","0","0","0","0","0","0","1","202009","202204","2305"
"9291652","530010","70315900","24006415000130","3","1","00000000000000","","","","","","0","E","","","04","","01","36","03","","99","","","","","","","","20171500969935","20210302","1","","","","","","0","0","1","0","0","0","1","0","0","0","0","0","0","0",0,0,0,"0",0,0,0,0,0,0,0,0,0,0,0,0,0,0,"0",0,1,0,0,0,0,0,0,0,0,0,0,0,0,0,0,"1",0,0,0,"0",0,0,0,0,"0",0,0,0,0,0,0,0,0,0,0,0,0,0,0,0,"0","0","1","0","0","0","0","0","0","0","0","0","0","0","0","0","0","0","0","0","0","0","0","0","1","1","0","0","1","1","0","0","0","0","0","0","0","0","0","0","0","0","0","0","0","0","0","0","0","0","0","1","0","0","0","1","0","0","0","0","0","0","0","0","0","0","0","0","0","0","0","0","0","0","0","0","0","0","0","0","0","0","0","0","0","0","0","0","0","0","0","0","1","202109","202204","2305"
"9292241","530010","70390907","60840055038295","3","1","00000000000000","","","","","","0","E","","","04","","03","39","03","","99","","","","","","","","1410031882017","20190831","1","","","","","","0","0","1","0","0","0","1","0","0","0","0","0","0","0",0,0,0,"0",0,0,0,0,0,0,0,0,0,0,0,0,0,0,"0",0,0,0,0,0,0,0,0,0,0,0,0,0,0,0,0,"0",0,0,0,"0",0,0,0,0,"0",0,0,0,0,0,0,0,0,0,0,0,0,0,0,0,"0","0","1","0","0","0","0","0","0","1","0","0","0","0","0","0","0","0","0","1","0","0","0","0","1","1","0","0","1","1","0","0","0","0","0","0","0","0","0","0","0","0","0","0","0","0","0","0","0","0","0","0","0","0","0","0","0","0","1","0","0","0","1","0","0","0","0","0","0","0","0","0","0","0","0","0","0","0","0","0","0","0","0","0","0","0","0","0","0","0","0","0","1","202112","202204","2046"
"9293620","530010","70673632","60840055038104","3","1","00000000000000","","","","","","0","E","","","04","","03","39","03","","99","","","","","","","","LAB 0002-07","20201025","1","","","","","","0","0","1","0","0","0","1","0","0","0","0","0","0","0",0,0,0,"0",0,0,0,0,0,0,0,0,0,0,0,0,0,0,"0",0,0,0,0,0,0,0,0,0,0,0,0,0,0,0,0,"0",0,0,0,"0",0,0,0,0,"0",0,0,0,0,0,0,0,0,0,0,0,0,0,0,0,"0","0","0","0","0","0","0","0","0","0","0","0","0","0","0","0","0","0","1","0","0","0","0","0","1","1","1","0","1","1","0","0","0","0","0","0","0","0","0","0","0","0","0","0","0","0","0","0","0","0","0","0","0","0","0","0","0","0","1","0","0","0","1","0","0","0","0","0","0","0","0","0","0","0","0","0","0","0","0","0","0","0","0","0","0","0","0","0","0","0","0","0","1","202112","202204","2046"
"9293795","530010","70200700","00718528012107","3","1","00000000000000","","","","0010","","0","E","","","04","","01","39","03","","99","","","","","","","","LAB - 05696-01","20210514","1","","","","","","0","0","1","0","0","0","1","0","0","0","0","0","0","0",0,0,0,"0",0,0,0,0,0,0,0,0,0,0,0,0,0,0,"0",0,0,0,0,0,0,0,0,0,0,0,0,0,0,0,0,"0",0,0,0,"0",0,0,0,0,"0",0,0,0,0,0,0,0,0,0,0,0,0,0,0,0,"0","0","1","0","0","0","0","0","0","0","0","0","0","0","0","0","0","0","0","0","0","0","0","0","1","1","0","0","1","1","0","0","0","0","0","0","0","0","0","0","0","0","0","0","0","0","0","0","0","0","0","0","0","0","0","0","0","0","1","0","0","1","1","0","0","0","0","0","0","0","0","0","0","0","0","0","0","0","0","0","0","0","0","0","0","0","0","0","0","0","0","0","1","202105","202204","2054"
"9294791","530010","71645500","26103364000190","3","1","00000000000000","","","","","","0","E","","","04","","03","36","03","","99","","","","","","","","201910042","20190914","1","","","","","","0","0","1","0","0","0","1","0","0","0","0","0","0","0",0,0,0,"0",0,0,0,0,0,0,0,0,0,0,0,0,0,0,"0",1,0,0,0,0,0,0,0,0,0,0,0,0,0,0,0,"1",0,0,0,"0",0,0,0,0,"0",0,0,0,0,0,0,0,0,0,0,0,0,0,0,0,"0","0","1","0","0","0","0","0","0","0","0","0","0","0","0","0","0","0","0","0","0","0","0","0","1","0","0","0","1","1","0","0","0","0","0","0","0","0","0","0","0","0","0","0","0","0","0","0","0","0","0","1","0","0","0","0","0","0","0","0","0","0","0","0","0","0","0","0","0","0","0","0","0","0","0","0","0","0","0","0","0","0","0","0","0","0","0","0","0","0","0","0","1","202004","202204","2062"
"9295518","530010","72115535","03871051000187","3","1","00000000000000","","","","","","0","E","","","04","","03","36","03","","99","","","","","","","","2022001020","20220118","1","","","","","","0","0","1","0","0","0","1","0","0","0","0","0","0","0",0,0,0,"0",0,0,0,0,0,0,0,0,0,0,0,0,0,0,"0",0,0,0,0,0,0,0,0,2,0,0,0,0,0,0,0,"1",0,0,0,"0",0,0,0,0,"0",0,0,0,0,0,0,0,0,0,0,0,0,0,0,0,"0","0","1","0","0","0","0","0","1","0","0","0","0","0","0","0","0","0","0","0","0","0","0","0","1","1","0","0","1","1","0","0","0","0","0","0","0","0","0","0","0","0","0","0","0","0","0","0","0","0","0","1","0","0","0","0","0","0","0","0","0","0","0","0","0","0","0","0","0","0","0","0","0","0","0","0","0","0","0","0","0","0","0","0","0","0","0","0","0","0","0","0","1","202202","202204","2240"
"9296468","530010","70390900","20497818000179","3","1","00000000000000","","","","","","0","E","","","04","","02","36","03","","99","","","","","","","","EAS.20397-01","20190913","1","","","","","","0","0","1","0","0","0","1","0","0","0","0","0","0","0",0,0,0,"0",0,0,0,0,0,0,0,0,0,0,0,0,0,0,"0",0,1,0,0,0,0,0,0,0,0,0,0,0,0,0,0,"1",0,0,0,"0",0,0,0,0,"0",0,0,0,0,0,0,0,0,0,0,0,0,0,0,0,"0","0","1","0","0","0","0","0","1","0","0","0","0","0","0","0","0","0","0","1","0","0","0","0","1","1","0","0","1","1","0","0","0","0","0","0","0","0","0","0","0","0","0","0","0","0","0","0","0","0","0","1","0","0","0","1","0","0","0","0","0","0","0","0","0","0","0","0","0","0","0","0","0","0","0","0","0","0","0","0","0","0","0","0","0","0","0","0","0","0","0","0","1","202002","202204","2062"
"9297383","530010","70200730","01584762000145","3","1","00000000000000","","","","","","0","E","","","04","","02","36","03","","99","","","","","","","","ODO 01804-01","20210614","1","","","","","","0","0","1","0","0","0","1","0","0","0","0","0","0","0",0,0,0,"0",0,0,0,0,0,0,0,0,0,0,0,0,0,0,"0",0,0,0,0,0,0,0,0,2,0,0,0,0,0,0,0,"1",0,0,0,"0",0,0,0,0,"0",0,0,0,0,0,0,0,0,0,0,0,0,0,0,0,"0","0","1","0","0","0","0","0","0","0","0","0","0","0","0","0","0","0","0","0","0","0","0","0","1","1","0","0","1","1","0","0","0","0","0","0","0","0","0","0","0","0","0","0","0","0","0","0","0","0","0","1","0","0","0","1","0","0","0","0","0","0","0","0","0","0","0","0","0","0","0","0","0","0","0","0","0","0","0","0","0","0","0","0","0","0","0","0","0","0","0","0","1","202111","202204","2062"
"9297391","530010","70200740","27336083000140","3","1","00000000000000","","","","0010","","0","E","","","04","","03","36","03","","99","","","","","","","","EAS 20530-01","20210726","1","","","","","","0","0","1","0","0","0","1","0","0","0","0","0","0","0",0,0,0,"0",0,0,0,0,0,0,0,0,0,0,0,0,0,0,"0",0,1,0,0,0,0,0,0,0,0,0,0,0,0,0,0,"1",0,0,0,"0",0,0,0,0,"0",0,0,0,0,0,0,0,0,0,0,0,0,0,0,0,"0","0","1","0","0","0","0","0","0","0","0","0","0","0","0","0","0","0","0","0","0","0","0","0","1","1","0","0","1","1","0","0","0","0","0","0","0","0","0","0","0","0","0","0","0","0","0","0","0","0","0","1","0","0","0","1","0","0","0","0","0","0","0","0","0","0","0","0","0","0","0","0","0","0","0","0","0","0","0","0","0","0","0","0","0","0","0","0","0","0","0","0","1","202202","202204","2062"
"9299637","530010","72215509","24690055000139","3","1","00000000000000","","","","0040","","0","E","","","04","","03","04","04","","99","","","","","","","","LICENCA SANITARIA","20180802","1","","","","","","0","0","1","0","1","0","1","0","0","0","0","0","0","0",0,0,0,"0",0,0,0,1,0,0,0,0,0,0,0,0,0,0,"1",1,1,0,1,0,0,0,0,0,0,0,0,0,0,0,0,"1",0,0,0,"0",0,0,0,0,"0",0,0,0,0,0,0,0,0,0,0,0,0,0,0,0,"0","0","1","0","1","0","1","0","0","1","1","0","0","0","0","0","0","1","1","0","0","1","0","0","1","1","0","0","1","1","0","0","1","1","1","0","1","1","0","1","1","0","1","0","0","0","0","0","0","0","0","1","0","0","1","1","0","0","0","0","0","0","0","0","0","0","0","0","0","0","0","0","0","0","0","0","0","0","0","0","0","0","0","0","0","0","0","0","0","0","0","0","1","202104","202204","2062"
"9304401","530010","70673416","26336355000140","3","1","00000000000000","","","","","","0","E","","","04","","03","04","03","","99","","","","","","","","EAS 00016-07","20201018","1","","","","","","0","0","1","0","0","0","1","0","0","0","0","0","0","0",0,0,0,"0",0,0,0,0,0,0,0,0,0,0,0,0,0,0,"0",1,2,0,2,0,0,0,0,0,0,0,0,0,0,0,0,"1",0,0,0,"0",0,0,0,0,"0",0,0,0,0,0,0,0,0,0,0,0,0,0,0,0,"0","0","1","0","0","0","0","0","0","0","0","0","0","0","0","0","0","0","0","0","0","0","0","0","1","0","0","0","1","1","0","0","0","0","0","0","0","0","0","0","0","0","0","0","0","0","0","0","0","0","0","1","0","0","0","1","0","0","0","0","0","0","0","0","0","0","0","0","0","0","0","0","0","0","0","0","0","0","0","0","0","0","0","0","0","0","0","0","0","0","0","0","1","202101","202204","2062"
"9305564","530010","70673083","14070393000114","3","1","00000000000000","","","","9931","","0","E","","","04","","01","36","03","","99","","","","","","","","EAS-00037-07","20210311","1","","","","","","0","0","1","0","0","0","1","0","0","0","0","0","0","0",0,0,0,"0",0,0,0,0,0,0,0,0,0,0,0,0,0,0,"0",0,2,0,0,0,0,0,0,0,0,0,0,0,0,0,0,"1",0,0,0,"0",0,0,0,0,"0",0,0,0,0,0,0,0,0,0,0,0,0,0,0,0,"0","0","1","0","0","0","0","0","0","0","0","0","0","0","0","0","0","0","0","0","0","0","0","0","1","0","0","0","1","1","0","0","0","0","0","0","0","0","0","0","0","0","0","0","0","0","0","0","0","0","0","1","0","0","0","0","0","0","0","0","0","0","0","0","0","0","0","0","0","0","0","0","0","0","0","0","0","0","0","0","0","0","0","0","0","0","0","0","0","0","0","0","1","202104","202204","2062"
"9307184","530010","72010010","27928437000146","3","1","00000000000000","","","","","","0","E","","","04","","01","22","03","","99","","","","","","","","53202117492","20200702","1","","","","","","0","0","1","0","0","0","1","0","0","0","0","0","0","0",0,0,0,"0",0,0,0,0,0,0,0,0,0,0,0,0,0,0,"0",0,0,0,1,0,0,0,0,0,0,0,0,0,0,0,0,"1",0,0,0,"0",0,0,0,0,"0",0,0,0,0,0,0,0,0,0,0,0,0,0,0,0,"0","0","1","0","0","0","0","0","0","0","0","0","0","0","0","0","0","0","0","0","0","0","0","0","1","0","0","0","0","0","0","0","0","0","0","0","0","0","0","0","0","0","0","0","0","0","0","0","0","0","0","1","0","0","0","0","0","0","0","0","0","0","0","0","0","0","0","0","0","0","0","0","0","0","0","0","0","0","0","0","0","0","0","0","0","0","0","0","0","0","0","0","1","202204","202204","2062"
"9307249","530010","72010010","27987898000190","3","1","00000000000000","","","","","","0","E","","","04","","03","36","03","","99","","","","","","","","53202265271","20200416","1","","","","","","0","0","1","0","0","0","1","0","0","0","0","0","0","0",0,0,0,"0",0,0,0,0,0,0,0,0,0,0,0,0,0,0,"0",0,1,0,2,0,0,0,0,0,0,0,0,0,0,0,0,"1",0,0,0,"0",0,0,0,0,"0",0,0,0,0,0,0,0,0,0,0,0,0,0,0,0,"0","0","1","0","0","0","0","0","0","0","0","0","0","0","0","0","0","0","0","1","0","0","0","0","1","0","0","0","1","1","0","0","0","0","0","0","0","0","0","0","0","0","0","0","0","0","0","0","0","0","0","1","0","0","0","1","0","0","0","0","0","0","0","0","0","0","0","0","0","0","0","0","0","0","0","0","0","0","0","0","0","0","0","0","0","0","0","0","0","0","0","0","1","202010","202204","2062"
"9307400","530010","70200700","27281199000120","3","1","00000000000000","","","","","","0","E","","","04","","03","04","03","","99","","","","","","","","EAS.20398-01","20181101","2","","","","","","0","0","1","0","0","0","1","0","0","0","0","0","0","0",0,0,0,"0",0,0,0,0,0,0,0,0,0,0,0,0,0,0,"0",0,2,0,0,0,0,0,0,0,0,0,0,0,0,0,0,"1",0,0,0,"0",0,0,0,0,"0",0,0,0,0,0,0,0,0,0,0,0,0,0,0,0,"0","0","1","0","0","0","0","0","0","0","0","0","0","0","0","0","0","0","0","0","0","0","0","0","1","1","0","0","1","1","0","0","0","0","0","0","0","0","0","0","0","0","0","0","0","0","0","0","0","0","0","1","0","0","0","1","0","0","1","0","0","0","1","0","0","0","0","0","0","0","0","0","0","0","0","0","0","0","0","0","0","0","0","0","0","0","0","0","0","0","0","0","1","201911","202204","2305"
"9307419","530010","70830018","27208197000105","3","1","00000000000000","","","","","","0","E","","","04","","03","36","04","","99","","","","","","","","","","","","","","","","0","0","1","0","0","0","1","0","0","0","0","0","0","0",0,0,0,"0",0,0,0,0,0,0,0,0,0,0,0,0,0,0,"0",0,0,0,1,0,0,0,0,0,0,0,0,0,0,0,0,"1",0,0,0,"0",0,0,0,0,"0",0,0,0,0,0,0,0,0,0,0,0,0,0,0,0,"0","0","1","0","0","0","0","0","0","0","0","0","0","0","0","0","0","0","0","0","0","0","0","0","1","0","0","0","1","1","0","0","0","0","0","0","0","0","0","0","0","0","0","0","0","0","0","0","0","0","0","1","0","0","0","1","0","0","0","0","0","0","0","0","0","0","0","0","0","0","0","0","0","0","0","0","0","0","0","0","0","0","0","0","0","0","0","0","0","0","0","0","1","202003","202204","2062"
"9307524","530010","71827810","28071254000110","3","1","00000000000000","","","","0135","","0","E","","","04","","03","07","06","","99","","","","","","","","EAS0013","20190629","1","","","","","","0","0","1","0","0","0","1","0","0","0","0","1","0","1",0,0,0,"0",0,0,15,0,0,0,0,0,0,0,0,0,0,2,"1",0,3,0,0,0,0,0,0,0,0,0,0,0,0,0,0,"1",0,0,0,"0",0,0,0,0,"0",0,0,0,0,0,0,0,0,0,0,0,0,0,0,0,"0","0","1","0","1","0","1","0","0","0","0","0","0","0","0","0","1","0","0","0","0","1","0","0","1","1","0","0","1","1","1","1","0","0","0","0","1","0","0","0","0","0","1","0","1","0","0","0","1","0","0","1","0","0","0","1","0","0","0","0","0","0","0","0","0","0","0","0","0","0","0","0","0","0","0","0","0","0","0","0","0","0","0","0","0","0","0","0","0","0","0","0","1","202002","202204","2062"
"9307699","530010","70770560","27486148000134","3","1","00000000000000","","","","0005","","0","E","","","04","","03","36","03","","99","","","","","","","","EAS 0964 - 02","20191101","1","","","","","","0","0","1","0","0","0","1","0","0","0","0","0","0","0",0,0,0,"0",0,0,0,0,0,0,0,0,0,0,0,0,0,0,"0",0,2,0,0,0,0,0,0,0,0,0,0,0,0,0,0,"1",0,0,0,"0",0,0,0,0,"0",0,0,0,0,0,0,0,0,0,0,0,0,0,0,0,"0","0","1","0","0","0","0","0","0","0","0","0","0","0","0","0","0","0","0","0","0","0","0","0","1","0","0","0","1","1","0","0","0","0","0","0","0","0","0","0","0","0","0","0","0","0","0","0","0","0","0","1","0","0","0","1","0","0","0","0","0","0","0","0","0","0","0","0","0","0","0","0","0","0","0","0","0","0","0","0","0","0","0","0","0","0","0","0","0","0","0","0","1","201911","202204","2062"
"9307885","530010","71906750","26143221000102","3","1","00000000000000","","","","","","0","E","","","04","","03","36","03","","99","","","","","","","","EAS 0015222/2021","20210627","1","","","","","","0","0","1","0","0","0","1","0","0","0","0","0","0","0",0,0,0,"0",0,0,0,0,0,0,0,0,0,0,0,0,0,0,"0",0,1,0,0,0,0,0,0,0,0,0,0,0,0,0,0,"1",0,0,0,"0",0,0,0,0,"0",0,0,0,0,0,0,0,0,0,0,0,0,0,0,0,"0","0","1","0","0","0","0","0","0","0","0","0","0","0","0","0","0","0","0","0","0","0","0","0","1","1","0","0","1","1","0","0","0","0","0","0","0","0","0","0","0","0","0","0","0","0","0","0","0","0","0","1","0","0","0","1","0","0","0","0","0","0","0","0","0","0","0","0","0","0","0","0","0","0","0","0","0","0","0","0","0","0","0","0","0","0","0","0","0","0","0","0","1","202204","202204","2062"
"9308660","530010","70390100","23062278000199","3","1","00000000000000","","","","0015","","0","E","","","04","","03","04","04","","99","","","","","","","","LAB05375-01","20210209","1","","","","","","0","0","1","0","0","0","1","0","0","0","0","0","0","0",0,0,0,"0",0,0,0,0,0,0,0,0,0,0,0,0,0,0,"0",0,4,0,0,0,0,0,0,0,0,0,0,0,0,0,0,"1",0,0,0,"0",0,0,0,0,"0",0,0,0,0,0,0,0,0,0,0,0,0,0,0,0,"0","0","1","0","0","0","0","0","0","0","0","0","0","0","0","0","0","0","0","0","0","0","0","0","1","0","0","0","1","1","0","0","0","0","0","0","0","0","0","0","0","0","0","0","0","0","0","0","0","0","0","1","0","0","0","0","0","0","0","0","0","0","0","0","0","0","0","0","0","0","0","0","0","0","0","0","0","0","0","0","0","0","0","0","0","0","0","0","0","0","0","0","1","202203","202204","2062"
"9310282","530010","71907720","24932187000120","3","1","00000000000000","","","","9901","","0","E","","","04","","03","36","03","","99","","","","","","","","EAS 00125 - 22","20200720","1","","","","","","0","0","1","0","0","0","1","0","0","0","0","0","0","0",0,0,0,"0",0,0,0,0,0,0,0,0,0,0,0,0,0,0,"0",0,3,0,0,0,0,0,0,0,0,0,0,0,0,0,0,"1",0,0,0,"0",0,0,0,0,"0",0,0,0,0,0,0,0,0,0,0,0,0,0,0,0,"0","0","1","0","0","0","0","0","0","0","0","0","0","0","0","0","0","0","0","0","0","0","0","0","1","0","0","0","1","1","0","0","0","0","0","0","0","0","0","0","0","0","0","0","0","0","0","0","0","0","0","1","0","0","0","1","0","0","0","0","0","0","0","0","0","0","0","0","0","0","0","0","0","0","0","0","0","0","0","0","0","0","0","0","0","0","0","0","0","0","0","0","1","202008","202204","2062"
"9311742","530010","71936970","26859402000130","3","1","00000000000000","","","","","","0","E","","","04","","01","36","03","","99","","","","","","","","ODO.00064-22","20190628","1","","","","","","0","0","1","0","0","0","1","0","0","0","0","0","0","0",0,0,0,"0",0,0,0,0,0,0,0,0,0,0,0,0,0,0,"0",0,0,0,0,0,0,0,0,2,0,0,0,0,0,0,0,"1",0,0,0,"0",0,0,0,0,"0",0,0,0,0,0,0,0,0,0,0,0,0,0,0,0,"0","0","1","0","0","0","0","0","1","0","0","0","0","0","0","0","0","0","0","0","0","0","0","0","1","1","0","0","1","1","0","0","0","0","0","0","0","0","0","0","0","0","0","0","0","0","0","0","0","0","0","1","0","0","0","0","0","0","0","0","0","0","0","0","0","0","0","0","0","0","0","0","0","0","0","0","0","0","0","0","0","0","0","0","0","0","0","0","0","0","0","0","1","202005","202204","2062"
"9311963","530010","70340000","14015479000144","3","1","00000000000000","","","","0010","","0","E","","","04","","03","22","03","","99","","","","","","","","EM FASE DE RENOVACAO","20200718","1","","","","","","0","0","1","0","0","0","1","0","0","0","0","0","0","0",0,0,0,"0",0,0,0,0,0,0,0,0,0,0,0,0,0,0,"0",0,0,0,1,0,0,0,0,0,0,0,0,0,0,0,0,"1",0,0,0,"0",0,0,0,0,"0",0,0,0,0,0,0,0,0,0,0,0,0,0,0,0,"0","0","1","0","0","0","0","0","0","0","0","0","0","0","0","0","0","0","0","0","0","0","0","0","1","0","0","0","1","1","0","0","0","0","0","0","0","0","0","0","0","0","0","0","0","0","0","0","0","0","0","1","0","0","1","1","0","0","0","0","0","0","0","0","0","0","0","0","0","0","0","0","0","0","0","0","0","0","0","0","0","0","0","0","0","0","0","0","0","0","0","0","1","202103","202204","2305"
"9312013","530010","71906750","10831889000102","3","1","00000000000000","","","","0010","","0","E","","","04","","01","04","03","","99","","","","","","","","53101051232","20200305","1","","","","","","0","0","1","0","0","0","1","0","0","0","0","0","0","0",0,0,0,"0",0,0,0,0,0,0,0,0,0,0,0,0,0,0,"0",0,0,0,2,0,0,0,0,0,0,0,0,0,0,0,0,"1",0,0,0,"0",0,0,0,0,"0",0,0,0,0,0,0,0,0,0,0,0,0,0,0,0,"0","0","1","0","0","0","0","0","0","0","0","0","0","0","0","0","0","0","0","0","0","0","0","0","1","0","0","0","1","1","0","0","0","0","0","0","0","0","0","0","0","0","0","0","0","0","0","0","0","0","0","1","0","0","1","1","0","0","0","0","0","0","0","0","0","0","0","0","0","0","0","0","0","0","0","0","0","0","0","0","0","0","0","0","0","0","0","0","0","0","0","0","1","202103","202204","2135"
"9312234","530010","70830301","12655083000136","3","1","00000000000000","","","","0005","","0","E","","","04","","03","36","03","","99","","","","","","","","LICENCA SANITARIA","20190612","1","","","","","","0","0","1","0","0","0","1","0","0","0","0","0","0","0",0,0,0,"0",0,0,0,0,0,0,0,0,0,0,0,0,0,0,"0",0,6,0,0,0,0,0,1,0,0,0,0,0,0,0,0,"1",0,0,0,"0",0,0,0,0,"0",0,0,0,0,0,0,0,0,0,0,0,0,0,0,0,"0","0","1","0","0","0","0","0","1","0","0","0","0","0","0","0","0","0","0","0","0","0","0","0","1","1","0","0","1","1","0","0","0","0","0","0","0","0","0","0","0","0","0","0","0","0","0","0","0","0","0","1","0","0","0","1","0","0","0","0","0","0","0","0","0","0","0","0","0","0","0","0","0","0","0","0","0","0","0","0","0","0","0","0","0","0","0","0","0","0","0","0","1","201906","202204","2062"
"9312447","530010","71953000","26470585000105","3","1","00000000000000","","","","","","0","E","","","04","","03","04","04","","99","","","","","","","","EAS.00245-14","20210407","1","","","","","","0","0","1","0","0","0","1","0","0","0","0","0","0","0",0,0,0,"0",0,0,0,0,0,0,0,0,0,0,0,0,0,0,"0",15,0,0,0,0,0,0,0,0,0,0,0,0,0,0,0,"1",0,0,0,"0",0,0,0,0,"0",0,0,0,0,0,0,0,0,0,0,0,0,0,0,0,"0","0","1","0","0","0","0","0","0","1","0","0","0","0","0","0","0","1","0","1","0","0","0","0","1","1","0","0","1","1","0","0","0","0","0","0","0","0","0","0","0","0","0","0","0","0","0","0","0","0","0","1","0","0","1","1","0","0","0","0","0","0","0","0","0","0","0","0","0","0","0","0","0","0","0","0","0","0","0","0","0","0","0","0","0","0","0","0","0","0","0","0","1","202204","202204","2062"
"9315535","530010","71215300","10834056000103","3","1","00000000000000","","","","0010","","0","E","","","04","","03","04","03","","99","","","","","","","","EAS 30029 - 01","20191212","","","","","","","0","0","1","0","0","0","1","0","0","0","0","0","0","0",0,0,0,"0",0,0,0,0,0,0,0,0,0,0,0,0,0,0,"0",0,4,0,0,0,0,0,0,0,0,0,0,0,0,0,0,"1",0,0,0,"0",0,0,0,0,"0",0,0,0,0,0,0,0,0,0,0,0,0,0,0,0,"0","0","1","0","0","0","0","0","1","0","0","0","0","0","0","0","0","0","0","1","0","0","0","0","1","1","0","0","1","1","0","0","0","0","0","0","0","0","0","0","0","0","0","0","0","0","0","0","0","0","0","1","0","0","0","1","0","0","0","0","0","0","0","0","0","0","0","0","0","0","0","0","0","0","0","0","0","0","0","0","0","0","0","0","0","0","0","0","0","0","0","0","1","202007","202204","2305"
"9315551","530010","70390907","27911696000164","3","1","00000000000000","","","","0015","","0","E","","","04","","03","36","03","","99","","","","","","","","EAS 20408-01","20210503","1","","","","","","0","0","1","0","0","0","1","0","0","0","0","0","0","0",0,0,0,"0",0,0,0,0,0,0,0,0,0,0,0,0,0,0,"0",0,2,0,0,0,0,0,0,0,0,0,0,0,0,0,0,"1",0,0,0,"0",0,0,0,0,"0",0,0,0,0,0,0,0,0,0,0,0,0,0,0,0,"0","0","1","0","0","0","0","0","0","1","0","0","0","0","0","0","0","0","0","1","0","0","0","0","1","1","0","0","1","1","0","0","0","0","0","0","0","0","0","0","0","0","0","0","0","0","0","0","0","0","0","1","0","0","0","1","0","0","0","0","0","0","0","0","0","0","0","0","0","0","0","0","0","0","0","0","0","0","0","0","0","0","0","0","0","0","0","0","0","0","0","0","1","202111","202204","2062"
"9316736","530010","70670513","26981197000180","3","1","00000000000000","","","","","","0","E","","","04","","03","36","03","","99","","","","","","","","5320212127888","20210806","2","","","","","","0","0","1","0","0","0","1","0","0","0","0","0","0","0",0,0,0,"0",0,0,0,0,0,0,0,0,0,0,0,0,0,0,"0",0,0,0,2,0,0,0,0,0,0,0,0,0,0,0,0,"1",0,0,0,"0",0,0,0,0,"0",0,0,0,0,0,0,0,0,0,0,0,0,0,0,0,"0","0","1","0","0","0","0","0","0","0","0","0","0","0","0","0","0","0","0","0","0","0","0","0","1","0","0","0","1","1","0","0","0","0","0","0","0","0","0","0","0","0","0","0","0","0","0","0","0","0","0","1","0","0","0","1","0","0","0","0","0","0","0","0","0","0","0","0","0","0","0","0","0","0","0","0","0","0","0","0","0","0","0","0","0","0","0","0","0","0","0","0","1","202110","202204","2305"
"9316817","530010","72215175","15632991000100","3","1","00000000000000","","","","0040","","0","E","","","04","","01","22","03","","99","","","","","","","","ODO 0047616","20200709","1","","","","","","0","0","1","0","0","0","1","0","0","0","0","0","0","0",0,0,0,"0",0,0,0,0,0,0,0,0,0,0,0,0,0,0,"0",0,0,0,0,0,0,0,0,1,0,0,0,0,0,0,0,"1",0,0,0,"0",0,0,0,0,"0",0,0,0,0,0,0,0,0,0,0,0,0,0,0,0,"0","0","1","0","0","0","0","0","0","0","0","0","0","0","0","0","0","0","0","0","0","0","0","0","1","1","0","0","1","1","0","0","0","0","0","0","0","0","0","0","0","0","0","0","0","0","0","0","0","0","0","1","0","0","0","0","0","0","0","0","0","0","0","0","0","0","0","0","0","0","0","0","0","0","0","0","0","0","0","0","0","0","0","0","0","0","0","0","0","0","0","0","1","202109","202204","2240"
"9317368","530010","72405025","00000000000000","3","3","00394700000108","","","","0060","","1","E","","","04","","02","43","03","","99","","","","","","","","","","1","","","","","","0","0","1","0","0","0","1","0","0","0","0","0","0","0",0,0,0,"0",0,0,0,0,0,0,0,0,0,0,0,0,0,0,"0",0,0,0,0,0,0,0,0,0,0,0,0,0,0,0,0,"0",0,0,0,"0",0,0,0,0,"0",0,0,0,0,0,0,0,0,0,0,0,0,0,0,0,"0","0","0","0","0","0","1","0","0","0","0","0","0","0","0","0","0","0","0","0","0","0","0","0","1","0","0","0","1","1","0","0","1","0","0","0","0","0","0","0","0","0","1","0","0","0","0","0","0","0","0","0","0","0","0","0","0","0","0","0","0","0","0","0","0","0","0","0","0","0","0","1","0","0","0","0","0","0","0","0","0","0","0","0","0","0","0","0","0","0","0","0","1","202203","202204","1023"
"9317465","530010","70390904","23865386000108","3","1","00000000000000","","","","","","0","E","","","04","","02","36","03","","99","","","","","","","","RLE DIGITAL","20210212","2","","","","","","0","0","1","0","0","0","1","0","0","0","0","0","0","0",0,0,0,"0",0,0,0,0,0,0,0,0,0,0,0,0,0,0,"0",0,3,0,0,0,0,0,0,0,0,0,0,0,0,0,0,"1",0,0,0,"0",0,0,0,0,"0",0,0,0,0,0,0,0,0,0,0,0,0,0,0,0,"0","0","0","0","0","0","0","0","0","0","0","0","0","0","0","0","0","0","0","0","0","0","0","0","0","0","0","0","1","1","0","0","0","0","0","0","0","0","0","0","0","0","0","0","0","0","0","0","0","0","0","1","0","0","1","1","0","0","0","0","0","0","0","0","0","0","0","0","0","0","0","0","0","0","0","0","0","0","0","0","0","0","0","0","0","0","0","0","0","0","0","0","1","202111","202204","2062"
"9317791","530010","70710146","23824342000121","3","1","00000000000000","","","","0015","","0","E","","","04","","01","36","03","","99","","","","","","","","EAS 00967-02","20190411","1","","","","","","0","0","1","0","0","0","1","0","0","0","0","0","0","0",0,0,0,"0",0,0,0,0,0,0,0,0,0,0,0,0,0,0,"0",0,5,0,0,0,0,0,0,0,0,0,0,0,0,0,0,"1",0,0,0,"0",0,0,0,0,"0",0,0,0,0,0,0,0,0,0,0,0,0,0,0,0,"0","0","1","0","0","0","0","0","0","0","0","0","0","0","0","0","0","0","0","0","0","0","0","0","1","0","0","0","1","1","0","0","0","0","0","0","0","0","0","0","0","0","0","0","0","0","0","0","0","0","0","1","0","0","0","1","0","0","0","0","0","0","0","0","0","0","0","0","0","0","0","0","0","0","0","0","0","0","0","0","0","0","0","0","0","0","0","0","0","0","0","0","1","202003","202204","2305"
"9317848","530010","70200740","27449452000101","3","1","00000000000000","","","","0015","","0","E","","","04","","01","22","03","","99","","","","","","","","LICENCIAMENTO SANITARIO","","","","","","","","0","0","1","0","0","0","1","0","0","0","0","0","0","0",0,0,0,"0",0,0,0,0,0,0,0,0,0,0,0,0,0,0,"0",0,0,0,0,0,0,0,0,2,0,0,0,0,0,0,0,"1",0,0,0,"0",0,0,0,0,"0",0,0,0,0,0,0,0,0,0,0,0,0,0,0,0,"0","0","1","0","0","0","0","0","0","0","0","0","0","0","0","0","0","0","0","0","0","0","0","0","1","1","1","0","1","1","0","0","0","0","0","0","0","0","0","0","0","0","0","0","0","0","0","0","0","0","0","1","0","0","0","0","0","0","0","0","0","0","0","0","0","0","0","0","0","0","0","0","0","0","0","0","0","0","0","0","0","0","0","0","0","0","0","0","0","0","0","0","1","202010","202204","2305"
"9319026","530010","71919540","27263831000102","3","1","00000000000000","","","","9901","","0","E","","","04","","01","04","03","","99","","","","","","","","EAS 000231-14","20211029","1","","","","","","0","0","1","0","0","0","1","0","0","0","0","0","0","0",0,0,0,"0",0,0,0,0,0,0,0,0,0,0,0,0,0,0,"0",0,2,0,0,0,0,0,0,0,0,0,0,0,0,0,0,"1",0,0,0,"0",0,0,0,0,"0",0,0,0,0,0,0,0,0,0,0,0,0,0,0,0,"0","0","1","0","0","0","0","0","0","0","0","0","0","0","0","0","0","0","0","0","0","0","0","0","1","1","1","0","1","1","0","0","0","0","0","0","0","0","0","0","0","0","0","0","0","0","0","0","0","0","0","1","0","0","0","1","0","0","0","0","0","0","0","0","0","0","0","0","0","0","0","0","0","0","0","0","0","0","0","0","0","0","0","0","0","0","0","0","0","0","0","0","1","202203","202204","2062"
"9319069","530010","70390095","26649501000197","3","1","00000000000000","","","","0015","","0","E","","","04","","03","22","03","","99","","","","","","","","LICENCA SANITARIA","20190815","1","","","","","","0","0","1","0","0","0","1","0","0","0","0","0","0","0",0,0,0,"0",0,0,0,0,0,0,0,0,0,0,0,0,0,0,"0",1,0,0,0,0,0,0,0,0,0,0,0,0,0,0,0,"1",0,0,0,"0",0,0,0,0,"0",0,0,0,0,0,0,0,0,0,0,0,0,0,0,0,"0","0","0","0","0","0","0","0","0","0","0","0","0","0","0","0","0","0","0","0","0","0","0","0","0","1","0","0","1","1","0","0","0","0","0","0","0","0","0","0","0","0","0","0","0","0","0","0","0","0","0","1","0","0","0","1","0","0","0","0","0","0","0","0","0","0","0","0","0","0","0","0","0","0","0","0","0","0","0","0","0","0","0","0","0","0","0","0","0","0","0","0","1","201910","202204","2062"
"9319573","530010","72115700","27208392000135","3","1","00000000000000","","","","0180","","0","E","","","04","","03","36","03","","99","","","","","","","","RLE DIGITAL","20200414","1","","","","","","0","0","1","0","0","0","1","0","0","0","0","0","0","0",0,0,0,"0",0,0,0,0,0,0,0,0,0,0,0,0,0,0,"0",0,2,0,0,0,0,0,0,2,0,0,0,0,0,0,0,"1",0,0,0,"0",0,0,0,0,"0",0,0,0,0,0,0,0,0,0,0,0,0,0,0,0,"0","0","1","0","0","0","0","0","0","0","0","0","0","0","0","0","0","0","0","0","0","0","0","0","1","0","0","0","1","1","0","0","0","0","0","0","0","0","0","0","0","0","0","0","0","0","0","0","0","0","0","1","0","0","1","1","0","0","0","0","0","0","0","0","0","0","0","0","0","0","0","0","0","0","0","0","0","0","0","0","0","0","0","0","0","0","0","0","0","0","0","0","1","202004","202204","2062"
"9319999","530010","70070120","23186333000152","3","1","00000000000000","","","","0010","","0","E","","","04","","","36","03","","99","","","","","","","","EAS 00026-21","20210903","1","","","","","","0","0","1","0","0","0","1","0","0","0","0","0","0","0",0,0,0,"0",0,0,0,0,0,0,0,0,0,0,0,0,0,0,"0",0,1,0,0,0,0,0,0,0,0,0,0,0,0,0,0,"1",0,0,0,"0",0,0,0,0,"0",0,0,0,0,0,0,0,0,0,0,0,0,0,0,0,"0","0","1","0","0","0","0","0","0","0","0","0","0","0","0","0","0","0","0","0","0","0","0","0","1","0","0","0","1","1","0","0","0","0","0","0","0","0","0","0","0","0","0","0","0","0","0","0","0","0","0","1","0","0","0","0","0","0","0","0","0","0","0","0","0","0","0","0","0","0","0","0","0","0","0","0","0","0","0","0","0","0","0","0","0","0","0","0","0","0","0","0","1","202203","202204","2062"
"9320148","530010","70390150","26512702000148","3","1","00000000000000","","","","","","0","E","","","04","","01","36","03","","99","","","","","","","","EAS.20337-01","20210121","1","","","","","","0","0","1","0","0","0","1","0","0","0","0","0","0","0",0,0,0,"0",0,0,0,0,0,0,0,0,0,0,0,0,0,0,"0",0,1,0,0,0,0,0,0,0,0,0,0,0,0,0,0,"1",0,0,0,"0",0,0,0,0,"0",0,0,0,0,0,0,0,0,0,0,0,0,0,0,0,"0","0","1","0","0","0","0","0","0","0","0","0","0","0","0","0","0","0","0","0","0","0","0","0","1","0","0","0","1","1","0","0","0","0","0","0","0","0","0","0","0","0","0","0","0","0","0","0","0","0","0","1","0","0","0","1","0","0","0","0","0","0","0","0","0","0","0","0","0","0","0","0","0","0","0","0","0","0","0","0","0","0","0","0","0","0","0","0","0","0","0","0","1","202108","202204","2305"
"9320466","530010","70770640","28162009000118","3","1","00000000000000","","","","0005","","0","E","","","04","","01","77","05","","99","","","","","","","","ALVARA","20190108","1","","","","","","0","0","1","0","0","0","1","0","0","0","0","0","0","0",0,0,0,"0",0,0,0,0,0,0,0,0,0,0,0,0,0,0,"0",0,1,0,0,0,0,0,0,0,0,0,0,0,0,0,0,"1",0,0,0,"0",0,0,0,0,"0",0,0,0,0,0,0,0,0,0,0,0,0,0,0,0,"0","0","1","0","0","0","0","0","0","0","0","0","0","0","0","0","0","0","0","0","0","0","0","0","1","0","0","0","1","1","0","0","0","0","0","0","0","0","0","0","0","0","0","0","0","0","0","0","0","0","0","1","0","0","0","0","0","0","0","0","0","0","0","0","0","0","0","0","0","0","0","0","0","0","0","0","0","0","0","0","0","0","0","0","0","0","0","0","0","0","0","0","1","202008","202204","2062"
"9321004","530010","70719030","28065263000106","3","1","00000000000000","","","","0015","","0","E","","","04","","03","04","03","","99","","","","","","","","CERTIFICADO RLE","20190610","1","","","","","","0","0","1","0","0","0","1","0","0","0","0","0","0","0",0,0,0,"0",0,0,0,0,0,0,0,0,0,0,0,0,0,0,"0",0,1,0,1,0,0,0,0,0,0,0,0,0,0,0,0,"1",0,0,0,"0",0,0,0,0,"0",0,0,0,0,0,0,0,0,0,0,0,0,0,0,0,"0","0","1","0","0","0","0","0","0","0","0","0","0","0","0","0","0","0","0","0","0","0","0","0","1","0","0","0","1","1","0","0","0","0","0","0","0","0","0","0","0","0","0","0","0","0","0","0","0","0","0","1","0","0","0","1","0","0","0","0","0","0","0","0","0","0","0","0","0","0","0","0","0","0","0","0","0","0","0","0","0","0","0","0","0","0","0","0","0","0","0","0","1","202003","202204","2305"
"9321047","530010","70390095","14499679000110","3","1","00000000000000","","","","","","0","E","","","04","","01","36","03","","99","","","","","","","","EAS.01546-01","20200215","1","","","","","","0","0","1","0","0","0","1","0","0","0","0","0","0","0",0,0,0,"0",0,0,0,0,0,0,0,0,0,0,0,0,0,0,"0",0,2,0,0,0,0,0,0,0,0,0,0,0,0,0,0,"1",0,0,0,"0",0,0,0,0,"0",0,0,0,0,0,0,0,0,0,0,0,0,0,0,0,"0","0","1","0","0","0","0","0","1","0","0","0","0","0","0","0","0","0","0","1","0","0","0","0","1","1","0","0","1","1","0","0","0","0","0","0","0","0","0","0","0","0","0","0","0","0","0","0","0","0","0","1","0","0","0","1","0","0","0","0","0","0","0","0","0","0","0","0","0","0","0","0","0","0","0","0","0","0","0","0","0","0","0","0","0","0","0","0","0","0","0","0","1","202005","202204","2062"
"9321187","530010","70340000","27836608000107","3","1","00000000000000","","","","0010","","0","E","","","04","","03","04","03","","99","","","","","","","","EAS.00021-02","20200901","1","","","","","","0","0","1","0","0","0","1","0","0","0","0","0","0","0",0,0,0,"0",0,0,0,0,0,0,0,0,0,0,0,0,0,0,"0",1,2,0,0,0,0,0,0,0,0,0,0,0,0,0,0,"1",0,0,0,"0",0,0,0,0,"0",0,0,0,0,0,0,0,0,0,0,0,0,0,0,0,"0","0","1","0","0","0","0","0","0","0","0","0","0","0","0","0","0","0","0","0","0","0","0","0","1","1","0","1","1","1","0","0","0","0","0","0","0","0","0","0","0","0","0","0","0","0","0","0","0","0","0","1","0","0","0","1","0","0","0","0","0","0","0","0","0","0","0","0","0","0","0","0","0","0","0","0","0","0","0","0","0","0","0","0","0","0","0","0","0","0","0","0","1","202108","202204","2062"
"9322051","530010","72220280","28385700000160","3","1","00000000000000","","","","0040","","0","E","","","04","","03","36","06","","99","","","","","","","","LICENCA","20170821","1","","","","","","0","0","1","0","0","0","1","0","0","0","0","0","0","0",0,0,0,"0",0,0,0,0,0,0,0,0,0,0,0,0,0,0,"0",0,1,0,0,0,0,0,0,0,0,0,0,0,0,0,0,"1",0,0,0,"0",0,0,0,0,"0",0,0,0,0,0,0,0,0,0,0,0,0,0,0,0,"0","0","1","0","0","0","0","0","0","0","0","0","0","0","0","0","0","0","0","0","0","0","0","0","1","1","0","0","1","1","0","0","0","0","0","0","0","0","0","0","0","0","0","0","0","0","0","0","0","0","0","1","0","0","0","1","0","0","0","0","0","0","0","0","0","0","0","0","0","0","0","0","0","0","0","0","0","0","0","0","0","0","0","0","0","0","0","0","0","0","0","0","1","201911","202204","2062"
"9322922","530010","70760524","28128977000108","3","1","00000000000000","","","","0010","","0","E","","","04","","03","22","03","","99","","","","","","","","EAS 00767-02/2021","20210104","1","","","","","","0","0","1","0","0","0","1","0","0","0","0","0","0","0",0,0,0,"0",0,0,0,0,0,0,0,0,0,0,0,0,0,0,"0",0,0,0,1,0,0,0,0,0,0,0,0,0,0,0,0,"1",0,0,0,"0",0,0,0,0,"0",0,0,0,0,0,0,0,0,0,0,0,0,0,0,0,"0","0","1","0","0","0","0","0","0","0","0","0","0","0","0","0","0","0","0","0","0","0","0","0","1","0","0","0","1","1","0","0","0","0","0","0","0","0","0","0","0","0","0","0","0","0","0","0","0","0","0","1","0","0","0","0","0","0","0","0","0","0","0","0","0","0","0","0","0","0","0","0","0","0","0","0","0","0","0","0","0","0","0","0","0","0","0","0","0","0","0","0","1","202104","202204","2062"
"9324453","530010","70760650","00095911820153","1","1","00000000000000","","","","0010","","0","E","","","04","","03","22","03","","99","","","","","","","","ODO.0001","20190203","1","","","","","","0","0","1","0","0","0","1","0","0","0","0","0","0","0",0,0,0,"0",0,0,0,0,0,0,0,0,0,0,0,0,0,0,"0",0,0,0,0,0,0,0,0,1,0,0,0,0,0,0,0,"1",0,0,0,"0",0,0,0,0,"0",0,0,0,0,0,0,0,0,0,0,0,0,0,0,0,"0","0","1","0","0","0","0","0","1","0","0","0","0","0","0","0","0","0","0","0","0","0","0","0","1","1","0","0","1","1","0","0","0","0","0","0","0","0","0","0","0","0","0","0","0","0","0","0","0","0","0","1","0","0","0","0","0","0","0","0","0","0","0","0","0","0","0","0","0","0","0","0","0","0","0","0","0","0","0","0","0","0","0","0","0","0","0","0","0","0","0","0","1","202001","202204","4000"
"9324801","530010","70390100","00346098002349","3","1","00000000000000","","","","0010","","0","E","","","04","","03","39","03","","99","","","","","","","","LAB.05721-01","20200214","1","","","","","","0","0","1","0","0","0","1","0","0","0","0","0","0","0",0,0,0,"0",0,0,0,0,0,0,0,0,0,0,0,0,0,0,"0",0,1,0,0,0,0,0,0,0,0,0,0,0,0,0,0,"1",0,0,0,"0",0,0,0,0,"0",0,0,0,0,0,0,0,0,0,0,0,0,0,0,0,"0","0","1","0","0","0","0","0","0","0","0","0","0","0","0","0","0","0","0","0","0","0","0","0","1","1","0","0","1","1","0","0","0","0","0","0","0","0","0","0","0","0","0","0","0","0","0","0","0","0","0","1","0","0","0","1","0","0","1","0","0","0","1","0","0","0","0","0","0","0","0","0","0","0","0","0","0","0","0","0","0","0","0","0","0","0","0","0","0","0","0","0","1","202011","202204","2062"
"9325905","530010","71503501","27719827000106","3","1","00000000000000","","","","0080","","0","E","","","04","","03","36","03","","99","","","","","","","","EAS0002919","20200228","1","","","","","","0","0","1","0","0","0","1","0","0","0","0","0","0","0",0,0,0,"0",0,0,0,0,0,0,0,0,0,0,0,0,0,0,"0",0,1,0,0,0,0,0,0,0,0,0,0,0,0,0,0,"1",0,0,0,"0",0,0,0,0,"0",0,0,0,0,0,0,0,0,0,0,0,0,0,0,0,"0","0","1","0","0","0","0","0","0","0","0","0","0","0","0","0","0","0","0","0","0","0","0","0","1","0","0","0","1","1","0","0","0","0","0","0","0","0","0","0","0","0","0","0","0","0","0","0","0","0","0","0","0","0","0","1","0","0","0","0","0","0","0","0","0","0","0","0","0","0","0","0","0","0","0","0","0","0","0","0","0","0","0","0","0","0","0","0","0","0","0","0","1","202009","202204","2062"
"9326006","530010","71060211","27021489000134","3","1","00000000000000","","","","0070","","0","E","","","04","","03","36","03","","99","","","","","","","","","","","","","","","","0","0","1","0","0","0","1","0","0","0","0","0","0","0",0,0,0,"0",0,0,0,0,0,0,0,0,0,0,0,0,0,0,"0",0,0,0,1,0,0,0,0,0,0,0,0,0,0,0,0,"1",0,0,0,"0",0,0,0,0,"0",0,0,0,0,0,0,0,0,0,0,0,0,0,0,0,"0","0","1","0","0","0","0","0","0","0","0","0","0","0","0","0","0","0","0","0","0","0","0","0","1","0","0","0","1","1","0","0","0","0","0","0","0","0","0","0","0","0","0","0","0","0","0","0","0","0","0","1","0","0","0","0","0","0","0","0","0","0","0","0","0","0","0","0","0","0","0","0","0","0","0","0","0","0","0","0","0","0","0","0","0","0","0","0","0","0","0","0","1","202006","202204","2062"
"9326650","530010","72145450","26989062000161","3","1","00000000000000","","","","0180","","0","E","","","04","","03","04","03","","99","","","","","","","","RLE DIGITAL","20181113","1","","","","","","0","0","1","0","0","0","1","0","0","0","0","0","0","0",0,0,0,"0",0,0,0,0,0,0,0,0,0,0,0,0,0,0,"0",1,4,0,0,0,0,0,0,0,0,0,0,0,0,0,0,"1",0,0,0,"0",0,0,0,0,"0",0,0,0,0,0,0,0,0,0,0,0,0,0,0,0,"0","0","1","0","0","0","0","0","0","1","0","0","0","0","0","0","0","1","0","1","0","0","0","0","1","1","0","0","1","1","0","0","0","0","0","0","0","0","0","0","0","0","0","0","0","0","0","0","0","0","0","1","0","0","0","1","0","0","0","0","0","0","0","0","0","0","0","0","0","0","0","0","0","0","0","0","0","0","0","0","0","0","0","0","0","0","0","0","0","0","0","0","1","201912","202204","2062"
"9328440","530010","71727253","11500713000130","3","1","00000000000000","","","","0030","","0","E","","","04","","","22","03","","99","","","","","","","","5467","20190218","1","","","","","","0","0","1","0","0","0","1","0","0","0","0","0","0","0",0,0,0,"0",0,0,0,0,0,0,0,0,0,0,0,0,0,0,"0",0,0,0,0,0,0,0,0,1,0,0,0,0,0,0,0,"1",0,0,0,"0",0,0,0,0,"0",0,0,0,0,0,0,0,0,0,0,0,0,0,0,0,"0","0","1","0","0","0","0","0","1","0","0","0","0","0","0","0","0","0","0","0","0","0","0","0","1","0","1","0","1","1","0","0","0","0","0","0","0","0","0","0","0","0","0","0","0","0","0","0","0","0","0","1","0","0","0","0","0","0","0","0","0","0","0","0","0","0","0","0","0","0","0","0","0","0","0","0","0","0","0","0","0","0","0","0","0","0","0","0","0","0","0","0","1","202006","202204","2062"
"9328602","530010","71907720","22905110000216","3","1","00000000000000","","","","9901","","0","E","","","04","","01","22","03","","99","","","","","","","","CERT. DE LICENCIAMENTO","20181105","1","","","","","","0","0","1","0","0","0","1","0","0","0","0","0","0","0",0,0,0,"0",0,0,0,0,0,0,0,0,0,0,0,0,0,0,"0",0,0,0,1,0,0,0,0,0,0,0,0,0,0,0,0,"1",0,0,0,"0",0,0,0,0,"0",0,0,0,0,0,0,0,0,0,0,0,0,0,0,0,"0","0","1","0","0","0","0","0","0","0","1","0","0","0","0","0","0","0","0","0","0","0","0","0","1","0","0","0","1","1","0","0","0","0","0","0","0","0","0","0","0","0","0","0","0","0","0","0","0","0","0","1","0","0","1","1","0","0","0","0","0","0","0","0","0","0","0","0","0","0","0","0","0","0","0","0","0","0","0","0","0","0","0","0","0","0","0","0","0","0","0","0","1","202109","202204","2062"
"9328904","530010","72162301","00718528011992","3","1","00000000000000","","","","0180","","0","E","","","04","","01","39","03","","99","","","","","","","","LAB00016-15","20210502","1","","","","","","0","0","1","0","0","0","1","0","0","0","0","0","0","0",0,0,0,"0",0,0,0,0,0,0,0,0,0,0,0,0,0,0,"0",0,0,0,0,0,0,0,0,0,0,0,0,0,0,0,0,"0",0,0,0,"0",0,0,0,0,"0",0,0,0,0,0,0,0,0,0,0,0,0,0,0,0,"0","0","1","0","0","0","0","0","0","0","0","0","0","0","0","0","0","0","0","0","0","0","0","0","1","1","0","0","1","1","0","0","0","0","0","0","0","0","0","0","0","0","0","0","0","0","0","0","0","0","0","0","0","0","0","0","0","0","1","0","0","1","1","0","0","0","0","0","0","0","0","0","0","0","0","0","0","0","0","0","0","0","0","0","0","0","0","0","0","0","0","0","1","202108","202204","2054"
"9330100","530010","70711905","10632899000119","3","1","00000000000000","","","","","","0","E","","","04","","03","36","03","","99","","","","","","","","EAS04852","20190212","","","","","","","0","0","1","0","0","0","1","0","0","0","0","0","0","0",0,0,0,"0",0,0,0,0,0,0,0,0,0,0,0,0,0,0,"0",1,1,0,0,0,0,0,0,0,0,0,0,0,0,0,0,"1",0,0,0,"0",0,0,0,0,"0",0,0,0,0,0,0,0,0,0,0,0,0,0,0,0,"0","0","1","0","0","0","0","0","0","0","0","0","0","0","0","0","0","0","0","0","0","0","0","0","1","0","0","0","1","1","0","0","0","0","0","0","0","0","0","0","0","0","0","0","0","0","0","0","0","0","0","1","0","0","0","1","0","0","0","0","0","0","0","0","0","0","0","0","0","0","0","0","0","0","0","0","0","0","0","0","0","0","0","0","0","0","0","0","0","0","0","0","1","201910","202204","2062"
"9330119","530010","73310317","10632899000208","3","1","00000000000000","","","","0120","","0","E","","","04","","03","04","03","","99","","","","","","","","EAS0845","20190515","1","","","","","","0","0","1","0","0","0","1","0","0","0","0","0","0","0",0,0,0,"0",0,0,0,0,0,0,0,0,0,0,0,0,0,0,"0",2,0,0,0,0,0,0,0,0,0,0,0,0,0,0,0,"1",0,0,0,"0",0,0,0,0,"0",0,0,0,0,0,0,0,0,0,0,0,0,0,0,0,"0","0","1","0","0","0","0","0","0","0","0","0","0","0","0","0","0","0","0","0","0","0","0","0","1","0","0","0","1","1","0","0","0","0","0","0","0","0","0","0","0","0","0","0","0","0","0","0","0","0","0","1","0","0","0","1","0","0","0","0","0","0","0","0","0","0","0","0","0","0","0","0","0","0","0","0","0","0","0","0","0","0","0","0","0","0","0","0","0","0","0","0","1","201909","202204","2062"
"9330887","530010","70390700","27320004000103","3","1","00000000000000","","","","0010","","0","E","","","04","","03","36","03","","99","","","","","","","","LICENCA DE SAUDE","20211030","1","","","","","","0","0","1","0","0","0","1","0","0","0","0","0","0","0",0,0,0,"0",0,0,0,0,0,0,0,0,0,0,0,0,0,0,"0",0,2,0,0,0,0,0,0,0,0,0,0,0,0,0,0,"1",0,0,0,"0",0,0,0,0,"0",0,0,0,0,0,0,0,0,0,0,0,0,0,0,0,"0","0","1","0","0","0","0","0","0","0","0","0","0","0","0","0","0","0","0","0","0","0","0","0","1","0","0","0","1","1","0","0","0","0","0","0","0","0","0","0","0","0","0","0","0","0","0","0","0","0","0","1","0","0","0","1","0","0","0","0","0","0","0","0","0","0","0","0","0","0","0","0","0","0","0","0","0","0","0","0","0","0","0","0","0","0","0","0","0","0","0","0","1","202112","202204","2062"
"9331042","530010","70200700","26762130000155","3","1","00000000000000","","","","","","0","E","","","04","","03","36","04","","99","","","","","","","","LICENCA SANITARIA","20211128","1","","","","","","0","0","1","0","0","0","1","0","0","0","0","0","0","0",0,0,0,"0",0,0,0,0,0,0,0,0,0,0,0,0,0,0,"0",0,7,0,5,0,0,0,0,0,0,0,0,0,0,0,0,"1",0,0,0,"0",0,0,0,0,"0",0,0,0,0,0,0,0,0,0,0,0,0,0,0,0,"0","0","1","0","0","0","0","0","0","0","0","0","0","0","0","0","0","0","0","0","0","0","0","0","1","0","0","0","1","1","0","0","0","0","0","0","0","0","0","0","0","0","0","0","0","0","0","0","0","0","0","1","0","0","0","0","0","0","0","0","0","0","0","0","0","0","0","0","0","0","0","0","0","0","0","0","0","0","0","0","0","0","0","0","0","0","0","0","0","0","0","0","1","202203","202204","2062"
"9333983","530010","72120060","13491913000108","3","1","00000000000000","","","","","","0","E","","","04","","03","04","03","","99","","","","","","","","5320219987","20210614","2","","","","","","0","0","1","0","0","0","1","0","0","0","0","0","0","0",0,0,0,"0",0,0,0,0,0,0,0,0,0,0,0,0,0,0,"0",0,0,0,5,0,0,0,0,0,0,0,0,0,0,0,0,"1",0,0,0,"0",0,0,0,0,"0",0,0,0,0,0,0,0,0,0,0,0,0,0,0,0,"0","0","1","0","0","0","0","0","0","0","0","0","0","0","0","0","0","0","0","0","0","0","0","0","1","1","0","0","1","1","0","0","0","0","0","0","0","0","0","0","0","0","0","0","0","0","0","0","0","0","0","1","0","0","0","1","0","0","0","0","0","0","0","0","0","0","0","0","0","0","0","0","0","0","0","0","0","0","0","0","0","0","0","0","0","0","0","0","0","0","0","0","1","202203","202204","2305"
"9334718","530010","71928720","24741967000192","3","1","00000000000000","","","","0180","","0","E","","","04","","03","04","05","","99","","","","","","","","LICENCA SANITARIA","20191212","1","","","","","","0","0","1","0","1","0","1","0","0","0","0","0","0","0",0,0,0,"0",0,0,0,1,0,0,0,0,0,0,0,0,0,0,"1",0,1,0,1,0,0,0,0,0,0,1,0,0,0,0,0,"1",0,0,0,"0",0,0,0,0,"0",0,0,0,0,0,0,0,0,0,0,0,0,0,0,0,"0","0","1","0","1","0","1","0","0","1","1","0","0","0","0","0","0","1","1","0","0","1","0","0","1","1","0","0","1","1","0","0","1","1","1","1","1","1","0","1","1","0","1","0","0","0","0","0","0","0","0","1","0","0","1","1","0","0","0","0","0","0","0","0","0","0","0","0","0","0","0","0","0","0","0","0","0","0","0","0","0","0","0","0","0","0","0","0","0","0","0","0","1","202104","202204","2062"
"9335064","530010","73310000","15013516000148","3","1","00000000000000","","","","0120","","0","E","","","04","","03","36","03","","99","","","","","","","","ODO.00186-08","20190514","1","","","","","","0","0","1","0","0","0","1","0","0","0","0","0","0","0",0,0,0,"0",0,0,0,0,0,0,0,0,0,0,0,0,0,0,"0",0,0,0,0,0,0,0,0,7,0,0,0,0,0,0,0,"1",0,0,0,"0",0,0,0,0,"0",0,0,0,0,0,0,0,0,0,0,0,0,0,0,0,"0","0","1","0","0","0","0","0","1","0","0","0","0","0","0","0","0","0","0","0","0","0","0","0","1","1","0","0","1","1","0","0","0","0","0","0","0","0","0","0","0","0","0","0","0","0","0","0","0","0","0","1","0","0","0","1","0","0","0","0","0","0","0","0","0","0","0","0","0","0","0","0","0","0","0","0","0","0","0","0","0","0","0","0","0","0","0","0","0","0","0","0","1","201907","202204","2062"
"9335196","530010","72015525","16785783000104","3","1","00000000000000","","","","0180","","0","E","","","04","","03","36","03","","99","","","","","","","","ODO.00056-08","20190505","1","","","","","","0","0","1","0","0","0","1","0","0","0","0","0","0","0",0,0,0,"0",0,0,0,0,0,0,0,0,0,0,0,0,0,0,"0",0,0,0,0,0,0,0,0,9,0,0,0,0,0,0,0,"1",0,0,0,"0",0,0,0,0,"0",0,0,0,0,0,0,0,0,0,0,0,0,0,0,0,"0","0","1","0","0","0","0","0","1","0","0","0","0","0","0","0","0","0","0","0","0","0","0","0","1","1","0","0","1","1","0","0","0","0","0","0","0","0","0","0","0","0","0","0","0","0","0","0","0","0","0","1","0","0","0","0","0","0","0","0","0","0","0","0","0","0","0","0","0","0","0","0","0","0","0","0","0","0","0","0","0","0","0","0","0","0","0","0","0","0","0","0","1","201907","202204","2062"
"9335234","530010","72015525","28255658000163","3","1","00000000000000","","","","","","0","E","","","04","","03","36","03","","99","","","","","","","","EAS 00234-14","20190430","1","","","","","","0","0","0","0","1","0","1","0","0","0","0","0","0","0",0,0,0,"0",0,0,0,0,0,0,0,0,0,0,0,0,0,0,"0",0,2,0,0,0,0,0,0,0,0,0,1,0,0,0,0,"1",0,0,0,"0",0,0,0,0,"0",0,0,0,0,0,0,0,0,0,0,0,0,0,0,0,"0","0","0","0","0","0","0","0","0","0","0","0","0","0","0","0","0","0","0","0","0","0","0","0","0","0","0","0","1","1","0","0","0","0","0","0","0","0","0","0","0","0","0","0","0","0","0","0","0","0","0","1","0","0","0","0","0","0","0","0","0","0","0","0","0","0","0","0","0","0","0","0","0","0","0","0","0","0","0","0","0","0","0","0","0","0","0","0","0","0","0","0","1","201910","202204","2305"
"9336370","530010","70712040","27523204000163","3","1","00000000000000","","","","0010","","0","E","","","04","","03","36","03","","99","","","","","","","","ODO.6058-02","20200419","1","","","","","","0","0","1","0","0","0","1","0","0","0","0","0","0","0",0,0,0,"0",0,0,0,0,0,0,0,0,0,0,0,0,0,0,"0",0,0,0,1,0,0,0,0,1,0,0,0,0,0,0,0,"1",0,0,0,"0",0,0,0,0,"0",0,0,0,0,0,0,0,0,0,0,0,0,0,0,0,"0","0","1","0","0","0","0","0","1","0","0","0","0","0","0","0","0","0","0","0","0","0","0","0","1","1","0","0","1","1","0","0","0","0","0","0","0","0","0","0","0","0","0","0","0","0","0","0","0","0","0","1","0","0","0","1","0","0","0","0","0","0","0","0","0","0","0","0","0","0","0","0","0","0","0","0","0","0","0","0","0","0","0","0","0","0","0","0","0","0","0","0","1","202007","202204","2305"
"9336400","530010","70673416","04519915000169","3","1","00000000000000","","","","","","0","E","","","04","","03","04","03","","99","","","","","","","","EAS 0075-07","20210803","1","","","","","","0","0","1","0","0","0","1","0","0","0","0","0","0","0",0,0,0,"0",0,0,0,0,0,0,0,0,0,0,0,0,0,0,"0",1,3,0,2,0,0,0,0,0,0,0,0,0,0,0,0,"1",0,0,0,"0",0,0,0,0,"0",0,0,0,0,0,0,0,0,0,0,0,0,0,0,0,"0","0","1","0","0","0","0","0","0","0","0","0","0","0","0","0","0","0","0","0","0","0","0","0","1","0","0","0","1","1","0","0","0","0","0","0","0","0","0","0","0","0","0","0","0","0","0","0","0","0","0","1","0","0","0","1","0","0","0","0","0","0","0","0","0","0","0","0","0","0","0","0","0","0","0","0","0","0","0","0","0","0","0","0","0","0","0","0","0","0","0","0","1","202112","202204","2062"
"9336443","530010","70756550","27857223000126","3","1","00000000000000","","","","0005","","0","E","","","04","","01","22","03","","99","","","","","","","","ODO 00176-02","20180926","1","","","","","","0","0","0","0","1","0","1","0","0","0","0","0","0","0",0,0,0,"0",0,0,0,0,0,0,0,0,0,0,0,0,0,0,"0",0,0,0,0,0,0,0,0,1,0,0,0,0,0,0,0,"1",0,0,0,"0",0,0,0,0,"0",0,0,0,0,0,0,0,0,0,0,0,0,0,0,0,"0","0","1","0","0","0","0","0","1","0","0","0","0","0","0","0","0","0","0","0","0","0","0","0","1","1","0","0","1","1","0","0","0","0","0","0","0","0","0","0","0","0","0","0","0","0","0","0","0","0","0","1","0","0","0","1","0","0","0","0","0","0","0","0","0","0","0","0","0","0","0","0","0","0","0","0","0","0","0","0","0","0","0","0","0","0","0","0","0","0","0","0","1","201908","202204","2135"
"9337806","530010","70390095","16576115000169","3","1","00000000000000","","","","0010","","0","E","","","04","","03","36","03","","99","","","","","","","","LICENCA FUNCIONAMENTO","20190820","1","","","","","","0","0","1","0","0","0","1","0","0","0","0","0","0","0",0,0,0,"0",0,0,0,0,0,0,0,0,0,0,0,0,0,0,"0",0,0,0,1,0,0,0,0,0,0,0,0,0,0,0,0,"1",0,0,0,"0",0,0,0,0,"0",0,0,0,0,0,0,0,0,0,0,0,0,0,0,0,"0","0","1","0","0","0","0","0","0","0","0","0","0","0","0","0","0","0","0","0","0","0","0","0","1","0","0","0","1","1","0","0","1","0","0","0","0","0","0","0","0","0","1","0","0","0","0","0","0","0","0","1","0","0","0","0","0","0","0","0","0","0","0","0","0","0","0","0","0","0","0","0","0","0","0","0","0","0","0","0","0","0","0","0","0","0","0","0","0","0","0","0","1","201908","202204","2062"
"9338012","530010","70770905","22215926000137","3","1","00000000000000","","","","","","0","E","","","04","","03","36","03","","99","","","","","","","","2021071423","20210507","1","","","","","","0","0","1","0","0","0","1","0","0","0","0","0","0","0",0,0,0,"0",0,0,0,0,0,0,0,0,0,0,0,0,0,0,"0",0,0,0,1,0,0,0,0,0,0,0,0,0,0,0,0,"1",0,0,0,"0",0,0,0,0,"0",0,0,0,0,0,0,0,0,0,0,0,0,0,0,0,"0","0","1","0","0","0","0","0","0","0","0","0","0","0","0","0","0","0","0","0","0","0","0","0","1","0","0","0","1","1","0","0","0","0","0","0","0","0","0","0","0","0","0","0","0","0","0","0","0","0","0","1","0","0","0","0","0","0","0","0","0","0","0","0","0","0","0","0","0","0","0","0","0","0","0","0","0","0","0","0","0","0","0","0","0","0","0","0","0","0","0","0","1","202203","202204","2062"
"9339698","530010","71200039","00603226000934","3","1","00000000000000","","","","","","0","E","","","04","","01","77","03","","99","","","","","","","","EAS 0038-10","20200113","2","","","","","","0","0","1","0","0","0","1","0","0","0","0","0","0","0",0,0,0,"0",0,0,0,0,0,0,0,0,0,0,0,0,0,0,"0",0,0,0,6,0,0,0,0,0,0,0,0,0,0,0,0,"1",0,0,0,"0",0,0,0,0,"0",0,0,0,0,0,0,0,0,0,0,0,0,0,0,0,"0","0","1","0","0","0","0","0","0","0","0","0","0","0","0","0","0","0","0","0","0","0","0","0","1","0","0","0","1","1","0","0","0","0","0","0","0","0","0","0","0","0","0","0","0","0","0","0","0","0","0","1","0","0","0","1","0","0","0","0","0","0","0","0","0","0","0","0","0","0","0","0","0","0","0","0","0","0","0","0","0","0","0","0","0","0","0","0","0","0","0","0","1","202007","202204","2062"
"9339809","530010","70200730","03923271000379","3","1","00000000000000","","","","0090","","0","E","","","04","","01","04","03","","99","","","","","","","","AES 20.443-01","20210217","1","","","","","","0","0","1","0","0","0","1","0","0","0","0","0","0","0",0,0,0,"0",0,0,0,0,0,0,0,0,0,0,0,0,0,2,"1",0,5,0,8,0,0,0,1,0,0,1,0,0,0,0,0,"1",0,0,0,"0",0,0,0,0,"0",0,0,0,0,0,0,0,0,0,0,0,0,0,0,0,"0","0","1","0","0","0","0","0","1","0","0","0","0","0","0","0","0","1","0","0","0","1","0","0","1","0","0","1","1","1","0","0","0","0","0","0","0","0","0","0","0","0","0","0","0","0","0","0","0","0","0","1","0","0","1","1","0","0","0","0","0","0","0","0","0","1","0","0","1","1","0","0","0","0","0","0","0","0","0","0","0","0","0","0","0","0","0","0","0","0","0","0","1","202203","202204","2062"
"9340203","530010","72115700","01280128000119","3","1","00000000000000","","","","0180","","0","E","","","04","","03","22","03","","99","","","","","","","","","","","","","","","","0","0","1","0","0","0","1","0","0","0","0","0","0","0",0,0,0,"0",0,0,0,0,0,0,0,0,0,0,0,0,0,0,"0",1,0,0,0,0,0,0,0,0,0,0,0,0,0,0,0,"1",0,0,0,"0",0,0,0,0,"0",0,0,0,0,0,0,0,0,0,0,0,0,0,0,0,"0","0","1","0","0","0","0","0","0","0","0","0","0","0","0","0","0","0","0","0","0","0","0","0","1","0","0","0","1","1","0","0","0","0","0","0","0","0","0","0","0","0","0","0","0","0","0","0","0","0","0","1","0","0","1","1","0","0","0","0","0","0","0","0","0","0","0","0","0","0","0","0","0","0","0","0","0","0","0","0","0","0","0","0","0","0","0","0","0","0","0","0","1","201908","202204","2240"
"9340998","530010","71953000","09107677000106","3","1","00000000000000","","","","0180","","0","E","","","04","","01","04","04","","99","","","","","","","","EAS 000124-2014","20210805","1","","","","","","0","0","1","0","0","0","1","0","0","0","0","0","0","0",0,0,0,"0",0,0,0,0,0,0,0,0,0,0,0,0,0,0,"0",3,3,0,3,0,0,0,0,0,0,0,0,0,0,0,0,"1",0,0,0,"0",0,0,0,0,"0",0,0,0,0,0,0,0,0,0,0,0,0,0,0,0,"0","0","1","0","0","0","0","0","0","0","0","0","0","0","0","0","0","0","0","0","0","0","0","0","1","1","0","0","1","1","0","0","0","0","0","0","0","0","0","0","0","0","0","0","0","0","0","0","0","0","0","1","0","0","0","1","0","0","0","0","0","0","0","0","0","0","0","0","0","0","0","0","0","0","0","0","0","0","0","0","0","0","0","0","0","0","0","0","0","0","0","0","1","202111","202204","2062"
"9343083","530010","70340000","23205813000113","3","1","00000000000000","","","","0015","","0","E","","","04","","03","36","03","","99","","","","","","","","ODO.01752-01","20180823","1","","","","","","0","0","1","0","0","0","1","0","0","0","0","0","0","0",0,0,0,"0",0,0,0,0,0,0,0,0,0,0,0,0,0,0,"0",0,0,0,0,0,0,0,0,2,0,0,0,0,0,0,0,"1",0,0,0,"0",0,0,0,0,"0",0,0,0,0,0,0,0,0,0,0,0,0,0,0,0,"0","0","1","0","0","0","0","0","1","0","0","0","0","0","0","0","0","0","0","0","0","0","0","0","1","1","0","0","1","1","0","0","0","0","0","0","0","0","0","0","0","0","0","0","0","0","0","0","0","0","0","1","0","0","1","1","0","0","0","0","0","0","0","0","0","0","0","0","0","0","0","0","0","0","0","0","0","0","0","0","0","0","0","0","0","0","0","0","0","0","0","0","1","201908","202204","2062"
"9344616","530010","71503510","24987925000136","3","1","00000000000000","","","","0080","","0","E","","","04","","03","36","03","","99","","","","","","","","EAS.00051-04","20210401","1","","","","","","0","0","1","0","0","0","1","0","0","0","0","0","0","0",0,0,0,"0",0,0,0,0,0,0,0,0,0,0,0,0,0,0,"0",0,2,0,0,0,0,0,0,0,0,0,0,0,0,0,0,"1",0,0,0,"0",0,0,0,0,"0",0,0,0,0,0,0,0,0,0,0,0,0,0,0,0,"0","0","1","0","0","0","0","0","0","0","0","0","0","0","0","0","0","0","0","0","0","0","0","0","1","0","0","0","1","1","0","0","0","0","0","0","0","0","0","0","0","0","0","0","0","0","0","0","0","0","0","0","0","0","0","1","0","0","0","0","0","0","0","0","0","0","0","0","0","0","0","0","0","0","0","0","0","0","0","0","0","0","0","0","0","0","0","0","0","0","0","0","1","202108","202204","2062"
"9346910","530010","73320020","05326013000179","3","1","00000000000000","","","","0120","","0","E","","","04","","03","36","03","","99","","","","","","","","EAS 0031808","20190424","1","","","","","","0","0","1","0","0","0","1","0","0","0","0","0","0","0",0,0,0,"0",0,0,0,0,0,0,0,0,0,0,0,0,0,0,"0",1,0,0,0,0,0,0,0,0,0,0,0,0,0,0,0,"1",0,0,0,"0",0,0,0,0,"0",0,0,0,0,0,0,0,0,0,0,0,0,0,0,0,"0","0","1","0","0","0","0","0","0","0","0","0","0","0","0","0","0","0","0","0","0","0","0","0","1","1","0","0","1","1","0","0","0","0","0","0","0","0","0","0","0","0","0","0","0","0","0","0","0","0","0","1","0","0","0","1","0","0","0","0","0","0","0","0","0","0","0","0","0","0","0","0","0","0","0","0","0","0","0","0","0","0","0","0","0","0","0","0","0","0","0","0","1","201911","202204","2062"
"9348433","530010","72115700","17050711000173","3","1","00000000000000","","","","","","0","E","","","04","","03","36","03","","99","","","","","","","","EAS.00160-15","20200415","","","","","","","0","0","1","0","0","0","1","0","0","0","0","0","0","0",0,0,0,"0",0,0,0,0,0,0,0,0,0,0,0,0,0,0,"0",0,0,0,1,0,0,0,0,0,0,0,0,0,0,0,0,"1",0,0,0,"0",0,0,0,0,"0",0,0,0,0,0,0,0,0,0,0,0,0,0,0,0,"0","0","1","0","0","0","0","0","0","0","0","0","0","0","0","0","0","0","0","1","0","0","0","0","1","0","0","0","1","1","0","0","0","0","0","0","0","0","0","0","0","0","0","0","0","0","0","0","0","0","0","1","0","0","0","1","0","0","0","0","0","0","0","0","0","0","0","0","0","0","0","0","0","0","0","0","0","0","0","0","0","0","0","0","0","0","0","0","0","0","0","0","1","202004","202204","2062"
"9348662","530010","70710146","27358620000153","3","1","00000000000000","","","","0005","","0","E","","","04","","01","04","04","","99","","","","","","","","LICENCA SANITARIA","20191118","1","","","","","","0","0","1","0","0","0","1","0","0","0","0","0","0","0",0,0,0,"0",0,0,0,0,0,0,0,0,0,0,0,0,0,0,"0",1,1,4,0,0,0,0,1,0,0,0,0,0,0,0,0,"1",0,0,0,"0",0,0,0,0,"0",0,0,0,0,0,0,0,0,0,0,0,0,0,0,0,"0","0","0","1","0","0","0","0","0","0","0","0","0","0","0","0","0","0","0","1","0","1","0","0","1","0","1","0","1","1","1","0","0","0","0","0","0","0","0","0","0","0","1","0","0","0","0","0","0","0","0","1","0","0","0","1","0","0","1","0","0","0","1","0","0","0","0","0","0","0","0","0","0","0","0","0","0","0","0","0","0","0","0","0","0","0","0","0","0","0","0","0","1","202002","202204","2062"
"9350918","530010","71910180","72592306000195","3","1","00000000000000","","","","9901","","0","E","","","04","","01","36","04","","99","","","","","","","","RLE","20170921","1","","","","","","0","0","1","0","0","0","1","0","0","0","0","0","0","0",0,0,0,"0",0,0,0,0,0,0,0,0,0,0,0,0,0,0,"0",0,0,0,1,0,0,0,0,0,0,0,0,0,0,0,0,"1",0,0,0,"0",0,0,0,0,"0",0,0,0,0,0,0,0,0,0,0,0,0,0,0,0,"0","0","1","0","0","0","0","0","0","0","0","0","0","0","0","0","0","0","0","0","0","0","0","0","1","0","0","0","1","1","0","0","0","0","0","0","0","0","0","0","0","0","0","0","0","0","0","0","0","0","0","1","0","0","0","0","0","0","0","0","0","0","0","0","0","0","0","0","0","0","0","0","0","0","0","0","0","0","0","0","0","0","0","0","0","0","0","0","0","0","0","0","1","202204","202204","2062"
"9352570","530010","70710143","28193998000107","3","1","00000000000000","","","","0005","","0","E","","","04","","03","36","03","","99","","","","","","","","RLE","20220203","1","","","","","","0","0","1","0","0","0","1","0","0","0","0","0","0","0",0,0,0,"0",0,0,0,0,0,0,0,0,0,0,0,0,0,0,"0",0,1,0,1,0,0,0,0,0,0,0,0,0,0,0,0,"1",0,0,0,"0",0,0,0,0,"0",0,0,0,0,0,0,0,0,0,0,0,0,0,0,0,"0","0","1","0","0","0","0","0","1","0","0","0","0","0","0","0","0","0","0","0","0","0","0","0","1","1","0","0","1","1","0","0","0","0","0","0","0","0","0","0","0","0","0","0","0","0","0","0","0","0","0","1","0","0","0","1","0","0","0","0","0","0","0","0","0","0","0","0","0","0","0","0","0","0","0","0","0","0","0","0","0","0","0","0","0","0","0","0","0","0","0","0","1","202203","202204","2062"
"9352597","530010","70200700","08977394000144","3","1","00000000000000","","","","0010","","0","E","","","04","","03","22","03","","99","","","","","","","","EAS.20483-01","20211208","1","","","","","","0","0","1","0","0","0","1","0","0","0","0","0","0","0",0,0,0,"0",0,0,0,0,0,0,0,0,0,0,0,0,0,0,"0",0,1,0,0,0,0,0,0,0,0,0,0,0,0,0,0,"1",0,0,0,"0",0,0,0,0,"0",0,0,0,0,0,0,0,0,0,0,0,0,0,0,0,"0","0","1","0","0","0","0","0","0","0","0","0","0","0","0","0","1","0","0","0","0","0","0","0","1","1","0","0","1","1","0","0","0","0","0","0","0","0","0","0","0","0","0","0","0","0","0","0","0","0","0","1","0","0","0","1","0","0","0","0","0","0","0","0","0","0","0","0","0","0","0","0","0","0","0","0","0","0","0","0","0","0","0","0","0","0","0","0","0","0","0","0","1","202203","202204","2062"
"9352805","530010","70340906","13574745000106","3","1","00000000000000","","","","","","0","E","","","04","","01","22","03","","99","","","","","","","","EAS.00395-01","20200422","1","","","","","","0","0","1","0","0","0","1","0","0","0","0","0","0","0",0,0,0,"0",0,0,0,0,0,0,0,0,0,0,0,0,0,0,"0",1,0,0,0,0,0,0,0,0,0,0,0,0,0,0,0,"1",0,0,0,"0",0,0,0,0,"0",0,0,0,0,0,0,0,0,0,0,0,0,0,0,0,"0","0","1","0","0","0","0","0","0","0","0","0","0","0","0","0","0","0","0","0","0","0","0","0","1","0","0","0","1","1","0","0","0","0","0","0","0","0","0","0","0","0","0","0","0","0","0","0","0","0","0","1","0","0","0","0","0","0","0","0","0","0","0","0","0","0","0","0","0","0","0","0","0","0","0","0","0","0","0","0","0","0","0","0","0","0","0","0","0","0","0","0","1","202010","202204","2232"
"9352848","530010","70333900","03231326000207","3","1","00000000000000","","","","0015","","0","E","","","04","","01","36","03","","99","","","","","","","","ODO0174501","20210415","1","","","","","","0","0","1","0","0","0","1","0","0","0","0","0","0","0",0,0,0,"0",0,0,0,0,0,0,0,0,0,0,0,0,0,0,"0",0,0,0,0,0,0,0,0,2,0,0,0,0,0,0,0,"1",0,0,0,"0",0,0,0,0,"0",0,0,0,0,0,0,0,0,0,0,0,0,0,0,0,"0","0","0","1","0","0","0","0","0","0","0","0","0","0","0","0","0","0","0","0","0","0","0","0","1","1","1","0","1","1","0","0","0","0","0","0","0","0","0","0","0","0","0","0","0","0","0","0","0","0","0","0","0","0","0","1","0","0","0","0","0","0","0","0","0","0","0","0","0","0","0","0","0","0","0","0","0","0","0","0","0","0","0","0","0","0","0","0","0","0","0","0","1","202107","202204","2062"
"9354069","530010","72025085","19851411000119","3","1","00000000000000","","","","","","0","E","","","04","","01","22","03","","99","","","","","","","","EAS.00203-14","20200306","1","","","","","","0","0","1","0","0","0","1","0","0","0","0","0","0","0",0,0,0,"0",0,0,0,0,0,0,0,0,0,0,0,0,0,0,"0",1,0,0,0,0,0,0,0,0,0,0,0,0,0,0,0,"1",0,0,0,"0",0,0,0,0,"0",0,0,0,0,0,0,0,0,0,0,0,0,0,0,0,"0","0","1","0","0","0","0","0","0","0","0","0","0","0","0","0","0","0","0","0","0","0","0","0","1","0","0","0","1","1","0","0","0","0","0","0","0","0","0","0","0","0","0","0","0","0","0","0","0","0","0","1","0","0","0","0","0","0","0","0","0","0","0","0","0","0","0","0","0","0","0","0","0","0","0","0","0","0","0","0","0","0","0","0","0","0","0","0","0","0","0","0","1","202010","202204","2062"
"9354379","530010","70077000","27670748000158","3","1","00000000000000","","","","","","0","E","","","04","","03","22","03","","99","","","","","","","","ODO 0054302","20210630","1","","","","","","0","0","1","0","0","0","1","0","0","0","0","0","0","0",0,0,0,"0",0,0,0,0,0,0,0,0,0,0,0,0,0,0,"0",0,0,0,0,0,0,0,0,3,0,0,0,0,0,0,0,"1",0,0,0,"0",0,0,0,0,"0",0,0,0,0,0,0,0,0,0,0,0,0,0,0,0,"0","0","1","0","0","0","0","0","0","0","0","0","0","0","0","0","0","0","0","0","0","0","0","0","1","1","0","0","1","1","0","0","0","0","0","0","0","0","0","0","0","0","0","0","0","0","0","0","0","0","0","1","0","0","0","1","0","0","0","0","0","0","0","0","0","0","0","0","0","0","0","0","0","0","0","0","0","0","0","0","0","0","0","0","0","0","0","0","0","0","0","0","1","202107","202204","2062"
"9354514","530010","70322000","00000000000000","3","3","00394700000108","","","","0015","","1","E","","","04","","02","82","06","","99","","","","","","","","","","","","","","","","0","0","0","0","1","0","1","0","0","0","0","0","0","0",0,0,0,"0",0,0,0,0,0,0,0,0,0,0,0,0,0,0,"0",0,0,0,0,0,0,0,0,0,0,0,0,0,0,0,0,"0",0,0,0,"0",0,0,0,0,"0",0,0,0,0,0,0,0,0,0,0,0,0,0,0,0,"0","0","0","0","0","0","0","0","0","0","0","0","0","0","0","0","0","0","0","0","0","0","0","0","0","1","0","0","0","1","0","0","0","0","0","0","0","0","0","0","0","0","0","0","0","0","0","0","0","0","1","0","0","0","0","0","0","0","0","0","0","0","0","0","0","0","0","0","0","0","0","0","0","0","0","0","0","0","0","0","0","0","0","0","0","0","0","0","0","0","0","0","1","202105","202204","1023"
"9355332","530010","71503501","06848273000177","3","1","00000000000000","","","","0080","","0","E","","","04","","03","22","03","","99","","","","","","","","EAS.30-04","20180411","1","","","","","","0","0","1","0","0","0","1","0","0","0","0","0","0","0",0,0,0,"0",0,0,0,0,0,0,0,0,0,0,0,0,0,0,"0",0,1,0,0,0,0,0,0,0,0,0,0,0,0,0,0,"1",0,0,0,"0",0,0,0,0,"0",0,0,0,0,0,0,0,0,0,0,0,0,0,0,0,"0","0","1","0","0","0","0","0","0","0","0","0","0","0","0","0","0","0","0","0","0","0","0","0","1","0","1","0","1","1","0","0","0","0","0","0","0","0","0","0","0","0","0","0","0","0","0","0","0","0","0","1","0","0","1","1","0","0","0","0","0","0","0","0","0","0","0","0","0","0","0","0","0","0","0","0","0","0","0","0","0","0","0","0","0","0","0","0","0","0","0","0","1","201908","202204","2232"
"9355936","530010","72115700","28736123000104","3","1","00000000000000","","","","0180","","0","E","","","04","","03","36","03","","99","","","","","","","","EAS.00259-15","20191127","1","","","","","","0","0","1","0","0","0","1","0","0","0","0","0","0","0",0,0,0,"0",0,0,0,0,0,0,0,0,0,0,0,0,0,0,"0",0,4,0,0,0,0,0,0,0,0,0,0,0,0,0,0,"1",0,0,0,"0",0,0,0,0,"0",0,0,0,0,0,0,0,0,0,0,0,0,0,0,0,"0","0","0","1","0","0","1","0","0","1","0","1","0","0","0","0","0","1","0","1","0","0","0","0","1","1","0","0","1","1","0","0","0","0","0","0","0","0","0","0","0","0","0","0","0","0","0","0","0","0","0","1","0","0","0","1","0","0","1","0","0","0","1","0","0","0","0","0","0","0","0","0","0","0","0","0","0","0","0","0","0","0","0","0","0","0","0","0","0","0","0","0","1","202005","202204","2062"
"9356444","530010","72015575","17999379000198","3","1","00000000000000","","","","","","0","E","","","04","","03","22","03","","99","","","","","","","","20171401577303","20171011","1","","","","","","0","0","1","0","0","0","1","0","0","0","0","0","0","0",0,0,0,"0",0,0,0,0,0,0,0,0,0,0,0,0,0,0,"0",0,0,0,0,0,0,0,0,3,0,0,0,0,0,0,0,"1",0,0,0,"0",0,0,0,0,"0",0,0,0,0,0,0,0,0,0,0,0,0,0,0,0,"0","0","1","0","0","0","0","0","1","0","0","0","0","0","0","0","0","0","0","1","0","0","0","0","1","1","1","0","1","1","0","0","0","0","0","0","0","0","0","0","0","0","0","0","0","0","0","0","0","0","0","1","0","0","0","0","0","0","0","0","0","0","0","0","0","0","0","0","0","0","0","0","0","0","0","0","0","0","0","0","0","0","0","0","0","0","0","0","0","0","0","0","1","202002","202204","2062"
"9357475","530010","70390700","03241690000240","3","1","00000000000000","","","","","","0","E","","","04","","03","36","04","","99","","","","","","","","LICENCA SANITARIA","20200818","1","","","","","","0","0","1","0","0","0","1","0","0","0","0","0","0","0",0,0,0,"0",0,0,0,0,0,0,0,0,0,0,0,0,0,0,"0",0,1,0,0,0,0,0,0,0,0,0,0,0,0,0,0,"1",0,0,0,"0",0,0,0,0,"0",0,0,0,0,0,0,0,0,0,0,0,0,0,0,0,"0","0","1","0","0","0","0","0","0","1","0","0","0","0","0","0","0","0","0","1","0","0","0","0","1","0","1","0","1","1","0","0","0","0","0","0","0","0","0","0","0","0","0","0","0","0","0","0","0","0","0","1","0","0","1","1","0","0","0","0","0","0","0","0","0","0","0","0","0","0","0","0","0","0","0","0","0","0","0","0","0","0","0","0","0","0","0","0","0","0","0","0","1","202104","202204","2062"
"9357580","530010","70200670","00649756000328","3","1","00000000000000","","","","0180","","0","E","","","04","","01","36","03","","99","","","","","","","","EAS0025615","20220209","1","","","","","","0","0","1","0","0","0","1","0","0","0","0","0","0","0",0,0,0,"0",0,0,0,0,0,0,0,0,0,0,0,0,0,0,"0",0,6,0,0,0,0,0,0,0,0,0,0,0,0,0,0,"1",0,0,0,"0",0,0,0,0,"0",0,0,0,0,0,0,0,0,0,0,0,0,0,0,0,"0","0","1","0","0","0","0","0","0","0","0","0","0","0","0","0","0","0","0","0","0","0","0","0","1","0","0","0","1","1","0","0","0","0","0","0","0","0","0","0","0","0","0","0","0","0","0","0","0","0","0","1","0","0","0","1","0","0","0","0","0","0","0","0","0","0","0","0","0","0","0","0","0","0","0","0","0","0","0","0","0","0","0","0","0","0","0","0","0","0","0","0","1","202203","202204","2062"
"9358897","530010","70390100","19449943000124","3","1","00000000000000","","","","0010","","0","E","","","04","","03","22","03","","99","","","","","","","","EAS.05370-01","20210303","1","","","","","","0","0","1","0","0","0","1","0","0","0","0","0","0","0",0,0,0,"0",0,0,0,0,0,0,0,0,0,0,0,0,0,0,"0",0,1,0,0,0,0,0,0,0,0,0,0,0,0,0,0,"1",0,0,0,"0",0,0,0,0,"0",0,0,0,0,0,0,0,0,0,0,0,0,0,0,0,"0","0","1","0","0","0","0","0","0","1","0","0","0","0","0","0","0","0","0","1","0","0","0","0","1","1","0","0","1","1","0","0","0","0","0","0","0","0","0","0","0","0","0","0","0","0","0","0","0","0","0","1","0","0","0","1","0","0","0","0","0","0","0","0","0","0","0","0","0","0","0","0","0","0","0","0","0","0","0","0","0","0","0","0","0","0","0","0","0","0","0","0","1","202201","202204","2305"
"9359060","530010","70390700","09420488000261","3","1","00000000000000","","","","0010","","0","E","","","04","","03","36","03","","99","","","","","","","","00000","20190610","1","","","","","","0","0","1","0","0","0","1","0","0","0","0","0","0","0",0,0,0,"0",0,0,0,0,0,0,0,0,0,0,0,0,0,0,"0",0,2,0,0,0,0,0,0,0,0,0,0,0,0,0,0,"1",0,0,0,"0",0,0,0,0,"0",0,0,0,0,0,0,0,0,0,0,0,0,0,0,0,"0","0","1","0","0","0","0","0","0","0","0","0","0","0","0","0","0","0","0","0","0","0","0","0","1","0","0","0","1","1","0","0","0","0","0","0","0","0","0","0","0","0","0","0","0","0","0","0","0","0","0","1","0","0","0","1","0","0","0","0","0","0","0","0","0","0","0","0","0","0","0","0","0","0","0","0","0","0","0","0","0","0","0","0","0","0","0","0","0","0","0","0","1","201906","202204","2062"
"9359168","530010","72007750","27181306000148","3","1","00000000000000","","","","9934","","0","E","","","04","","01","04","04","","99","","","","","","","","VISADF","20190130","1","","","","","","0","0","1","0","0","0","1","0","0","0","0","0","0","0",0,0,0,"0",0,0,0,0,0,0,0,0,0,0,0,0,0,0,"0",0,3,0,0,0,0,0,0,0,0,0,0,0,0,0,0,"1",0,0,0,"0",0,0,0,0,"0",0,0,0,0,0,0,0,0,0,0,0,0,0,0,0,"0","0","1","0","0","0","0","0","0","0","0","0","0","0","0","0","0","0","0","0","0","0","0","0","1","0","0","0","1","1","0","0","0","0","0","0","0","0","0","0","0","0","0","0","0","0","0","0","0","0","0","1","0","0","0","1","0","0","0","0","0","0","0","0","0","0","0","0","0","0","0","0","0","0","0","0","0","0","0","0","0","0","0","0","0","0","0","0","0","0","0","0","1","201909","202204","2062"
"9359648","530010","70308200","00000000000000","3","3","03230476000107","","","","","","1","E","","","04","","03","04","04","","99","","","","","","","","","","","","","","","","0","0","1","0","0","0","1","0","0","0","0","0","0","0",0,0,0,"0",0,0,0,0,0,0,0,0,0,0,0,0,0,0,"0",0,35,0,5,0,0,0,0,0,0,3,0,0,0,0,0,"1",0,0,0,"0",0,0,0,0,"0",0,0,0,0,0,0,0,0,0,0,0,0,0,0,0,"0","0","1","0","0","0","0","0","0","0","0","0","0","0","0","0","0","0","0","0","0","0","0","0","1","0","0","0","1","1","0","0","0","0","0","0","0","0","0","0","0","0","0","0","0","0","0","0","0","0","1","0","0","0","0","0","0","0","0","0","0","0","0","0","0","0","0","0","0","0","0","0","0","0","0","0","0","0","0","0","0","0","0","0","0","0","0","0","0","0","0","0","1","202202","202204","1023"
"9360042","530010","72115700","27795271000137","3","1","00000000000000","","","","0180","","0","E","","","04","","03","04","03","","99","","","","","","","","EAS.00257-15","20191201","1","","","","","","0","0","1","0","0","0","1","0","0","0","0","0","0","0",0,0,0,"0",0,0,0,0,0,0,0,0,0,0,0,0,0,0,"0",0,8,0,0,0,0,0,0,0,0,0,0,0,0,0,0,"1",0,0,0,"0",0,0,0,0,"0",0,0,0,0,0,0,0,0,0,0,0,0,0,0,0,"0","0","1","0","0","0","1","0","0","1","0","0","0","0","0","0","0","1","0","1","0","1","0","0","1","1","1","0","1","1","0","0","0","0","0","0","0","0","0","0","0","0","0","0","0","0","0","0","0","0","0","1","0","0","0","1","0","0","0","0","0","0","0","0","0","0","0","0","0","0","0","0","0","0","0","0","0","0","0","0","0","0","0","0","0","0","0","0","0","0","0","0","1","202005","202204","2062"
"9361502","530010","72240507","23253809000120","3","1","00000000000000","","","","0040","","0","E","","","04","","03","22","03","","99","","","","","","","","","","","","","","","","0","0","1","0","0","0","1","0","0","0","0","0","0","0",0,0,0,"0",0,0,0,0,0,0,0,0,0,0,0,0,0,0,"0",0,0,0,0,0,0,0,0,3,0,0,0,0,0,0,0,"1",0,0,0,"0",0,0,0,0,"0",0,0,0,0,0,0,0,0,0,0,0,0,0,0,0,"0","0","1","0","0","0","0","0","0","0","0","0","0","0","0","0","0","0","0","0","0","0","0","0","1","1","0","0","0","1","0","0","0","0","0","0","0","0","0","0","0","0","0","0","0","0","0","0","0","0","0","1","0","0","0","0","0","0","0","0","0","0","0","0","0","0","0","0","0","0","0","0","0","0","0","0","0","0","0","0","0","0","0","0","0","0","0","0","0","0","0","0","1","201911","202204","2062"
"9361847","530010","70390700","27857423000189","3","1","00000000000000","","","","0015","","0","E","","","04","","02","36","03","","99","","","","","","","","EAS20413-01","20200710","1","","","","","","0","0","1","0","0","0","1","0","0","0","0","0","0","0",0,0,0,"0",0,0,0,0,0,0,0,0,0,0,0,0,0,0,"0",0,1,0,0,0,0,0,0,0,0,0,0,0,0,0,0,"1",0,0,0,"0",0,0,0,0,"0",0,0,0,0,0,0,0,0,0,0,0,0,0,0,0,"0","0","1","0","0","0","0","0","0","0","0","0","0","0","0","0","0","0","0","0","0","0","0","0","1","1","0","0","1","1","0","0","0","0","0","0","0","0","0","0","0","0","0","0","0","0","0","0","0","0","0","1","0","0","0","0","0","0","0","0","0","0","0","0","0","0","0","0","0","0","0","0","0","0","0","0","0","0","0","0","0","0","0","0","0","0","0","0","0","0","0","0","1","202009","202204","2062"
"9363181","530010","72115580","27701278000142","3","1","00000000000000","","","","","","0","E","","","04","","03","36","03","","99","","","","","","","","EAS00252-15","20181023","1","","","","","","0","0","1","0","0","0","1","0","0","0","0","0","0","0",0,0,0,"0",0,0,0,0,0,0,0,0,0,0,0,0,0,0,"0",0,4,0,0,0,0,0,0,0,0,0,0,0,0,0,0,"1",0,0,0,"0",0,0,0,0,"0",0,0,0,0,0,0,0,0,0,0,0,0,0,0,0,"0","0","1","0","0","0","0","0","0","0","0","0","0","0","0","0","0","0","0","0","0","0","0","0","1","0","0","0","1","1","0","0","0","0","0","0","0","0","0","0","0","0","0","0","0","0","0","0","0","0","0","1","0","0","0","1","0","0","0","0","0","0","0","0","0","0","0","0","0","0","0","0","0","0","0","0","0","0","0","0","0","0","0","0","0","0","0","0","0","0","0","0","1","202103","202204","2062"
"9363750","530010","70710146","28850263000109","3","1","00000000000000","","","","0005","","0","E","","","04","","03","36","03","","99","","","","","","","","RLE","20200811","1","","","","","","0","0","1","0","0","0","1","0","0","0","0","0","0","0",0,0,0,"0",0,0,0,0,0,0,0,0,0,0,0,0,0,0,"0",0,1,0,0,0,0,0,0,0,0,0,0,0,0,0,0,"1",0,0,0,"0",0,0,0,0,"0",0,0,0,0,0,0,0,0,0,0,0,0,0,0,0,"0","0","1","0","0","0","0","0","0","0","0","0","0","0","0","0","0","0","0","0","0","0","0","0","1","1","0","0","1","1","0","0","0","0","0","0","0","0","0","0","0","0","0","0","0","0","0","0","0","0","0","1","0","0","0","1","0","0","0","0","0","0","0","0","0","0","0","0","0","0","0","0","0","0","0","0","0","0","0","0","0","0","0","0","0","0","0","0","0","0","0","0","1","202105","202204","2062"
"9364137","530010","72115170","11140975000212","3","1","00000000000000","","","","0180","","0","E","","","04","","01","36","03","","99","","","","","","","","20171401261012 - RLE","20170831","1","","","","","","0","0","1","0","0","0","1","0","0","0","0","0","0","0",0,0,0,"0",0,0,0,0,0,0,0,0,0,0,0,0,0,0,"0",0,0,0,1,0,0,0,0,0,0,0,0,0,0,0,0,"1",0,0,0,"0",0,0,0,0,"0",0,0,0,0,0,0,0,0,0,0,0,0,0,0,0,"0","0","1","0","0","0","0","0","0","0","0","0","0","0","0","0","0","0","0","0","0","0","0","0","1","0","0","0","1","1","0","0","0","0","0","0","0","0","0","0","0","0","0","0","0","0","0","0","0","0","0","1","0","0","0","1","0","0","0","0","0","0","0","0","0","0","0","0","0","0","0","0","0","0","0","0","0","0","0","0","0","0","0","0","0","0","0","0","0","0","0","0","1","202005","202204","2062"
"9364447","530010","71215650","28608144000144","3","1","00000000000000","","","","","","0","E","","","04","","03","77","03","","99","","","","","","","","EAS 00065-10","20211104","2","","","","","","0","0","1","0","0","0","1","0","0","0","0","0","0","0",0,0,0,"0",0,0,0,0,0,0,0,0,0,0,0,0,0,0,"0",1,0,0,0,0,0,0,0,0,0,0,0,0,0,0,0,"1",0,0,0,"0",0,0,0,0,"0",0,0,0,0,0,0,0,0,0,0,0,0,0,0,0,"0","0","1","0","0","0","0","0","0","0","0","0","0","0","0","0","0","0","0","0","0","0","0","0","1","1","0","0","1","1","0","0","0","0","0","0","0","0","0","0","0","0","0","0","0","0","0","0","0","0","0","1","0","0","0","1","0","0","0","0","0","0","0","0","0","0","0","0","0","0","0","0","0","0","0","0","0","0","0","0","0","0","0","0","0","0","0","0","0","0","0","0","1","202202","202204","2305"
"9364471","530010","72115515","00080861000127","3","1","00000000000000","","","","0180","","0","E","","","04","","01","36","03","","99","","","","","","","","28472","20160810","1","","","","","","0","0","1","0","0","0","1","0","0","0","0","0","0","0",0,0,0,"0",0,0,0,0,0,0,0,0,0,0,0,0,0,0,"0",0,2,0,0,0,0,0,0,0,0,0,0,0,0,0,0,"1",0,0,0,"0",0,0,0,0,"0",0,0,0,0,0,0,0,0,0,0,0,0,0,0,0,"0","0","1","0","0","0","0","0","0","0","0","0","0","0","0","0","0","1","0","1","0","0","0","0","1","0","0","0","1","1","0","0","0","0","0","0","0","0","0","0","0","0","0","0","0","0","0","0","0","0","0","1","0","0","0","0","0","0","0","0","0","0","0","0","0","0","0","0","0","0","0","0","0","0","0","0","0","0","0","0","0","0","0","0","0","0","0","0","0","0","0","0","1","202002","202204","2305"
"9364560","530010","70200730","00718528012964","3","1","00000000000000","","","","0010","","0","E","","","04","","01","39","03","","99","","","","","","","","LAB.003-/2021","20210813","1","","","","","","0","0","1","0","0","0","1","0","0","0","0","0","0","0",0,0,0,"0",0,0,0,0,0,0,0,0,0,0,0,0,0,0,"0",0,0,0,0,0,0,0,0,0,0,0,0,0,0,0,0,"0",0,0,0,"0",0,0,0,0,"0",0,0,0,0,0,0,0,0,0,0,0,0,0,0,0,"0","0","1","0","0","0","0","0","0","0","0","0","0","0","0","0","0","0","0","0","0","0","0","0","1","1","0","0","1","1","0","0","0","0","0","0","0","0","0","0","0","0","0","0","0","0","0","0","0","0","0","0","0","0","0","0","0","0","1","0","0","1","1","0","0","0","0","0","0","0","0","0","0","0","0","0","0","0","0","0","0","0","0","0","0","0","0","0","0","0","0","0","1","202112","202204","2054"
"9368183","530010","71950770","27846536000189","3","1","00000000000000","","","","0180","","0","E","","","04","","03","04","03","","99","","","","","","","","8650-0/03","20190314","1","","","","","","0","0","1","0","0","0","1","0","0","0","0","0","0","0",0,0,0,"0",0,0,0,0,0,0,0,0,0,0,0,0,0,0,"0",0,0,0,6,0,0,0,0,0,0,0,0,0,0,0,0,"1",0,0,0,"0",0,0,0,0,"0",0,0,0,0,0,0,0,0,0,0,0,0,0,0,0,"0","0","1","0","0","0","0","0","0","0","0","0","0","0","0","0","0","0","0","0","0","0","0","0","1","0","0","0","1","1","0","0","0","0","0","0","0","0","0","0","0","0","0","0","0","0","0","0","0","0","0","1","0","0","0","1","0","0","0","0","0","0","0","0","0","0","0","0","0","0","0","0","0","0","0","0","0","0","0","0","0","0","0","0","0","0","0","0","0","0","0","0","1","202005","202204","2062"
"9368736","530010","70390905","28803010000184","3","1","00000000000000","","","","0010","","0","E","","","04","","03","36","03","","99","","","","","","","","EAS.03317-51","20200724","1","","","","","","0","0","1","0","0","0","1","0","0","0","0","0","0","0",0,0,0,"0",0,0,0,0,0,0,0,0,0,0,0,0,0,0,"0",0,2,0,0,0,0,0,0,0,0,0,0,0,0,0,0,"1",0,0,0,"0",0,0,0,0,"0",0,0,0,0,0,0,0,0,0,0,0,0,0,0,0,"0","0","1","0","0","0","0","0","1","0","0","0","0","0","0","0","0","1","0","1","0","0","0","0","1","1","1","0","1","1","0","0","0","0","0","0","0","0","0","0","0","0","0","0","0","0","0","0","0","0","0","1","0","0","0","1","0","0","0","0","0","0","0","0","0","0","0","0","0","0","0","0","0","0","0","0","0","0","0","0","0","0","0","0","0","0","0","0","0","0","0","0","1","202007","202204","2062"
"9369058","530010","70390150","22792602000242","3","1","00000000000000","","","","0010","","0","E","","","04","","03","36","03","","99","","","","","","","","EAS.22743-01","20210808","1","","","","","","0","0","1","0","0","0","1","0","0","0","0","0","0","0",0,0,0,"0",0,0,0,0,0,0,0,0,0,0,0,0,0,0,"0",0,1,0,0,0,0,0,0,0,0,0,0,0,0,0,0,"1",0,0,0,"0",0,0,0,0,"0",0,0,0,0,0,0,0,0,0,0,0,0,0,0,0,"0","0","0","0","0","0","0","0","1","0","0","0","0","0","0","0","0","1","0","1","0","0","0","0","1","1","1","0","1","1","0","0","0","0","0","0","0","0","0","0","0","0","0","0","0","0","0","0","0","0","0","1","0","0","0","1","0","0","0","0","0","0","0","0","0","0","0","0","0","0","0","0","0","0","0","0","0","0","0","0","0","0","0","0","0","0","0","0","0","0","0","0","1","202110","202204","2135"
"9369694","530010","70830301","14483584000108","3","1","00000000000000","","","","0010","","0","E","","","04","","03","22","03","","99","","","","","","","","ODO 00259-02","20210827","1","","","","","","0","0","1","0","0","0","1","0","0","0","0","0","0","0",0,0,0,"0",0,0,0,0,0,0,0,0,0,0,0,0,0,0,"0",0,0,0,0,0,0,0,0,2,0,0,0,0,0,0,0,"1",0,0,0,"0",0,0,0,0,"0",0,0,0,0,0,0,0,0,0,0,0,0,0,0,0,"0","0","1","0","0","0","0","0","1","0","0","0","0","0","0","0","0","0","0","0","0","0","0","0","1","1","0","0","1","1","0","0","0","0","0","0","0","0","0","0","0","0","0","0","0","0","0","0","0","0","0","1","0","0","0","1","0","0","0","0","0","0","0","0","0","0","0","0","0","0","0","0","0","0","0","0","0","0","0","0","0","0","0","0","0","0","0","0","0","0","0","0","1","202203","202204","2062"
"9370072","530010","72308202","28571715000113","3","1","00000000000000","","","","","","0","E","","","04","","01","39","03","","99","","","","","","","","Nº LAB.00019-18","20181207","1","","","","","","0","0","1","0","0","0","1","0","0","0","0","0","0","0",0,0,0,"0",0,0,0,0,0,0,0,0,0,0,0,0,0,0,"0",0,0,0,0,0,0,0,0,0,0,0,0,0,0,0,0,"0",0,0,0,"0",0,0,0,0,"0",0,0,0,0,0,0,0,0,0,0,0,0,0,0,0,"0","0","1","0","0","0","0","0","1","0","0","0","0","0","0","0","0","0","0","0","0","0","0","0","1","1","0","0","1","1","0","0","0","0","0","0","0","0","0","0","0","0","0","0","0","0","0","0","0","0","0","1","0","0","0","1","0","0","1","0","0","0","1","0","0","0","0","0","0","0","0","0","0","0","0","0","0","0","0","0","0","0","0","0","0","0","0","0","0","0","0","0","1","201905","202204","2062"
"9371117","530010","70200730","24942732001211","3","1","00000000000000","","","","0010","","0","E","","","04","","03","39","03","","99","","","","","","","","0536601","20180713","1","","","","","","0","0","1","0","0","0","1","0","0","0","0","0","0","0",0,0,0,"0",0,0,0,0,0,0,0,0,0,0,0,0,0,0,"0",0,0,0,5,0,0,0,0,0,0,0,0,0,0,0,0,"1",0,0,0,"0",0,0,0,0,"0",0,0,0,0,0,0,0,0,0,0,0,0,0,0,0,"0","0","0","0","0","0","0","0","0","0","0","0","0","0","0","0","0","0","0","0","0","1","0","0","1","0","0","1","1","1","0","0","0","0","0","0","0","0","0","0","0","0","0","0","0","0","0","0","0","0","0","0","0","0","0","0","0","0","0","0","0","0","1","0","0","0","0","0","0","0","0","0","0","0","0","0","0","0","0","0","0","0","0","0","0","0","0","0","0","0","0","0","1","201909","202204","2062"
"9371370","530010","70200760","10851813000149","3","1","00000000000000","","","","0015","","0","E","","","04","","03","36","03","","99","","","","","","","","20161400385800","20160829","1","","","","","","0","0","1","0","0","0","1","0","0","0","0","0","0","0",0,0,0,"0",0,0,0,0,0,0,0,0,0,0,0,0,0,0,"0",0,1,0,0,0,0,0,0,0,0,0,0,0,0,0,0,"1",0,0,0,"0",0,0,0,0,"0",0,0,0,0,0,0,0,0,0,0,0,0,0,0,0,"0","0","1","0","0","0","0","0","0","0","0","0","0","0","0","0","0","0","0","0","0","0","0","0","1","0","0","0","1","1","0","0","0","0","0","0","0","0","0","0","0","0","0","0","0","0","0","0","0","0","0","1","0","0","0","0","0","0","0","0","0","0","0","0","0","0","0","0","0","0","0","0","0","0","0","0","0","0","0","0","0","0","0","0","0","0","0","0","0","0","0","0","1","201911","202204","2240"
"9371788","530010","70393905","26574036000172","3","1","00000000000000","","","","0015","","0","E","","","04","","03","36","03","","99","","","","","","","","","20161208","1","","","","","","0","0","1","0","0","0","1","0","0","0","0","0","0","0",0,0,0,"0",0,0,0,0,0,0,0,0,0,0,0,0,0,0,"0",0,1,0,0,0,0,0,0,0,0,0,0,0,0,0,0,"1",0,0,0,"0",0,0,0,0,"0",0,0,0,0,0,0,0,0,0,0,0,0,0,0,0,"0","0","1","0","0","0","0","0","0","0","0","0","0","0","0","0","0","0","0","0","0","0","0","0","1","0","0","0","1","1","0","0","0","0","0","0","0","0","0","0","0","0","0","0","0","0","0","0","0","0","0","1","0","0","0","1","0","0","0","0","0","0","0","0","0","0","0","0","0","0","0","0","0","0","0","0","0","0","0","0","0","0","0","0","0","0","0","0","0","0","0","0","1","202009","202204","2062"
"9372032","530010","71200035","27586575000194","3","1","00000000000000","","","","0010","","0","E","","","04","","03","04","03","","99","","","","","","","","","","","","","","","","0","0","1","0","0","0","1","0","0","0","0","0","0","0",0,0,0,"0",0,0,0,0,0,0,0,0,0,0,0,0,0,0,"0",0,1,0,0,0,0,0,0,0,0,0,0,0,0,0,0,"1",0,0,0,"0",0,0,0,0,"0",0,0,0,0,0,0,0,0,0,0,0,0,0,0,0,"0","0","0","0","0","0","0","0","0","0","0","0","0","0","0","0","0","0","0","0","0","0","0","0","0","0","0","0","1","1","0","0","0","0","0","0","0","0","0","0","0","0","0","0","0","0","0","0","0","0","0","1","0","0","1","1","0","0","0","0","0","0","0","0","0","0","0","0","0","0","0","0","0","0","0","0","0","0","0","0","0","0","0","0","0","0","0","0","0","0","0","0","1","202106","202204","2062"
"9372091","530010","70719030","28839402000101","3","1","00000000000000","","","","","","0","E","","","04","","03","22","03","","99","","","","","","","","ODO 00469-02/2021","20210105","1","","","","","","0","0","1","0","0","0","1","0","0","0","0","0","0","0",0,0,0,"0",0,0,0,0,0,0,0,0,0,0,0,0,0,0,"0",0,0,0,0,0,0,0,0,2,0,0,0,0,0,0,0,"1",0,0,0,"0",0,0,0,0,"0",0,0,0,0,0,0,0,0,0,0,0,0,0,0,0,"0","0","1","0","0","0","0","0","0","0","0","0","0","0","0","0","0","0","0","0","0","0","0","0","1","1","0","0","1","1","0","0","0","0","0","0","0","0","0","0","0","0","0","0","0","0","0","0","0","0","0","1","0","0","0","1","0","0","0","0","0","0","0","0","0","0","0","0","0","0","0","0","0","0","0","0","0","0","0","0","0","0","0","0","0","0","0","0","0","0","0","0","1","202108","202204","2062"
"9375813","530010","71907720","20208521000227","3","1","00000000000000","","","","9901","","0","E","","","04","","03","04","03","","99","","","","","","","","DFP2000200426","20211217","1","","","","","","0","0","1","0","0","0","1","0","0","0","0","0","0","0",0,0,0,"0",0,0,0,0,0,0,0,0,0,0,0,0,0,0,"0",1,0,0,0,0,0,0,0,0,0,0,1,0,0,0,0,"1",0,0,0,"0",0,0,0,0,"0",0,0,0,0,0,0,0,0,0,0,0,0,0,0,0,"0","0","1","0","0","0","0","0","0","0","0","0","0","0","0","0","0","0","0","0","0","0","0","0","1","1","0","0","1","1","0","0","0","0","0","0","0","0","0","0","0","0","0","0","0","0","0","0","0","0","0","1","0","0","0","1","0","0","0","0","0","0","0","0","0","0","0","0","0","0","0","0","0","0","0","0","0","0","0","0","0","0","0","0","0","0","0","0","0","0","0","0","1","202204","202204","2240"
"9376852","530010","72440470","13817626000137","3","1","00000000000000","","","","0060","","0","E","","","04","","01","04","03","","99","","","","","","","","EAS.00109-20","20180823","1","","","","","","0","0","1","0","0","0","1","0","0","0","0","0","0","0",0,0,0,"0",0,0,0,0,0,0,0,0,0,0,0,0,0,0,"0",0,2,0,0,0,0,0,1,0,0,0,0,0,0,0,1,"1",0,0,0,"0",0,0,0,0,"0",0,0,0,0,0,0,0,0,1,0,0,0,0,0,0,"0","0","0","1","0","0","0","0","1","0","0","0","0","0","0","0","0","1","0","1","0","0","0","0","1","1","0","0","1","1","0","0","0","0","0","0","0","0","0","0","0","0","0","0","0","0","0","0","0","0","0","1","0","0","0","1","0","0","0","0","0","0","0","0","0","0","0","0","0","0","0","0","0","0","0","0","0","0","0","0","0","0","0","0","0","0","0","0","0","0","0","0","1","201904","202204","2062"
"9376933","530010","70077900","00709766000220","3","1","00000000000000","","","","0005","","0","E","","","04","","01","36","03","","99","","","","","","","","00709766000220","20190305","1","","","","","","0","0","1","0","0","0","1","0","0","0","0","0","0","0",0,0,0,"0",0,0,0,0,0,0,0,0,0,0,0,0,0,0,"0",0,0,0,0,0,0,0,0,3,0,0,0,0,0,0,0,"1",0,0,0,"0",0,0,0,0,"0",0,0,0,0,0,0,0,0,0,0,0,0,0,0,0,"0","0","1","0","0","0","0","0","0","0","0","0","0","0","0","0","0","0","0","0","0","0","0","0","1","0","0","0","1","1","0","0","0","0","0","0","0","0","0","0","0","0","0","0","0","0","0","0","0","0","0","1","0","0","0","0","0","0","0","0","0","0","0","0","0","0","0","0","0","0","0","0","0","0","0","0","0","0","0","0","0","0","0","0","0","0","0","0","0","0","0","0","1","201912","202204","2062"
"9377379","530010","70390108","26399012000124","3","1","00000000000000","","","","","","0","E","","","04","","01","22","03","","99","","","","","","","","20171400406815","20170531","1","","","","","","0","0","1","0","0","0","1","0","0","0","0","0","0","0",0,0,0,"0",0,0,0,0,0,0,0,0,0,0,0,0,0,0,"0",1,0,0,0,0,0,0,0,0,0,0,0,0,0,0,0,"1",0,0,0,"0",0,0,0,0,"0",0,0,0,0,0,0,0,0,0,0,0,0,0,0,0,"0","0","1","0","0","0","0","0","0","0","0","0","0","0","0","0","0","0","0","0","0","0","0","0","1","0","0","0","1","1","0","0","0","0","0","0","0","0","0","0","0","0","0","0","0","0","0","0","0","0","0","1","0","0","0","0","0","0","0","0","0","0","0","0","0","0","0","0","0","0","0","0","0","0","0","0","0","0","0","0","0","0","0","0","0","0","0","0","0","0","0","0","1","202009","202204","2062"
"9380493","530010","70200700","27637290000135","3","1","00000000000000","","","","0010","","0","E","","","04","","03","04","03","","99","","","","","","","","RLE NIRE 53202111559","20190806","1","","","","","","0","0","1","0","0","0","1","0","0","0","0","0","0","0",0,0,0,"0",0,0,0,0,0,0,0,0,0,0,0,0,0,0,"0",0,1,0,0,0,0,0,0,0,0,0,0,0,0,0,0,"1",0,0,0,"0",0,0,0,0,"0",0,0,0,0,0,0,0,0,0,0,0,0,0,0,0,"0","0","0","1","0","0","0","0","0","0","0","0","0","0","0","0","0","0","0","0","0","0","0","0","1","0","0","0","1","1","0","0","0","0","0","0","0","0","0","0","0","0","0","0","0","0","0","0","0","0","0","1","0","0","0","1","0","0","0","0","0","0","0","0","0","0","0","0","0","0","0","0","0","0","0","0","0","0","0","0","0","0","0","0","0","0","0","0","0","0","0","0","1","201908","202204","2062"
"9380574","530010","72430102","28172895000160","3","1","00000000000000","","","","0060","","0","E","","","04","","01","36","04","","99","","","","","","","","EAS0011220","20181025","1","","","","","","0","0","1","0","0","0","1","0","0","0","0","0","0","0",0,0,0,"0",0,0,0,0,0,0,0,0,0,0,0,0,0,0,"0",0,2,0,0,0,0,0,0,0,0,0,0,0,0,0,0,"1",0,0,0,"0",0,0,0,0,"0",0,0,0,0,0,0,0,0,0,0,0,0,0,0,0,"0","0","1","0","0","0","0","0","0","0","0","0","0","0","0","0","0","0","0","0","0","0","0","0","1","1","0","0","1","1","0","0","0","0","0","0","0","0","0","0","0","0","0","0","0","0","0","0","0","0","0","1","0","0","0","0","0","0","0","0","0","0","0","0","0","0","0","0","0","0","0","0","0","0","0","0","0","0","0","0","0","0","0","0","0","0","0","0","0","0","0","0","1","201907","202204","2062"
"9380736","530010","70390145","23458419000197","3","1","00000000000000","","","","0010","","0","E","","","04","","03","36","03","","99","","","","","","","","RLE-20171401112050","20170818","1","","","","","","0","0","1","0","0","0","1","0","0","0","0","0","0","0",0,0,0,"0",0,0,0,0,0,0,0,0,0,0,0,0,0,0,"0",0,2,0,1,0,0,0,0,0,0,0,0,0,0,0,0,"1",0,0,0,"0",0,0,0,0,"0",0,0,0,0,0,0,0,0,0,0,0,0,0,0,0,"0","0","0","1","0","0","0","0","0","0","0","0","0","0","0","0","0","0","0","0","0","0","0","0","1","0","0","0","1","1","0","0","0","0","0","0","0","0","0","0","0","0","0","0","0","0","0","0","0","0","0","1","0","0","0","1","0","0","0","0","0","0","0","0","0","0","0","0","0","0","0","0","0","0","0","0","0","0","0","0","0","0","0","0","0","0","0","0","0","0","0","0","1","202002","202204","2062"
"9381732","530010","72010120","23049262000146","3","1","00000000000000","","","","0180","","0","E","","","04","","01","22","03","","99","001","10227","394203","","","","","53101337659","20191009","1","","","","","","0","0","1","0","0","0","1","0","0","0","0","0","0","0",0,0,0,"0",0,0,0,0,0,0,0,0,0,0,0,0,0,0,"0",0,0,0,0,0,0,0,0,1,0,0,0,0,0,0,0,"1",0,0,0,"0",0,0,0,0,"0",0,0,0,0,0,0,0,0,0,0,0,0,0,0,0,"0","0","1","0","0","0","0","0","1","0","0","0","0","0","0","0","0","0","0","0","0","0","0","0","1","1","0","0","1","1","0","0","0","0","0","0","0","0","0","0","0","0","0","0","0","0","0","0","0","0","0","1","0","0","0","0","0","0","0","0","0","0","0","0","0","0","0","0","0","0","0","0","0","0","0","0","0","0","0","0","0","0","0","0","0","0","0","0","0","0","0","0","1","201910","202204","2135"
"9381872","530010","70309900","01530626000172","3","1","00000000000000","","","","","","0","E","","","04","","03","22","03","","99","","","","","","","","LICENCA SANITARIA","20210519","1","","","","","","0","0","0","0","0","0","0","0","0","0","0","0","0","0",0,0,0,"0",0,0,0,0,0,0,0,0,0,0,0,0,0,0,"0",0,0,0,1,0,0,0,0,0,0,0,0,0,0,0,0,"1",0,0,0,"0",0,0,0,0,"0",0,0,0,0,0,0,0,0,0,0,0,0,0,0,0,"0","0","0","0","0","0","0","0","0","0","0","0","0","0","0","0","0","0","0","0","0","0","0","0","0","0","0","0","1","1","0","0","0","0","0","0","0","0","0","0","0","0","0","0","0","0","0","0","0","0","0","0","0","0","0","0","1","0","0","0","0","0","0","0","0","0","0","0","0","0","0","0","0","0","0","0","0","0","0","0","0","0","0","0","0","0","0","0","0","0","0","0","1","202204","202204","3999"
"9385274","530010","72006200","09129724000104","3","1","00000000000000","","","","","","0","E","","","04","","03","04","04","","99","","","","","","","","EAS 00261-15","20191107","1","","","","","","0","0","1","0","0","0","1","0","0","0","0","0","0","0",0,0,0,"0",0,0,0,0,0,0,0,0,0,0,0,0,0,0,"0",0,6,0,0,0,0,0,0,0,0,0,0,0,0,0,0,"1",0,0,0,"0",0,0,0,0,"0",0,0,0,0,0,0,0,0,0,0,0,0,0,0,0,"0","0","1","0","0","0","0","0","0","0","0","0","0","0","0","0","0","0","0","0","0","0","0","0","1","0","0","0","1","1","0","0","0","0","0","0","0","0","0","0","0","0","0","0","0","0","0","0","0","0","0","1","0","0","0","0","0","0","0","0","0","0","0","0","0","0","0","0","0","0","0","0","0","0","0","0","0","0","0","0","0","0","0","0","0","0","0","0","0","0","0","0","1","202002","202204","2062"
"9385738","530010","70770560","61486650078107","3","1","00000000000000","","","","","","0","E","","","04","","03","39","03","","99","","","","","","","","","","","","","","","","0","0","1","0","0","0","1","0","0","0","0","0","0","0",0,0,0,"0",0,0,0,0,0,0,0,0,0,0,0,0,0,0,"0",0,0,0,0,0,0,0,1,0,0,0,1,0,0,0,0,"1",0,0,0,"0",0,0,0,0,"0",0,0,0,0,0,0,0,0,1,0,0,0,0,0,0,"0","0","0","0","0","0","0","0","0","0","0","0","0","0","0","0","0","0","1","0","0","0","0","0","1","1","0","1","1","1","0","0","0","0","0","0","0","0","0","0","0","0","0","0","0","0","0","0","0","0","0","0","0","0","0","0","0","0","1","0","0","0","1","0","0","0","0","0","0","0","0","0","0","0","0","0","0","0","0","0","0","0","0","0","0","0","0","0","0","0","0","0","1","202010","202204","2046"
"9386602","530010","70390100","28204723000121","3","1","00000000000000","","","","0010","","0","E","","","04","","03","36","03","","99","","","","","","","","EAS2043101","20180924","1","","","","","","0","0","1","0","0","0","1","0","0","0","0","0","0","0",0,0,0,"0",0,0,0,0,0,0,0,0,0,0,0,0,0,0,"0",0,1,0,0,0,0,0,0,0,0,0,0,0,0,0,0,"1",0,0,0,"0",0,0,0,0,"0",0,0,0,0,0,0,0,0,0,0,0,0,0,0,0,"0","0","0","1","0","0","0","0","0","0","0","0","0","0","0","0","0","0","0","0","0","0","0","0","1","1","0","0","1","1","0","0","0","0","0","0","0","0","0","0","0","0","0","0","0","0","0","0","0","0","0","1","0","0","0","1","0","0","0","0","0","0","0","0","0","0","0","0","0","0","0","0","0","0","0","0","0","0","0","0","0","0","0","0","0","0","0","0","0","0","0","0","1","201905","202204","2305"
"9386688","530010","73010120","28797741000164","3","1","00000000000000","","","","0170","","0","E","","","04","","03","22","03","","99","","","","","","","","EAS- 00125-09","20190604","1","","","","","","0","0","1","0","0","0","1","0","0","0","0","0","0","0",0,0,0,"0",0,0,0,0,0,0,0,0,0,0,0,0,0,0,"0",1,0,0,0,0,0,0,0,0,0,0,0,0,0,0,0,"1",0,0,0,"0",0,0,0,0,"0",0,0,0,0,0,0,0,0,0,0,0,0,0,0,0,"0","0","1","0","0","0","0","0","1","0","0","0","0","0","0","0","0","0","0","0","0","0","0","0","1","1","0","0","1","1","0","0","0","0","0","0","0","0","0","0","0","0","0","0","0","0","0","0","0","0","0","1","0","0","0","1","0","0","0","0","0","0","0","0","0","0","0","0","0","0","0","0","0","0","0","0","0","0","0","0","0","0","0","0","0","0","0","0","0","0","0","0","1","202002","202204","2062"
"9386890","530010","70200700","24005986000150","3","1","00000000000000","","","","","","0","E","","","04","","01","22","04","","99","","","","","","","","","","1","","","","","","0","0","1","0","0","0","1","0","0","0","0","0","0","0",0,0,0,"0",0,0,0,0,0,0,0,0,0,0,0,0,0,0,"0",0,0,0,0,0,0,0,0,1,0,0,0,0,0,0,0,"1",0,0,0,"0",0,0,0,0,"0",0,0,0,0,0,0,0,0,0,0,0,0,0,0,0,"0","0","0","0","0","0","0","0","0","0","0","0","0","0","0","0","0","0","0","0","0","0","0","0","0","1","0","0","1","1","0","0","0","0","0","0","0","0","0","0","0","0","0","0","0","0","0","0","0","0","0","1","0","0","0","1","0","0","0","0","0","0","0","0","0","0","0","0","0","0","0","0","0","0","0","0","0","0","0","0","0","0","0","0","0","0","0","0","0","0","0","0","1","202101","202204","2062"
"9388044","530010","72215178","28162046000126","3","1","00000000000000","","","","","","0","E","","","04","","03","36","03","","99","","","","","","","","53202123077","20190812","1","","","","","","0","0","1","0","0","0","1","0","0","0","0","0","0","0",0,0,0,"0",0,0,0,0,0,0,0,0,0,0,0,0,0,0,"0",0,1,0,0,0,0,0,0,0,0,0,0,0,0,0,0,"1",0,0,0,"0",0,0,0,0,"0",0,0,0,0,0,0,0,0,0,0,0,0,0,0,0,"0","0","0","1","0","0","0","0","0","0","0","0","0","0","0","0","0","0","0","0","0","0","0","0","1","0","0","0","1","1","0","0","0","0","0","0","0","0","0","0","0","0","0","0","0","0","0","0","0","0","0","1","0","0","1","1","0","0","0","0","0","0","0","0","0","0","0","0","0","0","0","0","0","0","0","0","0","0","0","0","0","0","0","0","0","0","0","0","0","0","0","0","1","202006","202204","2062"
"9388427","530010","70200700","19156456000173","3","1","00000000000000","","","","0015","","0","E","","","04","","03","04","03","","99","","","","","","","","EAS.20271-01","20191004","1","","","","","","0","0","1","0","0","0","1","0","0","0","0","0","0","0",0,0,0,"0",0,0,0,0,0,0,0,0,0,0,0,0,0,0,"0",1,1,0,0,0,0,0,0,0,0,0,0,0,0,0,0,"1",0,0,0,"0",0,0,0,0,"0",0,0,0,0,0,0,0,0,0,0,0,0,0,0,0,"0","0","1","0","0","0","0","0","0","0","0","0","0","0","0","0","0","0","0","0","0","0","0","0","1","1","0","0","1","1","0","0","0","0","0","0","0","0","0","0","0","0","0","0","0","0","0","0","0","0","0","1","0","0","0","1","0","0","0","0","0","0","0","0","0","0","0","0","0","0","0","0","0","0","0","0","0","0","0","0","0","0","0","0","0","0","0","0","0","0","0","0","1","202003","202204","2062"
"9389911","530010","72162301","10851800000250","3","1","00000000000000","","","","","","0","E","","","04","","01","36","04","","99","","","","","","","","0002815","20191205","1","","","","","","0","0","1","0","0","0","1","0","0","0","0","0","0","0",0,0,0,"0",0,0,0,0,0,0,0,0,0,0,0,0,0,0,"0",0,1,0,0,0,0,0,0,0,0,0,0,0,0,0,0,"1",0,0,0,"0",0,0,0,0,"0",0,0,0,0,0,0,0,0,0,0,0,0,0,0,0,"0","0","0","0","0","0","0","0","0","0","0","0","0","0","0","0","0","0","0","1","0","1","0","0","1","1","0","0","1","1","0","0","0","0","0","0","0","0","0","0","0","0","0","0","0","0","0","0","0","0","0","1","0","0","0","1","0","0","0","0","0","0","0","0","0","0","0","0","0","0","0","0","0","0","0","0","0","0","0","0","0","0","0","0","0","0","0","0","0","0","0","0","1","202003","202204","2062"
"9390758","530010","70200740","24386198000151","3","1","00000000000000","","","","0015","","0","E","","","04","","03","36","04","","99","","","","","","","","RLE","20191106","1","","","","","","0","0","1","0","0","0","1","0","0","0","0","0","0","0",0,0,0,"0",0,0,0,0,0,0,0,0,0,0,0,0,0,0,"0",0,7,0,0,0,0,0,0,0,0,0,0,0,0,0,0,"1",0,0,0,"0",0,0,0,0,"0",0,0,0,0,0,0,0,0,0,0,0,0,0,0,0,"0","0","1","0","0","0","0","0","0","0","0","0","0","0","0","0","0","0","0","1","0","0","0","0","1","0","0","0","1","1","0","0","0","0","0","0","0","0","0","0","0","0","0","0","0","0","0","0","0","0","0","1","0","0","1","1","0","0","0","0","0","0","0","0","0","0","0","0","0","0","0","0","0","0","0","0","0","0","0","0","0","0","0","0","0","0","0","0","0","0","0","0","1","202001","202204","2305"
"9393013","530010","71950770","22618918000131","3","1","00000000000000","","","","9901","","0","E","","","04","","03","22","03","","99","","","","","","","","ODO.00145-14","20190826","1","","","","","","0","0","1","0","0","0","1","0","0","0","0","0","0","0",0,0,0,"0",0,0,0,0,0,0,0,0,0,0,0,0,0,0,"0",0,0,0,0,0,0,0,0,1,0,0,0,0,0,0,0,"1",0,0,0,"0",0,0,0,0,"0",0,0,0,0,0,0,0,0,0,0,0,0,0,0,0,"0","0","1","0","0","0","0","0","0","0","0","0","0","0","0","0","0","0","0","0","0","0","0","0","1","0","0","0","1","1","0","0","0","0","0","0","0","0","0","0","0","0","0","0","0","0","0","0","0","0","0","1","0","0","0","0","0","0","0","0","0","0","0","0","0","0","0","0","0","0","0","0","0","0","0","0","0","0","0","0","0","0","0","0","0","0","0","0","0","0","0","0","1","201909","202204","2062"
"9393374","530010","70390150","14182648000130","3","1","00000000000000","","","","","","0","E","","","04","","01","36","04","","99","","","","","","","","EAS.20431-01","20190606","","","","","","","0","0","1","0","0","0","1","0","0","0","0","0","0","0",0,0,0,"0",0,0,0,0,0,0,0,0,0,0,0,0,0,0,"0",0,2,0,0,0,0,0,0,0,0,0,0,0,0,0,0,"1",0,0,0,"0",0,0,0,0,"0",0,0,0,0,0,0,0,0,0,0,0,0,0,0,0,"0","0","1","0","0","0","0","0","1","0","0","0","0","0","0","0","0","0","0","1","0","0","0","0","1","1","0","0","1","1","0","0","0","0","0","0","0","0","0","0","0","0","0","0","0","0","0","0","0","0","0","1","0","0","0","0","0","0","0","0","0","0","0","0","0","0","0","0","0","0","0","0","0","0","0","0","0","0","0","0","0","0","0","0","0","0","0","0","0","0","0","0","1","201908","202204","2062"
"9394168","530010","73062001","28849912000151","3","1","00000000000000","","","","9922","","0","E","","","04","","01","22","03","","99","","","","","","","","ODO-0620-02","20201213","1","","","","","","0","0","1","0","0","0","1","0","0","0","0","0","0","0",0,0,0,"0",0,0,0,0,0,0,0,0,0,0,0,0,0,0,"0",0,0,0,0,0,0,0,0,1,0,0,0,0,0,0,0,"1",0,0,0,"0",0,0,0,0,"0",0,0,0,0,0,0,0,0,0,0,0,0,0,0,0,"0","0","1","0","0","0","0","0","1","0","0","0","0","0","0","0","0","0","0","0","0","0","0","0","1","0","0","0","1","1","0","0","0","0","0","0","0","0","0","0","0","0","0","0","0","0","0","0","0","0","0","1","0","0","0","1","0","0","0","0","0","0","0","0","0","0","0","0","0","0","0","0","0","0","0","0","0","0","0","0","0","0","0","0","0","0","0","0","0","0","0","0","1","202110","202204","2062"
"9397043","530010","72215178","20514100000143","3","1","00000000000000","","","","","","0","E","","","04","","01","22","03","","99","","","","","","","","CERT LICENCIAMENTO","20191118","1","","","","","","0","0","1","0","0","0","1","0","0","0","0","0","0","0",0,0,0,"0",0,0,0,0,0,0,0,0,0,0,0,0,0,0,"0",0,0,0,1,0,0,0,0,0,0,0,0,0,0,0,0,"1",0,0,0,"0",0,0,0,0,"0",0,0,0,0,0,0,0,0,0,0,0,0,0,0,0,"0","0","0","0","0","0","0","0","0","0","0","0","0","0","0","0","0","0","0","0","0","0","0","0","0","0","0","0","1","1","0","0","0","0","0","0","0","0","0","0","0","0","0","0","0","0","0","0","0","0","0","1","0","0","1","1","0","0","0","0","0","0","0","0","0","0","0","0","0","0","0","0","0","0","0","0","0","0","0","0","0","0","0","0","0","0","0","0","0","0","0","0","1","202010","202204","2062"
"9397086","530010","71250705","00718528012700","3","1","00000000000000","","","","0070","","0","E","","","04","","01","39","03","","99","","","","","","","","LAB. 10-10/2021","20210429","1","","","","","","0","0","1","0","0","0","1","0","0","0","0","0","0","0",0,0,0,"0",0,0,0,0,0,0,0,0,0,0,0,0,0,0,"0",0,0,0,0,0,0,0,0,0,0,0,0,0,0,0,0,"0",0,0,0,"0",0,0,0,0,"0",0,0,0,0,0,0,0,0,0,0,0,0,0,0,0,"0","0","1","0","0","0","0","0","0","0","0","0","0","0","0","0","0","0","0","0","0","0","0","0","1","1","0","0","1","1","0","0","0","0","0","0","0","0","0","0","0","0","0","0","0","0","0","0","0","0","0","0","0","0","0","0","0","0","1","0","0","1","1","0","0","0","0","0","0","0","0","0","0","0","0","0","0","0","0","0","0","0","0","0","0","0","0","0","0","0","0","0","1","202108","202204","2054"
"9400788","530010","70303900","28788237000106","3","1","00000000000000","","","","","","0","E","","","04","","01","22","03","","99","","","","","","","","EAS.20517.01","20180621","1","","","","","","0","0","1","0","0","0","1","0","0","0","0","0","0","0",0,0,0,"0",0,0,0,0,0,0,0,0,0,0,0,0,0,0,"0",0,1,0,0,0,0,0,0,0,0,0,0,0,0,0,0,"1",0,0,0,"0",0,0,0,0,"0",0,0,0,0,0,0,0,0,0,0,0,0,0,0,0,"0","0","1","0","0","0","0","0","0","0","0","0","0","0","0","0","0","0","0","0","0","0","0","0","1","0","0","0","1","1","0","0","0","0","0","0","0","0","0","0","0","0","0","0","0","0","0","0","0","0","0","1","0","0","0","1","0","0","0","0","0","0","0","0","0","0","0","0","0","0","0","0","0","0","0","0","0","0","0","0","0","0","0","0","0","0","0","0","0","0","0","0","1","201907","202204","2062"
"9401067","530010","70340906","27926466000179","3","1","00000000000000","","","","0015","","0","E","","","04","","03","36","03","","99","","","","","","","","EAS.20748-01","20210415","1","","","","","","0","0","1","0","0","0","1","0","0","0","0","0","0","0",0,0,0,"0",0,0,0,0,0,0,0,0,0,0,0,0,0,0,"0",1,0,0,0,0,0,0,0,0,0,0,0,0,0,0,0,"1",0,0,0,"0",0,0,0,0,"0",0,0,0,0,0,0,0,0,0,0,0,0,0,0,0,"0","0","1","0","0","0","0","0","0","0","0","0","0","0","0","0","0","0","0","0","0","0","0","0","1","1","0","0","1","1","0","0","0","0","0","0","0","0","0","0","0","0","0","0","0","0","0","0","0","0","0","1","0","0","0","0","0","0","0","0","0","0","0","0","0","0","0","0","0","0","0","0","0","0","0","0","0","0","0","0","0","0","0","0","0","0","0","0","0","0","0","0","1","202112","202204","2062"
"9401768","530010","70390908","25065531000274","3","1","00000000000000","","","","","","0","E","","","04","","01","39","03","","99","","","","","","","","","","","","","","","","0","0","1","0","0","0","1","0","0","0","0","0","0","0",0,0,0,"0",0,0,0,0,0,0,0,0,0,0,0,0,0,0,"0",0,0,0,0,0,0,0,0,0,0,0,0,0,0,0,0,"0",0,0,0,"0",0,0,0,0,"0",0,0,0,0,0,0,0,0,0,0,0,0,0,0,0,"0","0","0","0","0","0","0","0","0","0","0","0","0","0","0","0","0","0","0","0","0","0","0","0","0","1","0","0","0","1","0","0","0","0","0","0","0","0","0","0","0","0","0","0","0","0","0","0","0","0","0","0","0","0","0","0","0","0","1","0","0","0","0","0","0","0","0","0","0","0","0","0","0","0","0","0","0","0","0","0","0","0","0","0","0","0","0","0","0","0","0","0","1","202008","202204","2062"
"9404260","530010","72115035","28803940000138","3","1","00000000000000","","","","","","0","E","","","04","","01","22","04","","99","","","","","","","","CERTIFICADO DE LICENCIAME","20171023","1","","","","","","0","0","1","0","0","0","1","0","0","0","0","0","0","0",0,0,0,"0",0,0,0,0,0,0,0,0,0,0,0,0,0,0,"0",0,0,0,5,0,0,0,0,0,0,0,0,0,0,0,0,"1",0,0,0,"0",0,0,0,0,"0",0,0,0,0,0,0,0,0,0,0,0,0,0,0,0,"0","0","1","0","0","0","0","0","0","0","0","0","0","0","0","0","0","0","0","0","0","0","0","0","1","0","0","0","1","1","0","0","0","0","0","0","0","0","0","0","0","0","0","0","0","0","0","0","0","0","0","1","0","0","0","0","0","0","0","0","0","0","0","0","0","0","0","0","0","0","0","0","0","0","0","0","0","0","0","0","0","0","0","0","0","0","0","0","0","0","0","0","1","202007","202204","2305"
"9406514","530010","70710146","16389815000144","3","1","00000000000000","","","","","","0","E","","","04","","03","36","03","","99","","","","","","","","EAS 0367-02","20190906","1","","","","","","0","0","1","0","0","0","1","0","0","0","0","0","0","0",0,0,0,"0",0,0,0,0,0,0,0,0,0,0,0,0,0,0,"0",0,1,0,0,0,0,0,0,0,0,0,0,0,0,0,0,"1",0,0,0,"0",0,0,0,0,"0",0,0,0,0,0,0,0,0,0,0,0,0,0,0,0,"0","0","1","0","0","0","0","0","0","0","0","0","0","0","0","0","0","0","0","0","0","0","0","0","1","0","0","0","1","1","0","0","0","0","0","0","0","0","0","0","0","0","0","0","0","0","0","0","0","0","0","1","0","0","0","1","0","0","0","0","0","0","0","0","0","0","0","0","0","0","0","0","0","0","0","0","0","0","0","0","0","0","0","0","0","0","0","0","0","0","0","0","1","202101","202204","2062"
"9407987","530010","71020037","27363150000116","3","1","00000000000000","","","","","","0","E","","","04","","01","22","03","","99","","","","","","","","HIR9BS","20211202","1","","","","","","0","0","1","0","0","0","1","0","0","0","0","0","0","0",0,0,0,"0",0,0,0,0,0,0,0,0,0,0,0,0,0,0,"0",0,0,0,0,0,0,0,0,1,0,0,0,0,0,0,0,"1",0,0,0,"0",0,0,0,0,"0",0,0,0,0,0,0,0,0,0,0,0,0,0,0,0,"0","0","1","0","0","0","0","0","1","0","0","0","0","0","0","0","0","0","0","0","0","0","0","0","1","1","1","0","1","1","0","0","0","0","0","0","0","0","0","0","0","0","0","0","0","0","0","0","0","0","0","1","0","0","1","1","0","0","0","0","0","0","0","0","0","0","0","0","0","0","0","0","0","0","0","0","0","0","0","0","0","0","0","0","0","0","0","0","0","0","0","0","1","202112","202204","2305"
"9408207","530010","70712000","27736186000106","3","1","00000000000000","","","","","","0","E","","","04","","01","84","03","","99","","","","","","","","20171100240342","20180601","1","","","","","","0","0","1","0","0","0","1","0","0","0","0","0","0","0",0,0,0,"0",0,0,0,0,0,0,0,0,0,0,0,0,0,0,"0",0,0,0,1,0,0,0,0,0,0,0,0,0,0,0,0,"1",0,0,0,"0",0,0,0,0,"0",0,0,0,0,0,0,0,0,0,0,0,0,0,0,0,"0","0","1","0","0","0","0","0","0","0","0","0","0","0","0","0","0","0","0","0","0","0","0","0","1","0","0","0","1","1","0","0","0","0","0","0","0","0","0","0","0","0","0","0","0","0","0","0","0","0","0","1","0","0","0","1","0","0","0","0","0","0","0","0","0","0","0","0","0","0","0","0","0","0","0","0","0","0","0","0","0","0","0","0","0","0","0","0","0","0","0","0","1","202002","202204","2062"
"9408681","530010","72410101","11635674000189","3","1","00000000000000","","","","0060","","0","E","","","04","","03","36","03","","99","","","","","","","","EAS 00122-20","20190204","1","","","","","","0","0","1","0","0","0","1","0","0","0","0","0","0","0",0,0,0,"0",0,0,0,0,0,0,0,0,0,0,0,0,0,0,"0",1,0,0,0,0,0,0,0,0,0,0,0,0,0,0,0,"1",0,0,0,"0",0,0,0,0,"0",0,0,0,0,0,0,0,0,0,0,0,0,0,0,0,"0","0","1","0","0","0","0","0","0","0","0","0","0","0","0","0","0","0","0","0","0","0","0","0","1","0","0","0","1","1","0","0","0","0","0","0","0","0","0","0","0","0","0","0","0","0","0","0","0","0","0","1","0","0","0","1","0","0","0","0","0","0","0","0","0","0","0","0","0","0","0","0","0","0","0","0","0","0","0","0","0","0","0","0","0","0","0","0","0","0","0","0","1","201908","202204","2062"
"9408886","530010","71936250","27943667000184","3","1","00000000000000","","","","9901","","0","E","","","04","","03","36","03","","99","","","","","","","","ODO.00121-22/2021","20210623","1","","","","","","0","0","1","0","0","0","1","0","0","0","0","0","0","0",0,0,0,"0",0,0,0,0,0,0,0,0,0,0,0,0,0,0,"0",0,0,0,0,0,0,0,0,2,0,0,0,0,0,0,0,"1",0,0,0,"0",0,0,0,0,"0",0,0,0,0,0,0,0,0,0,0,0,0,0,0,0,"0","0","1","0","0","0","0","0","0","0","0","0","0","0","0","0","0","0","0","0","0","0","0","0","1","1","0","0","1","1","0","0","0","0","0","0","0","0","0","0","0","0","0","0","0","0","0","0","0","0","0","1","0","0","1","1","0","0","0","0","0","0","0","0","0","0","0","0","0","0","0","0","0","0","0","0","0","0","0","0","0","0","0","0","0","0","0","0","0","0","0","0","1","202108","202204","2305"
"9409955","530010","70390100","27360840000111","3","1","00000000000000","","","","0010","","0","E","","","04","","03","36","03","","99","","","","","","","","EAS 2039101","20180728","1","","","","","","0","0","1","0","0","0","1","0","0","0","0","0","0","0",0,0,0,"0",0,0,0,0,0,0,0,0,0,0,0,0,0,0,"0",0,1,0,0,0,0,0,0,0,0,0,0,0,0,0,0,"1",0,0,0,"0",0,0,0,0,"0",0,0,0,0,0,0,0,0,0,0,0,0,0,0,0,"0","0","1","0","0","0","0","0","0","0","0","0","0","0","0","0","0","0","0","0","0","0","0","0","1","0","0","0","1","1","0","0","0","0","0","0","0","0","0","0","0","0","0","0","0","0","0","0","0","0","0","1","0","0","0","0","0","0","0","0","0","0","0","0","0","0","0","0","0","0","0","0","0","0","0","0","0","0","0","0","0","0","0","0","0","0","0","0","0","0","0","0","1","201901","202204","2305"
"9409963","530010","72115010","13483863000109","3","1","00000000000000","","","","","","0","E","","","04","","01","22","04","","99","","","","","","","","ODO.00168-15","20210527","1","","","","","","0","0","1","0","0","0","1","0","0","0","0","0","0","0",0,0,0,"0",0,0,0,0,0,0,0,0,0,0,0,0,0,0,"0",0,0,0,0,0,0,0,0,1,0,0,0,0,0,0,0,"1",0,0,0,"0",0,0,0,0,"0",0,0,0,0,0,0,0,0,0,0,0,0,0,0,0,"0","0","1","0","0","0","0","0","1","0","0","0","0","0","0","0","0","0","0","0","0","0","0","0","1","1","0","0","1","1","0","0","0","0","0","0","0","0","0","0","0","0","0","0","0","0","0","0","0","0","0","1","0","0","0","0","0","0","0","0","0","0","0","0","0","0","0","0","0","0","0","0","0","0","0","0","0","0","0","0","0","0","0","0","0","0","0","0","0","0","0","0","1","202201","202204","2062"
"9411151","530010","70390108","28193891000169","3","1","00000000000000","","","","0015","","0","E","","","04","","03","36","03","","99","","","","","","","","CERTIF. DE LICENCIAMENTO","20210927","1","","","","","","0","0","1","0","0","0","1","0","0","0","0","0","0","0",0,0,0,"0",0,0,0,0,0,0,0,0,0,0,0,0,0,0,"0",0,0,0,0,0,0,0,0,1,0,0,0,0,0,0,0,"1",0,0,0,"0",0,0,0,0,"0",0,0,0,0,0,0,0,0,0,0,0,0,0,0,0,"0","0","1","0","0","0","0","0","1","0","0","0","0","0","0","0","0","0","0","0","0","0","0","0","1","1","1","1","1","1","0","0","0","0","0","0","0","0","0","0","0","0","0","0","0","0","0","0","0","0","0","1","0","0","1","1","0","0","0","0","0","0","0","0","0","0","0","0","0","0","0","0","0","0","0","0","0","0","0","0","0","0","0","0","0","0","0","0","0","0","0","0","1","202110","202204","2062"
"9411313","530010","70673416","05026671000145","3","1","00000000000000","","","","9931","","0","E","","","04","","01","04","03","","99","","","","","","","","2017140071.6849","20181212","1","","","","","","0","0","1","0","0","0","1","0","0","0","0","0","0","0",0,0,0,"0",0,0,0,0,0,0,0,0,0,0,0,0,0,0,"0",0,2,0,0,0,0,0,0,0,0,0,0,0,0,0,1,"1",0,0,0,"0",0,0,0,0,"0",0,0,0,0,0,0,0,0,0,0,0,0,0,0,0,"0","0","1","0","0","0","0","0","1","0","0","1","0","0","0","0","0","1","0","1","0","1","0","0","1","1","0","1","1","1","0","0","0","0","0","0","0","0","0","0","0","0","0","0","0","0","0","0","0","0","0","1","0","0","0","1","0","0","0","0","0","0","0","0","0","0","0","0","0","0","0","0","0","0","0","0","0","0","0","0","0","0","0","0","0","0","0","0","0","0","0","0","1","201906","202204","2062"
"9411887","530010","70711040","00718528012379","3","1","00000000000000","","","","0005","","0","E","","","04","","01","39","03","","99","","","","","","","","LAB 00030-02","20210821","1","","","","","","0","0","1","0","0","0","1","0","0","0","0","0","0","0",0,0,0,"0",0,0,0,0,0,0,0,0,0,0,0,0,0,0,"0",0,0,0,0,0,0,0,0,0,0,0,0,0,0,0,0,"0",0,0,0,"0",0,0,0,0,"0",0,0,0,0,0,0,0,0,0,0,0,0,0,0,0,"0","0","1","0","0","0","0","0","0","0","0","0","0","0","0","0","0","0","0","0","0","0","0","0","1","1","1","0","1","1","0","0","0","0","0","0","0","0","0","0","0","0","0","0","0","0","0","0","0","0","0","0","0","0","0","0","0","0","1","0","0","1","1","0","0","0","0","0","0","0","0","0","0","0","0","0","0","0","0","0","0","0","0","0","0","0","0","0","0","0","0","0","1","202110","202204","2054"
"9412956","530010","72010010","28999056000110","3","1","00000000000000","","","","","","0","E","","","04","","01","22","04","","99","","","","","","","","DFP1800000508","20180104","1","","","","","","0","0","1","0","0","0","1","0","0","0","0","0","0","0",0,0,0,"0",0,0,0,0,0,0,0,0,0,0,0,0,0,0,"0",0,0,0,2,0,0,0,0,0,0,0,0,0,0,0,0,"1",0,0,0,"0",0,0,0,0,"0",0,0,0,0,0,0,0,0,0,0,0,0,0,0,0,"0","0","1","0","0","0","0","0","0","0","0","0","0","0","0","0","0","0","0","0","0","0","0","0","1","0","0","0","1","1","0","0","0","0","0","0","0","0","0","0","0","0","0","0","0","0","0","0","0","0","0","1","0","0","0","1","0","0","0","0","0","0","0","0","0","0","0","0","0","0","0","0","0","0","0","0","0","0","0","0","0","0","0","0","0","0","0","0","0","0","0","0","1","201810","202204","2135"
"9412972","530010","71939540","22849207000178","3","1","00000000000000","","","","9901","","0","E","","","04","","01","22","04","","99","","","","","","","","20171401468610","20171020","1","","","","","","0","0","1","0","0","0","1","0","0","0","0","0","0","0",0,0,0,"0",0,0,0,0,0,0,0,0,0,0,0,0,0,0,"0",0,0,0,2,0,0,0,0,0,0,0,0,0,0,0,0,"1",0,0,0,"0",0,0,0,0,"0",0,0,0,0,0,0,0,0,0,0,0,0,0,0,0,"0","0","1","0","0","0","0","0","0","0","0","0","0","0","0","0","0","0","0","0","0","0","0","0","1","0","0","0","1","1","0","0","0","0","0","0","0","0","0","0","0","0","0","0","0","0","0","0","0","0","0","1","0","0","0","1","0","0","0","0","0","0","0","0","0","0","0","0","0","0","0","0","0","0","0","0","0","0","0","0","0","0","0","0","0","0","0","0","0","0","0","0","1","201810","202204","2135"
"9414754","530010","73020412","00000000000000","3","3","00394700000108","","06","","0170","","1","E","","","04","","03","04","03","","99","","","","","","","","","","","","","","","","0","0","1","0","0","0","1","0","0","0","0","0","0","0",0,0,0,"0",0,0,0,0,0,0,0,0,0,0,0,0,0,0,"0",0,5,24,0,0,0,0,0,0,1,2,0,0,0,1,1,"1",0,0,0,"0",0,0,0,0,"0",0,0,0,0,0,0,0,0,0,0,0,0,0,0,0,"0","0","0","0","0","0","0","0","0","0","0","0","0","0","0","0","0","0","0","0","0","0","0","0","0","1","0","0","1","1","0","0","0","0","0","0","0","0","0","0","0","0","0","0","0","0","0","0","0","0","1","0","0","0","0","0","1","0","0","0","0","0","0","0","0","0","0","0","0","0","0","0","0","0","0","0","0","0","0","0","0","0","0","0","0","0","0","0","0","0","0","0","1","202204","202204","1023"
"9414789","530010","70200730","28193948000120","3","1","00000000000000","","","","","","0","E","","","04","","03","36","03","","99","","","","","","","","EAS.20433-01","20190926","1","","","","","","0","0","1","0","0","0","1","0","0","0","0","0","0","0",0,0,0,"0",0,0,0,0,0,0,0,0,0,0,0,0,0,0,"0",0,2,0,0,0,0,0,0,0,0,0,0,0,0,0,0,"1",0,0,0,"0",0,0,0,0,"0",0,0,0,0,0,0,0,0,0,0,0,0,0,0,0,"0","0","1","0","0","0","0","0","0","0","0","0","0","0","0","0","0","0","0","0","0","0","0","0","1","1","0","0","1","1","0","0","0","0","0","0","0","0","0","0","0","0","0","0","0","0","0","0","0","0","0","1","0","0","0","1","0","0","0","0","0","0","0","0","0","0","0","0","0","0","0","0","0","0","0","0","0","0","0","0","0","0","0","0","0","0","0","0","0","0","0","0","1","201910","202204","2062"
"9415254","530010","72006290","61486650077488","3","1","00000000000000","","","","","","0","E","","","04","","","39","03","","99","","","","","","","","","","","","","","","","0","0","1","0","0","0","1","0","0","0","0","0","0","0",0,0,0,"0",0,0,0,0,0,0,0,0,0,0,0,0,0,0,"0",0,0,0,0,0,0,0,0,0,0,0,0,0,0,0,0,"0",0,0,0,"0",0,0,0,0,"0",0,0,0,0,0,0,0,0,0,0,0,0,0,0,0,"0","0","0","0","0","0","0","0","0","0","0","0","0","0","0","0","0","0","1","0","0","0","0","0","1","1","0","0","1","1","0","0","0","0","0","0","0","0","0","0","0","0","0","0","0","0","0","0","0","0","0","0","0","0","0","0","0","0","1","0","0","0","1","0","0","0","0","0","0","0","0","0","0","0","0","0","0","0","0","0","0","0","0","0","0","0","0","0","0","0","0","0","1","202010","202204","2046"
"9415270","530010","72007730","61486650078611","3","1","00000000000000","","","","","","0","E","","","04","","03","39","03","","99","","","","","","","","","","","","","","","","0","0","1","0","0","0","1","0","0","0","0","0","0","0",0,0,0,"0",0,0,0,0,0,0,0,0,0,0,0,0,0,0,"0",0,0,0,0,0,0,0,0,0,0,0,0,0,0,0,0,"0",0,0,0,"0",0,0,0,0,"0",0,0,0,0,0,0,0,0,0,0,0,0,0,0,0,"0","0","0","0","0","0","0","0","0","0","0","0","0","0","0","0","0","0","0","0","0","0","0","0","0","1","0","0","1","1","0","0","0","0","0","0","0","0","0","0","0","0","0","0","0","0","0","0","0","0","0","0","0","0","0","0","0","0","1","0","0","0","1","0","0","0","0","0","0","0","0","0","0","0","0","0","0","0","0","0","0","0","0","0","0","0","0","0","0","0","0","0","1","202010","202204","2046"
"9415513","530010","71906750","29036780000101","3","1","00000000000000","","","","","","0","E","","","04","","03","22","03","","99","","","","","","","","ODO.00070-22","20181105","1","","","","","","0","0","1","0","0","0","1","0","0","0","0","0","0","0",0,0,0,"0",0,0,0,0,0,0,0,0,0,0,0,0,0,0,"0",0,0,0,0,0,0,0,0,1,0,0,0,0,0,0,0,"1",0,0,0,"0",0,0,0,0,"0",0,0,0,0,0,0,0,0,0,0,0,0,0,0,0,"0","0","0","0","0","0","0","0","0","0","0","0","0","0","0","0","0","0","0","0","0","0","0","0","0","1","1","0","0","1","0","0","0","0","0","0","0","0","0","0","0","0","0","0","0","0","0","0","0","0","0","1","0","0","1","1","1","0","0","0","0","0","0","0","0","0","0","0","0","0","0","0","0","0","0","0","0","0","0","0","0","0","0","0","0","0","0","0","0","0","0","0","1","202005","202204","2305"
"9416307","530010","70300902","23499677000111","3","1","00000000000000","","","","","","0","E","","","04","","03","36","03","","99","","","","","","","","","","","","","","","","0","0","1","0","0","0","1","0","0","0","0","0","0","0",0,0,0,"0",0,0,0,0,0,0,0,0,0,0,0,0,0,0,"0",0,1,0,0,0,0,0,0,0,0,0,0,0,0,0,0,"1",0,0,0,"0",0,0,0,0,"0",0,0,0,0,0,0,0,0,0,0,0,0,0,0,0,"0","0","1","0","0","0","0","0","0","0","0","0","0","0","0","0","0","0","0","1","0","0","0","0","1","1","0","0","1","1","0","0","0","0","0","0","0","0","0","0","0","0","0","0","0","0","0","0","0","0","0","1","0","0","0","0","0","0","0","0","0","0","0","0","0","0","0","0","0","0","0","0","0","0","0","0","0","0","0","0","0","0","0","0","0","0","0","0","0","0","0","0","1","202201","202204","2062"
"9417176","530010","70701000","28928689000138","3","1","00000000000000","","","","0010","","0","E","","","04","","03","04","03","","99","","","","","","","","20171401865090","20190910","1","","","","","","0","0","1","0","0","0","1","0","0","0","0","0","0","0",0,0,0,"0",0,0,0,0,0,0,0,0,0,0,0,0,0,0,"0",0,0,0,2,0,0,0,0,0,0,0,0,0,0,0,0,"1",0,0,0,"0",0,0,0,0,"0",0,0,0,0,0,0,0,0,0,0,0,0,0,0,0,"0","0","1","0","0","0","0","0","0","0","0","0","0","0","0","0","0","0","0","0","0","0","0","0","1","0","0","0","1","1","0","0","0","0","0","0","0","0","0","0","0","0","0","0","0","0","0","0","0","0","0","1","0","0","0","0","0","0","0","0","0","0","0","0","0","0","0","0","0","0","0","0","0","0","0","0","0","0","0","0","0","0","0","0","0","0","0","0","0","0","0","0","1","202112","202204","2062"
"9421203","530010","70680400","61486650079189","3","1","00000000000000","","","","","","0","E","","","03","","03","39","06","","99","","","","","","","","LAB 00013-07","20201209","1","","","","","","0","0","1","0","0","0","1","0","0","0","0","0","0","0",0,0,0,"0",0,0,0,0,0,0,0,0,0,0,0,0,0,0,"0",0,0,0,0,0,0,0,1,0,0,0,0,0,0,0,0,"1",0,0,0,"0",0,0,0,0,"0",0,0,0,0,0,0,0,0,1,0,0,0,0,0,0,"0","0","0","0","0","0","0","0","0","0","0","0","0","0","0","0","0","0","1","0","0","0","0","0","1","1","0","0","1","1","0","0","0","0","0","0","0","0","0","0","0","0","0","0","0","0","0","0","0","0","0","0","0","0","0","0","0","0","1","0","0","0","1","0","0","0","0","0","0","0","0","0","0","0","0","0","0","0","0","0","0","0","0","0","0","0","0","0","0","0","0","0","1","202109","202204","2046"
"9421246","530010","72405160","61486650078883","3","1","00000000000000","","","","","","0","E","","","04","","03","39","06","","99","","","","","","","","LAB 00018-20","20210609","1","","","","","","0","0","1","0","0","0","1","0","0","0","0","0","0","0",0,0,0,"0",0,0,0,0,0,0,0,0,0,0,0,0,0,0,"0",0,0,0,0,0,0,0,1,0,0,0,0,0,0,0,0,"1",0,0,0,"0",0,0,0,0,"0",0,0,0,0,0,0,0,0,1,0,0,0,0,0,0,"0","0","0","0","0","0","0","0","0","0","0","0","0","0","0","0","0","0","1","0","0","0","0","0","1","1","0","0","1","1","0","0","0","0","0","0","0","0","0","0","0","0","0","0","0","0","0","0","0","0","0","0","0","0","0","0","0","0","1","0","0","0","1","0","0","0","0","0","0","0","0","0","0","0","0","0","0","0","0","0","0","0","0","0","0","0","0","0","0","0","0","0","1","202109","202204","2046"
"9422544","530010","70200610","28358946000143","3","1","00000000000000","","","","","","0","E","","","04","","03","04","03","","99","","","","","","","","RLE@DIGITAL","20211231","1","","","","","","0","0","1","0","0","0","1","0","0","0","0","0","0","0",0,0,0,"0",0,0,0,0,0,0,0,0,0,0,0,0,0,0,"0",0,0,0,9,0,0,0,0,0,0,0,0,0,0,0,0,"1",0,0,0,"0",0,0,0,0,"0",0,0,0,0,0,0,0,0,0,0,0,0,0,0,0,"0","0","1","0","0","0","0","0","0","0","0","0","0","0","0","0","0","0","0","1","0","0","0","0","1","0","0","0","1","1","0","0","0","0","0","0","0","0","0","0","0","0","0","0","0","0","0","0","0","0","0","1","0","0","0","0","0","0","0","0","0","0","0","0","0","0","0","0","0","0","0","0","0","0","0","0","0","0","0","0","0","0","0","0","0","0","0","0","0","0","0","0","1","202202","202204","2062"
"9422889","530010","70830300","28655944000116","3","1","00000000000000","","","","","","0","E","","","04","","03","36","03","","99","","","","","","","","EAS 882-02","20190228","1","","","","","","0","0","0","0","1","0","1","0","0","0","0","0","0","0",0,0,0,"0",0,0,0,0,0,0,0,0,0,0,0,0,0,0,"0",0,1,0,0,0,0,0,0,0,0,0,0,0,0,0,0,"1",0,0,0,"0",0,0,0,0,"0",0,0,0,0,0,0,0,0,0,0,0,0,0,0,0,"0","0","1","0","0","0","0","0","0","0","0","0","0","0","0","0","0","0","0","0","0","0","0","0","1","0","0","0","1","1","0","0","0","0","0","0","0","0","0","0","0","0","0","0","0","0","0","0","0","0","0","1","0","0","0","1","0","0","0","0","0","0","0","0","0","0","0","0","0","0","0","0","0","0","0","0","0","0","0","0","0","0","0","0","0","0","0","0","0","0","0","0","1","201911","202204","2062"
"9423451","530010","72405160","21177658000143","3","1","00000000000000","","","","","","0","E","","","01","","01","36","06","","99","","","","","","","","53202073703","20210430","1","","","","","","0","0","1","0","0","0","1","0","0","0","0","0","0","0",0,0,0,"0",0,0,0,0,0,0,0,0,0,0,0,0,0,0,"0",0,1,0,0,0,0,0,0,0,0,0,0,0,0,0,0,"1",0,0,0,"0",0,0,0,0,"0",0,0,0,0,0,0,0,0,0,0,0,0,0,0,0,"0","0","1","0","0","0","0","0","0","0","0","0","0","0","0","0","0","0","0","0","0","0","0","0","1","0","0","0","1","1","0","0","0","0","0","0","0","0","0","0","0","0","0","0","0","0","0","0","0","0","0","1","0","0","0","1","0","0","0","0","0","0","0","0","0","0","0","0","0","0","0","0","0","0","0","0","0","0","0","0","0","0","0","0","0","0","0","0","0","0","0","0","1","202106","202204","2062"
"9423591","530010","72215512","27240681000111","3","1","00000000000000","","","","","","0","E","","","03","","03","04","03","","99","","","","","","","","RLE","20200228","1","","","","","","0","0","1","0","0","0","1","0","0","0","0","0","0","0",0,0,0,"0",0,0,0,0,0,0,0,0,0,0,0,0,0,0,"0",1,2,0,0,0,0,0,0,0,0,0,0,0,0,0,0,"1",0,0,0,"0",0,0,0,0,"0",0,0,0,0,0,0,0,0,0,0,0,0,0,0,0,"0","0","1","0","0","0","0","0","0","0","0","0","0","0","0","0","0","0","1","0","0","0","0","0","1","1","0","0","1","1","0","0","0","0","0","0","0","0","0","0","0","0","0","0","0","0","0","0","0","0","0","1","0","0","0","1","0","0","0","0","0","0","0","0","0","0","0","0","0","0","0","0","0","0","0","0","0","0","0","0","0","0","0","0","0","0","0","0","0","0","0","0","1","202004","202204","2062"
"9424253","530010","71907720","22129130000161","3","1","00000000000000","","","","","","0","E","","","04","","01","22","04","","99","","","","","","","","20171401428340","20170925","1","","","","","","0","0","1","0","0","0","1","0","0","0","0","0","0","0",0,0,0,"0",0,0,0,0,0,0,0,0,0,0,0,0,0,0,"0",0,0,0,1,0,0,0,0,0,0,0,0,0,0,0,0,"1",0,0,0,"0",0,0,0,0,"0",0,0,0,0,0,0,0,0,0,0,0,0,0,0,0,"0","0","1","1","0","0","0","0","0","0","0","0","0","0","0","0","0","0","0","0","0","0","0","0","1","0","0","0","1","1","0","0","0","0","0","0","0","0","0","0","0","0","0","0","0","0","0","0","0","0","0","1","0","0","0","0","0","0","0","0","0","0","0","0","0","0","0","0","0","0","0","0","0","0","0","0","0","0","0","0","0","0","0","0","0","0","0","0","0","0","0","0","1","202003","202204","2062"
"9424288","530010","70070904","29319591000146","3","1","00000000000000","","","","","","0","E","","","04","","01","36","03","","99","","","","","","","","EAS.20503-01","20190218","1","","","","","","0","0","1","0","0","0","1","0","0","0","0","0","0","0",0,0,0,"0",0,0,0,0,0,0,0,0,0,0,0,0,0,0,"0",0,1,0,0,0,0,0,0,0,0,0,0,0,0,0,0,"1",0,0,0,"0",0,0,0,0,"0",0,0,0,0,0,0,0,0,0,0,0,0,0,0,0,"0","0","0","1","0","0","0","0","0","0","0","0","0","0","0","0","0","0","0","0","0","0","0","0","1","0","0","0","1","1","0","0","0","0","0","0","0","0","0","0","0","0","0","0","0","0","0","0","0","0","0","1","0","0","0","0","0","0","0","0","0","0","0","0","0","0","0","0","0","0","0","0","0","0","0","0","0","0","0","0","0","0","0","0","0","0","0","0","0","0","0","0","1","201911","202204","2062"
"9424881","530010","70673416","12070458000104","3","1","00000000000000","","","","","","0","E","","","04","","01","04","03","","99","","","","","","","","EAS.00045-07","20210618","1","","","","","","0","0","1","0","0","0","1","0","0","0","0","0","0","0",0,0,0,"0",0,0,0,0,0,0,0,0,0,0,0,0,0,0,"0",0,2,0,0,0,0,0,0,0,0,0,0,0,0,0,0,"1",0,0,0,"0",0,0,0,0,"0",0,0,0,0,0,0,0,0,0,0,0,0,0,0,0,"0","0","1","0","0","0","0","0","1","0","0","0","0","0","0","0","0","0","0","0","0","0","0","0","1","1","0","0","1","1","0","0","0","0","0","0","0","0","0","0","0","0","0","0","0","0","0","0","0","0","0","1","0","0","0","0","0","0","0","0","0","0","0","0","0","0","0","0","0","0","0","0","0","0","0","0","0","0","0","0","0","0","0","0","0","0","0","0","0","0","0","0","1","202202","202204","2062"
"9426086","530010","70770560","29510587000160","3","1","00000000000000","","","","0005","","0","E","","","04","","03","22","04","","99","","","","","","","","RLE","20190225","1","","","","","","0","0","1","0","0","0","1","0","0","0","0","0","0","0",0,0,0,"0",0,0,0,0,0,0,0,0,0,0,0,0,0,0,"0",0,0,0,1,0,0,0,0,0,0,0,0,0,0,0,0,"1",0,0,0,"0",0,0,0,0,"0",0,0,0,0,0,0,0,0,0,0,0,0,0,0,0,"0","0","1","0","0","0","0","0","0","0","0","0","0","0","0","0","0","0","0","0","0","0","0","0","1","0","0","0","1","1","0","0","0","0","0","0","0","0","0","0","0","0","0","0","0","0","0","0","0","0","0","1","0","0","0","0","0","0","0","0","0","0","0","0","0","0","0","0","0","0","0","0","0","0","0","0","0","0","0","0","0","0","0","0","0","0","0","0","0","0","0","0","1","202111","202204","2135"
"9427376","530010","70710149","29139055000169","3","1","00000000000000","","","","0005","","0","E","","","04","","03","36","03","","99","","","","","","","","EAS-00344-02","20200811","1","","","","","","0","0","1","0","0","0","1","0","0","0","0","0","0","0",0,0,0,"0",0,0,0,0,0,0,0,0,0,0,0,0,0,0,"0",0,3,0,0,0,0,0,0,0,0,0,0,0,0,0,0,"1",0,0,0,"0",0,0,0,0,"0",0,0,0,0,0,0,0,0,0,0,0,0,0,0,0,"0","0","1","0","0","0","0","0","0","0","0","0","0","0","0","0","0","0","0","0","0","0","0","0","1","0","0","0","1","1","0","0","0","0","0","0","0","0","0","0","0","0","0","0","0","0","0","0","0","0","0","0","0","0","0","1","0","0","0","0","0","0","0","0","0","0","0","0","0","0","0","0","0","0","0","0","0","0","0","0","0","0","0","0","0","0","0","0","0","0","0","0","1","202101","202204","2062"
"9428208","530010","73036610","00718528012611","3","1","00000000000000","","","","0170","","0","E","","","04","","01","39","03","","99","","","","","","","","LAB-01167-09","20200626","1","","","","","","0","0","1","0","0","0","1","0","0","0","0","0","0","0",0,0,0,"0",0,0,0,0,0,0,0,0,0,0,0,0,0,0,"0",0,0,0,0,0,0,0,0,0,0,0,0,0,0,0,0,"0",0,0,0,"0",0,0,0,0,"0",0,0,0,0,0,0,0,0,0,0,0,0,0,0,0,"0","0","1","0","0","0","0","0","0","0","0","0","0","0","0","0","0","0","0","0","0","0","0","0","1","1","0","0","1","1","0","0","0","0","0","0","0","0","0","0","0","0","0","0","0","0","0","0","0","0","0","0","0","0","0","0","0","0","1","0","0","1","1","0","0","0","0","0","0","0","0","0","0","0","0","0","0","0","0","0","0","0","0","0","0","0","0","0","0","0","0","0","1","202107","202204","2054"
"9430687","530010","71953000","00718528012450","3","1","00000000000000","","","","9901","","0","E","","","04","","01","39","03","","99","","","","","","","","LAB.00018-14","20210701","1","","","","","","0","0","1","0","0","0","1","0","0","0","0","0","0","0",0,0,0,"0",0,0,0,0,0,0,0,0,0,0,0,0,0,0,"0",0,0,0,0,0,0,0,0,0,0,0,0,0,0,0,0,"0",0,0,0,"0",0,0,0,0,"0",0,0,0,0,0,0,0,0,0,0,0,0,0,0,0,"0","0","1","0","0","0","0","0","0","0","0","0","0","0","0","0","0","0","0","0","0","0","0","0","1","1","0","0","1","1","0","0","0","0","0","0","0","0","0","0","0","0","0","0","0","0","0","0","0","0","0","0","0","0","0","0","0","0","1","0","0","1","1","0","0","0","0","0","0","0","0","0","0","0","0","0","0","0","0","0","0","0","0","0","0","0","0","0","0","0","0","0","1","202107","202204","2054"
"9431403","530010","71907720","21383506000105","3","1","00000000000000","","DF","","9901","","0","E","","","04","","01","22","03","","99","","","","","","","","53600069234","20180124","1","","","","","","0","0","1","0","0","0","1","0","0","0","0","0","0","0",0,0,0,"0",0,0,0,0,0,0,0,0,0,0,0,0,0,0,"0",0,1,0,0,0,0,0,0,0,1,0,0,0,0,0,0,"1",0,0,0,"0",0,0,0,0,"0",0,0,0,0,0,0,0,0,0,0,0,0,0,0,0,"0","0","1","0","0","0","0","0","0","0","0","0","0","0","0","0","0","0","0","0","0","0","0","0","1","0","0","0","1","1","0","0","0","0","0","0","0","0","0","0","0","0","0","0","0","0","0","0","0","0","0","1","0","0","0","1","0","0","0","0","0","0","0","0","0","0","0","0","0","0","0","0","0","0","0","0","0","0","0","0","0","0","0","0","0","0","0","0","0","0","0","0","1","201810","202204","2305"
"9432477","530010","70200760","27070621000106","3","1","00000000000000","","","","0015","","0","E","","","04","","03","22","03","","99","","","","","","","","RLE DFP1900210786","20191213","1","","","","","","0","0","1","0","0","0","1","0","0","0","0","0","0","0",0,0,0,"0",0,0,0,0,0,0,0,0,0,0,0,0,0,0,"0",0,1,0,0,0,0,0,0,0,0,0,0,0,0,0,0,"1",0,0,0,"0",0,0,0,0,"0",0,0,0,0,0,0,0,0,0,0,0,0,0,0,0,"0","0","1","0","0","0","0","0","0","0","0","0","0","0","0","0","0","0","0","0","0","0","0","0","1","1","0","0","1","1","0","0","0","0","0","0","0","0","0","0","0","0","0","0","0","0","0","0","0","0","0","1","0","0","0","1","0","0","0","0","0","0","0","0","0","0","0","0","0","0","0","0","0","0","0","0","0","0","0","0","0","0","0","0","0","0","0","0","0","0","0","0","1","202201","202204","2062"
"9433252","530010","70330530","26752443000122","3","1","00000000000000","","","","","","0","E","","","04","","03","22","03","","99","","","","","","","","RLE 20161100590491","20210911","1","","","","","","1","0","0","0","0","0","1","0","0","0","0","0","0","0",0,0,0,"0",0,0,0,0,0,0,0,0,0,0,0,0,0,0,"0",1,0,0,0,0,0,0,0,0,0,0,0,0,0,0,0,"1",0,0,0,"0",0,0,0,0,"0",0,0,0,0,0,0,0,0,0,0,0,0,0,0,0,"0","0","0","0","0","0","0","0","0","0","0","0","0","0","0","0","0","0","0","0","0","0","0","0","0","0","0","0","1","1","0","0","0","0","0","0","0","0","0","0","0","0","0","0","0","0","0","0","0","0","0","1","0","0","0","1","0","0","0","0","0","0","0","0","0","0","0","0","0","0","0","0","0","0","0","0","0","0","0","0","0","0","0","0","0","0","0","0","0","0","0","0","1","202110","202204","2062"
"9435670","530010","70200700","08220975000137","3","1","00000000000000","","","","","","0","E","","","04","","03","36","03","","99","","","","","","","","2021750056","20210516","1","","","","","","0","0","1","0","0","0","1","0","0","0","0","0","0","0",0,0,0,"0",0,0,0,0,0,0,0,0,0,0,0,0,0,0,"0",0,1,0,0,0,0,0,0,0,0,0,0,0,0,0,0,"1",0,0,0,"0",0,0,0,0,"0",0,0,0,0,0,0,0,0,0,0,0,0,0,0,0,"0","0","1","0","0","0","0","0","0","0","0","0","0","0","0","0","0","0","0","0","0","0","0","0","1","1","0","0","1","1","0","0","0","0","0","0","0","0","0","0","0","0","0","0","0","0","0","0","0","0","0","1","0","0","0","0","0","0","0","0","0","0","0","0","0","0","0","0","0","0","0","0","0","0","0","0","0","0","0","0","0","0","0","0","0","0","0","0","0","0","0","0","1","202203","202204","2062"
"9436529","530010","70712904","28866134000109","3","1","00000000000000","","","","","","0","E","","","04","","01","39","04","","99","","","","","","","","LAB 0028-02","20210105","1","","","","","","0","0","1","0","0","0","1","0","0","0","0","0","0","0",0,0,0,"0",0,0,0,0,0,0,0,0,0,0,0,0,0,0,"0",0,0,0,0,0,0,0,0,0,0,0,0,0,0,0,0,"0",0,0,0,"0",0,0,0,0,"0",0,0,0,0,0,0,0,0,0,0,0,0,0,0,0,"0","0","1","0","0","0","0","0","0","0","0","0","0","0","0","0","0","0","0","0","0","0","0","0","1","1","0","0","1","1","0","0","0","0","0","0","0","0","0","0","0","0","0","0","0","0","0","0","0","0","0","0","0","0","0","0","0","0","1","0","0","1","1","0","0","0","0","0","0","0","0","0","0","0","0","0","0","0","0","0","0","0","0","0","0","0","0","0","0","0","0","0","1","202112","202204","2062"
"9436618","530010","72110160","00454686001081","3","1","00000000000000","","","","0180","","0","E","","","04","","01","39","03","","99","","","","","","","","LAB 0019-15/202521","20211104","1","","","","","","0","0","1","0","0","0","1","0","0","0","0","0","0","0",0,0,0,"0",0,0,0,0,0,0,0,0,0,0,0,0,0,0,"0",0,1,0,0,0,0,0,0,0,0,0,0,0,0,0,0,"1",0,0,0,"0",0,0,0,0,"0",0,0,0,0,0,0,0,0,0,0,0,0,0,0,0,"0","0","1","0","0","0","0","0","0","0","0","0","0","0","0","0","0","0","1","1","0","0","0","0","1","1","1","0","1","1","0","0","0","0","0","0","0","0","0","0","0","0","0","0","0","0","0","0","0","0","0","1","0","0","0","1","0","0","1","0","0","0","1","0","0","0","0","0","0","0","0","0","0","0","0","0","0","0","0","0","0","0","0","0","0","0","0","0","0","0","0","0","1","202204","202204","2062"
"9436901","530010","70832545","29212936000168","3","1","00000000000000","","","","0005","","0","E","","","04","","03","36","04","","99","","","","","","","","RLE","20210406","1","","","","","","0","0","1","0","0","0","1","0","0","0","0","0","0","0",0,0,0,"0",0,0,0,0,0,0,0,0,0,0,0,0,0,0,"0",0,0,0,2,0,0,0,0,0,0,0,0,0,0,0,0,"1",0,0,0,"0",0,0,0,0,"0",0,0,0,0,0,0,0,0,0,0,0,0,0,0,0,"0","0","1","0","0","0","0","0","0","0","0","0","0","0","0","0","0","0","0","0","0","0","0","0","1","0","0","0","1","1","0","0","0","0","0","0","0","0","0","0","0","0","0","0","0","0","0","0","0","0","0","1","0","0","0","1","0","0","0","0","0","0","0","0","0","0","0","0","0","0","0","0","0","0","0","0","0","0","0","0","0","0","0","0","0","0","0","0","0","0","0","0","1","202106","202204","2062"
"9437304","530010","70200760","26335552000144","3","1","00000000000000","","","","","","0","E","","","04","","01","39","04","","99","","","","","","","","LAB 5723-01","20211018","1","","","","","","0","0","1","0","0","0","1","0","0","0","0","0","0","0",0,0,0,"0",0,0,0,0,0,0,0,0,0,0,0,0,0,0,"0",0,0,0,0,0,0,0,0,0,0,0,0,0,0,0,0,"0",0,0,0,"0",0,0,0,0,"0",0,0,0,0,0,0,0,0,0,0,0,0,0,0,0,"0","0","1","0","0","0","0","0","0","0","0","0","0","0","0","0","0","0","0","0","0","0","0","0","1","1","0","0","1","1","0","0","0","0","0","0","0","0","0","0","0","0","0","0","0","0","0","0","0","0","0","0","0","0","0","0","0","0","1","0","0","1","1","0","0","0","0","0","0","0","0","0","0","0","0","0","0","0","0","0","0","0","0","0","0","0","0","0","0","0","0","0","1","202112","202204","2062"
"9437428","530010","72304523","00454686000603","3","1","00000000000000","","","","0140","","0","E","","","04","","01","39","03","","99","","","","","","","","LAB 00016-18/2022","20220204","1","","","","","","0","0","1","0","0","0","1","0","0","0","0","0","0","0",0,0,0,"0",0,0,0,0,0,0,0,0,0,0,0,0,0,0,"0",0,1,0,0,0,0,0,0,0,0,0,0,0,0,0,0,"1",0,0,0,"0",0,0,0,0,"0",0,0,0,0,0,0,0,0,0,0,0,0,0,0,0,"0","0","1","0","0","0","0","0","0","0","0","0","0","0","0","0","0","0","1","1","0","0","0","0","1","1","1","0","1","1","0","0","0","0","0","0","0","0","0","0","0","0","0","0","0","0","0","0","0","0","0","1","0","0","0","1","0","0","1","0","0","0","1","0","0","0","0","0","0","0","0","0","0","0","0","0","0","0","0","0","0","0","0","0","0","0","0","0","0","0","0","0","1","202204","202204","2062"
"9438564","530010","72115035","27821220000132","3","1","00000000000000","","","","0180","","0","E","","","04","","01","04","04","","99","","","","","","","","","20190607","1","","","","","","0","0","1","0","0","0","1","0","0","0","0","0","0","0",0,0,0,"0",0,0,0,0,0,0,0,0,0,0,0,0,0,0,"0",4,4,0,3,0,0,0,0,4,0,0,0,0,0,0,0,"1",0,0,0,"0",0,0,0,0,"0",0,0,0,0,0,0,0,0,0,0,0,0,0,0,0,"0","0","1","0","0","0","0","0","1","0","0","0","0","0","0","0","0","0","0","0","0","0","0","0","1","1","0","1","1","1","0","0","0","0","0","0","0","0","0","0","0","0","0","0","0","0","0","0","0","0","0","1","0","0","0","0","0","0","0","0","0","0","0","0","0","0","0","0","0","0","0","0","0","0","0","0","0","0","0","0","0","0","0","0","0","0","0","0","0","0","0","0","1","201912","202204","2062"
"9439072","530010","72016030","26560610000133","3","1","00000000000000","","","","","","0","E","","","04","","01","36","03","","99","","","","","","","","RLE DIGITAL","20181120","1","","","","","","0","0","1","0","0","0","1","0","0","0","0","0","0","0",0,0,0,"0",0,0,0,0,0,0,0,0,0,0,0,0,0,0,"0",8,0,0,0,0,0,0,0,0,0,0,0,0,0,0,0,"1",0,0,0,"0",0,0,0,0,"0",0,0,0,0,0,0,0,0,0,0,0,0,0,0,0,"0","0","1","0","0","0","0","0","0","0","0","0","0","0","0","0","0","0","0","0","0","0","0","0","1","0","0","0","1","1","0","0","0","0","0","0","0","0","0","0","0","0","0","0","0","0","0","0","0","0","0","1","0","0","0","1","0","0","0","0","0","0","0","0","0","0","0","0","0","0","0","0","0","0","0","0","0","0","0","0","0","0","0","0","0","0","0","0","0","0","0","0","1","202005","202204","2062"
"9441786","530010","70200002","16785739000196","3","1","00000000000000","","","","","","0","E","","","04","","03","36","03","","99","","","","","","","","RLE20211400260004","20210517","1","","","","","","0","0","1","0","0","0","1","0","0","0","0","0","0","0",0,0,0,"0",0,0,0,0,0,0,0,0,0,0,0,0,0,0,"0",0,0,0,1,0,0,0,0,0,0,0,0,0,0,0,0,"1",0,0,0,"0",0,0,0,0,"0",0,0,0,0,0,0,0,0,0,0,0,0,0,0,0,"0","0","1","0","0","0","0","0","0","0","0","0","0","0","0","0","0","0","0","0","0","0","0","0","1","0","0","0","1","1","0","0","0","0","0","0","0","0","0","0","0","0","0","0","0","0","0","0","0","0","0","1","0","0","0","1","0","0","0","0","0","0","0","0","0","0","0","0","0","0","0","0","0","0","0","0","0","0","0","0","0","0","0","0","0","0","0","0","0","0","0","0","1","202111","202204","2062"
"9441921","530010","70200700","21909968000105","3","1","00000000000000","","","","0015","","0","E","","","04","","03","36","06","","99","","","","","","","","ODO.01954-01","20200615","1","","","","","","0","0","1","0","0","0","1","0","0","0","0","0","0","0",0,0,0,"0",0,0,0,0,0,0,0,0,0,0,0,0,0,0,"0",0,0,0,0,0,0,0,0,6,0,0,0,0,0,0,0,"1",0,0,0,"0",0,0,0,0,"0",0,0,0,0,0,0,0,0,0,0,0,0,0,0,0,"0","0","1","0","0","0","0","0","0","0","0","0","0","0","0","0","0","0","0","0","0","0","0","0","1","0","0","0","1","1","0","0","0","0","0","0","0","0","0","0","0","0","0","0","0","0","0","0","0","0","0","0","0","0","1","1","0","0","0","0","0","0","0","0","0","0","0","0","0","0","0","0","0","0","0","0","0","0","0","0","0","0","0","0","0","0","0","0","0","0","0","0","1","202103","202204","2062"
"9442243","530010","70790150","28946377000157","3","1","00000000000000","","","","","","0","E","","","04","","01","36","03","","99","","","","","","","","EAS267-02","20200622","1","","","","","","0","0","1","0","0","0","1","0","0","0","0","0","0","0",0,0,0,"0",0,0,0,0,0,0,0,0,0,0,0,0,0,0,"0",3,0,0,0,0,0,0,0,0,0,0,0,0,0,0,0,"1",0,0,0,"0",0,0,0,0,"0",0,0,0,0,0,0,0,0,0,0,0,0,0,0,0,"0","0","1","0","0","0","0","0","0","0","0","0","0","0","0","0","0","0","0","0","0","0","0","0","1","0","0","0","1","1","0","0","0","0","0","0","0","0","0","0","0","0","0","0","0","0","0","0","0","0","0","0","0","0","0","1","0","0","0","0","0","0","0","0","0","0","0","0","0","0","0","0","0","0","0","0","0","0","0","0","0","0","0","0","0","0","0","0","0","0","0","0","1","202009","202204","2240"
"9443363","530010","71625135","20379958000142","3","1","00000000000000","","","","","","0","E","","","04","","03","22","03","","99","","","","","","","","ODO-359","20210927","1","","","","","","0","0","1","0","0","0","1","0","0","0","0","0","0","0",0,0,0,"0",0,0,0,0,0,0,0,0,0,0,0,0,0,0,"0",0,0,0,0,0,0,0,0,1,0,0,0,0,0,0,0,"1",0,0,0,"0",0,0,0,0,"0",0,0,0,0,0,0,0,0,0,0,0,0,0,0,0,"0","0","1","0","0","0","0","0","1","0","0","0","0","0","0","0","0","0","0","0","0","0","0","0","1","1","0","0","1","1","0","0","0","0","0","0","0","0","0","0","0","0","0","0","0","0","0","0","0","0","0","1","0","0","0","1","0","0","0","0","0","0","0","0","0","0","0","0","0","0","0","0","0","0","0","0","0","0","0","0","0","0","0","0","0","0","0","0","0","0","0","0","1","202111","202204","2305"
"9443401","530010","70390095","27793061000100","3","1","00000000000000","","","","","","0","E","","","04","","03","36","03","","99","","","","","","","","RLE-2021400391745","20210525","1","","","","","","0","0","1","0","0","0","1","0","0","0","0","0","0","0",0,0,0,"0",0,0,0,0,0,0,0,0,0,0,0,0,0,0,"0",0,0,0,2,0,0,0,0,0,0,0,0,0,0,0,0,"1",0,0,0,"0",0,0,0,0,"0",0,0,0,0,0,0,0,0,0,0,0,0,0,0,0,"0","0","1","0","0","0","0","0","0","0","0","0","0","0","0","0","0","0","0","0","0","0","0","0","1","0","0","0","1","1","0","0","0","0","0","0","0","0","0","0","0","0","0","0","0","0","0","0","0","0","0","1","0","0","0","1","0","0","0","0","0","0","0","0","0","0","0","0","0","0","0","0","0","0","0","0","0","0","0","0","0","0","0","0","0","0","0","0","0","0","0","0","1","202111","202204","2062"
"9445714","530010","70390150","11859927000874","3","1","00000000000000","","","","0015","","0","E","","","04","","01","04","03","","99","","","","","","","","EAS.20485.01","20211202","1","","","","","","0","0","1","0","0","0","1","0","0","0","0","0","0","0",0,0,0,"0",0,0,0,0,0,0,0,0,0,0,0,0,0,0,"0",0,0,4,1,0,0,0,10,0,0,1,0,0,0,0,0,"1",0,0,0,"0",0,0,0,0,"0",0,0,0,0,0,0,0,0,10,0,0,0,0,0,0,"0","0","1","0","0","0","1","0","1","0","0","0","0","0","0","0","0","0","0","1","0","1","0","0","1","1","1","0","1","1","0","0","0","0","0","0","0","0","0","0","0","0","0","0","0","0","0","0","0","0","0","1","0","0","1","1","0","0","0","0","0","0","0","0","0","0","0","0","0","0","0","0","0","0","0","0","0","0","0","0","0","0","0","0","0","0","0","0","0","0","0","0","1","202201","202204","2062"
"9445781","530010","70640515","29580951000169","3","1","00000000000000","","","","","","0","E","","","04","","01","22","03","","99","","","","","","","","LICENCIAMENTO","20210329","1","","","","","","0","0","1","0","0","0","1","0","0","0","0","0","0","0",0,0,0,"0",0,0,0,0,0,0,0,0,0,0,0,0,0,0,"0",1,0,0,0,0,0,0,0,0,0,0,0,0,0,0,0,"1",0,0,0,"0",0,0,0,0,"0",0,0,0,0,0,0,0,0,0,0,0,0,0,0,0,"0","0","0","0","0","0","0","0","0","0","0","0","0","0","0","0","0","0","0","0","0","0","0","0","0","1","0","0","1","1","0","0","0","0","0","0","0","0","0","0","0","0","0","0","0","0","0","0","0","0","0","1","0","0","0","0","0","0","0","0","0","0","0","0","0","0","0","0","0","0","0","0","0","0","0","0","0","0","0","0","0","0","0","0","0","0","0","0","0","0","0","0","1","202106","202204","2062"
"9447040","530010","70316901","29649219000106","3","1","00000000000000","","","","0015","","0","E","","","04","","03","36","03","","99","","","","","","","","RLE","20191112","1","","","","","","0","0","1","0","0","0","1","0","0","0","0","0","0","0",0,0,0,"0",0,0,0,0,0,0,0,0,0,0,0,0,0,0,"0",0,0,0,1,0,0,0,0,0,0,0,0,0,0,0,0,"1",0,0,0,"0",0,0,0,0,"0",0,0,0,0,0,0,0,0,0,0,0,0,0,0,0,"0","0","1","0","0","0","0","0","0","0","0","0","0","0","0","0","0","0","0","0","0","0","0","0","1","0","0","0","1","1","0","0","0","0","0","0","0","0","0","0","0","0","0","0","0","0","0","0","0","0","0","1","0","0","0","1","0","0","0","0","0","0","0","0","0","0","0","0","0","0","0","0","0","0","0","0","0","0","0","0","0","0","0","0","0","0","0","0","0","0","0","0","1","202105","202204","2062"
"9451196","530010","70200002","26389391000171","3","1","00000000000000","","","","","","0","E","","","04","","03","36","03","","99","","","","","","","","RLE20161400497667","20190829","1","","","","","","0","0","1","0","0","0","1","0","0","0","0","0","0","0",0,0,0,"0",0,0,0,0,0,0,0,0,0,0,0,0,0,0,"0",0,0,0,1,0,0,0,0,0,0,0,0,0,0,0,0,"1",0,0,0,"0",0,0,0,0,"0",0,0,0,0,0,0,0,0,0,0,0,0,0,0,0,"0","0","0","0","0","0","0","0","0","0","0","0","0","0","0","0","0","0","0","0","0","0","0","0","0","0","0","0","1","1","0","0","0","0","0","0","0","0","0","0","0","0","0","0","0","0","0","0","0","0","0","1","0","0","0","1","0","0","0","0","0","0","0","0","0","0","0","0","0","0","0","0","0","0","0","0","0","0","0","0","0","0","0","0","0","0","0","0","0","0","0","0","1","201910","202204","2062"
"9451978","530010","70302915","17442436000133","3","1","00000000000000","","","","","","0","E","","","04","","03","36","03","","99","","","","","","","","EAS.20226-02","20191116","1","","","","","","0","0","1","0","0","0","1","0","0","0","0","0","0","0",0,0,0,"0",0,0,0,0,0,0,0,0,0,0,0,0,0,0,"0",0,1,0,6,0,0,0,0,0,0,1,0,0,0,0,0,"1",0,0,0,"0",0,0,0,0,"0",0,0,0,0,0,0,0,0,0,0,0,0,0,0,0,"0","0","1","0","0","0","0","0","0","0","0","0","0","0","0","0","0","0","0","1","0","0","0","0","1","1","0","0","1","1","0","0","0","0","0","0","0","0","0","0","0","0","0","0","0","0","0","0","0","0","0","1","0","0","0","1","0","0","0","0","0","0","0","0","0","0","0","0","0","0","0","0","0","0","0","0","0","0","0","0","0","0","0","0","0","0","0","0","0","0","0","0","1","202108","202204","2062"
"9454071","530010","70390095","05508282000741","3","1","00000000000000","","","","","","0","E","","","04","","03","36","03","","99","","","","","","","","53900377333","20181016","1","","","","","","0","0","1","0","0","0","1","0","0","0","0","0","0","0",0,0,0,"0",0,0,0,0,0,0,0,0,0,0,0,0,0,0,"0",0,0,0,12,0,0,0,0,0,0,0,0,0,0,0,0,"1",0,0,0,"0",0,0,0,0,"0",0,0,0,0,0,0,0,0,0,0,0,0,0,0,0,"0","0","0","1","0","0","0","0","0","0","0","0","0","0","0","0","0","0","0","0","0","0","0","0","1","0","0","0","1","1","0","0","0","0","0","0","0","0","0","0","0","0","0","0","0","0","0","0","0","0","0","1","0","0","0","1","0","0","0","0","0","0","0","0","0","0","0","0","0","0","0","0","0","0","0","0","0","0","0","0","0","0","0","0","0","0","0","0","0","0","0","0","1","202004","202204","2062"
"9456376","530010","72010010","11260290000129","3","1","00000000000000","","","","","","0","E","","","04","","03","36","03","","99","","","","","","","","09/97/084246/2019","20190830","2","","","","","","0","0","1","0","0","0","1","0","0","0","0","0","0","0",0,0,0,"0",0,0,0,0,0,0,0,0,0,0,0,0,0,0,"0",0,2,0,3,0,0,0,0,0,0,1,0,0,0,0,0,"1",0,0,0,"0",0,0,0,0,"0",0,0,0,0,0,0,0,0,0,0,0,0,0,0,0,"0","0","1","0","0","0","0","0","0","0","0","0","0","0","0","0","0","0","0","1","0","0","0","0","1","1","0","0","1","1","0","0","0","0","0","0","0","0","0","0","0","0","0","0","0","0","0","0","0","0","0","1","0","0","0","1","0","0","0","0","0","0","0","0","0","0","0","0","0","0","0","0","0","0","0","0","0","0","0","0","0","0","0","0","0","0","0","0","0","0","0","0","1","202007","202204","2062"
"9456481","530010","70390100","20104689000101","3","1","00000000000000","","","","","","0","E","","","04","","03","22","03","","99","","","","","","","","RLE 5360047842","20210208","1","","","","","","0","0","1","0","0","0","1","0","0","0","0","0","0","0",0,0,0,"0",0,0,0,0,0,0,0,0,0,0,0,0,0,0,"0",0,0,0,2,0,0,0,0,0,0,0,0,0,0,0,0,"1",0,0,0,"0",0,0,0,0,"0",0,0,0,0,0,0,0,0,0,0,0,0,0,0,0,"0","0","1","0","0","0","0","0","0","0","0","0","0","0","0","0","0","0","0","1","0","0","0","0","1","0","0","0","1","1","0","0","0","0","0","0","0","0","0","0","0","0","0","0","0","0","0","0","0","0","0","1","0","0","0","1","0","0","0","0","0","0","0","0","0","0","0","0","0","0","0","0","0","0","0","0","0","0","0","0","0","0","0","0","0","0","0","0","0","0","0","0","1","202202","202204","2305"
"9456791","530010","70390700","11065457000109","3","1","00000000000000","","","","","","0","E","","","04","","01","22","03","","99","","","","","","","","EAS.20636.01","20190322","1","","","","","","0","0","1","0","0","0","1","0","0","0","0","0","0","0",0,0,0,"0",0,0,0,0,0,0,0,0,0,0,0,0,0,0,"0",0,1,0,0,0,0,0,0,0,0,0,0,0,0,0,0,"1",0,0,0,"0",0,0,0,0,"0",0,0,0,0,0,0,0,0,0,0,0,0,0,0,0,"0","0","1","0","0","0","0","0","0","0","0","0","0","0","0","0","0","0","0","0","0","0","0","0","1","0","0","0","1","1","0","0","0","0","0","0","0","0","0","0","0","0","0","0","0","0","0","0","0","0","0","1","0","0","0","1","0","0","0","0","0","0","0","0","0","0","0","0","0","0","0","0","0","0","0","0","0","0","0","0","0","0","0","0","0","0","0","0","0","0","0","0","1","201909","202204","2062"
"9457003","530010","72405610","29539252000175","3","1","00000000000000","","","","0060","","0","E","","","04","","01","22","05","","99","","","","","","","","DFP2100022212","20210203","1","","","","","","0","0","1","0","0","0","1","0","0","0","0","0","0","0",0,0,0,"0",0,0,0,0,0,0,0,0,0,0,0,0,0,0,"0",0,0,0,1,0,0,0,0,0,0,0,0,0,0,0,0,"1",0,0,0,"0",0,0,0,0,"0",0,0,0,0,0,0,0,0,0,0,0,0,0,0,0,"0","0","1","0","0","0","0","0","0","0","0","0","0","0","0","0","0","0","0","0","0","0","0","0","1","0","0","0","1","1","0","0","0","0","0","0","0","0","0","0","0","0","0","0","0","0","0","0","0","0","0","1","0","0","0","0","0","0","0","0","0","0","0","0","0","0","0","0","0","0","0","0","0","0","0","0","0","0","0","0","0","0","0","0","0","0","0","0","0","0","0","0","1","202204","202204","2062"
"9457313","530010","71916500","27510922000103","3","1","00000000000000","","","","9901","","0","E","","","04","","03","22","03","","99","","","","","","","","ODO-00075-22","20200116","1","","","","","","0","0","1","0","0","0","1","0","0","0","0","0","0","0",0,0,0,"0",0,0,0,0,0,0,0,0,0,0,0,0,0,0,"0",0,0,0,0,0,0,0,0,1,0,0,0,0,0,0,0,"1",0,0,0,"0",0,0,0,0,"0",0,0,0,0,0,0,0,0,0,0,0,0,0,0,0,"0","0","0","0","0","0","0","0","0","0","0","0","0","0","0","0","0","0","0","0","0","0","0","0","0","1","0","0","1","1","0","0","0","0","0","0","0","0","0","0","0","0","0","0","0","0","0","0","0","0","0","1","0","0","0","0","0","0","0","0","0","0","0","0","0","0","0","0","0","0","0","0","0","0","0","0","0","0","0","0","0","0","0","0","0","0","0","0","0","0","0","0","1","202002","202204","2062"
"9459286","530010","70200700","00703462000175","3","1","00000000000000","","","","","","0","E","","","04","","03","39","03","","99","","","","","","","","LAB.05682-01","20190403","1","","","","","","0","0","1","0","0","0","1","0","0","0","0","0","0","0",0,0,0,"0",0,0,0,0,0,0,0,0,0,0,0,0,0,0,"0",0,0,0,0,0,0,0,0,0,0,0,0,0,0,0,0,"0",0,0,0,"0",0,0,0,0,"0",0,0,0,0,0,0,0,0,0,0,0,0,0,0,0,"0","0","1","0","0","0","0","0","0","0","0","0","0","0","0","0","0","0","0","0","0","0","0","0","1","1","0","0","1","1","0","0","0","0","0","0","0","0","0","0","0","0","0","0","0","0","0","0","0","0","0","1","0","0","1","1","0","0","0","0","0","0","0","0","0","0","0","0","0","0","0","0","0","0","0","0","0","0","0","0","0","0","0","0","0","0","0","0","0","0","0","0","1","201911","202204","2062"
"9459405","530010","71020037","28866567000164","3","1","00000000000000","","","","","","0","E","","","04","","01","22","03","","99","","","","","","","","LICENCIAMENTO RLE","20200220","1","","","","","","0","0","1","0","0","0","1","0","0","0","0","0","0","0",0,0,0,"0",0,0,0,0,0,0,0,0,0,0,0,0,0,0,"0",0,0,0,1,0,0,0,0,0,0,0,0,0,0,0,0,"1",0,0,0,"0",0,0,0,0,"0",0,0,0,0,0,0,0,0,0,0,0,0,0,0,0,"0","0","0","0","0","0","0","0","0","0","0","0","0","0","0","0","0","0","0","0","0","0","0","0","0","0","0","0","1","1","0","0","0","0","0","0","0","0","0","0","0","0","0","0","0","0","0","0","0","0","0","1","0","0","0","0","0","0","0","0","0","0","0","0","0","0","0","0","0","0","0","0","0","0","0","0","0","0","0","0","0","0","0","0","0","0","0","0","0","0","0","0","1","202202","202204","2062"
"9460128","530010","70393905","05663326000112","3","1","00000000000000","","","","0015","","0","E","","","04","","01","39","03","","99","001","04529","4136810","","","","","0571101","20201211","1","","","","","","0","0","1","0","0","0","1","0","0","0","0","0","0","0",0,0,0,"0",0,0,0,0,0,0,0,0,0,0,0,0,0,0,"0",0,0,0,0,0,0,0,0,0,0,0,0,0,0,0,0,"0",0,0,0,"0",0,0,0,0,"0",0,0,0,0,0,0,0,0,0,0,0,0,0,0,0,"0","0","0","0","0","0","0","0","0","0","0","0","0","0","0","0","0","0","0","0","0","0","0","0","0","1","0","0","0","1","0","0","0","0","0","0","0","0","0","0","0","0","0","0","0","0","0","0","0","0","0","1","0","0","0","0","0","0","0","0","0","0","0","0","0","0","0","0","0","0","0","0","0","0","0","0","0","0","0","0","0","0","0","0","0","0","0","0","0","0","0","0","1","202103","202204","2062"
"9460365","530010","73010535","05544035000377","3","1","00000000000000","","","","0170","","0","E","","","04","","01","36","03","","99","","","","","","","","01129-09","20201009","2","","","","","","0","0","1","0","0","0","1","0","0","0","0","0","0","0",0,0,0,"0",0,0,0,0,0,0,0,0,0,0,0,0,0,0,"0",0,8,0,0,0,0,0,0,0,0,0,0,0,0,0,0,"1",0,0,0,"0",0,0,0,0,"0",0,0,0,0,0,0,0,0,0,0,0,0,0,0,0,"0","0","1","0","0","0","0","0","0","0","0","0","0","0","0","0","0","1","0","0","0","1","0","0","1","0","0","0","1","1","0","0","0","0","0","0","0","0","0","0","0","0","0","0","0","0","0","0","0","0","0","1","0","0","0","1","0","0","1","0","0","0","1","0","0","0","0","0","0","0","0","0","0","0","0","0","0","0","0","0","0","0","0","0","0","0","0","0","0","0","0","0","1","202105","202204","2062"
"9460411","530010","70711070","28319791000136","3","1","00000000000000","","","","0005","","0","E","","","04","","03","22","03","","99","","","","","","","","143685","20190527","1","","","","","","0","0","1","0","0","0","1","0","0","0","0","0","0","0",0,0,0,"0",0,0,0,0,0,0,0,0,0,0,0,0,0,0,"0",0,0,0,0,0,0,0,0,2,0,0,0,0,0,0,0,"1",0,0,0,"0",0,0,0,0,"0",0,0,0,0,0,0,0,0,0,0,0,0,0,0,0,"0","0","1","0","0","0","0","0","0","0","0","0","0","0","0","0","0","0","0","1","0","0","0","0","1","1","0","0","1","1","0","0","0","0","0","0","0","0","0","0","0","0","0","0","0","0","0","0","0","0","0","1","0","0","0","1","0","0","0","0","0","0","0","0","0","0","0","0","0","0","0","0","0","0","0","0","0","0","0","0","0","0","0","0","0","0","0","0","0","0","0","0","1","202005","202204","2062"
"9460470","530010","71953000","15613440000353","3","1","00000000000000","","","","0005","","0","E","","","04","","03","73","03","","99","","","","","","","","EAS 00279-02/2021","20210311","1","","","","","","0","0","1","0","0","0","1","0","0","0","0","0","0","0",0,0,0,"0",0,0,0,0,0,0,0,0,0,0,0,0,0,0,"0",0,5,0,0,0,0,0,0,0,0,2,0,0,0,0,0,"1",0,0,0,"0",0,0,0,0,"0",0,0,0,0,0,0,0,0,0,0,0,0,0,0,0,"0","0","1","0","0","0","0","0","1","0","0","0","0","0","0","0","0","0","0","1","0","0","0","0","1","1","1","0","1","1","0","0","0","0","0","0","0","0","0","0","0","0","0","0","0","0","0","0","0","0","0","1","0","0","1","1","0","0","0","0","0","0","0","0","0","0","0","0","0","0","0","0","0","0","0","0","0","0","0","0","0","0","0","0","0","0","0","0","0","0","0","0","1","202202","202204","2062"
"9460497","530010","70300910","28029053000154","3","1","00000000000000","","","","","","0","E","","","04","","03","36","03","","99","","","","","","","","2119525","20180721","1","","","","","","0","0","1","0","0","0","1","0","0","0","0","0","0","0",0,0,0,"0",0,0,0,0,0,0,0,0,0,0,0,0,0,0,"0",0,1,0,3,0,0,0,0,0,0,1,0,0,0,0,0,"1",0,0,0,"0",0,0,0,0,"0",0,0,0,0,0,0,0,0,0,0,0,0,0,0,0,"0","0","1","0","0","0","0","0","0","0","0","0","0","0","0","0","0","0","0","1","0","0","0","0","1","0","0","0","1","1","0","0","0","0","0","0","0","0","0","0","0","0","0","0","0","0","0","0","0","0","0","1","0","0","0","1","0","0","0","0","0","0","0","0","0","0","0","0","0","0","0","0","0","0","0","0","0","0","0","0","0","0","0","0","0","0","0","0","0","0","0","0","1","201911","202204","2305"
"9460985","530010","70200740","29781406000130","3","1","00000000000000","","","","","","0","E","","","04","","01","22","03","","99","","","","","","","","8650002","20180302","1","","","","","","0","0","1","0","0","0","1","0","0","0","0","0","0","0",0,0,0,"0",0,0,0,0,0,0,0,0,0,0,0,0,0,0,"0",0,0,0,1,0,0,0,0,0,0,0,0,0,0,0,0,"1",0,0,0,"0",0,0,0,0,"0",0,0,0,0,0,0,0,0,0,0,0,0,0,0,0,"0","0","0","0","0","0","0","0","0","0","0","0","0","0","0","0","0","0","0","0","0","0","0","0","0","0","0","0","1","1","0","0","0","0","0","0","0","0","0","0","0","0","0","0","0","0","0","0","0","0","0","1","0","0","0","0","0","0","0","0","0","0","0","0","0","0","0","0","0","0","0","0","0","0","0","0","0","0","0","0","0","0","0","0","0","0","0","0","0","0","0","0","1","202003","202204","2305"
"9461485","530010","71906750","18964990000224","3","1","00000000000000","","","","9901","","0","E","","","04","","03","22","04","","99","","","","","","","","53900375748","20210303","1","","","","","","0","0","1","0","0","0","1","0","0","0","0","0","0","0",0,0,0,"0",0,0,0,0,0,0,0,0,0,0,0,0,0,0,"0",0,0,0,4,0,0,0,0,0,0,0,0,0,0,0,0,"1",0,0,0,"0",0,0,0,0,"0",0,0,0,0,0,0,0,0,0,0,0,0,0,0,0,"0","0","0","0","0","0","0","0","0","0","0","0","0","0","0","0","0","0","0","0","0","0","0","0","0","0","0","0","1","1","0","0","0","0","0","0","1","0","0","0","0","0","1","0","0","0","0","0","0","0","0","1","0","0","0","1","0","0","0","0","0","0","0","0","0","0","0","0","0","0","0","0","0","0","0","0","0","0","0","0","0","0","0","0","0","0","0","0","0","0","0","0","1","202107","202204","2135"
"9461981","530010","72110410","19130167000286","3","1","00000000000000","","","","","","0","E","","","04","","03","36","03","","99","","","","","","","","53900376043","20180205","1","","","","","","0","0","1","0","0","0","1","0","0","0","0","0","0","0",0,0,0,"0",0,0,0,0,0,0,0,0,0,0,0,0,0,0,"0",0,0,0,8,0,0,0,0,0,0,0,0,0,0,0,0,"1",0,0,0,"0",0,0,0,0,"0",0,0,0,0,0,0,0,0,0,0,0,0,0,0,0,"0","0","1","0","0","0","0","0","0","0","0","0","0","0","0","0","0","0","0","0","0","0","0","0","1","1","0","0","1","1","0","0","0","0","0","0","0","0","0","0","0","0","0","0","0","0","0","0","0","0","0","1","0","0","1","1","0","0","0","0","0","0","0","0","0","0","0","0","0","0","0","0","0","0","0","0","0","0","0","0","0","0","0","0","0","0","0","0","0","0","0","0","1","201905","202204","2062"
"9462503","530010","70770560","11859927000602","3","1","00000000000000","","","","0005","","0","E","","","04","","01","36","03","","99","","","","","","","","EAS 0012581","20210413","","","","","","","0","0","1","0","0","0","1","0","0","0","0","0","0","0",0,0,0,"0",0,0,0,0,0,0,0,0,0,0,0,0,0,0,"0",0,0,3,0,0,0,0,1,0,0,1,0,0,0,2,0,"1",0,0,0,"0",0,0,0,0,"0",0,0,0,0,0,0,0,0,1,0,0,0,0,0,0,"0","0","1","0","0","0","1","0","1","0","0","0","0","0","0","0","0","0","0","1","0","1","0","0","1","1","1","0","1","1","0","0","0","0","0","0","0","0","0","0","0","0","0","0","0","0","0","0","0","0","0","1","0","0","1","1","0","0","0","0","0","0","0","0","0","0","0","0","0","0","0","0","0","0","0","0","0","0","0","0","0","0","0","0","0","0","0","0","0","0","0","0","1","202204","202204","2062"
"9462546","530010","70200740","29208343000128","3","1","00000000000000","","","","0015","","0","E","","","04","","03","36","05","","99","","","","","","","","EAS 30122-01","20210514","1","","","","","","0","0","1","0","0","0","1","0","0","0","0","0","0","0",0,0,0,"0",0,0,0,0,0,0,0,0,0,0,0,0,0,0,"0",0,1,0,0,0,0,0,0,0,0,0,0,0,0,0,0,"1",0,0,0,"0",0,0,0,0,"0",0,0,0,0,0,0,0,0,0,0,0,0,0,0,0,"0","0","1","0","0","0","0","0","0","0","0","0","0","0","0","0","0","0","0","0","0","0","0","0","1","0","0","0","1","1","0","0","0","0","0","0","0","0","0","0","0","0","0","0","0","0","0","0","0","0","0","1","0","0","0","1","0","0","0","0","0","0","0","0","0","0","0","0","0","0","0","0","0","0","0","0","0","0","0","0","0","0","0","0","0","0","0","0","0","0","0","0","1","202105","202204","2062"
"9462775","530010","73010535","00508572000429","3","1","00000000000000","","","","0170","","0","E","","","04","","01","36","03","","99","","","","","","","","01130-09","20201112","1","","","","","","0","0","1","0","0","0","1","0","0","0","0","0","0","0",0,0,0,"0",0,0,0,0,0,0,0,0,0,0,0,0,0,0,"0",0,2,0,0,0,0,0,0,0,0,0,0,0,0,0,0,"1",0,0,0,"0",0,0,0,0,"0",0,0,0,0,0,0,0,0,0,0,0,0,0,0,0,"0","0","1","0","0","0","0","0","0","0","0","0","0","0","0","0","0","1","0","0","0","1","0","0","1","0","0","0","1","1","0","0","0","0","0","0","0","0","0","0","0","0","0","0","0","0","0","0","0","0","0","0","0","0","0","0","0","0","1","0","0","0","1","0","0","0","0","0","0","0","0","0","0","0","0","0","0","0","0","0","0","0","0","0","0","0","0","0","0","0","0","0","1","202106","202204","2062"
"9463755","530010","70390055","44026222000159","3","1","00000000000000","","","","0015","","0","E","","","04","","03","22","04","","99","","","","","","","","Nº ODO 1772/2021","20210520","1","","","","","","0","0","1","0","0","0","1","0","0","0","0","0","0","0",0,0,0,"0",0,0,0,0,0,0,0,0,0,0,0,0,0,0,"0",0,0,0,0,0,0,0,0,1,0,0,0,0,0,0,0,"1",0,0,0,"0",0,0,0,0,"0",0,0,0,0,0,0,0,0,0,0,0,0,0,0,0,"0","0","1","0","0","0","0","0","1","0","0","0","0","0","0","0","0","0","0","0","0","0","0","0","1","1","1","0","1","1","0","0","0","0","0","0","0","0","0","0","0","0","0","0","0","0","0","0","0","0","0","1","0","0","0","1","0","0","0","0","0","0","0","0","0","0","0","0","0","0","0","0","0","0","0","0","0","0","0","0","0","0","0","0","0","0","0","0","0","0","0","0","1","202112","202204","2062"
"9465316","530010","71615540","23282026000175","3","1","00000000000000","","","","0090","","0","E","","","04","","03","36","03","","99","","","","","","","","EAS 0045103","20210301","1","","","","","","0","0","1","0","0","0","1","0","0","0","0","0","0","0",0,0,0,"0",0,0,0,0,0,0,0,0,0,0,0,0,0,0,"0",0,7,0,0,0,0,0,0,0,0,0,0,0,1,0,0,"1",0,0,0,"0",0,0,0,0,"0",0,0,0,0,0,0,0,0,0,0,0,0,0,0,0,"0","0","1","0","0","0","0","0","0","0","0","0","0","0","0","0","0","0","0","0","0","0","0","0","1","0","0","0","1","1","0","0","0","0","0","0","0","0","0","0","0","0","0","0","0","0","0","0","0","0","0","1","0","0","0","1","0","0","0","0","0","0","0","0","0","0","0","0","0","0","0","0","0","0","0","0","0","0","0","0","0","0","0","0","0","0","0","0","0","0","0","0","1","202104","202204","2062"
"9466223","530010","70390908","27637269000130","3","1","00000000000000","","","","","","0","E","","","04","","01","36","03","","99","","","","","","","","EAS.20481-01","20210121","1","","","","","","0","0","1","0","0","0","1","0","0","0","0","0","0","0",0,0,0,"0",0,0,0,0,0,0,0,0,0,0,0,0,0,0,"0",2,0,0,0,0,0,0,0,0,0,0,0,0,0,0,0,"1",0,0,0,"0",0,0,0,0,"0",0,0,0,0,0,0,0,0,0,0,0,0,0,0,0,"0","0","1","0","0","0","0","0","1","0","0","0","0","0","0","0","0","0","0","1","0","0","0","0","1","1","0","0","1","1","0","0","0","0","0","0","0","0","0","0","0","0","0","0","0","0","0","0","0","0","0","1","0","0","0","0","0","0","0","0","0","0","0","0","0","0","0","0","0","0","0","0","0","0","0","0","0","0","0","0","0","0","0","0","0","0","0","0","0","0","0","0","1","202201","202204","2062"
"9466320","530010","70770560","00454686000514","3","1","00000000000000","","","","0005","","0","E","","","04","","01","39","03","","99","","","","","","","","LAB-00014-02/2021","20211218","1","","","","","","0","0","1","0","0","0","1","0","0","0","0","0","0","0",0,0,0,"0",0,0,0,0,0,0,0,0,0,0,0,0,0,0,"0",0,1,0,0,0,0,0,0,0,0,0,0,0,0,0,0,"1",0,0,0,"0",0,0,0,0,"0",0,0,0,0,0,0,0,0,0,0,0,0,0,0,0,"0","0","1","0","0","0","0","0","0","0","0","0","0","0","0","0","0","0","0","1","0","0","0","0","1","1","1","0","1","1","0","0","0","0","0","0","0","0","0","0","0","0","0","0","0","0","0","0","0","0","0","1","0","0","0","1","0","0","1","0","0","0","1","0","0","0","0","0","0","0","0","0","0","0","0","0","0","0","0","0","0","0","0","0","0","0","0","0","0","0","0","0","1","202204","202204","2062"
"9466428","530010","72115700","28899353000194","3","1","00000000000000","","","","","","0","E","","","04","","03","36","03","","99","","","","","","","","CERTIFICADO RLE","20200903","1","","","","","","0","0","1","0","0","0","1","0","0","0","0","0","0","0",0,0,0,"0",0,0,0,0,0,0,0,0,0,0,0,0,0,0,"0",0,0,0,5,0,0,0,0,0,0,0,0,0,0,0,0,"1",0,0,0,"0",0,0,0,0,"0",0,0,0,0,0,0,0,0,0,0,0,0,0,0,0,"0","0","1","0","0","0","0","0","0","0","0","0","0","0","0","0","0","0","0","0","0","0","0","0","1","1","0","0","1","1","0","0","0","0","0","0","0","0","0","0","0","0","0","0","0","0","0","0","0","0","0","1","0","0","0","1","0","0","0","0","0","0","0","0","0","0","0","0","0","0","0","0","0","0","0","0","0","0","0","0","0","0","0","0","0","0","0","0","0","0","0","0","1","202203","202204","2062"
"9466479","530010","70711905","24971123000138","3","1","00000000000000","","","","0005","","0","E","","","04","","03","85","03","","99","","","","","","","","EAS 00480-02","20220205","1","","","","","","0","0","1","0","0","0","1","0","0","0","0","0","0","0",0,0,0,"0",0,0,0,0,0,0,0,0,0,0,0,0,0,0,"0",0,1,0,0,0,0,0,0,0,0,0,0,0,0,0,0,"1",0,0,0,"0",0,0,0,0,"0",0,0,0,0,0,0,0,0,0,0,0,0,0,0,0,"0","0","1","0","0","0","0","0","0","0","0","0","0","0","0","0","0","0","0","0","0","0","0","0","1","0","0","0","1","1","0","0","0","0","0","0","0","0","0","0","0","0","0","0","0","0","0","0","0","0","0","1","0","0","0","1","0","0","0","0","0","0","0","0","0","0","0","0","0","0","0","0","0","0","0","0","0","0","0","0","0","0","0","0","0","0","0","0","0","0","0","0","1","202204","202204","2062"
"9466487","530010","70712040","29644880000110","3","1","00000000000000","","","","","","0","E","","","04","","03","22","03","","99","","","","","","","","53202153197","20180223","1","","","","","","0","0","1","0","0","0","1","0","0","0","0","0","0","0",0,0,0,"0",0,0,0,0,0,0,0,0,0,0,0,0,0,0,"0",0,0,0,1,0,0,0,0,0,0,0,0,0,0,0,0,"1",0,0,0,"0",0,0,0,0,"0",0,0,0,0,0,0,0,0,0,0,0,0,0,0,0,"0","0","1","0","0","0","0","0","0","0","0","0","0","0","0","0","0","0","0","0","0","0","0","0","1","0","0","0","1","1","0","0","0","0","0","0","0","0","0","0","0","0","0","0","0","0","0","0","0","0","0","1","0","0","1","1","0","0","0","0","0","0","0","0","0","0","0","0","0","0","0","0","0","0","0","0","0","0","0","0","0","0","0","0","0","0","0","0","0","0","0","0","1","202102","202204","2062"
"9468242","530010","70830300","29787479000130","3","1","00000000000000","","","","0005","","0","E","","","04","","03","22","04","","99","","","","","","","","CER. DE LICENCIAMENTO","20190423","1","","","","","","0","0","1","0","0","0","1","0","0","0","0","0","0","0",0,0,0,"0",0,0,0,0,0,0,0,0,0,0,0,0,0,0,"0",0,0,0,1,0,0,0,0,0,0,0,0,0,0,0,0,"1",0,0,0,"0",0,0,0,0,"0",0,0,0,0,0,0,0,0,0,0,0,0,0,0,0,"0","0","1","0","0","0","0","0","0","0","0","0","0","0","0","0","0","0","0","0","0","0","0","0","1","0","0","0","1","1","0","0","0","0","0","0","0","0","0","0","0","0","0","0","0","0","0","0","0","0","0","1","0","0","1","1","0","0","0","0","0","0","0","0","0","0","0","0","0","0","0","0","0","0","0","0","0","0","0","0","0","0","0","0","0","0","0","0","0","0","0","0","1","202001","202204","2062"
"9469745","530010","72015930","23125049000176","3","1","00000000000000","","","","0180","","0","E","","","04","","01","36","03","","99","","","","","","","","LICENCA SANITARIA","20191112","1","","","","","","0","0","1","0","0","0","1","0","0","0","0","0","0","0",0,0,0,"0",0,0,0,0,0,0,0,0,0,0,0,0,0,0,"0",0,0,0,0,0,0,0,0,5,0,0,0,0,0,0,0,"1",0,0,0,"0",0,0,0,0,"0",0,0,0,0,0,0,0,0,0,0,0,0,0,0,0,"0","0","0","0","0","0","0","0","1","0","0","0","0","0","0","0","0","0","0","0","0","0","0","0","1","1","0","0","1","1","0","0","0","0","0","0","0","0","0","0","0","0","0","0","0","0","0","0","0","0","0","1","0","0","0","0","0","0","0","0","0","0","0","0","0","0","0","0","0","0","0","0","0","0","0","0","0","0","0","0","0","0","0","0","0","0","0","0","0","0","0","0","1","202004","202204","2062"
"9471286","530010","70077900","27955932000144","3","1","00000000000000","","","","","","0","E","","","04","","03","04","03","","99","","","","","","","","LICENCA SANITARIA","20180331","1","","","","","","0","0","1","0","0","0","1","0","0","0","0","0","0","0",0,0,0,"0",0,0,0,0,0,0,0,0,0,0,0,0,0,0,"0",3,0,0,0,0,0,0,0,0,0,0,0,0,0,0,0,"1",0,0,0,"0",0,0,0,0,"0",0,0,0,0,0,0,0,0,0,0,0,0,0,0,0,"0","0","1","0","0","0","0","0","0","0","0","0","0","0","0","0","0","0","0","0","0","0","0","0","1","0","0","0","1","1","0","0","0","0","0","0","0","0","0","0","0","0","0","0","0","0","0","0","0","0","0","0","0","0","0","1","0","0","0","0","0","0","0","0","0","0","0","0","0","0","0","0","0","0","0","0","0","0","0","0","0","0","0","0","0","0","0","0","0","0","0","0","1","201903","202204","2062"
"9471316","530010","70715900","25025997000165","3","1","00000000000000","","","","0005","","0","E","","","04","","01","22","03","","99","","","","","","","","CERTIFICADO DE LICENCIAME","20190903","1","","","","","","0","0","1","0","0","0","1","0","0","0","0","0","0","0",0,0,0,"0",0,0,0,0,0,0,0,0,0,0,0,0,0,0,"0",0,1,0,0,0,0,0,0,0,0,0,0,0,0,0,0,"1",0,0,0,"0",0,0,0,0,"0",0,0,0,0,0,0,0,0,0,0,0,0,0,0,0,"0","0","1","0","0","0","0","0","0","0","0","0","0","0","0","0","0","0","0","0","0","0","0","0","1","0","0","0","1","1","0","0","0","0","0","0","0","0","0","0","0","0","0","0","0","0","0","0","0","0","0","1","0","0","0","0","0","0","0","0","0","0","0","0","0","0","0","0","0","0","0","0","0","0","0","0","0","0","0","0","0","0","0","0","0","0","0","0","0","0","0","0","1","202009","202204","2062"
"9471324","530010","73350307","28076980000125","3","1","00000000000000","","","","0120","","0","E","","","04","","03","36","03","","99","","","","","","","","ODO 00368-08","20210510","1","","","","","","0","0","1","0","0","0","1","0","0","0","0","0","0","0",0,0,0,"0",0,0,0,0,0,0,0,0,0,0,0,0,0,0,"0",0,0,0,0,0,0,0,0,1,0,0,0,0,0,0,0,"1",0,0,0,"0",0,0,0,0,"0",0,0,0,0,0,0,0,0,0,0,0,0,0,0,0,"0","0","0","0","0","0","0","0","1","0","0","0","0","0","0","0","0","0","0","0","0","0","0","0","1","1","0","0","1","1","0","0","0","0","0","0","0","0","0","0","0","0","0","0","0","0","0","0","0","0","0","1","0","0","0","1","0","0","0","0","0","0","0","0","0","0","0","0","0","0","0","0","0","0","0","0","0","0","0","0","0","0","0","0","0","0","0","0","0","0","0","0","1","202105","202204","2062"
"9472444","530010","72115700","27830695000195","3","1","00000000000000","","","","","","0","E","","","04","","03","36","03","","99","","","","","","","","CERTIFICADO DIGITAL RLE","20190108","1","","","","","","0","0","1","0","0","0","1","0","0","0","0","0","0","0",0,0,0,"0",0,0,0,0,0,0,0,0,0,0,0,0,0,0,"0",0,0,0,3,0,0,0,0,0,0,0,0,0,0,0,0,"1",0,0,0,"0",0,0,0,0,"0",0,0,0,0,0,0,0,0,0,0,0,0,0,0,0,"0","0","1","0","0","0","0","0","0","0","0","0","0","0","0","0","0","0","0","0","0","0","0","0","1","0","0","0","1","1","0","0","0","0","0","0","0","0","0","0","0","0","0","0","0","0","0","0","0","0","0","1","0","0","0","1","0","0","0","0","0","0","0","0","0","0","0","0","0","0","0","0","0","0","0","0","0","0","0","0","0","0","0","0","0","0","0","0","0","0","0","0","1","202009","202204","2062"
"9474374","530010","70770560","28319157000101","3","1","00000000000000","","--","","0005","","0","E","","","04","","03","36","04","","99","","","","","","","","RLE","","1","","","","","","0","0","1","0","0","0","1","0","0","0","0","0","0","0",0,0,0,"0",0,0,0,0,0,0,0,0,0,0,0,0,0,0,"0",0,0,0,1,0,0,0,0,0,0,0,0,0,0,0,0,"1",0,0,0,"0",0,0,0,0,"0",0,0,0,0,0,0,0,0,0,0,0,0,0,0,0,"0","0","0","0","0","0","0","0","0","0","0","0","0","0","0","0","0","0","0","0","0","0","0","0","0","0","0","0","1","1","0","0","0","0","0","0","0","0","0","0","0","0","0","0","0","0","0","0","0","0","0","1","0","0","1","1","0","0","0","0","0","0","0","0","0","0","0","0","0","0","0","0","0","0","0","0","0","0","0","0","0","0","0","0","0","0","0","0","0","0","0","0","1","202108","202204","2062"
"9475656","530010","71931720","28950342000191","3","1","00000000000000","","","","9901","","0","E","","","04","","01","22","03","","99","","","","","","","","ODO.00076-22","20180321","1","","","","","","0","0","1","0","0","0","1","0","0","0","0","0","0","0",0,0,0,"0",0,0,0,0,0,0,0,0,0,0,0,0,0,0,"0",0,0,0,0,0,0,0,0,1,0,0,0,0,0,0,0,"1",0,0,0,"0",0,0,0,0,"0",0,0,0,0,0,0,0,0,0,0,0,0,0,0,0,"0","0","0","0","0","0","0","0","0","0","0","0","0","0","0","0","0","0","0","0","0","0","0","0","0","0","0","0","1","1","0","0","0","0","0","0","0","0","0","0","0","0","0","0","0","0","0","0","0","0","0","1","0","0","0","1","0","0","0","0","0","0","0","0","0","0","0","0","0","0","0","0","0","0","0","0","0","0","0","0","0","0","0","0","0","0","0","0","0","0","0","0","1","201911","202204","2062"
"9475702","530010","73036010","29725323000124","3","1","00000000000000","","","","0170","","0","E","","","04","","01","73","04","","99","001","43133","144584","","","","","EAS 00133-09","20210325","1","","","","","","0","0","1","0","0","0","1","0","0","0","0","0","0","0",0,0,0,"0",0,0,0,0,0,0,0,0,0,0,0,0,0,0,"0",0,0,0,0,0,0,0,0,0,0,0,0,0,0,0,0,"0",0,0,0,"0",0,0,0,0,"0",0,0,0,0,0,0,0,0,0,0,0,0,0,0,0,"0","0","1","0","0","0","0","0","0","0","0","0","0","0","0","0","0","0","0","0","0","0","0","0","1","0","0","0","1","1","0","0","0","0","0","0","0","0","0","0","0","0","0","0","0","0","0","0","0","0","0","1","0","0","0","1","0","0","0","0","0","0","0","0","0","0","0","0","0","0","0","0","0","0","0","0","0","0","0","0","0","0","0","0","0","0","0","0","0","0","0","0","1","202105","202204","2062"
"9475826","530010","71953000","15500164000236","3","1","00000000000000","","","","","","0","E","","","04","","01","22","04","","99","","","","","","","","CERTIFICADO DE LICENCIAME","20180117","1","","","","","","0","0","1","0","0","0","1","0","0","0","0","0","0","0",0,0,0,"0",0,0,0,0,0,0,0,0,0,0,0,0,0,0,"0",0,0,0,2,0,0,0,0,0,0,0,0,0,0,0,0,"1",0,0,0,"0",0,0,0,0,"0",0,0,0,0,0,0,0,0,0,0,0,0,0,0,0,"0","0","1","0","0","0","0","0","0","0","0","0","0","0","0","0","0","0","0","0","0","0","0","0","1","0","0","0","1","1","0","0","0","0","0","0","0","0","0","0","0","0","0","0","0","0","0","0","0","0","0","1","0","0","0","1","0","0","0","0","0","0","0","0","0","0","0","0","0","0","0","0","0","0","0","0","0","0","0","0","0","0","0","0","0","0","0","0","0","0","0","0","1","202001","202204","2305"
"9475931","530010","72236800","00000000000000","3","3","00394700000108","","05","","0040","","1","E","","","04","","01","02","03","","99","","","","","","","","","","","","","","","","1","0","0","0","0","0","1","0","0","0","0","0","0","0",0,0,0,"0",0,0,0,0,0,0,0,0,0,0,0,0,0,0,"0",9,0,0,0,0,0,0,0,4,0,4,1,1,0,1,0,"1",0,0,0,"0",0,0,0,0,"0",0,0,0,0,0,0,0,0,0,0,0,0,0,0,0,"0","0","1","0","0","0","1","0","0","0","0","0","0","0","0","0","0","0","0","0","0","0","0","0","1","1","1","0","1","1","0","0","0","0","0","0","0","0","0","0","0","0","0","0","0","0","0","0","0","0","1","0","0","0","0","0","0","0","0","0","0","0","0","0","0","0","0","0","0","0","0","0","0","0","0","0","0","0","0","0","0","0","0","0","0","0","0","0","0","0","0","0","1","202204","202204","1023"
"9476512","530010","70200730","03496858000268","3","1","00000000000000","","","","0015","","0","E","","","04","","03","69","06","","99","","","","","","","","","20200424","1","","","","","","0","0","1","0","0","0","1","0","0","0","0","0","0","0",0,0,0,"0",0,0,0,0,0,0,0,0,0,0,0,0,0,0,"0",0,0,0,0,0,0,0,0,0,0,0,0,0,0,0,0,"0",0,0,0,"0",0,0,0,0,"0",0,0,0,0,0,0,0,0,0,0,0,0,0,0,0,"0","0","0","0","0","0","0","0","0","0","0","0","0","0","0","0","0","0","0","1","0","0","0","0","1","1","1","0","1","1","0","0","0","0","0","1","0","0","0","0","0","0","1","0","0","0","0","0","0","0","0","0","0","0","0","0","0","0","1","0","0","1","1","0","0","0","0","0","0","0","0","0","0","0","0","0","0","0","0","0","0","0","0","0","0","0","0","0","0","0","0","0","1","202104","202204","2062"
"9476520","530010","70390905","03496858000349","3","1","00000000000000","","","","0010","","0","E","","","04","","03","69","06","","99","","","","","","","","Nº EAS .05215-01","20200814","1","","","","","","0","0","1","0","0","0","1","0","0","0","0","0","0","0",0,0,0,"0",0,0,0,0,0,0,0,0,0,0,0,0,0,0,"0",0,0,0,0,0,0,0,0,0,0,0,0,0,0,0,0,"0",0,0,0,"0",0,0,0,0,"0",0,0,0,0,0,0,0,0,0,0,0,0,0,0,0,"0","0","0","0","0","0","0","0","0","0","0","0","0","0","0","0","0","0","0","1","0","0","0","0","1","1","1","0","1","1","0","0","0","0","0","1","0","0","0","0","0","0","1","0","0","0","0","0","0","0","0","0","0","0","0","0","0","0","1","0","0","1","1","0","0","0","0","0","0","0","0","0","0","0","0","0","0","0","0","0","0","0","0","0","0","0","0","0","0","0","0","0","1","202104","202204","2062"
"9476911","530010","72115700","29589858000115","3","1","00000000000000","","","","","","0","E","","","04","","03","22","03","","99","","","","","","","","EAS 0026615","20200313","1","","","","","","0","0","1","0","0","0","1","0","0","0","0","0","0","0",0,0,0,"0",0,0,0,0,0,0,0,0,0,0,0,0,0,0,"0",1,2,0,1,0,0,0,0,0,0,0,0,0,0,0,0,"1",0,0,0,"0",0,0,0,0,"0",0,0,0,0,0,0,0,0,0,0,0,0,0,0,0,"0","0","1","0","0","0","0","0","0","0","0","0","0","0","0","0","0","0","0","0","0","0","0","0","1","0","0","0","1","1","0","0","0","0","0","0","0","0","0","0","0","0","0","0","0","0","0","0","0","0","0","1","0","0","0","1","0","0","0","0","0","0","0","0","0","0","0","0","0","0","0","0","0","0","0","0","0","0","0","0","0","0","0","0","0","0","0","0","0","0","0","0","1","202109","202204","2062"
"9477063","530010","70673416","29897601000120","3","1","00000000000000","","","","","","0","E","","","04","","01","36","03","","99","","","","","","","","ODO.00079-07","20210514","1","","","","","","0","0","1","0","0","0","1","0","0","0","0","0","0","0",0,0,0,"0",0,0,0,0,0,0,0,0,0,0,0,0,0,0,"0",0,0,0,0,0,0,0,0,2,0,0,0,0,0,0,0,"1",0,0,0,"0",0,0,0,0,"0",0,0,0,0,0,0,0,0,0,0,0,0,0,0,0,"0","0","1","0","0","0","0","0","1","0","0","0","0","0","0","0","0","0","0","1","0","0","0","0","1","1","0","1","1","1","0","0","0","0","0","0","0","0","0","0","0","0","0","0","0","0","0","0","0","0","0","1","0","0","0","0","0","0","0","0","0","0","0","0","0","0","0","0","0","0","0","0","0","0","0","0","0","0","0","0","0","0","0","0","0","0","0","0","0","0","0","0","1","202110","202204","2240"
"9477675","530010","72110290","29302555000170","3","1","00000000000000","","","","0180","","0","E","","","04","","03","36","03","","99","","","","","","","","CERTIFICADO RLE","20210115","1","","","","","","0","0","1","0","0","0","1","0","0","0","0","0","0","0",0,0,0,"0",0,0,0,0,0,0,0,0,0,0,0,0,0,0,"0",0,0,0,5,0,0,0,0,0,0,0,0,0,0,0,0,"1",0,0,0,"0",0,0,0,0,"0",0,0,0,0,0,0,0,0,0,0,0,0,0,0,0,"0","0","1","0","0","0","0","0","0","0","0","0","0","0","0","0","0","0","0","0","0","0","0","0","1","0","0","0","1","1","0","0","0","0","0","0","0","0","0","0","0","0","0","0","0","0","0","0","0","0","0","1","0","0","0","1","0","0","0","0","0","0","0","0","0","0","0","0","0","0","0","0","0","0","0","0","0","0","0","0","0","0","0","0","0","0","0","0","0","0","0","0","1","202203","202204","2062"
"9477845","530010","71805527","17369198000188","3","1","00000000000000","","","","0135","","0","E","","","04","","01","36","03","","99","","","","","","","","EAS.12345","20180102","1","","","","","","0","0","1","0","0","0","1","0","0","0","0","0","0","0",0,0,0,"0",0,0,0,0,0,0,0,0,0,0,0,0,0,0,"0",0,2,0,0,0,0,0,0,0,0,0,0,0,0,0,0,"1",0,0,0,"0",0,0,0,0,"0",0,0,0,0,0,0,0,0,0,0,0,0,0,0,0,"0","0","1","0","0","0","0","0","0","0","0","0","0","0","0","0","0","0","0","0","0","0","0","0","1","1","0","0","1","1","0","0","0","0","0","0","0","0","0","0","0","0","0","0","0","0","0","0","0","0","0","1","0","0","0","1","0","0","0","0","0","0","0","0","0","0","0","0","0","0","0","0","0","0","0","0","0","0","0","0","0","0","0","0","0","0","0","0","0","0","0","0","1","202001","202204","2062"
"9479198","530010","72115700","24218335000149","3","1","00000000000000","","","","","","0","E","","","04","","03","04","03","","99","","","","","","","","EAS 00267-15","20210514","1","","","","","","0","0","1","0","0","0","1","0","0","0","0","0","0","0",0,0,0,"0",0,0,0,0,0,0,0,0,0,0,0,0,0,0,"0",0,3,0,0,0,0,0,0,0,0,0,0,0,0,0,0,"1",0,0,0,"0",0,0,0,0,"0",0,0,0,0,0,0,0,0,0,0,0,0,0,0,0,"0","0","1","0","0","0","0","0","0","0","0","0","0","0","0","0","0","0","0","0","0","0","0","0","1","1","0","0","1","1","0","0","0","0","0","0","0","0","0","0","0","0","0","0","0","0","0","0","0","0","0","1","0","0","0","1","0","0","0","0","0","0","0","0","0","0","0","0","0","0","0","0","0","0","0","0","0","0","0","0","0","0","0","0","0","0","0","0","0","0","0","0","1","202203","202204","2062"
"9479341","530010","70390700","00380931000596","3","1","00000000000000","","","","0010","","0","E","","","04","","03","36","06","","99","","","","","","","","EAS.05481.01","20200914","1","","","","","","0","0","0","0","1","0","1","0","0","0","0","0","0","0",0,0,0,"0",0,0,0,0,0,0,0,0,0,0,0,0,0,0,"0",0,1,0,0,0,0,0,0,0,0,0,0,0,0,0,0,"1",0,0,0,"0",0,0,0,0,"0",0,0,0,0,0,0,0,0,0,0,0,0,0,0,0,"0","0","1","0","0","0","0","0","0","0","0","0","0","0","0","0","0","0","0","0","0","0","0","0","1","1","1","1","1","1","0","0","0","0","0","0","0","0","0","0","0","0","0","0","0","0","0","0","0","0","0","1","0","0","0","1","0","0","0","0","0","0","0","0","0","0","0","0","0","0","0","0","0","0","0","0","0","0","0","0","0","0","0","0","0","0","0","0","0","0","0","0","1","202012","202204","2062"
"9479848","530010","72115700","24832900000163","3","1","00000000000000","","","","0180","","0","E","","","04","","01","36","03","","99","","","","","","","","EAS.0026315","20200211","1","","","","","","0","0","1","0","0","0","1","0","0","0","0","0","0","0",0,0,0,"0",0,0,0,0,0,0,0,0,0,0,0,0,0,0,"0",0,3,0,0,0,0,0,0,0,0,0,0,0,0,0,0,"1",0,0,0,"0",0,0,0,0,"0",0,0,0,0,0,0,0,0,0,0,0,0,0,0,0,"0","0","1","0","0","0","0","0","0","0","0","0","0","0","0","0","0","0","0","0","0","0","0","0","1","1","0","0","1","1","0","0","0","0","0","0","0","0","0","0","0","0","0","0","0","0","0","0","0","0","0","1","0","0","0","1","0","0","0","0","0","0","0","0","0","0","0","0","0","0","0","0","0","0","0","0","0","0","0","0","0","0","0","0","0","0","0","0","0","0","0","0","1","202101","202204","2240"
"9479937","530010","71686202","21021619000152","3","1","00000000000000","","","","","","0","E","","","04","","03","04","03","","99","","","","","","","","EAS Nº 0051","20200301","1","","","","","","0","0","1","0","0","0","1","0","0","0","0","0","0","0",0,0,0,"0",0,0,0,0,0,0,0,0,0,0,0,0,0,0,"0",18,4,0,1,0,0,0,0,0,0,0,0,0,0,0,0,"1",0,0,0,"0",0,0,0,0,"0",0,0,0,0,0,0,0,0,0,0,0,0,0,0,0,"0","0","1","0","0","0","0","0","0","0","0","0","0","0","0","0","0","0","0","0","0","0","0","0","1","0","0","1","1","1","0","0","0","0","0","0","0","0","0","0","0","0","0","0","0","0","0","0","0","0","0","0","0","0","0","1","0","0","0","0","0","0","0","0","0","0","0","0","0","0","0","0","0","0","0","0","0","0","0","0","0","0","0","0","0","0","0","0","0","0","0","0","1","202007","202204","2305"
"9480587","530010","72316223","00000000000000","3","3","00394700000108","","","","0140","","1","E","","","04","","03","02","03","","99","","","","","","","","","","","","","","","","1","0","0","0","0","0","1","0","0","0","0","0","0","0",0,0,0,"0",0,0,0,0,0,0,0,0,0,0,0,0,0,0,"0",12,0,0,3,0,0,0,1,1,0,5,1,1,0,1,0,"1",0,0,0,"0",0,0,0,0,"0",0,0,0,0,0,0,0,0,0,0,0,0,0,0,0,"0","0","0","0","0","0","1","0","0","0","0","0","0","0","0","0","0","0","0","0","0","0","0","0","1","0","1","0","1","1","0","0","0","0","0","0","0","0","0","0","0","0","0","0","0","0","0","0","0","0","1","0","0","0","0","0","0","0","0","0","0","0","0","0","0","0","0","0","0","0","0","0","0","0","0","0","0","0","0","0","0","0","0","0","0","0","0","0","0","0","0","0","1","202205","202204","1023"
"9480595","530010","70701000","27983911000132","3","1","00000000000000","","","","","","0","E","","","04","","01","04","03","","99","","","","","","","","53600223578","20180402","1","","","","","","0","0","1","0","0","0","1","0","0","0","0","0","0","0",0,0,0,"0",0,0,0,0,0,0,0,0,0,0,0,0,0,0,"0",0,1,0,1,0,0,0,0,0,0,0,0,0,0,0,0,"1",0,0,0,"0",0,0,0,0,"0",0,0,0,0,0,0,0,0,0,0,0,0,0,0,0,"0","0","1","0","0","0","0","0","0","0","0","0","0","0","0","0","0","0","0","0","0","0","0","0","1","0","0","0","1","1","0","0","0","0","0","0","0","0","0","0","0","0","0","0","0","0","0","0","0","0","0","1","0","0","0","1","0","0","0","0","0","0","0","0","0","0","0","0","0","0","0","0","0","0","0","0","0","0","0","0","0","0","0","0","0","0","0","0","0","0","0","0","1","202111","202204","2305"
"9481508","530010","71050201","27390595000195","3","1","00000000000000","","","","","","0","E","","","04","","01","04","03","","99","","","","","","","","LICENCIAMENTO","20201019","1","","","","","","0","0","1","0","0","0","1","0","0","0","0","0","0","0",0,0,0,"0",0,0,0,0,0,0,0,0,0,0,0,0,0,0,"0",0,0,0,3,0,0,0,0,0,0,0,0,0,0,0,0,"1",0,0,0,"0",0,0,0,0,"0",0,0,0,0,0,0,0,0,0,0,0,0,0,0,0,"0","0","1","0","0","0","0","0","0","0","1","0","0","0","0","0","0","0","0","0","0","0","0","0","1","0","0","0","1","1","0","0","0","0","0","0","0","0","0","0","0","0","0","0","0","0","0","0","0","0","0","1","0","0","1","1","0","0","0","0","0","0","0","0","0","0","0","0","0","0","0","0","0","0","0","0","0","0","0","0","0","0","0","0","0","0","0","0","0","0","0","0","1","202105","202204","2305"
"9482407","530010","72115700","29173839000103","3","1","00000000000000","","","","0180","","0","E","","","04","","01","36","03","","99","","","","","","","","EAS","20191127","1","","","","","","0","0","1","0","0","0","1","0","0","0","0","0","0","0",0,0,0,"0",0,0,0,0,0,0,0,0,0,0,0,0,0,0,"0",15,0,0,0,0,0,0,0,0,0,0,0,0,0,0,0,"1",0,0,0,"0",0,0,0,0,"0",0,0,0,0,0,0,0,0,0,0,0,0,0,0,0,"0","0","0","1","0","0","0","0","0","0","0","0","0","0","0","0","0","0","0","0","0","0","0","0","1","1","0","0","1","1","0","0","0","0","0","0","0","0","0","0","0","0","0","0","0","0","0","0","0","0","0","1","0","0","1","1","0","0","0","0","0","0","0","0","0","0","0","0","0","0","0","0","0","0","0","0","0","0","0","0","0","0","0","0","0","0","0","0","0","0","0","0","1","202005","202204","2062"
"9482555","530010","70330530","24685325000113","3","1","00000000000000","","","","0010","","0","E","","","04","","03","04","03","","99","","","","","","","","RLE","20190210","1","","","","","","0","0","1","0","0","0","1","0","0","0","0","0","0","0",0,0,0,"0",0,0,0,0,0,0,0,0,0,0,0,0,0,0,"0",0,2,0,0,0,0,0,0,0,0,0,0,0,0,0,0,"1",0,0,0,"0",0,0,0,0,"0",0,0,0,0,0,0,0,0,0,0,0,0,0,0,0,"0","0","1","0","0","0","0","0","0","0","0","0","0","0","0","0","0","0","0","0","0","0","0","0","1","0","0","0","1","1","0","0","0","0","0","0","0","0","0","0","0","0","0","0","0","0","0","0","0","0","0","1","0","0","0","0","0","0","0","0","0","0","0","0","0","0","0","0","0","0","0","0","0","0","0","0","0","0","0","0","0","0","0","0","0","0","0","0","0","0","0","0","1","201910","202204","2062"
"9482679","530010","70770560","03496858001230","3","1","00000000000000","","","","0005","","0","E","","","04","","03","69","06","","99","","","","","","","","HEM 00008-02","20200519","1","","","","","","0","0","1","0","0","0","1","0","0","0","0","0","0","0",0,0,0,"0",0,0,0,0,0,0,0,0,0,0,0,0,0,0,"0",0,0,0,0,0,0,0,0,0,0,0,0,0,0,0,0,"0",0,0,0,"0",0,0,0,0,"0",0,0,0,0,0,0,0,0,0,0,0,0,0,0,0,"0","0","0","0","0","0","0","0","0","0","0","0","0","0","0","0","0","0","0","1","0","0","0","0","1","1","1","0","1","1","0","0","0","0","0","1","0","0","0","0","0","0","1","0","0","0","0","0","0","0","0","0","0","0","0","0","0","0","1","0","0","1","1","0","0","0","0","0","0","0","0","0","0","0","0","0","0","0","0","0","0","0","0","0","0","0","0","0","0","0","0","0","1","202104","202204","2062"
"9482695","530010","72115525","00477034000171","3","1","00000000000000","","","","","","0","E","","","04","","03","04","05","","99","","","","","","","","EAS 00135-15","20211005","1","","","","","","0","0","1","0","0","0","1","0","0","0","0","0","0","0",0,0,0,"0",0,0,0,0,0,0,0,0,0,0,0,0,0,0,"0",0,2,0,1,0,0,0,0,0,0,0,0,0,0,0,0,"1",0,0,0,"0",0,0,0,0,"0",0,0,0,0,0,0,0,0,0,0,0,0,0,0,0,"0","0","1","0","0","0","0","0","0","0","0","0","0","0","0","0","0","0","0","0","0","0","0","0","1","0","0","0","1","1","0","0","0","0","0","0","0","0","0","0","0","0","0","0","0","0","0","0","0","0","0","1","0","0","0","1","0","0","0","0","0","0","0","0","0","0","0","0","0","0","0","0","0","0","0","0","0","0","0","0","0","0","0","0","0","0","0","0","0","0","0","0","1","202111","202204","2240"
"9482873","530010","72225178","26457281000108","3","1","00000000000000","","","","0040","","0","E","","","04","","03","04","03","","99","","","","","","","","20161400527957","20180619","1","","","","","","0","0","1","0","0","0","1","0","0","0","0","0","0","0",0,0,0,"0",0,0,0,0,0,0,0,0,0,0,1,1,0,3,"1",0,3,0,1,0,0,0,1,0,0,0,0,1,1,1,0,"1",0,0,0,"0",0,0,0,0,"0",0,0,0,0,0,0,0,0,0,0,0,0,0,0,0,"0","0","1","0","0","0","1","0","1","0","0","0","0","0","0","0","0","0","0","0","0","0","0","0","1","1","0","0","1","1","0","0","0","0","0","0","0","0","0","0","0","0","0","0","0","0","0","0","0","0","0","1","0","0","0","0","0","0","0","0","0","0","0","0","0","0","0","0","0","0","0","0","0","0","0","0","0","0","0","0","0","0","0","0","0","0","0","0","0","0","0","0","1","202010","202204","2062"
"9483055","530010","70200760","28367935000120","3","1","00000000000000","","","","","","0","E","","","04","","03","36","03","","99","","","","","","","","EAS.30128-01","20180329","1","","","","","","0","0","1","0","0","0","1","0","0","0","0","0","0","0",0,0,0,"0",0,0,0,0,0,0,0,0,0,0,0,0,0,0,"0",0,0,0,3,0,0,0,0,0,0,0,0,0,0,0,0,"1",0,0,0,"0",0,0,0,0,"0",0,0,0,0,0,0,0,0,0,0,0,0,0,0,0,"0","0","1","0","0","0","0","0","0","0","0","0","0","0","0","0","0","0","0","0","0","0","0","0","1","0","0","0","1","1","0","0","0","0","0","0","0","0","0","0","0","0","0","0","0","0","0","0","0","0","0","1","0","0","0","1","0","0","0","0","0","0","0","0","0","0","0","0","0","0","0","0","0","0","0","0","0","0","0","0","0","0","0","0","0","0","0","0","0","0","0","0","1","202203","202204","2062"
"9484280","530010","72115700","30110749000152","3","1","00000000000000","","","","0180","","0","E","","","04","","01","39","06","","99","","","","","","","","RAD.00030-15","20200429","1","","","","","","0","0","1","0","0","0","1","0","0","0","0","0","0","0",0,0,0,"0",0,0,0,0,0,0,0,0,0,0,0,0,0,0,"0",0,0,0,0,0,0,0,0,0,0,0,0,0,0,0,0,"0",0,0,0,"0",0,0,0,0,"0",0,0,0,0,0,0,0,0,0,0,0,0,0,0,0,"0","0","0","1","0","0","0","0","0","0","0","0","0","0","0","0","0","0","0","0","0","0","0","0","1","1","0","0","1","1","0","0","0","0","0","0","0","0","0","0","0","0","0","0","0","0","0","0","0","0","0","1","0","0","1","1","0","0","0","0","0","0","0","0","0","0","0","0","0","0","0","0","0","0","0","0","0","0","0","0","0","0","0","0","0","0","0","0","0","0","0","0","1","202005","202204","2062"
"9484299","530010","72115700","29707432000119","3","1","00000000000000","","","","0180","","0","E","","","04","","01","04","03","","99","","","","","","","","EAS","20191113","1","","","","","","0","0","1","0","0","0","1","0","0","0","0","0","0","0",0,0,0,"0",0,0,0,0,0,0,0,0,0,0,0,0,0,0,"0",1,1,0,2,0,0,0,0,0,0,0,0,0,0,0,0,"1",0,0,0,"0",0,0,0,0,"0",0,0,0,0,0,0,0,0,0,0,0,0,0,0,0,"0","0","0","1","0","0","0","1","0","1","0","0","0","0","0","0","0","0","0","0","0","0","0","0","1","1","0","0","1","1","0","0","0","0","0","0","0","0","0","0","0","0","0","0","0","0","0","0","0","0","0","1","0","0","1","1","0","0","0","0","0","0","0","0","0","0","0","0","0","0","0","0","0","0","0","0","0","0","0","0","0","0","0","0","0","0","0","0","0","0","0","0","1","202005","202204","2062"
"9488073","530010","72020110","00649756000409","3","1","00000000000000","","","","0180","","0","E","","","04","","03","62","06","","99","","","","","","","","VIGILANCIA","20211108","1","","","","","","0","0","1","0","0","0","1","0","0","1","0","0","0","1",1,0,0,"1",0,0,0,0,0,0,0,0,0,0,0,0,0,9,"1",0,0,0,1,0,0,0,0,0,0,0,0,0,0,0,0,"1",1,0,0,"1",0,0,0,0,"0",0,0,0,0,0,0,0,0,0,0,0,0,0,0,0,"0","1","1","0","0","0","0","0","0","0","0","0","0","0","0","0","0","0","0","0","0","1","0","0","1","1","0","0","1","1","0","0","0","0","0","0","0","0","0","0","0","0","0","0","0","0","0","0","0","0","0","1","0","0","0","1","0","0","0","0","0","0","0","0","0","0","0","0","0","0","0","0","0","0","0","0","0","0","0","0","0","0","0","0","0","0","0","0","0","0","0","0","1","202203","202204","2062"
"9488642","530010","71926000","29452715000167","3","1","00000000000000","","","","","","0","E","","","04","","03","22","04","","99","","","","","","","","TVI/4694","20180412","1","","","","","","0","0","1","0","0","0","1","0","0","0","0","0","0","0",0,0,0,"0",0,0,0,0,0,0,0,0,0,0,0,0,0,0,"0",2,0,0,0,0,0,0,0,0,0,0,0,0,0,0,0,"1",0,0,0,"0",0,0,0,0,"0",0,0,0,0,0,0,0,0,0,0,0,0,0,0,0,"0","0","0","0","0","0","0","0","0","0","0","0","0","0","0","0","0","0","0","0","0","0","0","0","0","0","0","0","1","1","0","0","0","0","0","0","0","0","0","0","0","0","0","0","0","0","0","0","0","0","0","1","0","0","0","1","0","0","0","0","0","0","0","0","0","0","0","0","0","0","0","0","0","0","0","0","0","0","0","0","0","0","0","0","0","0","0","0","0","0","0","0","1","202004","202204","2305"
"9489517","530010","70712903","30189683000138","3","1","00000000000000","","","","","","0","E","","","04","","03","22","03","","99","","","","","","","","","","","","","","","","0","0","1","0","0","0","1","0","0","0","0","0","0","0",0,0,0,"0",0,0,0,0,0,0,0,0,0,0,0,0,0,0,"0",1,0,0,0,0,0,0,0,0,0,0,0,0,0,0,0,"1",0,0,0,"0",0,0,0,0,"0",0,0,0,0,0,0,0,0,0,0,0,0,0,0,0,"0","0","0","0","0","0","0","0","0","0","0","0","0","0","0","0","0","0","0","0","0","0","0","0","0","0","0","0","1","1","0","0","0","0","0","0","0","0","0","0","0","0","0","0","0","0","0","0","0","0","0","1","0","0","0","1","0","0","0","0","0","0","0","0","0","0","0","0","0","0","0","0","0","0","0","0","0","0","0","0","0","0","0","0","0","0","0","0","0","0","0","0","1","202010","202204","2305"
"9491635","530010","70200740","28904363000170","3","1","00000000000000","","","","0015","","0","E","","","04","","03","39","03","","99","","","","","","","","LAB 05725-01/2021","20210422","1","","","","","","0","0","1","0","0","0","1","0","0","0","0","0","0","0",0,0,0,"0",0,0,0,0,0,0,0,0,0,0,0,0,0,0,"0",0,0,0,0,0,0,0,0,0,0,0,0,0,0,0,0,"0",0,0,0,"0",0,0,0,0,"0",0,0,0,0,0,0,0,0,0,0,0,0,0,0,0,"0","0","1","0","0","0","0","0","0","0","0","0","0","0","0","0","0","0","0","0","0","0","0","0","1","1","0","0","1","1","0","0","0","0","0","0","0","0","0","0","0","0","0","0","0","0","0","0","0","0","0","0","0","0","0","0","0","0","1","0","0","0","1","0","0","0","0","0","0","0","0","0","0","0","0","0","0","0","0","0","0","0","0","0","0","0","0","0","0","0","0","0","1","202110","202204","2305"
"9494847","530010","71926000","05571262000120","3","1","00000000000000","","","","","","0","E","","","04","","01","22","01","","99","","","","","","","","","","","","","","","","0","0","1","0","0","0","1","0","0","0","0","0","0","0",0,0,0,"0",0,0,0,0,0,0,0,0,0,0,0,0,0,0,"0",0,0,0,1,0,0,0,0,0,0,0,0,0,0,0,0,"1",0,0,0,"0",0,0,0,0,"0",0,0,0,0,0,0,0,0,0,0,0,0,0,0,0,"0","0","1","0","0","0","0","0","0","0","0","0","0","0","0","0","0","0","0","0","0","0","0","0","1","0","0","0","1","1","0","0","0","0","0","0","0","0","0","0","0","0","0","0","0","0","0","0","0","0","0","1","0","0","0","1","0","0","0","0","0","0","0","0","0","0","0","0","0","0","0","0","0","0","0","0","0","0","0","0","0","0","0","0","0","0","0","0","0","0","0","0","1","202007","202204","2305"
"9494901","530010","71200033","00000000000000","3","3","00394700000108","","","","0070","","1","E","","","03","","03","36","05","","99","","","","","","","","","","","","","","","","0","0","0","0","0","0","0","0","0","0","0","0","0","0",0,0,0,"0",0,0,0,0,0,0,0,0,0,0,0,0,0,0,"0",0,0,0,0,0,0,0,0,0,0,0,0,0,0,0,0,"0",0,0,0,"0",0,0,0,0,"0",0,0,0,0,0,0,0,0,0,0,0,0,0,0,0,"0","0","0","0","0","0","0","0","0","0","0","0","0","0","0","0","0","0","0","0","0","0","0","0","0","0","0","0","0","0","0","0","0","0","0","0","0","0","0","0","0","0","0","0","0","0","0","0","0","0","0","0","0","0","0","0","0","0","0","0","0","0","0","0","0","0","0","0","0","0","0","0","0","0","0","0","0","0","1","0","0","0","0","0","0","0","0","0","0","0","0","0","1","202104","202204","1023"
"9495509","530010","72120010","02575355000134","3","1","00000000000000","","","","0180","","0","E","","","04","","03","36","03","","99","","","","","","","","00098-15","20200429","1","","","","","","0","0","1","0","0","0","1","0","0","0","0","1","0","1",2,1,0,"1",0,0,0,0,0,0,0,0,0,0,0,0,0,0,"0",0,0,0,0,0,0,0,0,1,0,0,0,0,0,0,0,"1",2,2,0,"1",0,0,0,0,"0",0,0,0,0,0,0,0,0,0,0,2,0,0,0,0,"0","1","1","0","0","0","1","0","1","0","0","0","0","0","0","0","1","0","1","0","0","1","0","0","1","1","0","0","1","1","0","0","0","0","0","0","0","0","0","0","0","0","0","0","1","0","0","0","1","0","0","0","0","0","0","1","0","0","0","0","0","0","0","0","0","0","0","0","0","0","0","0","0","0","0","0","0","0","0","0","0","0","0","0","0","0","0","0","0","0","0","0","1","202008","202204","2062"
"9497625","530010","72215178","20795528000101","3","1","00000000000000","","","","0040","","0","E","","","04","","01","36","04","","99","","","","","","","","8630-5/03","20211116","1","","","","","","0","0","0","0","0","0","0","0","0","1","0","0","0","1",0,7,0,"1",0,0,0,0,0,0,0,0,0,0,0,0,0,7,"1",0,0,0,0,0,0,0,0,0,0,0,0,0,0,0,0,"0",0,0,0,"0",0,0,0,0,"0",0,0,0,0,0,0,0,0,0,0,0,0,0,0,0,"0","0","0","1","0","0","0","0","0","0","0","0","0","0","0","0","0","0","0","0","0","0","0","0","1","0","0","0","1","1","0","0","0","0","0","0","0","0","0","0","0","0","0","0","0","0","0","0","0","0","0","0","0","0","0","0","0","0","0","0","0","0","0","0","0","1","0","0","0","1","0","0","0","0","0","0","0","0","0","0","0","0","0","0","0","0","0","0","0","0","0","0","1","202111","202204","2305"
"9499725","530010","70853450","00000000000000","3","3","00394700000108","","02","","","","1","E","","","04","","01","04","03","","99","","","","","","","","","","","","","","","","0","0","1","0","0","0","1","0","0","0","0","0","0","0",0,0,0,"0",0,0,0,0,0,0,0,0,0,0,0,0,0,0,"0",0,4,0,1,0,0,0,0,0,0,2,1,1,0,1,0,"1",0,0,0,"0",0,0,0,0,"0",0,0,0,0,0,0,0,0,0,0,0,0,0,0,0,"0","0","1","0","1","0","1","0","1","0","0","0","0","0","0","0","0","0","0","0","0","0","0","0","1","1","0","0","1","1","0","0","0","0","0","0","0","0","0","0","0","0","0","0","0","0","0","0","0","0","1","0","0","0","0","0","0","0","0","0","0","0","0","0","0","0","0","0","0","0","0","0","0","0","0","0","0","0","0","0","0","0","0","0","0","0","0","0","0","0","0","0","1","202204","202204","1023"
"9499733","530010","70710146","29207375000109","3","1","00000000000000","","","","","","0","E","","","04","","01","04","03","","99","","","","","","","","EAS 00304-2","20200916","1","","","","","","0","0","1","0","0","0","1","0","0","0","0","0","0","0",0,0,0,"0",0,0,0,0,0,0,0,0,0,0,0,0,0,0,"0",0,2,0,0,0,0,0,0,0,0,0,0,0,0,0,0,"1",0,0,0,"0",0,0,0,0,"0",0,0,0,0,0,0,0,0,0,0,0,0,0,0,0,"0","0","1","0","0","0","0","0","0","0","0","0","0","0","0","0","0","0","0","0","0","0","0","0","1","0","0","0","1","1","0","0","0","0","0","0","0","0","0","0","0","0","0","0","0","0","0","0","0","0","0","0","0","0","0","1","0","0","0","0","0","0","0","0","0","0","0","0","0","0","0","0","0","0","0","0","0","0","0","0","0","0","0","0","0","0","0","0","0","0","0","0","1","202010","202204","2305"
"9499830","530010","70702060","30009800000134","3","1","00000000000000","","","","0005","","0","E","","","04","","01","22","04","","99","","","","","","","","CERTIF. DE LICENCIAMENTO","20210930","1","","","","","","0","0","1","0","0","0","1","0","0","0","0","0","0","0",0,0,0,"0",0,0,0,0,0,0,0,0,0,0,0,0,0,0,"0",0,1,0,0,0,0,0,0,0,0,0,0,0,0,0,0,"1",0,0,0,"0",0,0,0,0,"0",0,0,0,0,0,0,0,0,0,0,0,0,0,0,0,"0","0","1","0","0","0","0","0","0","0","0","0","0","0","0","0","0","0","0","0","0","0","0","0","1","0","0","0","1","1","0","0","0","0","0","0","0","0","0","0","0","0","0","0","0","0","0","0","0","0","0","1","0","0","1","1","0","0","0","0","0","0","0","0","0","0","0","0","0","0","0","0","0","0","0","0","0","0","0","0","0","0","0","0","0","0","0","0","0","0","0","0","1","202111","202204","2062"
"9500014","530010","72115700","26173733000111","3","1","00000000000000","","","","0180","61","0","E","","","04","","03","36","03","","99","","","","","","","","EAS 00032010","20200203","1","","","","","","0","0","1","0","0","0","1","0","0","0","0","0","0","0",0,0,0,"0",0,0,0,0,0,0,0,0,0,0,0,0,0,0,"0",0,1,0,0,0,0,0,0,0,0,0,0,0,0,0,0,"1",0,0,0,"0",0,0,0,0,"0",0,0,0,0,0,0,0,0,0,0,0,0,0,0,0,"0","0","1","0","0","0","0","0","0","0","0","0","0","0","0","0","0","0","0","0","0","0","0","0","1","0","0","0","1","1","0","0","0","0","0","0","0","0","0","0","0","0","0","0","0","0","0","0","0","0","0","1","0","0","0","1","0","0","0","0","0","0","0","0","0","0","0","0","0","0","0","0","0","0","0","0","0","0","0","0","0","0","0","0","0","0","0","0","0","0","0","0","1","202009","202204","2062"
"9501223","530010","73330003","26173147000177","3","1","00000000000000","","--","","0120","","0","E","","","04","","03","05","06","","99","","","","","","","","EAS00262-08","20200724","1","","","","","","0","0","1","0","0","0","1","0","0","1","0","0","0","1",0,0,20,"1",0,0,0,0,0,0,0,0,0,0,0,0,0,0,"1",2,4,0,0,0,0,0,0,0,0,0,0,0,0,0,0,"1",0,0,0,"0",0,0,0,0,"0",0,0,2,0,0,0,0,0,0,0,0,0,0,0,0,"0","0","1","0","0","0","1","0","0","1","1","0","1","0","0","0","0","1","1","0","0","0","1","0","1","1","0","0","1","1","0","0","0","0","0","0","0","0","0","0","0","0","0","0","0","0","0","0","0","0","0","1","0","0","0","1","0","0","1","0","0","0","1","0","0","0","0","0","0","0","0","0","0","0","0","0","0","0","0","0","0","0","0","0","0","0","0","0","0","0","0","0","1","202108","202204","2135"
"9502572","530010","70330530","18233699000103","3","1","00000000000000","","","","0015","","0","E","","","04","","03","36","03","","99","","","","","","","","EAS 20798/2020","20200624","1","","","","","","0","0","1","0","0","0","1","0","0","0","0","0","0","0",0,0,0,"0",0,0,0,0,0,0,0,0,0,0,0,0,0,0,"0",0,1,0,0,0,0,0,0,0,0,0,0,0,0,0,0,"1",0,0,0,"0",0,0,0,0,"0",0,0,0,0,0,0,0,0,0,0,0,0,0,0,0,"0","0","1","0","0","0","0","0","0","0","0","0","0","0","0","0","0","0","0","0","0","0","0","0","1","0","0","0","1","1","0","0","0","0","0","0","0","0","0","0","0","0","0","0","0","0","0","0","0","0","0","1","0","0","0","1","0","0","0","0","0","0","0","0","0","0","0","0","0","0","0","0","0","0","0","0","0","0","0","0","0","0","0","0","0","0","0","0","0","0","0","0","1","202101","202204","2062"
"9502793","530010","72215018","16852455000175","3","1","00000000000000","","","","","","0","E","","","04","","01","36","03","","99","","","","","","","","Nº ODO - 00006-16","20210804","2","","","","","","0","0","1","0","0","0","1","0","0","0","0","0","0","0",0,0,0,"0",0,0,0,0,0,0,0,0,0,0,0,0,0,0,"0",0,0,0,0,0,0,0,0,3,0,0,0,0,0,0,0,"1",0,0,0,"0",0,0,0,0,"0",0,0,0,0,0,0,0,0,0,0,0,0,0,0,0,"0","0","1","0","0","0","0","0","0","0","0","0","0","0","0","0","0","0","0","0","0","0","0","0","1","1","0","0","1","1","0","0","0","0","0","0","0","0","0","0","0","0","0","0","0","0","0","0","0","0","0","1","0","0","0","1","0","0","0","0","0","0","0","0","0","0","0","0","0","0","0","0","0","0","0","0","0","0","0","0","0","0","0","0","0","0","0","0","0","0","0","0","1","202111","202204","2305"
"9503226","530010","72210182","27425720000155","3","1","00000000000000","","","","0040","","0","E","","","04","","01","36","03","","99","","","","","","","","","","","","","","","","0","0","1","0","0","0","1","0","0","0","0","0","0","0",0,0,0,"0",0,0,0,0,0,0,0,0,0,0,0,0,0,0,"0",0,0,0,0,0,0,0,0,8,0,0,0,0,0,0,0,"1",0,0,0,"0",0,0,0,0,"0",0,0,0,0,0,0,0,0,0,0,0,0,0,0,0,"0","0","1","0","0","0","0","0","1","0","0","0","0","0","0","0","0","0","0","0","0","0","0","0","1","1","0","0","1","1","0","0","0","0","0","0","0","0","0","0","0","0","0","0","0","0","0","0","0","0","0","1","0","0","0","0","0","0","0","0","0","0","0","0","0","0","0","0","0","0","0","0","0","0","0","0","0","0","0","0","0","0","0","0","0","0","0","0","0","0","0","0","1","202003","202204","2062"
"9504052","530010","70770100","00454686000867","3","1","00000000000000","","","","0005","","0","E","","","04","","01","39","03","","99","","","","","","","","LAB 00021-022/2022","20210915","1","","","","","","0","0","1","0","0","0","1","0","0","0","0","0","0","0",0,0,0,"0",0,0,0,0,0,0,0,0,0,0,0,0,0,0,"0",0,1,0,0,0,0,0,0,0,0,0,0,0,0,0,0,"1",0,0,0,"0",0,0,0,0,"0",0,0,0,0,0,0,0,0,0,0,0,0,0,0,0,"0","0","1","0","0","0","0","0","0","0","0","0","0","0","0","0","0","0","1","1","0","0","0","0","1","1","1","0","1","1","0","0","0","0","0","0","0","0","0","0","0","0","0","0","0","0","0","0","0","0","0","1","0","0","0","1","0","0","1","0","0","0","1","0","0","0","0","0","0","0","0","0","0","0","0","0","0","0","0","0","0","0","0","0","0","0","0","0","0","0","0","0","1","202204","202204","2062"
"9505377","530010","72405050","29725281000121","3","1","00000000000000","","","","0060","","0","E","","","04","","03","36","04","","99","","","","","","","","00118-20/2021","20210202","1","","","","","","0","0","1","0","0","0","1","0","0","0","0","0","0","0",0,0,0,"0",0,0,0,0,0,0,0,0,0,0,0,0,0,0,"0",0,0,0,3,0,0,0,0,0,0,0,0,0,0,0,0,"1",0,0,0,"0",0,0,0,0,"0",0,0,0,0,0,0,0,0,0,0,0,0,0,0,0,"0","0","1","0","0","0","0","0","0","0","0","0","0","0","0","0","0","0","0","0","0","0","0","0","1","0","0","0","1","1","0","0","0","0","0","0","0","0","0","0","0","0","0","0","0","0","0","0","0","0","0","1","0","0","0","1","0","0","0","0","0","0","0","0","0","0","0","0","0","0","0","0","0","0","0","0","0","0","0","0","0","0","0","0","0","0","0","0","0","0","0","0","1","202102","202204","2062"
"9505547","530010","70340907","29212780000115","3","1","00000000000000","","","","0015","","0","E","","","04","","03","36","03","","99","","","","","","","","ODO 01768-01","20210618","1","","","","","","0","0","1","0","0","0","1","0","0","0","0","0","0","0",0,0,0,"0",0,0,0,0,0,0,0,0,0,0,0,0,0,0,"0",0,1,0,0,0,0,0,0,0,0,0,0,0,0,0,0,"1",0,0,0,"0",0,0,0,0,"0",0,0,0,0,0,0,0,0,0,0,0,0,0,0,0,"0","0","1","0","0","0","0","0","0","0","0","0","0","0","0","0","0","0","0","0","0","0","0","0","1","1","0","0","1","1","0","0","0","0","0","0","0","0","0","0","0","0","0","0","0","0","0","0","0","0","0","1","0","0","0","1","0","0","0","0","0","0","0","0","0","0","0","0","0","0","0","0","0","0","0","0","0","0","0","0","0","0","0","0","0","0","0","0","0","0","0","0","1","202106","202204","2062"
"9505709","530010","73310000","00000000000000","3","3","00394700000108","","06","","0120","","1","E","","","04","","02","04","03","","99","","","","","","","","","","","","","","","","0","0","1","0","0","0","1","0","0","0","0","0","0","0",0,0,0,"0",0,0,0,0,0,0,0,0,0,0,0,0,0,0,"0",5,1,0,3,0,0,0,0,3,0,4,1,1,0,1,1,"1",0,0,0,"0",0,0,0,0,"0",0,0,0,0,0,0,0,0,0,0,0,0,0,0,0,"0","0","1","0","1","0","1","0","1","0","1","0","0","0","0","0","0","0","0","0","0","0","0","0","1","1","1","0","1","1","0","0","0","0","0","0","0","0","0","0","0","0","0","0","0","0","0","0","0","0","1","0","0","0","0","0","0","0","0","0","0","0","0","0","0","0","0","0","0","0","0","0","0","0","0","0","0","0","0","0","0","0","0","0","0","0","0","0","0","0","0","0","1","202204","202204","1023"
"9506829","530010","70200760","26489747000149","3","1","00000000000000","","","","0015","","0","E","","","04","","01","22","03","","99","","","","","","","","","","","","","","","","0","0","1","0","0","0","1","0","0","0","0","0","0","0",0,0,0,"0",0,0,0,0,0,0,0,0,0,0,0,0,0,0,"0",0,1,0,0,0,0,0,0,0,0,0,0,0,0,0,0,"1",0,0,0,"0",0,0,0,0,"0",0,0,0,0,0,0,0,0,0,0,0,0,0,0,0,"0","0","1","0","0","0","0","0","0","0","0","0","0","0","0","0","0","0","0","0","0","0","0","0","1","0","0","0","1","1","0","0","0","0","0","0","0","0","0","0","0","0","0","0","0","0","0","0","0","0","0","1","0","0","0","1","0","0","0","0","0","0","0","0","0","0","0","0","0","0","0","0","0","0","0","0","0","0","0","0","0","0","0","0","0","0","0","0","0","0","0","0","1","202101","202204","2062"
"9509356","530010","72231560","00000000000000","3","3","00394700000108","","05","","0040","","1","E","","","04","","03","02","03","","99","","","","","","","","","","","","","","","","1","0","0","0","0","0","1","0","0","0","0","0","0","0",0,0,0,"0",0,0,0,0,0,0,0,0,0,0,0,0,0,0,"0",8,0,0,2,0,0,0,0,4,0,2,1,0,0,1,0,"1",0,0,0,"0",0,0,0,0,"0",0,0,0,0,0,0,0,0,0,0,0,0,0,0,0,"0","0","1","0","0","0","1","0","1","0","0","0","0","0","0","0","0","0","0","0","0","0","0","0","1","1","1","0","1","1","0","0","0","0","0","0","0","0","0","0","0","0","0","0","0","0","0","0","0","0","1","0","0","0","0","0","0","0","0","0","0","0","0","0","0","0","0","0","0","0","0","0","0","0","0","0","0","0","0","0","0","0","0","0","0","0","0","0","0","0","0","0","1","202204","202204","1023"
"9511431","530010","70040905","29780952000157","3","1","00000000000000","","","","","","0","E","","","04","","03","22","03","","99","","","","","","","","RLE 53600472411","20210217","1","","","","","","0","0","1","0","0","0","1","0","0","0","0","0","0","0",0,0,0,"0",0,0,0,0,0,0,0,0,0,0,0,0,0,0,"0",0,0,0,1,0,0,0,0,0,0,0,0,0,0,0,0,"1",0,0,0,"0",0,0,0,0,"0",0,0,0,0,0,0,0,0,0,0,0,0,0,0,0,"0","0","1","0","0","0","0","0","0","0","0","0","0","0","0","0","0","0","0","0","0","0","0","0","1","0","0","0","1","1","0","0","0","0","0","0","0","0","0","0","0","0","0","0","0","0","0","0","0","0","0","1","0","0","0","1","0","0","0","0","0","0","0","0","0","0","0","0","0","0","0","0","0","0","0","0","0","0","0","0","0","0","0","0","0","0","0","0","0","0","0","0","1","202202","202204","2305"
"9512179","530010","71625205","26080398000107","3","1","00000000000000","","","","0090","","0","E","","","04","","03","36","03","","99","","","","","","","","EAS 439-03/2021","20210922","1","","","","","","0","0","1","0","0","0","1","0","0","0","0","0","0","0",0,0,0,"0",0,0,0,0,0,0,0,0,0,0,0,1,0,0,"1",0,2,0,0,0,0,0,0,0,0,0,0,0,0,0,0,"1",0,0,0,"0",0,0,0,0,"0",0,0,0,0,0,0,0,0,0,0,0,0,0,0,0,"0","0","1","0","0","0","0","0","0","0","0","0","0","0","0","0","0","0","0","0","0","0","0","0","1","1","0","0","1","1","0","0","0","0","0","0","0","0","0","0","0","0","0","0","0","0","0","0","0","0","0","1","0","0","0","1","0","0","0","0","0","0","0","0","0","0","0","0","0","0","0","0","0","0","0","0","0","0","0","0","0","0","0","0","0","0","0","0","0","0","0","0","1","202201","202204","2062"
"9512357","530010","70390020","28234312000189","3","1","00000000000000","","","","0015","","0","E","","","04","","01","22","03","","99","","","","","","","","DFP2100156734","20210921","","","","","","","0","0","1","0","0","0","1","0","0","0","0","0","0","0",0,0,0,"0",0,0,0,0,0,0,0,0,0,0,0,0,0,0,"0",0,0,0,1,0,0,0,0,0,0,0,0,0,0,0,0,"1",0,0,0,"0",0,0,0,0,"0",0,0,0,0,0,0,0,0,0,0,0,0,0,0,0,"0","0","1","0","0","0","0","0","0","0","0","0","0","0","0","0","0","0","0","0","0","0","0","0","1","0","0","0","1","1","0","0","0","0","0","0","0","0","0","0","0","0","0","0","0","0","0","0","0","0","0","1","0","0","0","0","0","0","0","0","0","0","0","0","0","0","0","0","0","0","0","0","0","0","0","0","0","0","0","0","0","0","0","0","0","0","0","0","0","0","0","0","1","202204","202204","2062"
"9513426","530010","70640010","08427184000182","3","1","00000000000000","","","","","","0","E","","","04","","03","36","03","","99","","","","","","","","ODO.00027-07","20200926","1","","","","","","0","0","1","0","0","0","1","0","0","0","0","0","0","0",0,0,0,"0",0,0,0,0,0,0,0,0,0,0,0,0,0,0,"0",0,0,0,0,0,0,0,0,2,0,0,0,0,0,0,0,"1",0,0,0,"0",0,0,0,0,"0",0,0,0,0,0,0,0,0,0,0,0,0,0,0,0,"0","0","1","0","0","0","0","0","1","0","0","0","0","0","0","0","0","0","0","0","0","0","0","0","1","1","0","0","1","1","0","0","0","0","0","0","0","0","0","0","0","0","0","0","0","0","0","0","0","0","0","1","0","0","0","0","0","0","0","0","0","0","0","0","0","0","0","0","0","0","0","0","0","0","0","0","0","0","0","0","0","0","0","0","0","0","0","0","0","0","0","0","1","202109","202204","2062"
"9513582","530010","70077900","30265005000107","3","1","00000000000000","","","","","","0","E","","","04","","","22","01","","99","","","","","","","","EAS 00266-02/2021","20210614","1","","","","","","0","0","1","0","0","0","1","0","0","0","0","0","0","0",0,0,0,"0",0,0,0,0,0,0,0,0,0,0,0,0,0,0,"0",1,0,0,0,0,0,0,0,0,0,0,0,0,0,0,0,"1",0,0,0,"0",0,0,0,0,"0",0,0,0,0,0,0,0,0,0,0,0,0,0,0,0,"0","0","0","0","0","0","0","0","0","0","0","0","0","0","0","0","0","0","0","0","0","0","0","0","0","0","0","0","1","1","0","0","0","0","0","0","0","0","0","0","0","0","0","0","0","0","0","0","0","0","0","1","0","0","1","1","0","0","0","0","0","0","0","0","0","0","0","0","0","0","0","0","0","0","0","0","0","0","0","0","0","0","0","0","0","0","0","0","0","0","0","0","1","202106","202204","2135"
"9514619","530010","71953000","21895496000189","3","1","00000000000000","","","","9901","","0","E","","","04","","01","36","03","","99","","","","","","","","","","","","","","","","0","0","1","0","0","0","1","0","0","0","0","0","0","0",0,0,0,"0",0,0,0,0,0,0,0,0,0,0,0,0,0,0,"0",0,2,0,0,0,0,0,0,0,0,0,0,0,0,0,0,"1",0,0,0,"0",0,0,0,0,"0",0,0,0,0,0,0,0,0,0,0,0,0,0,0,0,"0","0","1","0","0","0","0","0","0","0","0","0","0","0","0","0","0","0","0","0","0","0","0","0","1","1","0","0","1","1","0","0","0","0","0","0","0","0","0","0","0","0","0","0","0","0","0","0","0","0","0","1","0","0","0","1","0","0","1","0","0","0","1","0","0","0","0","0","0","0","0","0","0","0","0","0","0","0","0","0","0","0","0","0","0","0","0","0","0","0","0","0","1","202007","202204","2062"
"9515720","530010","72110160","27273516000166","3","1","00000000000000","","","","","","0","E","","","04","","01","04","03","","99","","","","","","","","EAS264","20180531","1","","","","","","0","0","1","0","0","0","1","0","0","0","0","0","0","0",0,0,0,"0",0,0,0,0,0,0,0,0,0,0,0,0,0,0,"0",5,0,0,0,0,0,0,0,0,0,0,0,0,0,0,0,"1",0,0,0,"0",0,0,0,0,"0",0,0,0,0,0,0,0,0,0,0,0,0,0,0,0,"0","0","0","0","0","0","0","0","0","0","0","0","0","0","0","0","0","0","0","0","0","0","0","0","0","0","0","0","1","1","0","0","0","0","0","0","0","0","0","0","0","0","0","0","0","0","0","0","0","0","0","1","0","0","0","0","0","0","0","0","0","0","0","0","0","0","0","0","0","0","0","0","0","0","0","0","0","0","0","0","0","0","0","0","0","0","0","0","0","0","0","0","1","201911","202204","2062"
"9516204","530010","71691081","00000000000000","3","3","00394700000108","","07","","0160","","1","E","","","04","","02","04","03","","99","","","","","","","","","","","","","","","","0","0","1","0","0","0","1","0","0","0","0","0","0","0",0,0,0,"0",0,0,0,0,0,0,0,0,0,0,0,0,0,0,"0",0,5,0,0,0,0,0,0,0,0,1,0,0,0,0,0,"1",0,0,0,"0",0,0,0,0,"0",0,0,0,0,0,0,0,0,0,0,0,0,0,0,0,"0","0","0","0","0","0","1","0","1","0","0","0","0","0","0","0","1","0","0","1","0","0","0","0","1","1","0","0","1","1","0","0","0","0","0","0","0","0","0","0","0","0","0","0","0","0","0","0","0","0","1","0","0","0","0","0","0","0","0","0","0","0","0","0","0","0","0","0","0","0","0","0","0","0","0","0","0","0","0","0","0","0","0","0","0","0","0","0","0","0","0","0","1","202202","202204","1023"
"9516212","530010","71570903","00000000000000","3","3","00394700000108","","07","","0110","","1","E","","","04","","02","04","03","","99","","","","","","","","","","","","","","","","0","0","1","0","0","0","1","0","0","0","0","0","0","0",0,0,0,"0",0,0,0,0,0,0,0,0,0,0,0,0,0,0,"0",1,19,0,1,0,0,0,0,0,1,2,0,0,0,1,0,"1",0,0,0,"0",0,0,0,0,"0",0,0,0,0,0,0,0,0,0,0,0,0,0,0,0,"0","0","0","0","0","0","0","0","1","0","0","0","0","0","0","0","1","0","0","0","0","0","0","0","1","1","0","0","1","1","0","0","0","0","0","0","0","0","0","0","0","0","0","0","0","0","0","0","0","0","1","0","0","0","0","0","0","0","0","0","0","0","0","0","0","0","0","0","0","0","0","0","0","0","0","0","0","0","0","0","0","0","0","0","0","0","0","0","0","0","0","0","1","202204","202204","1023"
"9523162","530010","71908540","25135132000151","3","1","00000000000000","","","","","","0","E","","","04","","03","22","04","","99","","","","","","","","8650-0/03","20190919","1","","","","","","0","0","1","0","0","0","1","0","0","0","0","0","0","0",0,0,0,"0",0,0,0,0,0,0,0,0,0,0,0,0,0,0,"0",0,0,0,3,0,0,0,0,0,0,0,0,0,0,0,0,"1",0,0,0,"0",0,0,0,0,"0",0,0,0,0,0,0,0,0,0,0,0,0,0,0,0,"0","0","0","0","0","0","0","0","0","0","0","0","0","0","0","0","0","0","0","0","0","0","0","0","0","0","0","0","1","1","0","0","0","0","0","0","0","0","0","0","0","0","0","0","0","0","0","0","0","0","0","1","0","0","0","1","0","0","0","0","0","0","0","0","0","0","0","0","0","0","0","0","0","0","0","0","0","0","0","0","0","0","0","0","0","0","0","0","0","0","0","0","1","202001","202204","2062"
"9523448","530010","71200260","04863664000216","3","1","00000000000000","","","","0070","","0","E","","","04","","03","77","03","","99","","","","","","","","EAS.0062-10","20200409","1","","","","","","0","0","1","0","1","0","1","0","0","0","0","0","0","0",0,0,0,"0",0,0,0,0,0,0,0,0,0,0,0,0,0,0,"1",0,0,0,0,0,0,0,0,0,0,0,0,0,0,0,0,"0",0,0,0,"0",0,0,0,0,"0",1,0,0,0,0,0,0,0,0,0,0,0,0,0,0,"0","0","1","0","0","0","1","0","0","0","0","0","0","0","0","0","0","0","0","0","0","0","0","0","1","1","1","0","1","1","0","0","0","0","0","0","0","0","0","0","0","0","0","0","0","0","0","0","0","0","0","0","0","0","0","0","0","0","1","0","0","1","1","0","0","0","0","0","0","0","0","0","0","0","0","0","0","0","0","0","0","0","0","0","0","0","0","0","0","0","0","0","1","202007","202204","2062"
"9525866","530010","70340908","20320346000184","3","1","00000000000000","","","","0015","","0","E","","","04","","01","36","03","","99","","","","","","","","ODO.01724-01","20201119","1","","","","","","0","0","1","0","0","0","1","0","0","0","0","0","0","0",0,0,0,"0",0,0,0,0,0,0,0,0,0,0,0,0,0,0,"0",0,0,0,0,0,0,0,0,2,0,0,0,0,0,0,0,"1",0,0,0,"0",0,0,0,0,"0",0,0,0,0,0,0,0,0,0,0,0,0,0,0,0,"0","0","1","0","0","0","0","0","1","0","0","0","0","0","0","0","0","0","0","0","0","0","0","0","1","1","0","0","1","1","0","0","0","0","0","0","0","0","0","0","0","0","0","0","0","0","0","0","0","0","0","1","0","0","0","1","0","0","0","0","0","0","0","0","0","0","0","0","0","0","0","0","0","0","0","0","0","0","0","0","0","0","0","0","0","0","0","0","0","0","0","0","1","202012","202204","2240"
"9525904","530010","70390150","27761625000122","3","1","00000000000000","","","","","","0","E","","","04","","01","04","03","","99","","","","","","","","/0001-22","20190221","1","","","","","","0","0","1","0","0","0","1","0","0","0","0","0","0","0",0,0,0,"0",0,0,0,0,0,0,0,0,0,0,0,0,0,0,"0",0,7,0,0,0,0,0,0,0,0,0,0,0,0,0,0,"1",0,0,0,"0",0,0,0,0,"0",0,0,0,0,0,0,0,0,0,0,0,0,0,0,0,"0","0","1","0","0","0","0","0","0","0","0","0","0","0","0","0","0","0","1","0","0","0","0","0","1","1","0","0","1","1","0","0","0","0","0","0","0","0","0","0","0","0","0","0","0","0","0","0","0","0","0","1","0","0","0","0","0","0","0","0","0","0","0","0","0","0","0","0","0","0","0","0","0","0","0","0","0","0","0","0","0","0","0","0","0","0","0","0","0","0","0","0","1","202111","202204","2240"
"9527192","530010","70390055","26993235000115","3","1","00000000000000","","","","","","0","E","","","04","","01","04","03","","99","","","","","","","","RLE DIGITAL","20210217","1","","","","","","0","0","1","0","0","0","1","0","0","0","0","0","0","0",0,0,0,"0",0,0,0,0,0,0,0,0,0,0,0,0,0,0,"0",0,0,0,3,0,0,0,0,0,0,0,0,0,0,0,0,"1",0,0,0,"0",0,0,0,0,"0",0,0,0,0,0,0,0,0,0,0,0,0,0,0,0,"0","0","1","0","0","0","0","0","0","0","1","0","0","0","0","0","0","0","0","0","0","0","0","0","1","0","0","0","1","1","0","0","0","0","0","0","0","0","0","0","0","0","0","0","0","0","0","0","0","0","0","0","0","0","0","1","0","0","0","0","0","0","0","0","0","0","0","0","0","0","0","0","0","0","0","0","0","0","0","0","0","0","0","0","0","0","0","0","0","0","0","0","1","202104","202204","2305"
"9527656","530010","70770700","27975618000123","3","1","00000000000000","","","","0005","","0","E","","","04","","01","36","04","","99","","","","","","","","0025902/2022","20220127","1","","","","","","0","0","1","0","0","0","1","0","0","0","0","0","0","0",0,0,0,"0",0,0,0,0,0,0,0,0,0,0,0,0,0,0,"0",0,1,0,0,0,0,0,0,0,0,0,0,0,0,0,0,"1",0,0,0,"0",0,0,0,0,"0",0,0,0,0,0,0,0,0,0,0,0,0,0,0,0,"0","0","1","0","0","0","0","0","0","0","0","0","0","0","0","0","0","0","0","0","0","0","0","0","1","0","0","0","1","1","0","0","0","0","0","0","0","0","0","0","0","0","0","0","0","0","0","0","0","0","0","1","0","0","1","1","0","0","0","0","0","0","0","0","0","0","0","0","0","0","0","0","0","0","0","0","0","0","0","0","0","0","0","0","0","0","0","0","0","0","0","0","1","202204","202204","2062"
"9527761","530010","72425100","30471434000130","3","1","00000000000000","","","","0060","","0","E","","","04","","01","22","03","","99","","","","","","","","0012620/2020","20200713","","","","","","","0","0","1","0","0","0","1","0","0","0","0","0","0","0",0,0,0,"0",0,0,0,0,0,0,0,0,0,0,0,0,0,0,"0",0,1,0,0,0,0,0,0,0,0,0,0,0,0,0,0,"1",0,0,0,"0",0,0,0,0,"0",0,0,0,0,0,0,0,0,0,0,0,0,0,0,0,"0","0","1","0","0","0","0","0","0","0","0","0","0","0","0","0","0","0","0","0","0","0","0","0","1","0","0","0","1","1","0","0","0","0","0","0","0","0","0","0","0","0","0","0","0","0","0","0","0","0","0","1","0","0","0","0","0","0","0","0","0","0","0","0","0","0","0","0","0","0","0","0","0","0","0","0","0","0","0","0","0","0","0","0","0","0","0","0","0","0","0","0","1","202010","202204","2062"
"9528091","530010","70200730","12971279000130","3","1","00000000000000","","","","0015","","0","E","","","04","","03","04","03","","99","","","","","","","","EAS 20199-01","20181210","1","","","","","","0","0","0","0","1","0","1","0","0","0","0","0","0","0",0,0,0,"0",0,0,0,0,0,0,0,0,0,0,0,0,0,0,"0",0,4,0,0,0,0,0,0,0,0,0,0,0,0,0,0,"1",0,0,0,"0",0,0,0,0,"0",0,0,0,0,0,0,0,0,0,0,0,0,0,0,0,"0","0","0","1","0","0","0","0","0","0","0","0","0","0","0","0","0","0","0","0","0","0","0","0","1","0","0","0","1","1","0","0","0","0","0","0","0","0","0","0","0","0","0","0","0","0","0","0","0","0","0","1","0","0","0","0","0","0","0","0","0","0","0","0","0","0","0","0","0","0","0","0","0","0","0","0","0","0","0","0","0","0","0","0","0","0","0","0","0","0","0","0","1","202007","202204","2062"
"9528156","530010","70770100","30442454000183","3","1","00000000000000","","","","","","0","E","","","04","","01","36","03","","99","","","","","","","","00554022/2022","20220223","1","","","","","","0","0","1","0","0","0","1","0","0","0","0","0","0","0",0,0,0,"0",0,0,0,0,0,0,0,0,0,0,0,0,0,0,"0",0,1,0,0,0,0,0,0,0,0,0,0,0,0,0,0,"1",0,0,0,"0",0,0,0,0,"0",0,0,0,0,0,0,0,0,0,0,0,0,0,0,0,"0","0","1","0","0","0","0","0","0","0","0","0","0","0","0","0","0","0","0","0","0","0","0","0","1","0","0","0","1","1","0","0","0","0","0","0","0","0","0","0","0","0","0","0","0","0","0","0","0","0","0","1","0","0","0","1","0","0","0","0","0","0","0","0","0","0","0","0","0","0","0","0","0","0","0","0","0","0","0","0","0","0","0","0","0","0","0","0","0","0","0","0","1","202203","202204","2305"
"9528911","530010","70684831","00000000000000","3","3","00394700000108","","","","0005","","1","E","","","04","","02","50","03","","99","","","","","","","","","","","","","","","","0","0","1","0","0","0","1","0","0","0","0","0","0","0",0,0,0,"0",0,0,0,0,0,0,0,0,0,0,0,0,0,0,"0",0,0,0,0,0,0,0,0,0,0,0,0,0,0,0,0,"0",0,0,0,"0",0,0,0,0,"0",0,0,0,0,0,0,0,0,0,0,0,0,0,0,0,"0","0","0","0","0","0","0","0","0","0","0","0","0","0","0","0","0","0","0","0","0","0","0","0","0","1","1","0","1","1","0","0","0","0","0","0","0","0","0","0","0","0","0","0","0","0","0","0","0","0","0","0","0","0","0","0","0","0","0","0","0","0","0","0","0","0","0","0","0","0","0","0","0","0","0","0","0","0","1","0","0","0","0","0","0","0","0","0","0","0","0","0","1","202111","202204","1023"
"9529071","530010","70393905","22024055000174","3","1","00000000000000","","","","","","0","E","","","04","","01","36","03","","99","","","","","","","","ODO.01765-01","20210512","1","","","","","","0","0","1","0","0","0","1","0","0","0","0","0","0","0",0,0,0,"0",0,0,0,0,0,0,0,0,0,0,0,0,0,0,"0",0,0,0,0,0,0,0,0,3,0,0,0,0,0,0,0,"1",0,0,0,"0",0,0,0,0,"0",0,0,0,0,0,0,0,0,0,0,0,0,0,0,0,"0","0","1","0","0","0","0","0","1","0","0","0","0","0","0","0","0","0","0","0","0","0","0","0","1","1","1","0","1","1","0","0","0","0","0","0","0","0","0","0","0","0","0","0","0","0","0","0","0","0","0","1","0","0","0","0","0","0","0","0","0","0","0","0","0","0","0","0","0","0","0","0","0","0","0","0","0","0","0","0","0","0","0","0","0","0","0","0","0","0","0","0","1","202204","202204","2305"
"9529675","530010","70830350","30428047000111","3","1","00000000000000","","","","","","0","E","","","04","","01","36","03","","99","","","","","","","","DISPENSA DE LICENCIAMENTO","20210730","1","","","","","","0","0","1","0","0","0","1","0","0","0","0","0","0","0",0,0,0,"0",0,0,0,0,0,0,0,0,0,0,0,0,0,0,"0",0,0,0,1,0,0,0,0,0,0,0,0,0,0,0,0,"1",0,0,0,"0",0,0,0,0,"0",0,0,0,0,0,0,0,0,0,0,0,0,0,0,0,"0","0","0","0","0","0","0","0","0","0","0","0","0","0","0","0","0","0","0","0","0","0","0","0","0","0","0","0","1","1","0","0","0","0","0","0","0","0","0","0","0","0","0","0","0","0","0","0","0","0","0","1","0","0","0","1","0","0","0","0","0","0","0","0","0","0","0","0","0","0","0","0","0","0","0","0","0","0","0","0","0","0","0","0","0","0","0","0","0","0","0","0","1","202109","202204","2062"
"9529705","530010","73310313","24315389000122","3","1","00000000000000","","","","","","0","E","","","04","","01","22","04","","99","","","","","","","","EAS 00224-04","20200821","1","","","","","","0","0","1","0","0","0","1","0","0","0","0","0","0","0",0,0,0,"0",0,0,0,0,0,0,0,0,0,0,0,0,0,0,"0",0,1,0,0,0,0,0,0,0,0,0,0,0,0,0,0,"1",0,0,0,"0",0,0,0,0,"0",0,0,0,0,0,0,0,0,0,0,0,0,0,0,0,"0","0","0","0","0","0","0","0","0","0","0","0","0","0","0","0","0","0","0","0","0","0","0","0","0","1","0","0","1","1","0","0","0","0","0","0","0","0","0","0","0","0","0","0","0","0","0","0","0","0","0","1","0","0","0","1","0","0","0","0","0","0","0","0","0","0","0","0","0","0","0","0","0","0","0","0","0","0","0","0","0","0","0","0","0","0","0","0","0","0","0","0","1","202108","202204","2305"
"9530096","530010","70770560","06537642000291","3","1","00000000000000","","","","","","0","E","","","04","","01","04","03","","99","","","","","","","","EAS.00307-02","20211124","1","","","","","","0","0","1","0","0","0","1","0","0","0","0","0","0","0",0,0,0,"0",0,0,0,0,0,0,0,0,0,0,0,0,0,0,"0",0,8,0,0,0,0,0,0,0,0,0,0,0,0,0,0,"1",0,0,0,"0",0,0,0,0,"0",0,0,0,0,0,0,0,0,0,0,0,0,0,0,0,"0","0","1","0","0","0","0","0","0","0","0","0","0","0","0","0","0","0","0","0","0","0","0","0","1","1","0","0","1","1","0","0","0","0","0","0","0","0","0","0","0","0","0","0","0","0","0","0","0","0","0","1","0","0","0","1","0","0","0","0","0","0","0","0","0","0","0","0","0","0","0","0","0","0","0","0","0","0","0","0","0","0","0","0","0","0","0","0","0","0","0","0","1","202203","202204","2062"
"9530258","530010","70200740","30350465000133","3","1","00000000000000","","","","","","0","E","","","04","","01","36","03","","99","","","","","","","","EAS.20515-01","20201023","1","","","","","","0","0","1","0","0","0","1","0","0","0","0","0","0","0",0,0,0,"0",0,0,0,0,0,0,0,0,0,0,0,0,0,0,"0",0,1,0,0,0,0,0,0,0,0,0,0,0,0,0,0,"1",0,0,0,"0",0,0,0,0,"0",0,0,0,0,0,0,0,0,0,0,0,0,0,0,0,"0","0","0","0","0","0","0","0","0","0","0","0","0","0","0","0","0","0","0","0","0","0","0","0","0","1","0","0","1","1","0","0","0","0","0","0","0","0","0","0","0","0","0","0","0","0","0","0","0","0","0","1","0","0","0","0","0","0","0","0","0","0","0","0","0","0","0","0","0","0","0","0","0","0","0","0","0","0","0","0","0","0","0","0","0","0","0","0","0","0","0","0","1","202107","202204","2062"
"9532005","530010","70390100","30214130000198","3","1","00000000000000","","","","","","0","E","","","04","","03","22","02","","99","","","","","","","","","","","","","","","","0","0","1","0","0","0","1","0","0","0","0","0","0","0",0,0,0,"0",0,0,0,0,0,0,0,0,0,0,0,0,0,0,"0",0,0,0,1,0,0,0,0,0,0,0,0,0,0,0,0,"1",0,0,0,"0",0,0,0,0,"0",0,0,0,0,0,0,0,0,0,0,0,0,0,0,0,"0","0","1","0","0","0","0","0","0","0","0","0","0","0","0","0","0","0","0","0","0","0","0","0","1","0","0","0","1","1","0","0","0","0","0","0","0","0","0","0","0","0","0","0","0","0","0","0","0","0","0","1","0","0","0","1","0","0","0","0","0","0","0","0","0","0","0","0","0","0","0","0","0","0","0","0","0","0","0","0","0","0","0","0","0","0","0","0","0","0","0","0","1","202001","202204","2062"
"9533141","530010","71926000","30217337000116","3","1","00000000000000","","","","","","0","E","","","04","","01","22","03","","99","","","","","","","","123456","20200827","1","","","","","","0","0","1","0","0","0","1","0","0","0","0","0","0","0",0,0,0,"0",0,0,0,0,0,0,0,0,0,0,0,0,0,0,"0",0,0,0,1,0,0,0,0,0,0,0,0,0,0,0,0,"1",0,0,0,"0",0,0,0,0,"0",0,0,0,0,0,0,0,0,0,0,0,0,0,0,0,"0","0","1","0","0","0","0","0","0","0","0","0","0","0","0","0","0","0","0","0","0","0","0","0","1","0","0","0","1","1","0","0","1","0","0","0","0","0","0","0","0","0","1","0","0","0","0","0","0","0","0","1","0","0","0","1","0","0","0","0","0","0","0","0","0","0","0","0","0","0","0","0","0","0","0","0","0","0","0","0","0","0","0","0","0","0","0","0","0","0","0","0","1","202108","202204","2062"
"9534687","530010","72115700","12389274000101","3","1","00000000000000","","","","0180","","0","E","","","04","","01","36","04","","99","","","","","","","","EAS000 271/2015","20210430","1","","","","","","0","0","1","0","0","0","1","0","0","0","0","0","0","0",0,0,0,"0",0,0,0,0,0,0,0,0,0,0,0,0,0,0,"0",0,3,0,0,0,0,0,0,0,0,0,0,0,0,0,0,"1",0,0,0,"0",0,0,0,0,"0",0,0,0,0,0,0,0,0,0,0,0,0,0,0,0,"0","0","1","0","0","0","0","0","0","0","0","0","0","0","0","0","0","0","1","1","0","0","0","0","1","1","1","1","1","1","0","0","0","0","0","0","0","0","0","0","0","0","0","0","0","0","0","0","0","0","0","1","0","0","0","1","0","0","0","0","0","0","0","0","0","0","0","0","0","0","0","0","0","0","0","0","0","0","0","0","0","0","0","0","0","0","0","0","0","0","0","0","1","202205","202204","2240"
"9534768","530010","70673416","29034887000110","3","1","00000000000000","","","","0010","","0","E","","","04","","01","22","03","","99","","","","","","","","","20190227","1","","","","","","0","0","1","0","0","0","1","0","0","0","0","0","0","0",0,0,0,"0",0,0,0,0,0,0,0,0,0,0,0,0,0,0,"0",1,0,0,0,0,0,0,0,0,0,0,0,0,0,0,0,"1",0,0,0,"0",0,0,0,0,"0",0,0,0,0,0,0,0,0,0,0,0,0,0,0,0,"0","0","0","1","0","0","0","0","0","0","0","0","0","0","0","0","0","0","0","0","0","0","0","0","1","0","0","0","1","1","0","0","0","0","0","0","0","0","0","0","0","0","0","0","0","0","0","0","0","0","0","0","0","0","0","1","0","0","0","0","0","0","0","0","0","0","0","0","0","0","0","0","0","0","0","0","0","0","0","0","0","0","0","0","0","0","0","0","0","0","0","0","1","201908","202204","2305"
"9534806","530010","70390700","00454686000786","3","1","00000000000000","","","","0015","","0","E","","","04","","01","39","03","","99","","","","","","","","LAB 000021-02/2022","20210915","1","","","","","","0","0","1","0","0","0","1","0","0","0","0","0","0","0",0,0,0,"0",0,0,0,0,0,0,0,0,0,0,0,0,0,0,"0",0,1,0,0,0,0,0,0,0,0,0,0,0,0,0,0,"1",0,0,0,"0",0,0,0,0,"0",0,0,0,0,0,0,0,0,0,0,0,0,0,0,0,"0","0","1","0","0","0","0","0","0","0","0","0","0","0","0","0","0","0","1","1","0","0","0","0","1","1","1","0","1","1","0","0","0","0","0","0","0","0","0","0","0","0","0","0","0","0","0","0","0","0","0","1","0","0","0","1","0","0","1","0","0","0","1","0","0","0","0","0","0","0","0","0","0","0","0","0","0","0","0","0","0","0","0","0","0","0","0","0","0","0","0","0","1","202204","202204","2062"
"9534903","530010","70200740","29208372000190","3","1","00000000000000","","","","0015","","0","E","","","04","","03","04","03","","99","","","","","","","","EAS 20526-01","20210525","1","","","","","","0","0","1","0","0","0","1","0","0","0","0","0","0","0",0,0,0,"0",0,0,0,0,0,0,0,0,0,0,0,0,0,0,"0",0,2,0,0,0,0,0,0,0,0,0,0,0,0,0,0,"1",0,0,0,"0",0,0,0,0,"0",0,0,0,0,0,0,0,0,0,0,0,0,0,0,0,"0","0","1","0","0","0","0","0","0","1","0","0","0","0","0","0","0","0","0","1","0","0","0","0","1","1","0","0","1","1","0","0","0","0","0","0","0","0","0","0","0","0","0","0","0","0","0","0","0","0","0","1","0","0","0","1","0","0","0","0","0","0","0","0","0","0","0","0","0","0","0","0","0","0","0","0","0","0","0","0","0","0","0","0","0","0","0","0","0","0","0","0","1","202111","202204","2062"
"9536167","530010","70830301","17698326000137","3","1","00000000000000","","","","","","0","E","","","04","","01","22","03","","99","","","","","","","","01121/2013","20130527","1","","","","","","0","0","1","0","0","0","1","0","0","0","0","0","0","0",0,0,0,"0",0,0,0,0,0,0,0,0,0,0,0,0,0,0,"0",0,1,0,0,0,0,0,0,0,0,0,0,0,0,0,0,"1",0,0,0,"0",0,0,0,0,"0",0,0,0,0,0,0,0,0,0,0,0,0,0,0,0,"0","0","1","0","0","0","0","0","0","0","0","0","0","0","0","0","0","0","0","0","0","0","0","0","1","0","0","0","1","1","0","0","0","0","0","0","0","0","0","0","0","0","0","0","0","0","0","0","0","0","0","1","0","0","0","0","0","0","0","0","0","0","0","0","0","0","0","0","0","0","0","0","0","0","0","0","0","0","0","0","0","0","0","0","0","0","0","0","0","0","0","0","1","202012","202204","2062"
"9536361","530010","70770903","22064405000126","3","1","00000000000000","","","","","","0","E","","","04","","01","36","03","","99","","","","","","","","EAS00533-02/2022","20220314","1","","","","","","0","0","1","0","0","0","1","0","0","0","0","0","0","0",0,0,0,"0",0,0,0,0,0,0,0,0,0,0,0,0,0,0,"0",0,1,0,0,0,0,0,0,0,0,0,0,0,0,0,0,"1",0,0,0,"0",0,0,0,0,"0",0,0,0,0,0,0,0,0,0,0,0,0,0,0,0,"0","0","1","0","0","0","0","0","0","0","0","0","0","0","0","0","0","0","0","0","0","0","0","0","1","0","0","0","1","1","0","0","0","0","0","0","0","0","0","0","0","0","0","0","0","0","0","0","0","0","0","1","0","0","0","1","0","0","0","0","0","0","0","0","0","0","0","0","0","0","0","0","0","0","0","0","0","0","0","0","0","0","0","0","0","0","0","0","0","0","0","0","1","202203","202204","2240"
"9536469","530010","72125270","29386801000119","3","1","00000000000000","","","","0180","","0","E","","","04","","03","04","04","","99","","","","","","","","","","","","","","","","0","0","1","0","0","0","1","0","0","0","0","0","0","0",0,0,0,"0",0,0,0,0,0,0,0,0,0,0,0,0,0,0,"0",3,1,1,0,0,0,0,1,1,1,1,0,0,0,1,0,"1",0,0,0,"0",0,0,0,0,"0",0,0,0,0,0,0,0,0,1,0,0,0,0,0,0,"0","0","1","0","0","0","0","0","1","0","0","0","0","0","0","0","0","0","0","1","0","0","0","0","1","1","0","0","1","1","0","0","0","0","0","0","0","0","0","0","0","0","0","0","0","0","0","0","0","0","0","1","0","0","0","1","0","0","0","0","0","0","0","0","0","0","0","0","0","0","0","0","0","0","0","0","0","0","0","0","0","0","0","0","0","0","0","0","0","0","0","0","1","202010","202204","2062"
"9536515","530010","70306970","29325593000148","3","1","00000000000000","","","","","","0","E","","","04","","02","36","03","","99","","","","","","","","53600259319","20210308","1","","","","","","0","0","1","0","0","0","1","0","0","0","0","0","0","0",0,0,0,"0",0,0,0,0,0,0,0,0,0,0,0,0,0,0,"0",0,0,0,1,0,0,0,0,0,0,0,0,0,0,0,0,"1",0,0,0,"0",0,0,0,0,"0",0,0,0,0,0,0,0,0,0,0,0,0,0,0,0,"0","0","1","0","0","0","0","0","0","0","0","0","0","0","0","0","0","0","0","0","0","0","0","0","1","1","0","0","1","1","0","0","0","0","0","0","0","0","0","0","0","0","0","0","0","0","0","0","0","0","0","1","0","0","0","1","0","0","0","0","0","0","0","0","0","0","0","0","0","0","0","0","0","0","0","0","0","0","0","0","0","0","0","0","0","0","0","0","0","0","0","0","1","202106","202204","2062"
"9538186","530010","71953000","29588538000140","3","1","00000000000000","","","","0180","","0","E","","","04","","03","36","03","","99","","","","","","","","EAS 000241-6","20200801","1","","","","","","0","0","1","0","0","0","1","0","0","0","0","0","0","0",0,0,0,"0",0,0,0,0,0,0,0,0,0,0,0,0,0,0,"0",0,0,0,3,0,0,0,0,0,0,0,0,0,0,0,0,"1",0,0,0,"0",0,0,0,0,"0",0,0,0,0,0,0,0,0,0,0,0,0,0,0,0,"0","0","1","0","0","0","0","0","0","0","0","0","0","0","0","0","0","0","0","0","0","0","0","0","1","1","0","0","1","1","0","0","0","0","0","0","0","0","0","0","0","0","0","0","0","0","0","0","0","0","0","1","0","0","1","1","0","0","0","0","0","0","0","0","0","0","0","0","0","0","0","0","0","0","0","0","0","0","0","0","0","0","0","0","0","0","0","0","0","0","0","0","1","202009","202204","2062"
"9539433","530010","71926000","30545145000139","3","1","00000000000000","","","","9901","","0","E","","","04","","01","22","04","","99","","","","","","","","EAS-00025/ 2128","20210620","1","","","","","","0","0","1","0","0","0","1","0","0","0","0","0","0","0",0,0,0,"0",0,0,0,0,0,0,0,0,0,0,0,0,0,0,"0",0,0,0,2,0,0,0,0,0,0,0,0,0,0,0,0,"1",0,0,0,"0",0,0,0,0,"0",0,0,0,0,0,0,0,0,0,0,0,0,0,0,0,"0","0","1","0","0","0","0","0","0","0","0","0","0","0","0","0","0","0","0","0","0","0","0","0","1","0","0","0","1","1","0","0","0","0","0","0","0","0","0","0","0","0","0","0","0","0","0","0","0","0","0","1","0","0","0","1","0","0","0","0","0","0","0","0","0","0","0","0","0","0","0","0","0","0","0","0","0","0","0","0","0","0","0","0","0","0","0","0","0","0","0","0","1","202111","202204","2062"
"9539638","530010","72162301","21433257000107","3","1","00000000000000","","","","","","0","E","","","04","","01","36","03","","99","","","","","","","","","20220103","1","","","","","","0","0","1","0","0","0","1","0","0","0","0","0","0","0",0,0,0,"0",0,0,0,0,0,0,0,0,0,0,0,0,0,0,"0",0,0,0,1,0,0,0,0,0,0,0,0,0,0,0,0,"1",0,0,0,"0",0,0,0,0,"0",0,0,0,0,0,0,0,0,0,0,0,0,0,0,0,"0","0","1","0","0","0","0","0","0","0","0","0","0","0","0","0","0","0","0","0","0","0","0","0","1","0","0","0","1","1","0","0","0","0","0","0","0","0","0","0","0","0","0","0","0","0","0","0","0","0","0","1","0","0","0","1","0","0","0","0","0","0","0","0","0","0","0","0","0","0","0","0","0","0","0","0","0","0","0","0","0","0","0","0","0","0","0","0","0","0","0","0","1","202201","202204","2062"
"9539670","530010","71050080","03174636000148","3","1","00000000000000","","","","","","0","E","","","04","","01","36","03","","99","","","","","","","","EAS 00031-10","20190515","1","","","","","","0","0","1","0","0","0","1","0","0","0","0","0","0","0",0,0,0,"0",0,0,0,0,0,0,0,0,0,0,0,0,0,0,"0",0,0,0,1,0,0,0,0,0,0,0,0,0,0,0,0,"1",0,0,0,"0",0,0,0,0,"0",0,0,0,0,0,0,0,0,0,0,0,0,0,0,0,"0","0","1","0","0","0","0","0","0","0","0","0","0","0","0","0","0","0","0","0","0","0","0","0","1","0","0","0","1","1","0","0","0","0","0","0","0","0","0","0","0","0","0","0","0","0","0","0","0","0","0","1","0","0","0","0","0","0","0","0","0","0","0","0","0","0","0","0","0","0","0","0","0","0","0","0","0","0","0","0","0","0","0","0","0","0","0","0","0","0","0","0","1","201911","202204","2062"
"9540229","530010","72019900","12452584000115","3","1","00000000000000","","","","","","0","E","","","04","","01","22","04","","99","","","","","","","","CERT DE LICENCIAMENTO","20201123","1","","","","","","0","0","1","0","0","0","1","0","0","0","0","0","0","0",0,0,0,"0",0,0,0,0,0,0,0,0,0,0,0,0,0,0,"0",1,0,0,0,0,0,0,0,0,0,0,0,0,0,0,0,"1",0,0,0,"0",0,0,0,0,"0",0,0,0,0,0,0,0,0,0,0,0,0,0,0,0,"0","0","0","0","0","0","0","0","0","0","0","0","0","0","0","0","0","0","0","0","0","0","0","0","0","0","0","0","1","1","0","0","0","0","0","0","0","0","0","0","0","0","0","0","0","0","0","0","0","0","0","1","0","0","0","0","0","0","0","0","0","0","0","0","0","0","0","0","0","0","0","0","0","0","0","0","0","0","0","0","0","0","0","0","0","0","0","0","0","0","0","0","1","202012","202204","2062"
"9540628","530010","70390150","30135335000188","3","1","00000000000000","","","","0015","","0","E","","","04","","03","22","03","","99","","","","","","","","EAS20539-01","20190903","1","","","","","","0","0","1","0","0","0","1","0","0","0","0","0","0","0",0,0,0,"0",0,0,0,0,0,0,0,0,0,0,0,0,0,0,"0",0,1,0,0,0,0,0,0,0,0,0,0,0,0,0,0,"1",0,0,0,"0",0,0,0,0,"0",0,0,0,0,0,0,0,0,0,0,0,0,0,0,0,"0","0","1","0","0","0","0","0","0","0","0","0","0","0","0","0","0","0","0","0","0","0","0","0","1","0","0","0","1","1","0","0","0","0","0","0","0","0","0","0","0","0","0","0","0","0","0","0","0","0","0","1","0","0","0","1","0","0","0","0","0","0","0","0","0","0","0","0","0","0","0","0","0","0","0","0","0","0","0","0","0","0","0","0","0","0","0","0","0","0","0","0","1","202007","202204","2062"
"9540806","530010","70390911","13410557000142","3","1","00000000000000","","","","","","0","E","","","04","","03","36","03","","99","","","","","","","","RLE DIGITAL","20210511","1","","","","","","0","0","1","0","0","0","1","0","0","0","0","0","0","0",0,0,0,"0",0,0,0,0,0,0,0,0,0,0,0,0,0,0,"0",0,0,0,1,0,0,0,0,0,0,0,0,0,0,0,0,"1",0,0,0,"0",0,0,0,0,"0",0,0,0,0,0,0,0,0,0,0,0,0,0,0,0,"0","0","1","0","0","0","0","0","0","0","0","0","0","0","0","0","0","0","0","0","0","0","0","0","1","1","0","0","1","1","0","0","0","0","0","0","0","0","0","0","0","0","0","0","0","0","0","0","0","0","0","1","0","0","0","1","0","0","0","0","0","0","0","0","0","0","0","0","0","0","0","0","0","0","0","0","0","0","0","0","0","0","0","0","0","0","0","0","0","0","0","0","1","202111","202204","2135"
"9541055","530010","70390095","18156072000198","3","1","00000000000000","","","","0015","","0","E","","","04","","03","36","03","","99","","","","","","","","RLE","20190313","1","","","","","","0","0","1","0","0","0","1","0","0","0","0","0","0","0",0,0,0,"0",0,0,0,0,0,0,0,0,0,0,0,0,0,0,"0",0,1,0,0,0,0,0,0,0,0,0,0,0,0,0,0,"1",0,0,0,"0",0,0,0,0,"0",0,0,0,0,0,0,0,0,0,0,0,0,0,0,0,"0","0","1","0","0","0","0","0","0","0","0","0","0","0","0","0","0","0","0","0","0","0","0","0","1","0","0","0","1","1","0","0","0","0","0","0","0","0","0","0","0","0","0","0","0","0","0","0","0","0","0","1","0","0","0","0","0","0","0","0","0","0","0","0","0","0","0","0","0","0","0","0","0","0","0","0","0","0","0","0","0","0","0","0","0","0","0","0","0","0","0","0","1","201905","202204","2062"
"9541268","530010","70390108","23966892000185","3","1","00000000000000","","","","0015","","0","E","","","04","","01","04","03","","99","","","","","","","","DFP2100029341","20210210","1","","","","","","0","0","1","0","0","0","1","0","0","0","0","0","0","0",0,0,0,"0",0,0,0,0,0,0,0,0,0,0,0,0,0,0,"0",0,1,0,0,0,0,0,0,0,0,0,0,0,0,0,0,"1",0,0,0,"0",0,0,0,0,"0",0,0,0,0,0,0,0,0,0,0,0,0,0,0,0,"0","0","1","0","0","0","0","0","0","0","0","0","0","0","0","0","0","0","0","0","0","0","0","0","1","1","0","0","1","1","0","0","0","0","0","0","0","0","0","0","0","0","0","0","0","0","0","0","0","0","0","1","0","0","0","1","0","0","0","0","0","0","0","0","0","0","0","0","0","0","0","0","0","0","0","0","0","0","0","0","0","0","0","0","0","0","0","0","0","0","0","0","1","202107","202204","2062"
"9541691","530010","72215178","29148944000192","3","1","00000000000000","","","","0040","","0","E","","","04","","03","36","03","","99","","","","","","","","RLE","20201113","1","","","","","","0","0","1","0","0","0","1","0","0","0","0","0","0","0",0,0,0,"0",0,0,0,0,0,0,0,0,0,0,0,0,0,0,"0",0,4,0,0,0,0,0,0,0,0,0,0,0,0,0,0,"1",0,0,0,"0",0,0,0,0,"0",0,0,0,0,0,0,0,0,0,0,0,0,0,0,0,"0","0","1","0","0","0","0","0","0","0","0","0","0","0","0","0","0","0","0","0","0","0","0","0","1","1","0","0","1","1","0","0","0","0","0","0","0","0","0","0","0","0","0","0","0","0","0","0","0","0","0","1","0","0","0","1","0","0","0","0","0","0","0","0","0","0","0","0","0","0","0","0","0","0","0","0","0","0","0","0","0","0","0","0","0","0","0","0","0","0","0","0","1","202201","202204","2062"
"9543945","530010","72650030","00000000000000","3","3","00394700000108","","","","0130","","1","E","","","04","","03","02","03","","99","","","","","","","","","","","","","","","","1","0","0","0","0","0","1","0","0","0","0","0","0","0",0,0,0,"0",0,0,0,0,0,0,0,0,0,0,0,0,0,0,"0",1,0,0,1,0,0,0,0,0,0,0,0,1,0,1,0,"1",0,0,0,"0",0,0,0,0,"0",0,0,0,0,0,0,0,0,0,0,0,0,0,0,0,"0","0","1","0","0","0","0","0","0","0","0","0","0","0","0","0","0","0","0","0","0","0","0","0","1","0","0","0","1","1","0","0","0","0","0","0","0","0","0","0","0","0","0","0","0","0","0","0","0","0","1","0","0","0","0","0","0","0","0","0","0","0","0","0","0","0","0","0","0","0","0","0","0","0","0","0","0","0","0","0","0","0","0","0","0","0","0","0","0","0","0","0","1","202205","202204","1023"
"9547398","530010","70830300","29080209000194","3","1","00000000000000","","","","0005","","0","E","","","04","","03","36","03","","99","","","","","","","","EAS 00737-02/2021","20210817","1","","","","","","0","0","1","0","0","0","1","0","0","0","0","0","0","0",0,0,0,"0",0,0,0,0,0,0,0,0,0,0,0,0,0,0,"0",0,1,0,0,0,0,0,0,0,0,0,0,0,0,0,0,"1",0,0,0,"0",0,0,0,0,"0",0,0,0,0,0,0,0,0,0,0,0,0,0,0,0,"0","0","1","0","0","0","0","0","0","0","0","0","0","0","0","0","0","0","0","0","0","0","0","0","1","1","0","0","1","1","0","0","0","0","0","0","0","0","0","0","0","0","0","0","0","0","0","0","0","0","0","1","0","0","0","1","0","0","0","0","0","0","0","0","0","0","0","0","0","0","0","0","0","0","0","0","0","0","0","0","0","0","0","0","0","0","0","0","0","0","0","0","1","202203","202204","2062"
"9547754","530010","72025345","00454686000948","3","1","00000000000000","","","","0180","","0","E","","","04","","01","39","03","","99","","","","","","","","LAB 00009/2014","20210812","1","","","","","","0","0","1","0","0","0","1","0","0","0","0","0","0","0",0,0,0,"0",0,0,0,0,0,0,0,0,0,0,0,0,0,0,"0",0,2,0,0,0,0,0,0,0,0,0,1,0,0,0,0,"1",0,0,0,"0",0,0,0,0,"0",0,0,0,0,0,0,0,0,0,0,0,0,0,0,0,"0","0","1","0","0","0","0","0","0","0","0","0","0","0","0","0","0","0","1","0","0","0","0","0","1","1","1","0","1","1","0","0","0","0","0","0","0","0","0","0","0","0","0","0","0","0","0","0","0","0","0","1","0","0","0","1","0","0","1","0","0","0","1","0","0","0","0","0","0","0","0","0","0","0","0","0","0","0","0","0","0","0","0","0","0","0","0","0","0","0","0","0","1","202204","202204","2062"
"9548181","530010","72015100","00454686000433","3","1","00000000000000","","","","0180","","0","E","","","04","","01","39","03","","99","","","","","","","","LAB 00015-14/2019","20210323","1","","","","","","0","0","1","0","0","0","1","0","0","0","0","0","0","0",0,0,0,"0",0,0,0,0,0,0,0,0,0,0,0,0,0,0,"0",0,1,0,0,0,0,0,0,0,0,0,0,0,0,0,0,"1",0,0,0,"0",0,0,0,0,"0",0,0,0,0,0,0,0,0,0,0,0,0,0,0,0,"0","0","1","0","0","0","0","0","0","0","0","0","0","0","0","0","0","0","1","1","0","0","0","0","1","1","1","0","1","1","0","0","0","0","0","0","0","0","0","0","0","0","0","0","0","0","0","0","0","0","0","1","0","0","0","1","0","0","1","0","0","0","1","0","0","0","0","0","0","0","0","0","0","0","0","0","0","0","0","0","0","0","0","0","0","0","0","0","0","0","0","0","1","202204","202204","2062"
"9548203","530010","72760120","00000000000000","3","3","00394700000108","","","","0010","","1","E","","","04","","01","02","03","","99","","","","","","","","","","","","","","","","1","0","0","0","0","0","1","0","0","0","0","0","0","0",0,0,0,"0",0,0,0,0,0,0,0,0,0,0,0,0,0,0,"0",1,0,0,1,0,0,0,0,0,0,1,0,0,0,1,0,"1",0,0,0,"0",0,0,0,0,"0",0,0,0,0,0,0,0,0,0,0,0,0,0,0,0,"0","0","1","0","0","0","0","0","1","0","0","0","0","0","0","0","0","0","0","0","0","0","0","0","1","1","0","0","1","1","0","0","0","0","0","0","0","0","0","0","0","0","0","0","0","0","0","0","0","0","1","0","0","0","0","0","0","0","0","0","0","0","0","0","0","0","0","0","0","0","0","0","0","0","0","0","0","0","0","0","0","0","0","0","0","0","0","0","0","0","0","0","1","202204","202204","1023"
"9548238","530010","70834090","03801926000174","3","1","00000000000000","","","","","","0","E","","","04","","03","36","03","","99","","","","","","","","EAS-346","20210813","1","","","","","","0","0","1","0","0","0","1","0","0","0","0","0","0","0",0,0,0,"0",0,0,0,0,0,0,0,0,0,0,0,0,0,0,"0",0,1,0,0,0,0,0,0,0,0,0,0,0,0,0,0,"1",0,0,0,"0",0,0,0,0,"0",0,0,0,0,0,0,0,0,0,0,0,0,0,0,0,"0","0","1","0","0","0","0","0","0","0","0","0","0","0","0","0","0","0","0","0","0","0","0","0","1","0","0","0","1","1","0","0","0","0","0","0","0","0","0","0","0","0","0","0","0","0","0","0","0","0","0","1","0","0","0","1","0","0","0","0","0","0","0","0","0","0","0","0","0","0","0","0","0","0","0","0","0","0","0","0","0","0","0","0","0","0","0","0","0","0","0","0","1","202112","202204","2062"
"9548645","530010","72115700","01836549000183","3","1","00000000000000","","","","","","0","E","","","04","","03","36","03","","99","","","","","","","","0985/2019","20190603","1","","","","","","0","0","1","0","0","0","1","0","0","0","0","0","0","0",0,0,0,"0",0,0,0,0,0,0,0,0,0,0,0,0,0,0,"0",0,2,0,0,0,0,0,0,0,0,0,0,0,0,0,0,"1",0,0,0,"0",0,0,0,0,"0",0,0,0,0,0,0,0,0,0,0,0,0,0,0,0,"0","0","1","0","0","0","0","0","0","0","0","0","0","0","0","0","0","0","0","0","0","0","0","0","1","0","0","0","1","1","0","0","0","0","0","0","0","0","0","0","0","0","0","0","0","0","0","0","0","0","0","1","0","0","0","1","0","0","0","0","0","0","0","0","0","0","0","0","0","0","0","0","0","0","0","0","0","0","0","0","0","0","0","0","0","0","0","0","0","0","0","0","1","201910","202204","2062"
"9548858","530010","71720585","00000000000000","3","3","00394700000108","","","","0100","","1","E","","","04","","03","04","04","","99","","","","","","","","","","","","","","","","0","0","1","0","0","0","1","0","0","0","0","0","0","0",0,0,0,"0",0,0,0,0,0,0,0,0,0,0,0,0,0,0,"0",0,1,7,1,0,0,0,0,0,0,1,0,0,0,1,0,"1",0,0,0,"0",0,0,0,0,"0",0,0,0,0,0,0,0,0,0,0,0,0,0,0,0,"0","0","1","0","0","0","0","0","0","0","0","0","0","0","0","0","0","0","0","0","0","0","0","0","1","1","0","0","1","1","0","0","0","0","0","0","0","0","0","0","0","0","0","0","0","0","0","0","0","0","1","0","0","0","0","0","0","0","0","0","0","0","0","0","0","0","0","0","0","0","0","0","0","0","0","0","0","0","0","0","0","0","0","0","0","0","0","0","0","0","0","0","1","202204","202204","1023"
"9548866","530010","71825600","00000000000000","3","3","00394700000108","","","","0135","","1","E","","","04","","02","04","03","","99","","","","","","","","","","","","","","","","0","0","1","0","0","0","1","0","0","0","0","0","0","0",0,0,0,"0",0,0,0,0,0,0,0,0,0,0,0,0,0,0,"0",0,0,4,2,0,0,0,0,0,0,1,0,0,0,0,0,"1",0,0,0,"0",0,0,0,0,"0",0,0,0,0,0,0,0,0,0,0,0,0,0,0,0,"0","0","0","0","0","0","0","0","0","0","0","0","0","0","0","0","0","0","0","0","0","0","0","0","0","1","0","0","1","1","0","0","0","0","0","0","0","0","0","0","0","0","0","0","0","0","0","0","0","0","1","0","0","0","0","0","0","0","0","0","0","0","0","0","0","0","0","0","0","0","0","0","0","0","0","0","0","0","0","0","0","0","0","0","0","0","0","0","0","0","0","0","1","202204","202204","1023"
"9550429","530010","71936250","30691572000125","3","1","00000000000000","","","","9901","","0","E","","","04","","03","22","03","","99","","","","","","","","CERTIFICADO LICENCIAMENTO","20210607","1","","","","","","0","0","1","0","0","0","1","0","0","0","0","0","0","0",0,0,0,"0",0,0,0,0,0,0,0,0,0,0,0,0,0,0,"0",0,0,0,1,0,0,0,0,0,0,0,0,0,0,0,0,"1",0,0,0,"0",0,0,0,0,"0",0,0,0,0,0,0,0,0,0,0,0,0,0,0,0,"0","0","1","0","0","0","0","0","0","0","0","0","0","0","0","0","0","0","0","0","0","0","0","0","1","0","0","0","1","1","0","0","0","0","0","0","0","0","0","0","0","0","0","0","0","0","0","0","0","0","0","0","0","0","0","1","0","0","0","0","0","0","0","0","0","0","0","0","0","0","0","0","0","0","0","0","0","0","0","0","0","0","0","0","0","0","0","0","0","0","0","0","1","202106","202204","2135"
"9550526","530010","71571012","27864621000250","3","1","00000000000000","","","","","","0","E","","","04","","01","22","03","","99","","","","","","","","EAS.00025-5","20200602","1","","","","","","0","0","1","0","0","0","1","0","0","0","0","0","0","0",0,0,0,"0",0,0,0,0,0,0,0,0,0,0,0,0,0,0,"0",1,0,0,0,0,0,0,0,0,0,0,0,0,0,0,0,"1",0,0,0,"0",0,0,0,0,"0",0,0,0,0,0,0,0,0,0,0,0,0,0,0,0,"0","0","1","0","0","0","0","0","0","0","0","0","0","0","0","0","0","0","0","0","0","0","0","0","1","1","0","0","1","1","0","0","0","0","0","0","0","0","0","0","0","0","0","0","0","0","0","0","0","0","0","1","0","0","0","0","0","0","0","0","0","0","0","0","0","0","0","0","0","0","0","0","0","0","0","0","0","0","0","0","0","0","0","0","0","0","0","0","0","0","0","0","1","202010","202204","2062"
"9551360","530010","70390100","02905114000106","3","1","00000000000000","","","","","","0","E","","","04","","01","22","03","","99","","","","","","","","EAS.20221-01","20210422","1","","","","","","0","0","1","0","0","0","1","0","0","0","0","0","0","0",0,0,0,"0",0,0,0,0,0,0,0,0,0,0,0,0,0,0,"0",0,1,0,0,0,0,0,0,0,0,0,0,0,0,0,0,"1",0,0,0,"0",0,0,0,0,"0",0,0,0,0,0,0,0,0,0,0,0,0,0,0,0,"0","0","1","0","0","0","0","0","0","0","0","0","0","0","0","0","0","0","0","0","0","0","0","0","1","1","0","0","0","1","0","0","0","0","0","0","0","0","0","0","0","0","0","0","0","0","0","0","0","0","0","1","0","0","0","1","0","0","0","0","0","0","0","0","0","0","0","0","0","0","0","0","0","0","0","0","0","0","0","0","0","0","0","0","0","0","0","0","0","0","0","0","1","202204","202204","2062"
"9551417","530010","70340000","14514315000161","3","1","00000000000000","","","","0015","","0","E","","","04","","02","04","03","","99","","","","","","","","","","","","","","","","0","0","1","0","0","0","1","0","0","0","0","0","0","0",0,0,0,"0",0,0,0,0,0,0,0,0,0,0,0,0,0,0,"0",0,1,0,0,0,0,0,0,0,0,0,0,0,0,0,0,"1",0,0,0,"0",0,0,0,0,"0",0,0,0,0,0,0,0,0,0,0,0,0,0,0,0,"0","0","1","0","0","0","0","0","0","0","0","0","0","0","0","0","0","0","0","0","0","0","0","0","1","0","0","0","1","1","0","0","0","0","0","0","0","0","0","0","0","0","0","0","0","0","0","0","0","0","0","1","0","0","0","0","0","0","0","0","0","0","0","0","0","0","0","0","0","0","0","0","0","0","0","0","0","0","0","0","0","0","0","0","0","0","0","0","0","0","0","0","1","202003","202204","2062"
"9551948","530010","70830350","14864244000208","3","1","00000000000000","","","","0005","","0","E","","","04","","03","05","05","","99","","","","","","","","EAS -00113-02","20210315","1","","","","","","0","0","0","0","1","0","1","0","0","0","0","1","0","1",14,20,10,"1",1,0,0,5,0,0,0,1,0,0,1,1,1,7,"1",0,8,0,0,0,0,0,0,0,0,0,0,0,0,0,0,"1",3,0,0,"1",0,0,0,0,"0",0,0,0,12,1,0,0,0,0,0,0,0,0,0,0,"0","1","1","0","1","0","1","0","1","0","1","0","0","0","0","0","0","1","1","1","1","0","1","0","1","1","1","1","1","1","0","0","0","1","0","1","1","0","1","0","0","0","1","0","1","0","0","0","1","0","0","1","0","0","0","1","0","0","1","0","0","0","1","0","0","0","0","0","0","0","0","0","0","0","0","0","0","0","0","0","0","0","0","0","0","0","0","0","0","0","0","0","1","202203","202204","2062"
"9552413","530010","71939540","29212807000170","3","1","00000000000000","","","","","","0","E","","","04","","01","22","04","","99","","","","","","","","CBMDFLEGALIBRAMSUSDECVISA","20200904","1","","","","","","0","0","1","0","0","0","1","0","0","0","0","0","0","0",0,0,0,"0",0,0,0,0,0,0,0,0,0,0,0,0,0,0,"0",0,0,0,3,0,0,0,0,0,0,0,0,0,0,0,0,"1",0,0,0,"0",0,0,0,0,"0",0,0,0,0,0,0,0,0,0,0,0,0,0,0,0,"0","0","0","0","0","0","0","0","0","0","0","0","0","0","0","0","0","0","0","0","0","0","0","0","0","0","0","0","1","1","0","0","0","0","0","0","0","0","0","0","0","0","0","0","0","0","0","0","0","0","0","1","0","0","0","1","0","0","0","0","0","0","0","0","0","0","0","0","0","0","0","0","0","0","0","0","0","0","0","0","0","0","0","0","0","0","0","0","0","0","0","0","1","202202","202204","2135"
"9553797","530010","70200760","28428003000140","3","1","00000000000000","","","","0015","","0","E","","","04","","03","22","03","","99","","","","","","","","EAS 20495-01","20190519","1","","","","","","0","0","1","0","0","0","1","0","0","0","0","0","0","0",0,0,0,"0",0,0,0,0,0,0,0,0,0,0,0,0,0,0,"0",0,1,0,0,0,0,0,0,0,0,0,0,0,0,0,0,"1",0,0,0,"0",0,0,0,0,"0",0,0,0,0,0,0,0,0,0,0,0,0,0,0,0,"0","0","0","0","0","0","0","0","0","0","0","0","0","0","0","0","0","0","0","0","0","0","0","0","0","0","0","0","1","1","0","0","0","0","0","0","0","0","0","0","0","0","0","0","0","0","0","0","0","0","0","0","0","0","0","1","0","0","0","0","0","0","0","0","0","0","0","0","0","0","0","0","0","0","0","0","0","0","0","0","0","0","0","0","0","0","0","0","0","0","0","0","1","201906","202204","2062"
"9553819","530010","71907720","30599744000135","3","1","00000000000000","","","","9901","","0","E","","","04","","03","36","03","","99","","","","","","","","EAS 2054801","20200827","1","","","","","","0","0","1","0","0","0","1","0","0","0","0","0","0","0",0,0,0,"0",0,0,0,0,0,0,0,0,0,0,0,0,0,0,"0",0,2,0,0,0,0,0,0,0,0,0,0,0,0,0,0,"1",0,0,0,"0",0,0,0,0,"0",0,0,0,0,0,0,0,0,0,0,0,0,0,0,0,"0","0","1","0","0","0","0","0","0","0","0","0","0","0","0","0","0","0","0","0","0","0","0","0","1","1","0","0","1","1","0","0","0","0","0","0","0","0","0","0","0","0","0","0","0","0","0","0","0","0","0","1","0","0","0","1","0","0","0","0","0","0","0","0","0","0","0","0","0","0","0","0","0","0","0","0","0","0","0","0","0","0","0","0","0","0","0","0","0","0","0","0","1","202111","202204","2062"
"9555099","530010","71936250","13543819000147","3","1","00000000000000","","","","9901","","0","E","","","04","","03","04","03","","99","","","","","","","","CERTIFICADO DE LICENCIAME","20180628","1","","","","","","0","0","1","0","0","0","1","0","0","0","0","0","0","0",0,0,0,"0",0,0,0,0,0,0,0,0,0,0,0,0,0,0,"0",0,1,0,0,0,0,0,0,1,0,0,0,0,0,0,0,"1",0,0,0,"0",0,0,0,0,"0",0,0,0,0,0,0,0,0,0,0,0,0,0,0,0,"0","0","1","0","0","0","0","0","0","0","0","0","0","0","0","0","0","0","0","1","0","0","0","0","1","1","0","0","1","1","0","0","0","0","0","0","0","0","0","0","0","0","0","0","0","0","0","0","0","0","0","1","0","0","1","1","0","0","0","0","0","0","0","0","0","0","0","0","0","0","0","0","0","0","0","0","0","0","0","0","0","0","0","0","0","0","0","0","0","0","0","0","1","202011","202204","2062"
"9555331","530010","71020016","01389542000160","3","1","00000000000000","","","","","","0","E","","","04","","03","22","03","","99","","","","","","","","0685","20190813","1","","","","","","0","0","1","0","0","0","1","0","0","0","0","0","0","0",0,0,0,"0",0,0,0,0,0,0,0,0,0,0,0,0,0,0,"0",0,0,0,0,0,0,0,0,2,0,0,0,0,0,0,0,"1",0,0,0,"0",0,0,0,0,"0",0,0,0,0,0,0,0,0,0,0,0,0,0,0,0,"0","0","1","0","0","0","0","0","0","0","0","0","0","0","0","0","0","0","0","0","0","0","0","0","1","1","0","0","1","1","0","0","0","0","0","0","0","0","0","0","0","0","0","0","0","0","0","0","0","0","0","1","0","0","0","1","0","0","0","0","0","0","0","0","0","0","0","0","0","0","0","0","0","0","0","0","0","0","0","0","0","0","0","0","0","0","0","0","0","0","0","0","1","201910","202204","2240"
"9555560","530010","72304510","29137630000194","3","1","00000000000000","","","","","","0","E","","","04","","01","36","03","","99","","","","","","","","","","","","","","","","0","0","1","0","0","0","1","0","0","0","0","0","0","0",0,0,0,"0",0,0,0,0,0,0,0,0,0,0,0,0,0,0,"0",3,0,0,0,0,0,0,0,5,0,0,0,0,0,0,0,"1",0,0,0,"0",0,0,0,0,"0",0,0,0,0,0,0,0,0,0,0,0,0,0,0,0,"0","0","1","0","0","0","0","0","0","0","0","0","0","0","0","0","0","0","0","0","0","0","0","0","1","0","0","0","1","1","0","0","0","0","0","0","0","0","0","0","0","0","0","0","0","0","0","0","0","0","0","1","0","0","0","1","0","0","0","0","0","0","0","0","0","0","0","0","0","0","0","0","0","0","0","0","0","0","0","0","0","0","0","0","0","0","0","0","0","0","0","0","1","202108","202204","2062"
"9555579","530010","70673416","27984109000167","3","1","00000000000000","","","","9931","","0","E","","","04","","03","36","03","","99","","","","","","","","RLE","20230823","1","","","","","","0","0","1","0","0","0","1","0","0","0","0","0","0","0",0,0,0,"0",0,0,0,0,0,0,0,0,0,0,0,0,0,0,"0",1,2,0,0,0,0,0,0,0,0,0,0,0,0,0,0,"1",0,0,0,"0",0,0,0,0,"0",0,0,0,0,0,0,0,0,0,0,0,0,0,0,0,"0","0","1","0","0","0","0","0","0","0","0","0","0","0","0","0","0","0","0","0","0","0","0","0","1","1","0","0","1","1","0","0","0","0","0","0","0","0","0","0","0","0","0","0","0","0","0","0","0","0","0","1","0","0","0","1","0","0","0","0","0","0","0","0","0","0","0","0","0","0","0","0","0","0","0","0","0","0","0","0","0","0","0","0","0","0","0","0","0","0","0","0","1","202201","202204","2062"
"9555889","530010","71625125","06905895000190","3","1","00000000000000","","","","","","0","E","","","04","","03","22","03","","99","","","","","","","","ODO-216","20210607","1","","","","","","0","0","1","0","0","0","1","0","0","0","0","0","0","0",0,0,0,"0",0,0,0,0,0,0,0,0,0,0,0,0,0,0,"0",0,0,0,0,0,0,0,0,1,0,0,0,0,0,0,0,"1",0,0,0,"0",0,0,0,0,"0",0,0,0,0,0,0,0,0,0,0,0,0,0,0,0,"0","0","1","0","0","0","0","0","0","0","0","0","0","0","0","0","0","0","0","0","0","0","0","0","1","1","0","0","0","1","0","0","0","0","0","0","0","0","0","0","0","0","0","0","0","0","0","0","0","0","0","1","0","0","0","1","0","0","0","0","0","0","0","0","0","0","0","0","0","0","0","0","0","0","0","0","0","0","0","0","0","0","0","0","0","0","0","0","0","0","0","0","1","202112","202204","2062"
"9555900","530010","70340907","26186331000232","3","1","00000000000000","","","","","","0","E","","","04","","03","36","03","","99","","","","","","","","EAS-658","20190827","1","","","","","","0","0","1","0","0","0","1","0","0","0","0","0","0","0",0,0,0,"0",0,0,0,0,0,0,0,0,0,0,0,0,0,0,"0",0,1,0,0,0,0,0,0,0,0,0,0,0,0,0,0,"1",0,0,0,"0",0,0,0,0,"0",0,0,0,0,0,0,0,0,0,0,0,0,0,0,0,"0","0","1","0","0","0","0","0","0","0","0","0","0","0","0","0","0","0","0","0","0","0","0","0","1","0","0","0","1","1","0","0","0","0","0","0","0","0","0","0","0","0","0","0","0","0","0","0","0","0","0","1","0","0","0","1","0","0","0","0","0","0","0","0","0","0","0","0","0","0","0","0","0","0","0","0","0","0","0","0","0","0","0","0","0","0","0","0","0","0","0","0","1","201910","202204","2305"
"9555935","530010","70390100","30178167000108","3","1","00000000000000","","","","","","0","E","","","04","","03","36","03","","99","","","","","","","","EAS-974","20190717","1","","","","","","0","0","0","0","1","0","1","0","0","0","0","0","0","0",0,0,0,"0",0,0,0,0,0,0,0,0,0,0,0,0,0,0,"0",0,1,0,0,0,0,0,0,0,0,0,0,0,0,0,0,"1",0,0,0,"0",0,0,0,0,"0",0,0,0,0,0,0,0,0,0,0,0,0,0,0,0,"0","0","1","0","0","0","0","0","0","0","0","0","0","0","0","0","0","0","0","0","0","0","0","0","1","1","0","0","0","1","0","0","0","0","0","0","0","0","0","0","0","0","0","0","0","0","0","0","0","0","0","1","0","0","0","1","0","0","0","0","0","0","0","0","0","0","0","0","0","0","0","0","0","0","0","0","0","0","0","0","0","0","0","0","0","0","0","0","0","0","0","0","1","201910","202204","2062"
"9556338","530010","71615660","28389704000117","3","1","00000000000000","","","","0090","","0","E","","","04","","03","04","04","","99","","","","","","","","RLE","20210201","1","","","","","","0","0","1","0","0","0","1","0","0","0","0","0","0","0",0,0,0,"0",0,0,0,0,0,0,0,0,0,0,0,0,0,0,"0",0,1,0,0,0,0,0,1,0,0,0,0,0,0,0,0,"1",0,0,0,"0",0,0,0,0,"0",0,0,0,0,0,0,0,0,3,0,0,0,0,0,0,"0","0","1","0","0","0","0","0","0","0","0","0","0","0","0","0","0","0","0","0","0","0","0","0","1","1","0","0","0","1","0","0","0","0","0","0","0","0","0","0","0","0","0","0","0","0","0","0","0","0","0","1","0","0","0","1","0","0","0","0","0","0","0","0","0","0","0","0","0","0","0","0","0","0","0","0","0","0","0","0","0","0","0","0","0","0","0","0","0","0","0","0","1","202106","202204","2062"
"9556443","530010","71020001","00059265000165","3","1","00000000000000","","","","","","0","E","","","04","","03","36","03","","99","","","","","","","","ODO.00056-10","20210703","1","","","","","","0","0","1","0","0","0","1","0","0","0","0","0","0","0",0,0,0,"0",0,0,0,0,0,0,0,0,0,0,0,0,0,0,"0",0,0,0,0,0,0,0,0,2,0,0,0,0,0,0,0,"1",0,0,0,"0",0,0,0,0,"0",0,0,0,0,0,0,0,0,0,0,0,0,0,0,0,"0","0","1","0","0","0","0","0","1","0","0","0","0","0","0","0","0","0","0","0","0","0","0","0","1","1","0","0","1","1","0","0","0","0","0","0","0","0","0","0","0","0","0","0","0","0","0","0","0","0","0","1","0","0","0","0","0","0","0","0","0","0","0","0","0","0","0","0","0","0","0","0","0","0","0","0","0","0","0","0","0","0","0","0","0","0","0","0","0","0","0","0","1","202202","202204","2062"
"9556974","530010","70712040","06107223000139","3","1","00000000000000","","","","0010","","0","E","","","04","","01","22","05","","99","","","","","","","","EAS 0785-02","20200908","1","","","","","","0","0","1","0","0","0","1","0","0","0","0","0","0","0",0,0,0,"0",0,0,0,0,0,0,0,0,0,0,0,0,0,0,"0",0,0,0,1,0,0,0,0,0,0,0,0,0,0,0,0,"1",0,0,0,"0",0,0,0,0,"0",0,0,0,0,0,0,0,0,0,0,0,0,0,0,0,"0","0","1","0","0","0","0","0","0","0","0","0","0","0","0","0","0","0","0","0","0","0","0","0","1","0","0","0","1","1","0","0","0","0","0","0","0","0","0","0","0","0","0","0","0","0","0","0","0","0","0","1","0","0","0","1","0","0","0","0","0","0","0","0","0","0","0","0","0","0","0","0","0","0","0","0","0","0","0","0","0","0","0","0","0","0","0","0","0","0","0","0","1","202107","202204","2062"
"9557326","530010","72115580","04859858000167","3","1","00000000000000","","","","0180","","0","E","","","04","","03","22","04","","99","","","","","","","","DISPENSADA","20020118","","","","","","","0","0","1","0","0","0","1","0","0","0","0","0","0","0",0,0,0,"0",0,0,0,0,0,0,0,0,0,0,0,0,0,0,"0",3,0,0,0,0,0,0,0,0,0,0,0,0,0,0,0,"1",0,0,0,"0",0,0,0,0,"0",0,0,0,0,0,0,0,0,0,0,0,0,0,0,0,"0","0","0","1","0","0","0","0","0","0","0","0","0","0","0","0","0","0","0","0","0","0","0","0","1","0","0","0","1","1","0","0","0","0","0","0","0","0","0","0","0","0","0","0","0","0","0","0","0","0","0","1","0","0","0","1","0","0","0","0","0","0","0","0","0","0","0","0","0","0","0","0","0","0","0","0","0","0","0","0","0","0","0","0","0","0","0","0","0","0","0","0","1","202204","202204","2062"
"9560823","530010","70761650","30117486000103","3","1","00000000000000","","","","","","0","E","","","04","","01","22","04","","99","","","","","","","","LICENCIAMENTO SANITARIO","20190825","2","","","","","","0","0","1","0","0","0","1","0","0","0","0","0","0","0",0,0,0,"0",0,0,0,0,0,0,0,0,0,0,0,0,0,0,"0",0,0,0,2,0,0,0,0,0,0,0,0,0,0,0,0,"1",0,0,0,"0",0,0,0,0,"0",0,0,0,0,0,0,0,0,0,0,0,0,0,0,0,"0","0","0","0","0","0","0","0","0","0","0","0","0","0","0","0","0","0","0","0","0","0","0","0","0","0","0","0","1","1","0","0","0","0","0","0","0","0","0","0","0","0","0","0","0","0","0","0","0","0","0","0","0","0","0","1","0","0","0","0","0","0","0","0","0","0","0","0","0","0","0","0","0","0","0","0","0","0","0","0","0","0","0","0","0","0","0","0","0","0","0","0","1","202003","202204","2305"
"9561137","530010","70302000","28677092000168","3","1","00000000000000","","","","0010","","0","E","","","04","","01","22","03","","99","","","","","","","","ODO0177101","20180509","1","","","","","","0","0","1","0","0","0","1","0","0","0","0","0","0","0",0,0,0,"0",0,0,0,0,0,0,0,0,0,0,0,0,0,0,"0",0,0,0,0,0,0,0,0,1,0,0,0,0,0,0,0,"1",0,0,0,"0",0,0,0,0,"0",0,0,0,0,0,0,0,0,0,0,0,0,0,0,0,"0","0","1","0","0","0","0","0","0","0","0","0","0","0","0","0","0","0","0","0","0","0","0","0","1","0","0","0","1","1","0","0","0","0","0","0","0","0","0","0","0","0","0","0","0","0","0","0","0","0","0","1","0","0","0","0","0","0","0","0","0","0","0","0","0","0","0","0","0","0","0","0","0","0","0","0","0","0","0","0","0","0","0","0","0","0","0","0","0","0","0","0","1","201909","202204","2062"
"9561277","530010","70673631","02422892000225","3","1","00000000000000","","","","9931","","0","E","","","04","","03","36","03","","99","","","","","","","","ODO 0006907","20180521","1","","","","","","0","0","1","0","0","0","1","0","0","0","0","0","0","0",0,0,0,"0",0,0,0,0,0,0,0,0,0,0,0,0,0,0,"0",0,0,0,0,0,0,0,0,2,0,0,0,0,0,0,0,"1",0,0,0,"0",0,0,0,0,"0",0,0,0,0,0,0,0,0,0,0,0,0,0,0,0,"0","0","1","0","0","0","0","0","1","0","0","0","0","0","0","0","0","0","0","0","0","0","0","0","1","1","0","0","1","1","0","0","0","0","0","0","0","0","0","0","0","0","0","0","0","0","0","0","0","0","0","1","0","0","1","1","0","0","0","0","0","0","0","0","0","0","0","0","0","0","0","0","0","0","0","0","0","0","0","0","0","0","0","0","0","0","0","0","0","0","0","0","1","201908","202204","2062"
"9561579","530010","72301528","00000000000000","3","3","00394700000108","","","","","","1","E","","","04","","02","04","03","","99","","","","","","","","","","","","","","","","0","0","1","0","0","0","1","0","0","0","0","0","0","0",0,0,0,"0",0,0,0,0,0,0,0,0,0,0,0,0,0,0,"0",2,0,0,6,0,0,0,0,0,0,0,0,0,0,0,0,"1",0,0,0,"0",0,0,0,0,"0",0,0,0,0,0,0,0,0,0,0,0,0,0,0,0,"0","0","0","0","0","0","0","0","0","0","0","0","0","0","0","0","0","0","0","0","0","0","0","0","0","1","1","0","1","1","0","0","0","0","0","0","0","0","0","0","0","0","0","0","0","0","0","0","0","0","1","0","0","0","0","0","0","0","0","0","0","0","0","0","0","0","0","0","0","0","0","0","0","0","0","0","0","0","0","0","0","0","0","0","0","0","0","0","0","0","0","0","1","202204","202204","1023"
"9562427","530010","72006206","29869037000132","3","1","00000000000000","","","","9934","","0","E","","","03","","01","22","03","","99","","","","","","","","CERTIF. DE LICENCIAMENTO","20211118","1","","","","","","0","0","1","0","0","0","1","0","0","0","0","0","0","0",0,0,0,"0",0,0,0,0,0,0,0,0,0,0,0,0,0,0,"0",0,0,0,0,0,0,0,0,1,0,0,0,0,0,0,0,"1",0,0,0,"0",0,0,0,0,"0",0,0,0,0,0,0,0,0,0,0,0,0,0,0,0,"0","0","1","0","0","0","0","0","0","0","0","0","0","0","0","0","0","0","0","0","0","0","0","0","1","1","0","0","1","1","0","0","0","0","0","0","0","0","0","0","0","0","0","0","0","0","0","0","0","0","0","1","0","0","0","1","0","0","0","0","0","0","0","0","0","0","0","0","0","0","0","0","0","0","0","0","0","0","0","0","0","0","0","0","0","0","0","0","0","0","0","0","1","202111","202204","2062"
"9564446","530010","72140460","30687992000138","3","1","00000000000000","","","","0180","","0","E","","","04","","01","36","04","","99","","","","","","","","CERT. DE LICENCIAMENTO","20180618","1","","","","","","0","0","1","0","0","0","1","0","0","0","0","0","0","0",0,0,0,"0",0,0,0,0,0,0,0,0,0,0,0,0,0,0,"0",0,0,0,3,0,0,0,0,0,0,0,0,0,0,0,0,"1",0,0,0,"0",0,0,0,0,"0",0,0,0,0,0,0,0,0,0,0,0,0,0,0,0,"0","0","1","0","0","0","0","0","0","0","0","0","0","0","0","0","0","0","0","0","0","0","0","0","1","0","0","0","1","1","0","0","0","0","0","0","0","0","0","0","0","0","0","0","0","0","0","0","0","0","0","1","0","0","0","1","0","0","0","0","0","0","0","0","0","0","0","0","0","0","0","0","0","0","0","0","0","0","0","0","0","0","0","0","0","0","0","0","0","0","0","0","1","202204","202204","2062"
"9564578","530010","72025001","23254143000125","3","1","00000000000000","","","","0180","","0","E","","","04","","01","36","03","","99","","","","","","","","EAS 00007-14","20210504","1","","","","","","0","0","1","0","0","0","1","0","0","0","0","0","0","0",0,0,0,"0",0,0,0,0,0,0,0,0,0,0,0,0,0,0,"0",0,1,0,0,0,0,0,0,0,0,0,0,0,0,0,0,"1",0,0,0,"0",0,0,0,0,"0",0,0,0,0,0,0,0,0,0,0,0,0,0,0,0,"0","0","1","0","0","0","0","0","0","0","0","0","0","0","0","0","0","0","0","0","0","0","0","0","1","1","1","1","1","1","0","0","0","0","0","0","0","0","0","0","0","0","0","0","0","0","0","0","0","0","0","1","0","0","1","1","0","0","0","0","0","0","0","0","0","0","0","0","0","0","0","0","0","0","0","0","0","0","0","0","0","0","0","0","0","0","0","0","0","0","0","0","1","202203","202204","2062"
"9565558","530010","73010510","29598840000180","3","1","00000000000000","","","","0170","","0","E","","","04","","03","36","03","","99","","","","","","","","EM FASE DE CADASTRO","20180711","1","","","","","","0","0","1","0","0","0","1","0","0","0","0","0","0","0",0,0,0,"0",0,0,0,0,0,0,0,0,0,0,0,0,0,0,"0",0,0,0,0,0,0,0,0,1,0,0,0,0,0,0,0,"1",0,0,0,"0",0,0,0,0,"0",0,0,0,0,0,0,0,0,0,0,0,0,0,0,0,"0","0","1","0","0","0","0","0","1","0","0","0","0","0","0","0","0","0","0","0","0","0","0","0","1","0","0","0","1","1","0","0","0","0","0","0","0","0","0","0","0","0","0","0","0","0","0","0","0","0","0","1","0","0","1","1","0","0","0","0","0","0","0","0","0","0","0","0","0","0","0","0","0","0","0","0","0","0","0","0","0","0","0","0","0","0","0","0","0","0","0","0","1","201904","202204","2305"
"9565655","530010","70390095","28289473000170","3","1","00000000000000","","","","0015","","0","E","","","04","","01","36","03","","99","","","","","","","","ODO 0177801","20190710","1","","","","","","0","0","1","0","0","0","1","0","0","0","0","0","0","0",0,0,0,"0",0,0,0,0,0,0,0,0,0,0,0,0,0,0,"0",0,0,0,0,0,0,0,0,2,0,0,0,0,0,0,0,"1",0,0,0,"0",0,0,0,0,"0",0,0,0,0,0,0,0,0,0,0,0,0,0,0,0,"0","0","1","0","0","0","0","0","0","0","0","0","0","0","0","0","0","0","0","0","0","0","0","0","1","1","0","0","1","1","0","0","0","0","0","0","0","0","0","0","0","0","0","0","0","0","0","0","0","0","0","1","0","0","0","1","0","0","0","0","0","0","0","0","0","0","0","0","0","0","0","0","0","0","0","0","0","0","0","0","0","0","0","0","0","0","0","0","0","0","0","0","1","201902","202204","2062"
"9566821","530010","70200760","29873523000124","3","1","00000000000000","","","","","","0","E","","","04","","01","36","03","","99","","","","","","","","RLE","20210505","1","","","","","","0","0","1","0","0","0","1","0","0","0","0","0","0","0",0,0,0,"0",0,0,0,0,0,0,0,0,0,0,0,0,0,0,"0",0,1,0,0,0,0,0,0,0,0,0,0,0,0,0,0,"1",0,0,0,"0",0,0,0,0,"0",0,0,0,0,0,0,0,0,0,0,0,0,0,0,0,"0","0","1","0","0","0","0","0","0","0","0","0","0","0","0","0","0","0","0","0","0","0","0","0","1","0","0","0","1","1","0","0","0","0","0","0","0","0","0","0","0","0","0","0","0","0","0","0","0","0","0","0","0","0","0","1","0","0","0","0","0","0","0","0","0","0","0","0","0","0","0","0","0","0","0","0","0","0","0","0","0","0","0","0","0","0","0","0","0","0","0","0","1","202107","202204","2062"
"9566961","530010","73310100","00000000000000","3","3","00394700000108","","06","","0120","","1","E","","","04","","01","02","03","","99","","","","","","","","","","","","","","","","1","0","0","0","0","0","1","0","0","0","0","0","0","0",0,0,0,"0",0,0,0,0,0,0,0,0,0,0,0,0,0,0,"0",1,0,0,1,0,0,0,0,0,0,1,1,0,0,0,0,"1",0,0,0,"0",0,0,0,0,"0",0,0,0,0,0,0,0,0,0,0,0,0,0,0,0,"0","0","1","0","0","0","0","0","0","0","0","0","0","0","0","0","0","0","0","0","0","0","0","0","1","1","0","0","1","1","0","0","0","0","0","0","0","0","0","0","0","0","0","0","0","0","0","0","0","0","1","0","0","0","0","0","0","0","0","0","0","0","0","0","0","0","0","0","0","0","0","0","0","0","0","0","0","0","0","0","0","0","0","0","0","0","0","0","0","0","0","0","1","202204","202204","1023"
"9566988","530010","73343010","00000000000000","3","3","00394700000108","","06","","0120","","1","E","","","04","","01","02","03","","99","","","","","","","","","","","","","","","","1","0","0","0","0","0","1","0","0","0","0","0","0","0",0,0,0,"0",0,0,0,0,0,0,0,0,0,0,0,0,0,0,"0",1,0,0,1,0,0,0,0,0,0,1,1,1,0,1,0,"1",0,0,0,"0",0,0,0,0,"0",0,0,0,0,0,0,0,0,0,0,0,0,0,0,0,"0","0","1","0","0","0","0","0","0","0","0","0","0","0","0","0","0","0","0","0","0","0","0","0","1","1","0","0","1","1","0","0","0","0","0","0","0","0","0","0","0","0","0","0","0","0","0","0","0","0","1","0","0","0","0","0","0","0","0","0","0","0","0","0","0","0","0","0","0","0","0","0","0","0","0","0","0","0","0","0","0","0","0","0","0","0","0","0","0","0","0","0","1","202204","202204","1023"
"9567003","530010","72115700","29212908000140","3","1","00000000000000","","","","","","0","E","","","04","","01","36","03","","99","","","","","","","","CERTIF DE LICENCIAMENTO","20211013","1","","","","","","0","0","1","0","0","0","1","0","0","0","0","0","0","0",0,0,0,"0",0,0,0,0,0,0,0,0,0,0,0,0,0,0,"0",0,2,0,0,0,0,0,0,0,0,1,0,0,1,0,0,"1",0,0,0,"0",0,0,0,0,"0",0,0,0,0,0,0,0,0,0,0,0,0,0,0,0,"0","0","1","0","0","0","0","0","0","0","0","0","0","0","0","0","0","0","0","0","0","0","0","0","1","1","0","0","1","1","0","0","0","0","0","0","0","0","0","0","0","0","0","0","0","0","0","0","0","0","0","1","0","0","0","0","0","0","0","0","0","0","0","0","0","0","0","0","0","0","0","0","0","0","0","0","0","0","0","0","0","0","0","0","0","0","0","0","0","0","0","0","1","202204","202204","2062"
"9567097","530010","71919180","12271849000189","3","1","00000000000000","","","","","","0","E","","","04","","03","36","03","","99","","","","","","","","RAD05355.01","20210913","1","","","","","","0","0","1","0","0","0","1","0","0","0","0","0","0","0",0,0,0,"0",0,0,0,0,0,0,0,0,0,0,0,0,0,0,"0",1,0,0,0,0,0,0,0,0,0,0,0,0,0,0,0,"1",0,0,0,"0",0,0,0,0,"0",0,0,0,0,0,0,0,0,0,0,0,0,0,0,0,"0","0","1","0","0","0","0","0","0","0","0","0","0","0","0","0","0","0","0","0","0","0","0","0","1","0","0","0","1","1","0","0","0","0","0","0","0","0","0","0","0","0","0","0","0","0","0","0","0","0","0","1","0","0","0","1","0","0","0","0","0","0","0","0","0","0","0","0","0","0","0","0","0","0","0","0","0","0","0","0","0","0","0","0","0","0","0","0","0","0","0","0","1","202203","202204","2062"
"9567445","530010","71070515","09366963000188","3","1","00000000000000","","","","0070","","0","E","","","03","","03","36","03","","99","","","","","","","","CERTIFICADO DE RLE","20211221","1","","","","","","0","0","1","0","0","0","1","0","0","0","0","0","0","0",0,0,0,"0",0,0,0,0,0,0,0,0,0,0,0,0,0,0,"0",0,0,0,8,0,0,0,0,0,0,0,0,0,0,0,0,"1",0,0,0,"0",0,0,0,0,"0",0,0,0,0,0,0,0,0,0,0,0,0,0,0,0,"0","0","1","0","0","0","0","0","0","0","0","0","0","0","0","0","0","0","0","0","0","0","0","0","1","0","0","0","1","1","0","0","0","0","0","0","0","0","0","0","0","0","0","0","0","0","0","0","0","0","0","1","0","0","0","1","0","0","0","0","0","0","0","0","0","0","0","0","0","0","0","0","0","0","0","0","0","0","0","0","0","0","0","0","0","0","0","0","0","0","0","0","1","202201","202204","2062"
"9568247","530010","71953000","29667438000100","3","1","00000000000000","","","","","","0","E","","","04","","03","36","03","","99","","","","","","","","ODO.00124-14","20180426","1","","","","","","0","0","1","0","0","0","1","0","0","0","0","0","0","0",0,0,0,"0",0,0,0,0,0,0,0,0,0,0,0,0,0,0,"0",0,0,0,0,0,0,0,0,2,0,0,0,0,0,0,0,"1",0,0,0,"0",0,0,0,0,"0",0,0,0,0,0,0,0,0,0,0,0,0,0,0,0,"0","0","1","0","0","0","0","0","1","0","0","0","0","0","0","0","0","0","0","0","0","0","0","0","1","1","0","0","1","1","0","0","0","0","0","0","0","0","0","0","0","0","0","0","0","0","0","0","0","0","0","1","0","0","0","1","0","0","0","0","0","0","0","0","0","0","0","0","0","0","0","0","0","0","0","0","0","0","0","0","0","0","0","0","0","0","0","0","0","0","0","0","1","202002","202204","2305"
"9568786","530010","73046635","30577366000199","3","1","00000000000000","","","","0170","","0","E","","","04","","03","22","03","","99","","","","","","","","RLE 1075695","20180711","1","","","","","","0","0","1","0","0","0","1","0","0","0","0","0","0","0",0,0,0,"0",0,0,0,0,0,0,0,0,0,0,0,0,0,0,"0",0,0,0,4,0,0,0,0,0,0,0,0,0,0,0,0,"1",0,0,0,"0",0,0,0,0,"0",0,0,0,0,0,0,0,0,0,0,0,0,0,0,0,"0","0","1","0","0","0","0","0","0","0","0","0","0","0","0","0","0","0","0","0","0","0","0","0","1","0","0","0","1","1","0","0","0","0","0","0","0","0","0","0","0","0","0","0","0","0","0","0","0","0","0","1","0","0","0","0","0","0","0","0","0","0","0","0","0","0","0","0","0","0","0","0","0","0","0","0","0","0","0","0","0","0","0","0","0","0","0","0","0","0","0","0","1","202204","202204","2062"
"9569693","530010","71070515","29872537000123","3","1","00000000000000","","","","0070","","0","E","","","04","","03","36","03","","99","","","","","","","","CERTIFICADO DE RLE","20211221","1","","","","","","0","0","1","0","0","0","1","0","0","0","0","0","0","0",0,0,0,"0",0,0,0,0,0,0,0,0,0,0,0,0,0,0,"0",0,0,0,8,0,0,0,0,0,0,0,0,0,0,0,0,"1",0,0,0,"0",0,0,0,0,"0",0,0,0,0,0,0,0,0,0,0,0,0,0,0,0,"0","0","1","0","0","0","0","0","0","0","0","0","0","0","0","0","0","0","0","0","0","0","0","0","1","0","0","0","1","1","0","0","0","0","0","0","0","0","0","0","0","0","0","0","0","0","0","0","0","0","0","1","0","0","0","1","0","0","0","0","0","0","0","0","0","0","0","0","0","0","0","0","0","0","0","0","0","0","0","0","0","0","0","0","0","0","0","0","0","0","0","0","1","202201","202204","2062"
"9570632","530010","72115700","02934443000185","3","1","00000000000000","","","","0180","","0","E","","","04","","03","04","03","","99","","","","","","","","EAS.00055-15","20210305","1","","","","","","0","0","1","0","0","0","1","0","0","0","0","0","0","0",0,0,0,"0",0,0,0,0,0,0,0,0,0,0,0,0,0,0,"0",1,2,0,0,0,0,0,0,0,0,0,0,0,0,0,0,"1",0,0,0,"0",0,0,0,0,"0",0,0,0,0,0,0,0,0,0,0,0,0,0,0,0,"0","0","1","0","0","0","0","0","0","0","0","0","0","0","0","0","0","0","0","0","0","0","0","0","1","0","0","0","1","1","0","0","0","0","0","0","0","0","0","0","0","0","0","0","0","0","0","0","0","0","0","1","0","0","0","1","0","0","0","0","0","0","0","0","0","0","0","0","0","0","0","0","0","0","0","0","0","0","0","0","0","0","0","0","0","0","0","0","0","0","0","0","1","202111","202204","2062"
"9570705","530010","70390150","28385665000180","3","1","00000000000000","","","","","","0","E","","","04","","01","22","04","","99","","","","","","","","2046801","20200118","1","","","","","","0","0","1","0","0","0","1","0","0","0","0","0","0","0",0,0,0,"0",0,0,0,0,0,0,0,0,0,0,0,0,0,0,"0",0,1,0,0,0,0,0,0,0,0,0,0,0,0,0,0,"1",0,0,0,"0",0,0,0,0,"0",0,0,0,0,0,0,0,0,0,0,0,0,0,0,0,"0","0","0","0","0","0","0","0","0","0","0","0","0","0","0","0","0","0","0","0","0","0","0","0","0","0","0","0","1","1","0","0","0","0","0","0","0","0","0","0","0","0","0","0","0","0","0","0","0","0","0","1","0","0","0","1","0","0","0","0","0","0","0","0","0","0","0","0","0","0","0","0","0","0","0","0","0","0","0","0","0","0","0","0","0","0","0","0","0","0","0","0","1","202007","202204","2062"
"9570713","530010","70770560","24923648000106","3","1","00000000000000","","","","0005","","0","E","","","04","","01","22","03","","99","","","","","","","","","","","","","","","","0","0","1","0","0","0","1","0","0","0","0","0","0","0",0,0,0,"0",0,0,0,0,0,0,0,0,0,0,0,0,0,0,"0",0,1,0,0,0,0,0,0,0,0,0,0,0,0,0,0,"1",0,0,0,"0",0,0,0,0,"0",0,0,0,0,0,0,0,0,0,0,0,0,0,0,0,"0","0","0","1","0","0","0","0","0","0","0","0","0","0","0","0","0","0","0","0","0","0","0","0","1","0","0","0","1","1","0","0","0","0","0","0","0","0","0","0","0","0","0","0","0","0","0","0","0","0","0","1","0","0","0","0","0","0","0","0","0","0","0","0","0","0","0","0","0","0","0","0","0","0","0","0","0","0","0","0","0","0","0","0","0","0","0","0","0","0","0","0","1","202109","202204","2305"
"9571280","530010","72710990","00000000000000","3","3","00394700000108","","","","0010","","1","E","","","04","","01","02","03","","99","","","","","","","","","","","","","","","","1","0","0","0","0","0","1","0","0","0","0","0","0","0",0,0,0,"0",0,0,0,0,0,0,0,0,0,0,0,0,0,0,"0",1,0,0,2,0,0,0,0,1,0,1,0,0,0,1,0,"1",0,0,0,"0",0,0,0,0,"0",0,0,0,0,0,0,0,0,0,0,0,0,0,0,0,"0","0","1","0","0","0","0","0","1","0","0","0","0","0","0","0","0","0","0","0","0","0","0","0","1","1","0","0","1","1","0","0","0","0","0","0","0","0","0","0","0","0","0","0","0","0","0","0","0","0","1","0","0","0","0","0","0","0","0","0","0","0","0","0","0","0","0","0","0","0","0","0","0","0","0","0","0","0","0","0","0","0","0","0","0","0","0","0","0","0","0","0","1","202204","202204","1023"
"9572066","530010","71907720","10889154000130","3","1","00000000000000","","","","9901","","0","E","","","04","","03","36","03","","99","","","","","","","","ODO 00066-22/2021","20210115","1","","","","","","0","0","1","0","0","0","1","0","0","0","0","0","0","0",0,0,0,"0",0,0,0,0,0,0,0,0,0,0,0,0,0,0,"0",0,1,0,0,0,0,0,0,0,0,0,0,0,0,0,0,"1",0,0,0,"0",0,0,0,0,"0",0,0,0,0,0,0,0,0,0,0,0,0,0,0,0,"0","0","1","0","0","0","0","0","0","0","0","0","0","0","0","0","0","0","0","0","0","0","0","0","1","1","0","0","1","1","0","0","0","0","0","0","0","0","0","0","0","0","0","0","0","0","0","0","0","0","0","1","0","0","0","1","0","0","0","0","0","0","0","0","0","0","0","0","0","0","0","0","0","0","0","0","0","0","0","0","0","0","0","0","0","0","0","0","0","0","0","0","1","202111","202204","2062"
"9572481","530010","71593620","00000000000000","3","3","00394700000108","","","","9928","","1","E","","","04","","03","02","03","","99","","","","","","","","","","","","","","","","1","0","0","0","0","0","1","0","0","0","0","0","0","0",0,0,0,"0",0,0,0,0,0,0,0,0,0,0,0,0,0,0,"0",3,0,0,3,0,0,0,0,2,0,1,1,0,0,1,0,"1",0,0,0,"0",0,0,0,0,"0",0,0,0,0,0,0,0,0,0,0,0,0,0,0,0,"0","0","1","0","0","0","1","0","0","0","0","0","0","0","0","0","0","0","0","0","0","0","0","0","1","1","0","0","1","1","0","0","0","0","0","0","0","0","0","0","0","0","0","0","0","0","0","0","0","0","1","0","0","0","0","0","0","0","0","0","0","0","0","0","0","0","0","0","0","0","0","0","0","0","0","0","0","0","1","0","0","0","0","0","0","0","0","0","0","0","0","0","1","202203","202204","1023"
"9572511","530010","71570201","00000000000000","3","3","00394700000108","","","","0110","","1","E","","","04","","03","02","03","","99","","","","","","","","","","","","","","","","1","0","0","0","0","0","1","0","0","0","0","0","0","0",0,0,0,"0",0,0,0,0,0,0,0,0,0,0,0,0,0,0,"0",0,0,6,2,0,0,0,1,2,0,1,1,0,0,1,0,"1",0,0,0,"0",0,0,0,0,"0",0,0,0,0,0,0,0,0,1,0,0,0,0,0,0,"0","0","1","0","0","0","1","0","1","0","0","0","0","0","0","0","0","0","0","0","0","0","0","0","1","1","0","0","1","1","0","0","0","0","0","0","0","0","0","0","0","0","0","0","0","0","0","0","0","0","1","0","0","0","0","0","0","0","0","0","0","0","0","0","0","0","0","0","0","0","0","0","0","0","0","0","0","0","0","0","0","0","0","0","0","0","0","0","0","0","0","0","1","202203","202204","1023"
"9573607","530010","71615630","30322326000104","3","1","00000000000000","","","","","","0","E","","","04","","01","22","03","","99","","","","","","","","RLE@DIGITAL","20211231","1","","","","","","0","0","1","0","0","0","1","0","0","0","0","0","0","0",0,0,0,"0",0,0,0,0,0,0,0,0,0,0,0,0,0,0,"0",0,0,0,0,0,0,0,0,1,0,0,0,0,0,0,0,"1",0,0,0,"0",0,0,0,0,"0",0,0,0,0,0,0,0,0,0,0,0,0,0,0,0,"0","0","1","0","0","0","0","0","0","0","0","0","0","0","0","0","0","0","1","0","0","0","0","0","1","1","0","0","1","1","0","0","0","0","0","0","0","0","0","0","0","0","0","0","0","0","0","0","0","0","0","0","0","0","0","1","0","0","0","0","0","0","0","0","0","0","0","0","0","0","0","0","0","0","0","0","0","0","0","0","0","0","0","0","0","0","0","0","0","0","0","0","1","202202","202204","2305"
"9574573","530010","70390700","03275838000348","3","1","00000000000000","","","","0015","","0","E","","","04","","03","62","06","","99","","","","","","","","EAS.20531-01","20200915","1","","","","","","0","0","0","0","0","0","0","0","0","1","0","1","0","1",10,0,0,"1",0,0,0,0,0,0,0,0,0,0,0,0,0,0,"0",0,0,0,0,0,0,0,0,0,0,0,0,0,0,0,2,"1",2,0,2,"1",0,0,0,0,"0",0,0,0,0,0,0,0,0,0,0,0,0,0,0,0,"0","1","0","0","0","0","0","0","0","1","0","0","0","0","0","0","0","1","0","1","0","0","0","0","1","1","1","0","1","1","0","0","0","0","0","0","0","0","0","0","0","0","0","0","0","0","0","0","0","0","0","1","0","0","0","1","0","0","0","0","0","0","0","0","0","0","0","0","0","0","0","0","0","0","0","0","0","0","0","0","0","0","0","0","0","0","0","0","0","0","0","0","1","202106","202204","2062"
"9575162","530010","70770907","11859927000793","3","1","00000000000000","","","","0005","","0","E","","","04","","01","04","03","","99","","","","","","","","EAS 00750-02","20211005","1","","","","","","0","0","1","0","0","0","1","0","0","0","0","0","0","0",0,0,0,"0",0,0,0,0,0,0,0,0,0,0,0,0,0,0,"0",2,4,0,0,0,0,0,0,0,0,0,0,0,0,0,0,"1",0,0,0,"0",0,0,0,0,"0",0,0,0,0,0,0,0,0,0,0,0,0,0,0,0,"0","0","1","0","0","0","0","0","0","0","0","0","0","0","0","0","0","0","0","0","0","1","0","0","1","0","0","0","1","1","0","0","0","0","0","0","0","0","0","0","0","0","0","0","0","0","0","0","0","0","0","1","0","0","1","1","0","0","0","0","0","0","0","0","0","0","0","0","0","0","0","0","0","0","0","0","0","0","0","0","0","0","0","0","0","0","0","0","0","0","0","0","1","202201","202204","2062"
"9575243","530010","72139900","04529677000172","3","1","00000000000000","","","","","","0","E","","","04","","03","04","03","","99","","","","","","","","EAS.00171-15","20210318","2","","","","","","0","0","1","0","0","0","1","0","0","0","0","0","0","0",0,0,0,"0",0,0,0,0,0,0,0,0,0,0,0,0,0,0,"0",0,2,0,5,0,0,0,0,0,0,0,0,0,0,0,0,"1",0,0,0,"0",0,0,0,0,"0",0,0,0,0,0,0,0,0,0,0,0,0,0,0,0,"0","0","1","0","0","0","0","0","0","0","0","0","0","0","0","0","0","0","0","0","0","0","0","0","1","0","0","0","1","1","0","0","0","0","0","0","0","0","0","0","0","0","0","0","0","0","0","0","0","0","0","1","0","0","0","1","0","0","0","0","0","0","0","0","0","0","0","0","0","0","0","0","0","0","0","0","0","0","0","0","0","0","0","0","0","0","0","0","0","0","0","0","1","202201","202204","2062"
"9575812","530010","72405610","28825218000102","3","1","00000000000000","","","","0060","","0","E","","","04","","01","04","04","","99","","","","","","","","CERT.LICENCIAMENTO","20211103","1","","","","","","0","0","1","0","0","0","1","0","0","0","0","0","0","0",0,0,0,"0",0,0,0,0,0,0,0,0,0,0,0,0,0,0,"0",0,0,0,5,0,0,0,0,0,0,0,0,0,0,0,0,"1",0,0,0,"0",0,0,0,0,"0",0,0,0,0,0,0,0,0,0,0,0,0,0,0,0,"0","0","1","0","0","0","0","0","0","0","1","0","0","0","0","0","0","0","0","0","0","0","0","0","1","0","0","0","1","1","0","0","0","0","0","0","0","0","0","0","0","0","0","0","0","0","0","0","0","0","0","1","0","0","0","1","0","0","0","0","0","0","0","0","0","0","0","0","0","0","0","0","0","0","0","0","0","0","0","0","0","0","0","0","0","0","0","0","0","0","0","0","1","202204","202204","2062"
"9577521","530010","70390150","28411238000129","3","1","00000000000000","","","","0010","","0","E","","","04","","01","22","03","","99","","","","","","","","LICENCA SANITARIA","20170912","1","","","","","","0","0","1","0","0","0","1","0","0","0","0","0","0","0",0,0,0,"0",0,0,0,0,0,0,0,0,0,0,0,0,0,0,"0",0,1,0,0,0,0,0,0,0,0,0,0,0,0,0,0,"1",0,0,0,"0",0,0,0,0,"0",0,0,0,0,0,0,0,0,0,0,0,0,0,0,0,"0","0","0","0","0","0","0","0","0","0","0","0","0","0","0","0","0","0","0","0","0","0","0","0","0","1","0","0","1","1","0","0","0","0","0","0","0","0","0","0","0","0","0","0","0","0","0","0","0","0","0","1","0","0","0","0","0","0","0","0","0","0","0","0","0","0","0","0","0","0","0","0","0","0","0","0","0","0","0","0","0","0","0","0","0","0","0","0","0","0","0","0","1","201809","202204","2305"
"9578277","530010","71655200","00000000000000","3","3","00394700000108","","01","","0090","","1","E","","","03","","01","04","03","","99","","","","","","","","","","1","","","","","","1","0","1","0","0","0","1","0","0","0","0","0","0","0",0,0,0,"0",0,0,0,0,0,0,0,0,0,0,0,0,0,0,"0",8,4,0,3,0,0,0,0,1,0,1,1,1,0,1,0,"1",0,0,0,"0",0,0,0,0,"0",0,0,0,0,0,0,0,0,0,0,0,0,0,0,0,"0","0","1","0","1","0","1","0","1","0","0","0","0","0","0","0","0","0","0","0","0","0","0","0","1","1","0","0","1","1","0","0","0","0","0","0","0","0","0","0","0","0","0","0","0","0","0","0","0","0","1","0","0","0","0","0","0","0","0","0","0","0","0","0","0","0","0","0","0","0","0","0","0","0","0","0","0","0","1","0","0","0","0","0","0","0","0","0","0","0","0","0","1","202204","202204","1023"
"9578382","530010","70200740","30337784000109","3","1","00000000000000","","","","","","0","E","","","04","","03","22","03","","99","","","","","","","","ODO01787-01","20210121","1","","","","","","0","0","1","0","0","0","1","0","0","0","0","0","0","0",0,0,0,"0",0,0,0,0,0,0,0,0,0,0,0,0,0,0,"0",0,0,0,0,0,0,0,0,1,0,0,0,0,0,0,0,"1",0,0,0,"0",0,0,0,0,"0",0,0,0,0,0,0,0,0,0,0,0,0,0,0,0,"0","0","1","0","0","0","0","0","0","0","0","0","0","0","0","0","0","0","0","0","0","0","0","0","1","1","0","0","1","1","0","0","0","0","0","0","0","0","0","0","0","0","0","0","0","0","0","0","0","0","0","1","0","0","0","1","0","0","0","0","0","0","0","0","0","0","0","0","0","0","0","0","0","0","0","0","0","0","0","0","0","0","0","0","0","0","0","0","0","0","0","0","1","202111","202204","2062"
"9578447","530010","70712000","16803567000136","3","1","00000000000000","","","","","","0","E","","","04","","01","22","03","","99","","","","","","","","","20200821","1","","","","","","0","0","1","0","0","0","1","0","0","0","0","0","0","0",0,0,0,"0",0,0,0,0,0,0,0,0,0,0,0,0,0,0,"0",0,0,0,0,0,0,0,0,1,0,0,0,0,0,0,0,"1",0,0,0,"0",0,0,0,0,"0",0,0,0,0,0,0,0,0,0,0,0,0,0,0,0,"0","0","1","0","0","0","0","0","0","0","0","0","0","0","0","0","0","0","0","0","0","0","0","0","1","0","0","0","1","1","0","0","0","0","0","0","0","0","0","0","0","0","0","0","0","0","0","0","0","0","0","1","0","0","0","0","0","0","0","0","0","0","0","0","0","0","0","0","0","0","0","0","0","0","0","0","0","0","0","0","0","0","0","0","0","0","0","0","0","0","0","0","1","202009","202204","2305"
"9578501","530010","72215170","00000000000000","3","3","00394700000108","","","","0040","","1","E","","","04","","02","04","03","","99","","","","","","","","","","","","","","","","0","0","1","0","0","0","1","0","0","0","0","0","0","0",0,0,0,"0",0,0,0,0,0,0,0,0,0,0,0,0,0,0,"0",0,0,0,0,0,0,0,0,5,1,3,0,0,0,0,0,"1",0,0,0,"0",0,0,0,0,"0",0,0,0,0,0,0,0,0,0,0,0,0,0,0,0,"0","0","0","0","1","0","1","0","0","0","0","0","0","0","0","0","0","0","0","0","0","0","0","0","1","1","0","0","1","1","0","0","0","0","0","0","0","0","0","0","0","0","0","0","0","0","0","0","0","0","1","0","0","0","0","0","1","0","0","0","0","0","0","0","0","0","0","0","0","0","0","0","0","0","0","0","0","0","0","0","0","0","0","0","0","0","0","0","0","0","0","0","1","202205","202204","1023"
"9578536","530010","72720901","00000000000000","3","3","00394700000108","","","","","","1","E","","","04","","01","04","03","","99","","","","","","","","","","","","","","","","0","0","1","0","0","0","1","0","0","0","0","0","0","0",0,0,0,"0",0,0,0,0,0,0,0,0,0,0,0,0,0,0,"0",2,0,0,0,0,0,0,0,0,0,0,0,0,0,0,0,"1",0,0,0,"0",0,0,0,0,"0",0,0,0,0,0,0,0,0,0,0,0,0,0,0,0,"0","0","0","0","1","0","0","0","0","0","0","0","0","0","0","0","0","0","0","0","0","0","0","0","1","0","0","0","1","1","0","0","0","0","0","0","0","0","0","0","0","0","0","0","0","0","0","0","0","0","1","0","0","0","0","0","0","0","0","0","0","0","0","0","0","0","0","0","0","0","0","0","0","0","0","0","0","0","0","0","0","0","0","0","0","0","0","0","0","0","0","0","1","202109","202204","1023"
"9578544","530010","72220161","00000000000000","3","3","00394700000108","","","","0040","","1","E","","","04","","02","04","03","","99","","","","","","","","","","","","","","","","0","0","1","0","0","0","1","0","0","0","0","0","0","0",0,0,0,"0",0,0,0,0,0,0,0,0,0,0,0,0,0,0,"0",0,18,0,0,0,0,0,0,1,0,2,0,0,0,1,0,"1",0,0,0,"0",0,0,0,0,"0",0,0,0,0,0,0,0,0,0,0,0,0,0,0,0,"0","0","0","0","0","0","0","0","1","0","0","0","0","0","0","0","0","0","0","0","0","0","0","0","1","1","0","0","1","1","0","0","0","0","0","0","0","0","0","0","0","0","0","0","0","0","0","0","0","0","1","0","0","0","0","0","0","0","0","0","0","0","0","0","0","0","0","0","0","0","0","0","0","0","0","0","0","0","0","0","0","0","0","0","0","0","0","0","0","0","0","0","1","202204","202204","1023"
"9578560","530010","72260700","00000000000000","3","3","00394700000108","","","","0040","","1","E","","","04","","02","36","03","","99","","","","","","","","","","","","","","","","0","0","1","0","0","0","1","0","0","0","0","0","0","0",0,0,0,"0",0,0,0,0,0,0,0,0,0,0,0,0,0,0,"0",0,0,0,0,0,0,0,0,6,0,0,0,0,0,0,0,"1",0,0,0,"0",0,0,0,0,"0",0,0,0,0,0,0,0,0,0,0,0,0,0,0,0,"0","0","0","0","0","0","0","0","0","0","0","0","0","0","0","0","0","0","0","0","0","0","0","0","0","1","0","0","0","1","0","0","0","0","0","0","0","0","0","0","0","0","0","0","0","0","0","0","0","0","1","0","0","0","0","0","0","0","0","0","0","0","0","0","0","0","0","0","0","0","0","0","0","0","0","0","0","0","0","0","0","0","0","0","0","0","0","0","0","0","0","0","1","202204","202204","1023"
"9579079","530010","72162301","13461411000126","3","1","00000000000000","","","","0180","","0","E","","","04","","01","36","03","","99","","","","","","","","EAS-0001428-2019","20210725","1","","","","","","0","0","1","0","0","0","1","0","0","0","0","0","0","0",0,0,0,"0",0,0,0,0,0,0,0,0,0,0,0,0,0,0,"0",0,7,0,0,0,0,0,0,0,0,0,0,0,0,0,0,"1",0,0,0,"0",0,0,0,0,"0",0,0,0,0,0,0,0,0,0,0,0,0,0,0,0,"0","0","1","0","0","0","0","0","0","0","0","0","0","0","0","0","0","0","0","0","0","0","0","0","1","1","0","0","1","1","0","0","0","0","0","0","0","0","0","0","0","0","0","0","0","0","0","0","0","0","0","1","0","0","0","1","0","0","0","0","0","0","0","0","0","0","0","0","0","0","0","0","0","0","0","0","0","0","0","0","0","0","0","0","0","0","0","0","0","0","0","0","1","202111","202204","2062"
"9579214","530010","71605495","26840896000100","3","1","00000000000000","","","","0090","","0","E","","","04","","03","36","03","","99","","","","","","","","00458-03","20180710","1","","","","","","0","0","1","0","0","0","1","0","0","0","0","0","0","0",0,0,0,"0",0,0,0,0,0,0,0,0,0,0,0,0,0,0,"0",0,2,0,0,0,0,0,0,0,0,0,0,0,0,0,0,"1",0,0,0,"0",0,0,0,0,"0",0,0,0,0,0,0,0,0,0,0,0,0,0,0,0,"0","0","1","0","0","0","0","0","0","0","0","0","0","0","0","0","0","0","0","0","0","0","0","0","1","0","0","0","1","1","0","0","0","0","0","0","0","0","0","0","0","0","0","0","0","0","0","0","0","0","0","1","0","0","0","0","0","0","0","0","0","0","0","0","0","0","0","0","0","0","0","0","0","0","0","0","0","0","0","0","0","0","0","0","0","0","0","0","0","0","0","0","1","202008","202204","2305"
"9580816","530010","70380580","00000000000000","3","3","00394700000108","","01","","0010","","1","E","","","03","","02","36","03","","99","","","","","","","","","","1","","","","","","0","0","1","0","0","0","1","0","0","0","0","0","0","0",0,0,0,"0",0,0,0,0,0,0,0,0,0,0,0,0,0,0,"0",0,11,0,3,0,0,0,0,3,0,3,0,1,0,1,0,"1",0,0,0,"0",0,0,0,0,"0",0,0,0,0,0,0,0,0,0,0,0,0,0,0,0,"0","0","1","0","1","0","0","0","1","0","0","0","0","0","0","0","0","0","0","0","0","0","0","0","1","1","0","0","1","1","0","0","0","0","0","0","0","0","0","0","0","0","0","0","0","0","0","0","0","0","1","0","0","0","0","0","0","0","0","0","0","0","0","0","0","0","0","0","0","0","0","0","0","0","0","0","0","0","0","0","0","0","0","0","0","0","0","0","0","0","0","0","1","202204","202204","1023"
"9581286","530010","72010070","02015795000137","3","1","00000000000000","","","","0180","","0","E","","","04","","03","22","03","","99","","","","","","","","012632018","20180216","1","","","","","","0","0","1","0","0","0","1","0","0","0","0","0","0","0",0,0,0,"0",0,0,0,0,0,0,0,0,0,0,0,0,0,0,"0",0,0,0,0,0,0,0,0,2,0,0,0,0,0,0,0,"1",0,0,0,"0",0,0,0,0,"0",0,0,0,0,0,0,0,0,0,0,0,0,0,0,0,"0","0","0","0","0","0","0","0","0","0","0","0","0","0","0","0","0","0","0","0","0","0","0","0","0","0","0","0","1","1","0","0","0","0","0","0","0","0","0","0","0","0","0","0","0","0","0","0","0","0","0","1","0","0","0","0","0","0","0","0","0","0","0","0","0","0","0","0","0","0","0","0","0","0","0","0","0","0","0","0","0","0","0","0","0","0","0","0","0","0","0","0","1","201808","202204","2062"
"9581421","530010","72322582","00718528013855","3","1","00000000000000","","","","0140","","0","E","","","04","","01","39","05","","99","","","","","","","","LAB 00018-18","20210112","1","","","","","","0","0","1","0","0","0","1","0","0","0","0","0","0","0",0,0,0,"0",0,0,0,0,0,0,0,0,0,0,0,0,0,0,"0",0,0,0,0,0,0,0,0,0,0,0,0,0,0,0,0,"0",0,0,0,"0",0,0,0,0,"0",0,0,0,0,0,0,0,0,0,0,0,0,0,0,0,"0","0","1","0","0","0","0","0","0","0","0","0","0","0","0","0","0","0","0","0","0","0","0","0","1","1","0","0","1","1","0","0","0","0","0","0","0","0","0","0","0","0","0","0","0","0","0","0","0","0","0","0","0","0","0","0","0","0","1","0","0","1","1","0","0","0","0","0","0","0","0","0","0","0","0","0","0","0","0","0","0","0","0","0","0","0","0","0","0","0","0","0","1","202201","202204","2054"
"9583114","530010","72410100","19444255000171","3","1","00000000000000","","","","","","0","E","","","04","","03","22","03","","99","","","","","","","","VISADF","20200926","1","","","","","","0","0","1","0","0","0","1","0","0","0","0","0","0","0",0,0,0,"0",0,0,0,0,0,0,0,0,0,0,0,0,0,0,"0",0,1,0,0,0,0,0,0,0,0,0,0,0,0,0,0,"1",0,0,0,"0",0,0,0,0,"0",0,0,0,0,0,0,0,0,0,0,0,0,0,0,0,"0","0","1","0","0","0","0","0","0","0","0","0","0","0","0","0","0","0","0","0","0","0","0","0","1","0","0","0","1","1","0","0","0","0","0","0","0","0","0","0","0","0","0","0","0","0","0","0","0","0","0","1","0","0","0","1","0","0","0","0","0","0","0","0","0","0","0","0","0","0","0","0","0","0","0","0","0","0","0","0","0","0","0","0","0","0","0","0","0","0","0","0","1","202101","202204","2062"
"9583564","530010","72592303","24169846000118","3","1","00000000000000","","","","","","0","E","","","04","","01","22","03","","99","","","","","","","","ODO-00014-19","20180725","1","","","","","","0","0","1","0","0","0","1","0","0","0","0","0","0","0",0,0,0,"0",0,0,0,0,0,0,0,0,0,0,0,0,0,0,"0",0,0,0,0,0,0,0,0,1,0,0,0,0,0,0,0,"1",0,0,0,"0",0,0,0,0,"0",0,0,0,0,0,0,0,0,0,0,0,0,0,0,0,"0","0","0","0","0","0","0","0","0","0","0","0","0","0","0","0","0","0","0","0","0","0","0","0","0","1","0","0","1","1","0","0","0","0","0","0","0","0","0","0","0","0","0","0","0","0","0","0","0","0","0","1","0","0","0","0","0","0","0","0","0","0","0","0","0","0","0","0","0","0","0","0","0","0","0","0","0","0","0","0","0","0","0","0","0","0","0","0","0","0","0","0","1","201808","202204","2305"
"9583831","530010","73310313","03628122001278","3","1","00000000000000","","","","","","0","E","","","04","","03","36","03","","99","","","","","","","","RAD 00291-08","20190927","1","","","","","","0","0","1","0","0","0","1","0","0","0","0","0","0","0",0,0,0,"0",0,0,0,0,0,0,0,0,0,0,0,0,0,0,"0",0,2,0,0,0,0,0,0,0,0,0,0,0,0,0,0,"1",0,0,0,"0",0,0,0,0,"0",0,0,0,0,0,0,0,0,0,0,0,0,0,0,0,"0","0","1","0","0","0","0","0","0","0","0","0","0","0","0","0","0","0","0","0","0","0","0","0","1","0","0","1","1","1","0","0","0","0","0","0","0","0","0","0","0","0","0","0","0","0","0","0","0","0","0","1","0","0","0","1","0","0","0","0","0","0","0","0","0","0","0","0","0","0","0","0","0","0","0","0","0","0","0","0","0","0","0","0","0","0","0","0","0","0","0","0","1","201909","202204","2062"
"9585672","530010","70390108","27719919000196","3","1","00000000000000","","","","0010","","0","E","","","04","","03","36","03","","99","","","","","","","","EAS.44067-01","20200719","1","","","","","","0","0","1","0","0","0","1","0","0","0","0","0","0","0",0,0,0,"0",0,0,0,0,0,0,0,0,0,0,0,0,0,0,"0",0,1,0,0,0,0,0,0,0,0,0,0,0,0,0,0,"1",0,0,0,"0",0,0,0,0,"0",0,0,0,0,0,0,0,0,0,0,0,0,0,0,0,"0","0","1","0","0","0","0","0","1","0","0","0","0","0","0","0","0","1","0","1","0","0","0","0","1","1","1","0","1","1","0","0","0","0","0","0","0","0","0","0","0","0","0","0","0","0","0","0","0","0","0","1","0","0","0","1","0","0","0","0","0","0","0","0","0","0","0","0","0","0","0","0","0","0","0","0","0","0","0","0","0","0","0","0","0","0","0","0","0","0","0","0","1","202010","202204","2062"
"9586288","530010","72115115","72576408000117","3","1","00000000000000","","","","0180","","0","E","","","04","","03","22","03","","99","","","","","","","","LICENCA SANITARIA","20191105","1","","","","","","0","0","1","0","0","0","1","0","0","0","0","0","0","0",0,0,0,"0",0,0,0,0,0,0,0,0,1,0,0,0,0,0,"1",0,0,0,0,0,0,0,0,2,0,0,0,0,0,0,0,"1",0,0,0,"0",0,0,0,0,"0",0,0,0,0,0,0,0,0,0,0,0,0,0,0,0,"0","0","1","0","0","0","0","0","1","0","0","0","0","0","0","0","0","0","1","0","0","0","0","0","1","1","0","0","1","1","0","0","0","0","0","0","0","0","0","0","0","0","0","0","0","0","0","0","0","0","0","1","0","0","0","1","0","0","0","0","0","0","0","0","0","0","0","0","0","0","0","0","0","0","0","0","0","0","0","0","0","0","0","0","0","0","0","0","0","0","0","0","1","202110","202204","2062"
"9586822","530010","72015525","05475877000152","3","1","00000000000000","","","","0180","","0","E","","","04","","03","36","03","","99","","","","","","","","RAD 0006-14","20200929","1","","","","","","0","0","1","0","0","0","1","0","0","0","0","0","0","0",0,0,0,"0",0,0,0,0,0,0,0,0,0,0,0,0,0,0,"0",0,0,0,3,0,0,0,0,0,0,0,0,0,0,0,0,"1",0,0,0,"0",0,0,0,0,"0",0,0,0,0,0,0,0,0,0,0,0,0,0,0,0,"0","0","1","0","0","0","0","0","0","0","0","0","0","0","0","0","0","0","0","0","0","0","0","0","1","0","0","1","0","1","0","0","0","0","0","0","0","0","0","0","0","0","0","0","0","0","0","0","0","0","0","1","0","0","0","1","0","0","0","0","0","0","0","0","0","0","0","0","0","0","0","0","0","0","0","0","0","0","0","0","0","0","0","0","0","0","0","0","0","0","0","0","1","202009","202204","2062"
"9587896","530010","72015590","02031382000146","3","1","00000000000000","","","","0180","","0","E","","","04","","01","36","04","","99","","","","","","","","RLE","20211117","1","","","","","","0","0","1","0","0","0","1","0","0","0","0","0","0","0",0,0,0,"0",0,0,0,0,0,0,0,0,0,0,0,0,0,0,"0",0,0,0,0,0,0,0,0,1,0,0,0,0,0,0,0,"1",0,0,0,"0",0,0,0,0,"0",0,0,0,0,0,0,0,0,0,0,0,0,0,0,0,"0","0","1","0","0","0","0","0","0","0","0","0","0","0","0","0","0","0","0","0","0","0","0","0","1","0","0","0","1","1","0","0","0","0","0","0","0","0","0","0","0","0","0","0","0","0","0","0","0","0","0","1","0","0","0","0","0","0","0","0","0","0","0","0","0","0","0","0","0","0","0","0","0","0","0","0","0","0","0","0","0","0","0","0","0","0","0","0","0","0","0","0","1","202204","202204","2062"
"9589139","530010","70710140","30458025000102","3","1","00000000000000","","","","0005","","0","E","","","04","","03","36","03","","99","","","","","","","","DFP1800037221","20201109","1","","","","","","0","0","1","0","0","0","1","0","0","0","0","0","0","0",0,0,0,"0",0,0,0,0,0,0,0,0,0,0,0,0,0,0,"0",0,2,0,0,0,0,0,0,0,0,0,0,0,0,0,0,"1",0,0,0,"0",0,0,0,0,"0",0,0,0,0,0,0,0,0,0,0,0,0,0,0,0,"0","0","1","0","0","0","0","0","0","0","0","0","0","0","0","0","0","0","0","0","0","0","0","0","1","1","0","0","1","1","0","0","0","0","0","0","0","0","0","0","0","0","0","0","0","0","0","0","0","0","0","1","0","0","0","1","0","0","0","0","0","0","0","0","0","0","0","0","0","0","0","0","0","0","0","0","0","0","0","0","0","0","0","0","0","0","0","0","0","0","0","0","1","202110","202204","2062"
"9589724","530010","72725116","00000000000000","3","3","00394700000108","","","","0020","","1","E","","","04","","03","70","03","","99","","","","","","","","","","","","","","","","0","0","1","0","0","0","1","0","0","0","0","0","0","0",0,0,0,"0",0,0,0,0,0,0,0,0,0,0,0,0,0,0,"0",0,0,0,1,0,0,0,0,0,0,0,0,0,0,0,0,"1",0,0,0,"0",0,0,0,0,"0",0,0,0,0,0,0,0,0,0,0,0,0,0,0,0,"0","0","0","0","0","0","0","0","0","0","0","0","0","0","0","0","0","0","0","0","0","0","0","0","0","0","0","0","1","1","0","0","0","0","0","0","0","0","0","0","0","0","0","0","0","0","0","0","0","0","1","0","0","0","0","0","0","0","0","0","0","0","0","0","0","0","0","0","0","0","0","0","0","0","0","0","0","0","0","0","0","0","0","0","0","0","0","0","0","0","0","0","1","202103","202204","1023"
"9590080","530010","70340901","07175372000106","3","1","00000000000000","","","","","","0","E","","","04","","03","22","03","","99","","","","","","","","0000","20180801","1","","","","","","0","0","1","0","0","0","1","0","0","0","0","0","0","0",0,0,0,"0",0,0,0,0,0,0,0,0,0,0,0,0,0,0,"0",0,1,0,0,0,0,0,0,0,0,0,0,0,0,0,0,"1",0,0,0,"0",0,0,0,0,"0",0,0,0,0,0,0,0,0,0,0,0,0,0,0,0,"0","0","0","0","0","0","0","0","0","0","0","0","0","0","0","0","0","0","0","0","0","0","0","0","0","0","0","0","1","1","0","0","0","0","0","0","0","0","0","0","0","0","0","0","0","0","0","0","0","0","0","0","0","0","0","1","0","0","0","0","0","0","0","0","0","0","0","0","0","0","0","0","0","0","0","0","0","0","0","0","0","0","0","0","0","0","0","0","0","0","0","0","1","202011","202204","2062"
"9590234","530010","71020627","30341472000179","3","1","00000000000000","","","","0070","","0","E","","","04","","03","22","01","","99","","","","","","","","ODO0006810","20200713","1","","","","","","0","0","1","0","0","0","1","0","0","0","0","0","0","0",0,0,0,"0",0,0,0,0,0,0,0,0,0,0,0,0,0,0,"0",0,0,0,0,0,0,0,0,1,0,0,0,0,0,0,0,"1",0,0,0,"0",0,0,0,0,"0",0,0,0,0,0,0,0,0,0,0,0,0,0,0,0,"0","0","1","0","0","0","0","0","0","0","0","0","0","0","0","0","0","0","0","0","0","0","0","0","1","0","0","0","1","1","0","0","0","0","0","0","0","0","0","0","0","0","0","0","0","0","0","0","0","0","0","1","0","0","0","1","0","0","0","0","0","0","0","0","0","0","0","0","0","0","0","0","0","0","0","0","0","0","0","0","0","0","0","0","0","0","0","0","0","0","0","0","1","202008","202204","2062"
"9590439","530010","70340907","29844587000105","3","1","00000000000000","","","","0015","","0","E","","","04","","03","36","04","","99","","","","","","","","RLE","20180720","1","","","","","","0","0","1","0","0","0","1","0","0","0","0","0","0","0",0,0,0,"0",0,0,0,0,0,0,0,0,0,0,0,0,0,0,"0",0,0,0,0,0,0,0,0,1,0,0,0,0,0,0,0,"1",0,0,0,"0",0,0,0,0,"0",0,0,0,0,0,0,0,0,0,0,0,0,0,0,0,"0","0","1","0","0","0","0","0","0","0","0","0","0","0","0","0","0","0","0","0","0","0","0","0","1","0","0","0","1","1","0","0","0","0","0","0","0","0","0","0","0","0","0","0","0","0","0","0","0","0","0","1","0","0","0","0","0","0","0","0","0","0","0","0","0","0","0","0","0","0","0","0","0","0","0","0","0","0","0","0","0","0","0","0","0","0","0","0","0","0","0","0","1","202204","202204","2305"
"9590579","530010","70710146","29953305000108","3","1","00000000000000","","","","","","0","E","","","04","","01","22","03","","99","","","","","","","","53600347528","20200824","1","","","","","","0","0","1","0","0","0","1","0","0","0","0","0","0","0",0,0,0,"0",0,0,0,0,0,0,0,0,0,0,0,0,0,0,"0",2,0,0,0,0,0,0,0,0,0,0,0,0,0,0,0,"1",0,0,0,"0",0,0,0,0,"0",0,0,0,0,0,0,0,0,0,0,0,0,0,0,0,"0","0","0","0","0","0","0","0","0","0","0","0","0","0","0","0","0","0","0","0","0","0","0","0","0","0","0","0","1","1","0","0","0","0","0","0","0","0","0","0","0","0","0","0","0","0","0","0","0","0","0","1","0","0","0","0","0","0","0","0","0","0","0","0","0","0","0","0","0","0","0","0","0","0","0","0","0","0","0","0","0","0","0","0","0","0","0","0","0","0","0","0","1","202203","202204","2305"
"9592741","530010","71939540","00026828636805","1","1","00000000000000","","","","9901","","0","E","","","04","","01","22","03","","99","","","","","","","","EAS.00064-22","20180810","1","","","","","","0","0","1","0","0","0","1","0","0","0","0","0","0","0",0,0,0,"0",0,0,0,0,0,0,0,0,0,0,0,0,0,0,"0",0,0,0,1,0,0,0,0,0,0,0,0,0,0,0,0,"1",0,0,0,"0",0,0,0,0,"0",0,0,0,0,0,0,0,0,0,0,0,0,0,0,0,"0","0","0","0","0","0","0","0","0","0","0","0","0","0","0","0","0","0","0","0","0","0","0","0","0","0","0","0","1","1","0","0","0","0","0","0","0","0","0","0","0","0","0","0","0","0","0","0","0","0","0","1","0","0","0","0","0","0","0","0","0","0","0","0","0","0","0","0","0","0","0","0","0","0","0","0","0","0","0","0","0","0","0","0","0","0","0","0","0","0","0","0","1","201902","202204","4000"
"9593772","530010","73030030","06154104000641","3","1","00000000000000","","","","0170","","0","E","","","04","","01","04","04","","99","","","","","","","","EAS 00031-09","20201005","1","","","","","","0","0","1","0","0","0","1","0","0","0","0","0","0","0",0,0,0,"0",0,0,0,0,0,0,0,0,0,0,0,0,0,0,"0",0,8,0,0,0,0,0,0,0,0,0,0,0,0,0,0,"1",0,0,0,"0",0,0,0,0,"0",0,0,0,0,0,0,0,0,0,0,0,0,0,0,0,"0","0","1","0","0","0","0","0","1","0","0","0","0","0","0","0","0","1","1","0","0","1","0","0","1","1","0","0","1","1","0","0","0","0","0","0","0","0","0","0","0","0","0","0","0","0","0","0","0","0","0","1","0","0","0","1","0","0","0","0","0","0","0","0","0","0","0","0","0","0","0","0","0","0","0","0","0","0","0","0","0","0","0","0","0","0","0","0","0","0","0","0","1","202105","202204","2062"
"9594868","530010","70390904","11820477000210","3","1","00000000000000","","","","0015","","0","E","","","04","","03","36","04","","99","","","","","","","","RLE","20210825","1","","","","","","0","0","1","0","0","0","1","0","0","0","0","0","0","0",0,0,0,"0",0,0,0,0,0,0,0,0,0,0,0,0,0,0,"0",0,0,0,1,0,0,0,0,0,0,0,0,0,0,0,0,"1",0,0,0,"0",0,0,0,0,"0",0,0,0,0,0,0,0,0,0,0,0,0,0,0,0,"0","0","1","0","0","0","0","0","0","0","0","0","0","0","0","0","0","0","0","0","0","0","0","0","1","0","0","0","1","1","0","0","0","0","0","0","0","0","0","0","0","0","0","0","0","0","0","0","0","0","0","1","0","0","0","0","0","0","0","0","0","0","0","0","0","0","0","0","0","0","0","0","0","0","0","0","0","0","0","0","0","0","0","0","0","0","0","0","0","0","0","0","1","202204","202204","2062"
"9595058","530010","72502100","00000000000000","3","3","00394700000108","","","","","","1","E","","","04","","03","04","03","","99","","","","","","","","","","","","","","","","0","0","1","0","0","0","1","0","0","0","0","0","0","0",0,0,0,"0",0,0,0,0,0,0,0,0,0,0,0,0,0,0,"0",0,22,0,2,0,0,0,0,1,1,1,0,0,0,2,0,"1",0,0,0,"0",0,0,0,0,"0",0,0,0,0,0,0,0,0,0,0,0,0,0,0,0,"0","0","0","0","0","0","0","0","0","0","0","0","0","0","0","0","0","0","0","0","0","0","0","0","0","0","0","0","1","1","0","0","0","0","0","0","0","0","0","0","0","0","0","0","0","0","0","0","0","0","1","0","0","0","0","0","0","0","0","0","0","0","0","0","0","0","0","0","0","0","0","0","0","0","0","0","0","0","0","0","0","0","0","0","0","1","0","0","0","0","0","0","1","202108","202204","1023"
"9595155","530010","70390145","28889824000183","3","1","00000000000000","","","","0015","","0","E","","","04","","03","36","04","","99","","","","","","","","RLE- NOVA SOLICITADA","20200903","1","","","","","","0","0","1","0","0","0","1","0","0","0","0","0","0","0",0,0,0,"0",0,0,0,0,0,0,0,0,0,0,0,0,0,0,"0",0,0,0,1,0,0,0,0,0,0,0,0,0,0,0,0,"1",0,0,0,"0",0,0,0,0,"0",0,0,0,0,0,0,0,0,0,0,0,0,0,0,0,"0","0","1","0","0","0","0","0","0","0","0","0","0","0","0","0","0","0","0","0","0","0","0","0","1","0","0","0","1","1","0","0","0","0","0","0","0","0","0","0","0","0","0","0","0","0","0","0","0","0","0","1","0","0","0","0","0","0","0","0","0","0","0","0","0","0","0","0","0","0","0","0","0","0","0","0","0","0","0","0","0","0","0","0","0","0","0","0","0","0","0","0","1","202111","202204","2054"
"9595724","530010","72415201","05251170000162","3","1","00000000000000","","","","","","0","E","","","04","","03","36","04","","99","","","","","","","","53201232247","20200823","1","","","","","","0","0","1","0","0","0","1","0","0","0","0","0","0","0",0,0,0,"0",0,0,0,0,0,0,0,0,0,0,0,0,0,0,"0",0,0,0,1,0,0,0,0,0,0,0,0,0,0,0,0,"1",0,0,0,"0",0,0,0,0,"0",0,0,0,0,0,0,0,0,0,0,0,0,0,0,0,"0","0","1","0","0","0","0","0","0","0","0","0","0","0","0","0","0","0","0","0","0","0","0","0","1","1","0","0","1","1","0","0","0","0","0","0","0","0","0","0","0","0","0","0","0","0","0","0","0","0","0","1","0","0","1","1","0","0","0","0","0","0","0","0","0","0","0","0","0","0","0","0","0","0","0","0","0","0","0","0","0","0","0","0","0","0","0","0","0","0","0","0","1","202103","202204","2062"
"9595759","530010","70340907","24522639000103","3","1","00000000000000","","","","0015","","0","E","","","04","","03","36","04","","99","","","","","","","","","","","","","","","","0","0","1","0","0","0","1","0","0","0","0","0","0","0",0,0,0,"0",0,0,0,0,0,0,0,0,0,0,0,0,0,0,"0",0,0,0,0,0,0,0,0,1,0,0,0,0,0,0,0,"1",0,0,0,"0",0,0,0,0,"0",0,0,0,0,0,0,0,0,0,0,0,0,0,0,0,"0","0","1","0","0","0","0","0","0","0","0","0","0","0","0","0","0","0","0","0","0","0","0","0","1","0","0","0","1","1","0","0","0","0","0","0","0","0","0","0","0","0","0","0","0","0","0","0","0","0","0","1","0","0","0","0","0","0","0","0","0","0","0","0","0","0","0","0","0","0","0","0","0","0","0","0","0","0","0","0","0","0","0","0","0","0","0","0","0","0","0","0","1","202111","202204","2062"
"9597751","530010","70745520","30858974000171","3","1","00000000000000","","","","0005","","0","E","","","04","","03","22","04","","99","","","","","","","","","","","","","","","","0","0","1","0","0","0","1","0","0","0","0","0","0","0",0,0,0,"0",0,0,0,0,0,0,0,0,0,0,0,0,0,0,"0",1,0,0,0,0,0,0,0,0,0,0,0,0,0,0,0,"1",0,0,0,"0",0,0,0,0,"0",0,0,0,0,0,0,0,0,0,0,0,0,0,0,0,"0","0","1","0","0","0","0","0","0","0","0","0","0","0","0","0","0","0","0","0","0","0","0","0","1","0","0","0","1","1","0","0","0","0","0","0","0","0","0","0","0","0","0","0","0","0","0","0","0","0","0","1","0","0","0","0","0","0","0","0","0","0","0","0","0","0","0","0","0","0","0","0","0","0","0","0","0","0","0","0","0","0","0","0","0","0","0","0","0","0","0","0","1","202111","202204","2062"
"9598251","530010","71907720","07910731000113","3","1","00000000000000","","","","9901","","0","E","","","04","","03","36","03","","99","","","","","","","","LICENCIAMENTO","20200217","1","","","","","","0","0","1","0","0","0","1","0","0","0","0","0","0","0",0,0,0,"0",0,0,0,0,0,0,0,0,0,0,0,0,0,0,"0",1,0,0,0,0,0,0,0,0,0,0,0,0,0,0,0,"1",0,0,0,"0",0,0,0,0,"0",0,0,0,0,0,0,0,0,0,0,0,0,0,0,0,"0","0","1","0","0","0","0","0","0","0","0","0","0","0","0","0","0","0","0","0","0","0","0","0","1","0","0","0","1","1","0","0","0","0","0","0","0","0","0","0","0","0","0","0","0","0","0","0","0","0","0","1","0","0","0","0","0","0","0","0","0","0","0","0","0","0","0","0","0","0","0","0","0","0","0","0","0","0","0","0","0","0","0","0","0","0","0","0","0","0","0","0","1","202002","202204","2062"
"9599991","530010","70719903","30923466000120","3","1","00000000000000","","","","0005","","0","E","","","04","","02","04","03","","99","","","","","","","","00030-02/2021","20210803","1","","","","","","0","0","1","0","0","0","1","0","0","0","0","0","0","0",0,0,0,"0",0,0,0,0,0,0,0,0,0,0,0,0,0,0,"0",1,0,0,2,0,0,0,0,0,0,0,0,0,0,0,0,"1",0,0,0,"0",0,0,0,0,"0",0,0,0,0,0,0,0,0,0,0,0,0,0,0,0,"0","0","1","0","0","0","0","0","0","0","0","0","0","0","0","0","0","0","0","0","0","0","0","0","1","0","0","0","1","1","0","0","0","0","0","0","0","0","0","0","0","0","0","0","0","0","0","0","0","0","0","1","0","0","0","1","0","0","0","0","0","0","0","0","0","0","0","0","0","0","0","0","0","0","0","0","0","0","0","0","0","0","0","0","0","0","0","0","0","0","0","0","1","202204","202204","2305"
"9600450","530010","70790157","31032036000180","3","1","00000000000000","","","","0005","","0","E","","","04","","01","22","03","","99","","","","","","","","","","","","","","","","0","0","1","0","0","0","1","0","0","0","0","0","0","0",0,0,0,"0",0,0,0,0,0,0,0,0,0,0,0,0,0,0,"0",0,0,0,1,0,0,0,0,0,0,0,0,0,0,0,0,"1",0,0,0,"0",0,0,0,0,"0",0,0,0,0,0,0,0,0,0,0,0,0,0,0,0,"0","0","1","0","0","0","0","0","0","0","0","0","0","0","0","0","0","0","0","0","0","0","0","0","1","0","0","0","1","1","0","0","0","0","0","0","0","0","0","0","0","0","0","0","0","0","0","0","0","0","0","1","0","0","1","0","0","0","0","0","0","0","0","0","0","0","0","0","0","0","0","0","0","0","0","0","0","0","0","0","0","0","0","0","0","0","0","0","0","0","0","0","1","202111","202204","2305"
"9600531","530010","70390100","19450040000244","3","1","00000000000000","","","","0015","","0","E","","","04","","01","36","05","","99","","","","","","","","EAS.30133-01","20190408","1","","","","","","0","0","1","0","0","0","1","0","0","0","0","0","0","0",0,0,0,"0",0,0,0,0,0,0,0,0,0,0,0,0,0,0,"0",0,4,0,0,0,0,0,0,0,0,0,0,0,0,0,0,"1",0,0,0,"0",0,0,0,0,"0",0,0,0,0,0,0,0,0,0,0,0,0,0,0,0,"0","0","0","0","0","0","0","0","0","0","0","0","0","0","0","0","0","0","0","0","0","0","0","0","0","0","0","0","1","1","0","0","0","0","0","0","0","0","0","0","0","0","0","0","0","0","0","0","0","0","0","1","0","0","0","0","0","0","0","0","0","0","0","0","0","0","0","0","0","0","0","0","0","0","0","0","0","0","0","0","0","0","0","0","0","0","0","0","0","0","0","0","1","202112","202204","2062"
"9600620","530010","72610500","27037155000159","3","1","00000000000000","","","","0015","","0","E","","","04","","03","04","03","","99","","","","","","","","","20181228","1","","","","","","0","0","1","0","0","0","1","0","0","0","0","0","0","0",0,0,0,"0",0,0,0,0,0,0,0,0,0,0,0,0,0,0,"0",10,4,0,0,0,0,0,0,0,0,0,0,0,0,0,0,"1",0,0,0,"0",0,0,0,0,"0",0,0,0,0,0,0,0,0,0,0,0,0,0,0,0,"0","0","1","0","0","0","0","0","0","0","0","0","0","0","0","0","0","0","0","0","0","0","0","0","1","0","0","0","1","1","0","0","0","0","0","0","0","0","0","0","0","0","0","0","0","0","0","0","0","0","0","0","0","0","0","1","0","0","0","0","0","0","0","0","0","0","0","0","0","0","0","0","0","0","0","0","0","0","0","0","0","0","0","0","0","0","0","0","0","0","0","0","1","201906","202204","2062"
"9601643","530010","70390904","11820477000130","3","1","00000000000000","","","","0015","","0","E","","","04","","03","36","04","","99","","","","","","","","RLE","20210908","1","","","","","","0","0","1","0","0","0","1","0","0","0","0","0","0","0",0,0,0,"0",0,0,0,0,0,0,0,0,0,0,0,0,0,0,"0",0,0,0,1,0,0,0,0,0,0,0,0,0,0,0,0,"1",0,0,0,"0",0,0,0,0,"0",0,0,0,0,0,0,0,0,0,0,0,0,0,0,0,"0","0","1","0","0","0","0","0","0","0","0","0","0","0","0","0","0","0","0","0","0","0","0","0","1","0","0","0","1","1","0","0","0","0","0","0","0","0","0","0","0","0","0","0","0","0","0","0","0","0","0","1","0","0","0","0","0","0","0","0","0","0","0","0","0","0","0","0","0","0","0","0","0","0","0","0","0","0","0","0","0","0","0","0","0","0","0","0","0","0","0","0","1","202204","202204","2062"
"9603832","530010","70390150","27650291000110","3","1","00000000000000","","","","0015","","0","E","","","04","","03","04","04","","99","","","","","","","","RLE DIGITAL","20180912","1","","","","","","0","0","1","0","0","0","1","0","0","0","0","0","0","0",0,0,0,"0",0,0,0,0,0,0,0,0,0,0,0,0,0,0,"0",1,1,0,2,0,0,0,0,0,0,0,0,0,0,0,0,"1",0,0,0,"0",0,0,0,0,"0",0,0,0,0,0,0,0,0,0,0,0,0,0,0,0,"0","0","1","0","0","0","0","0","0","0","0","0","0","0","0","0","0","0","0","0","0","0","0","0","1","0","0","0","1","1","0","0","0","0","0","0","0","0","0","0","0","0","0","0","0","0","0","0","0","0","0","1","0","0","0","1","0","0","0","0","0","0","0","0","0","0","0","0","0","0","0","0","0","0","0","0","0","0","0","0","0","0","0","0","0","0","0","0","0","0","0","0","1","202106","202204","2062"
"9604162","530010","71020721","19880950000186","3","1","00000000000000","","","","","","0","E","","","04","","01","04","04","","99","","","","","","","","","","","","","","","","0","0","1","0","0","0","1","0","0","0","0","0","0","0",0,0,0,"0",0,0,0,0,0,0,0,0,0,0,0,0,0,0,"0",0,2,0,0,0,0,0,0,0,0,0,0,0,0,0,0,"1",0,0,0,"0",0,0,0,0,"0",0,0,0,0,0,0,0,0,0,0,0,0,0,0,0,"0","0","0","1","0","0","0","0","0","0","0","0","0","0","0","0","0","0","0","0","0","0","0","0","1","0","0","0","1","1","0","0","0","0","0","0","0","0","0","0","0","0","0","0","0","0","0","0","0","0","0","1","0","0","0","0","0","0","0","0","0","0","0","0","0","0","0","0","0","0","0","0","0","0","0","0","0","0","0","0","0","0","0","0","0","0","0","0","0","0","0","0","1","202111","202204","2062"
"9604294","530010","70390095","15676664000142","3","1","00000000000000","","","","0015","","0","E","","","04","","03","22","03","","99","","","","","","","","EAS.2018701","20190809","1","","","","","","0","0","1","0","0","0","1","0","0","0","0","0","0","0",0,0,0,"0",0,0,0,0,0,0,0,0,0,0,0,0,0,0,"0",0,1,0,0,0,0,0,0,0,0,0,0,0,0,0,0,"1",0,0,0,"0",0,0,0,0,"0",0,0,0,0,0,0,0,0,0,0,0,0,0,0,0,"0","0","1","0","0","0","0","0","0","0","0","0","0","0","0","0","0","0","0","1","0","0","0","0","1","0","0","0","1","1","0","0","0","0","0","0","0","0","0","0","0","0","0","0","0","0","0","0","0","0","0","1","0","0","0","1","0","0","0","0","0","0","0","0","0","0","0","0","0","0","0","0","0","0","0","0","0","0","0","0","0","0","0","0","0","0","0","0","0","0","0","0","1","202002","202204","2062"
"9604375","530010","70390150","26841337000115","3","1","00000000000000","","","","0010","","0","E","","","04","","","22","03","","99","","","","","","","","RLE@DIGITAL","20211231","1","","","","","","0","0","1","0","0","0","1","0","0","0","0","0","0","0",0,0,0,"0",0,0,0,0,0,0,0,0,0,0,0,0,0,0,"0",1,0,0,0,0,0,0,0,0,0,0,0,0,0,0,0,"1",0,0,0,"0",0,0,0,0,"0",0,0,0,0,0,0,0,0,0,0,0,0,0,0,0,"0","0","1","0","0","0","0","0","0","0","0","0","0","0","0","0","0","0","0","0","0","0","0","0","1","0","0","0","1","1","0","0","0","0","0","0","0","0","0","0","0","0","0","0","0","0","0","0","0","0","0","1","0","0","0","1","0","0","0","0","0","0","0","0","0","0","0","0","0","0","0","0","0","0","0","0","0","0","0","0","0","0","0","0","0","0","0","0","0","0","0","0","1","202203","202204","2305"
"9604693","530010","70200740","21559623000179","3","1","00000000000000","","","","","","0","E","","","04","","","22","03","","99","","","","","","","","VISA DF","20180629","1","","","","","","0","0","1","0","0","0","1","0","0","0","0","0","0","0",0,0,0,"0",0,0,0,0,0,0,0,0,0,0,0,0,0,0,"0",1,0,0,0,0,0,0,0,0,0,0,0,0,0,0,0,"1",0,0,0,"0",0,0,0,0,"0",0,0,0,0,0,0,0,0,0,0,0,0,0,0,0,"0","0","0","0","0","0","0","0","0","0","0","0","0","0","0","0","0","0","0","0","0","0","0","0","0","0","0","0","1","1","0","0","0","0","0","0","0","0","0","0","0","0","0","0","0","0","0","0","0","0","0","1","0","0","0","0","0","0","0","0","0","0","0","0","0","0","0","0","0","0","0","0","0","0","0","0","0","0","0","0","0","0","0","0","0","0","0","0","0","0","0","0","1","201905","202204","2062"
"9605320","530010","71200020","22356617000187","3","1","00000000000000","","","","","","0","E","","","04","","03","43","06","","99","","","","","","","","FAR-00154-10","20180618","1","","","","","","0","0","1","0","0","0","1","0","0","0","0","0","0","0",0,0,0,"0",0,0,0,0,0,0,0,0,0,0,0,0,0,0,"0",0,0,0,0,0,0,0,0,0,0,0,0,0,0,0,0,"0",0,0,0,"0",0,0,0,0,"0",0,0,0,0,0,0,0,0,0,0,0,0,0,0,0,"0","0","0","0","0","0","1","0","0","0","0","0","0","0","0","0","0","0","0","0","0","0","0","0","1","0","0","0","1","1","0","0","0","0","0","0","0","0","0","0","0","0","0","0","0","0","0","0","0","0","0","0","0","0","0","0","0","0","0","0","0","0","0","0","0","0","0","0","0","0","0","0","1","0","0","0","1","0","0","0","0","0","0","0","0","0","0","0","0","0","0","0","1","201906","202204","2062"
"9605355","530010","70345540","00054442974500","1","1","00000000000000","","","","0015","","0","E","","","04","","03","22","03","","99","","","","","","","","EM FASE DE REGISTRO","20180704","1","","","","","","0","0","1","0","0","0","1","0","0","0","0","0","0","0",0,0,0,"0",0,0,0,0,0,0,0,0,0,0,0,0,0,0,"0",0,0,0,0,0,0,0,0,1,0,0,0,0,0,0,0,"1",0,0,0,"0",0,0,0,0,"0",0,0,0,0,0,0,0,0,0,0,0,0,0,0,0,"0","0","1","0","0","0","0","0","0","1","0","0","0","0","0","0","0","0","0","0","0","0","0","0","1","0","0","0","1","1","0","0","0","0","0","0","0","0","0","0","0","0","0","0","0","0","0","0","0","0","0","1","0","0","0","1","0","0","0","0","0","0","0","0","0","0","0","0","0","0","0","0","0","0","0","0","0","0","0","0","0","0","0","0","0","0","0","0","0","0","0","0","1","201809","202204","4000"
"9605509","530010","72025065","00718528012883","3","1","00000000000000","","","","0180","","0","E","","","04","","01","39","03","","99","","","","","","","","LAB - 00019-14","20211125","1","","","","","","0","0","1","0","0","0","1","0","0","0","0","0","0","0",0,0,0,"0",0,0,0,0,0,0,0,0,0,0,0,0,0,0,"0",0,0,0,0,0,0,0,0,0,0,0,0,0,0,0,0,"0",0,0,0,"0",0,0,0,0,"0",0,0,0,0,0,0,0,0,0,0,0,0,0,0,0,"0","0","1","0","0","0","0","0","0","0","0","0","0","0","0","0","0","0","0","0","0","0","0","0","1","1","0","0","1","1","0","0","0","0","0","0","0","0","0","0","0","0","0","0","0","0","0","0","0","0","0","0","0","0","0","0","0","0","1","0","0","1","1","0","0","0","0","0","0","0","0","0","0","0","0","0","0","0","0","0","0","0","0","0","0","0","0","0","0","0","0","0","1","202201","202204","2054"
"9605568","530010","72110015","23244337000140","3","1","00000000000000","","","","","","0","E","","","04","","03","22","03","","99","","","","","","","","RLE","20180206","1","","","","","","0","0","1","0","0","0","1","0","0","0","0","0","0","0",0,0,0,"0",0,0,0,0,0,0,0,0,0,0,0,0,0,0,"0",0,0,0,1,0,0,0,0,0,0,0,0,0,0,0,0,"1",0,0,0,"0",0,0,0,0,"0",0,0,0,0,0,0,0,0,0,0,0,0,0,0,0,"0","0","0","0","0","0","0","0","0","0","0","0","0","0","0","0","0","0","0","0","0","0","0","0","0","0","0","0","1","1","0","0","0","0","0","0","0","0","0","0","0","0","0","0","0","0","0","0","0","0","0","1","0","0","0","0","0","0","0","0","0","0","0","0","0","0","0","0","0","0","0","0","0","0","0","0","0","0","0","0","0","0","0","0","0","0","0","0","0","0","0","0","1","202008","202204","2062"
"9605576","530010","71680349","00718528013693","3","1","00000000000000","","","","9930","","0","E","","","04","","01","39","03","","99","","","","","","","","LAB 00046-23","20210810","1","","","","","","0","0","1","0","0","0","1","0","0","0","0","0","0","0",0,0,0,"0",0,0,0,0,0,0,0,0,0,0,0,0,0,0,"0",0,0,0,0,0,0,0,0,0,0,0,0,0,0,0,0,"0",0,0,0,"0",0,0,0,0,"0",0,0,0,0,0,0,0,0,0,0,0,0,0,0,0,"0","0","1","0","0","0","0","0","0","0","0","0","0","0","0","0","0","0","0","0","0","0","0","0","1","1","0","0","1","1","0","0","0","0","0","0","0","0","0","0","0","0","0","0","0","0","0","0","0","0","0","0","0","0","0","0","0","0","1","0","0","1","1","0","0","0","0","0","0","0","0","0","0","0","0","0","0","0","0","0","0","0","0","0","0","0","0","0","0","0","0","0","1","202108","202204","2054"
"9605592","530010","70686630","00718528013936","3","1","00000000000000","","","","0005","","0","E","","","04","","01","39","03","","99","","","","","","","","LAB 00048-02","20210614","1","","","","","","0","0","1","0","0","0","1","0","0","0","0","0","0","0",0,0,0,"0",0,0,0,0,0,0,0,0,0,0,0,0,0,0,"0",0,0,0,0,0,0,0,0,0,0,0,0,0,0,0,0,"0",0,0,0,"0",0,0,0,0,"0",0,0,0,0,0,0,0,0,0,0,0,0,0,0,0,"0","0","1","0","0","0","0","0","0","0","0","0","0","0","0","0","0","0","0","0","0","0","0","0","1","1","0","0","1","1","0","0","0","0","0","0","0","0","0","0","0","0","0","0","0","0","0","0","0","0","0","0","0","0","0","0","0","0","1","0","0","1","1","0","0","0","0","0","0","0","0","0","0","0","0","0","0","0","0","0","0","0","0","0","0","0","0","0","0","0","0","0","1","202107","202204","2054"
"9606327","530010","70070904","30548025000195","3","1","00000000000000","","","","0015","","0","E","","","04","","03","22","03","","99","","","","","","","","EAS.20525-01","20190626","1","","","","","","0","0","1","0","0","0","1","0","0","0","0","0","0","0",0,0,0,"0",0,0,0,0,0,0,0,0,0,0,0,0,0,0,"0",1,0,0,0,0,0,0,0,0,0,0,0,0,0,0,0,"1",0,0,0,"0",0,0,0,0,"0",0,0,0,0,0,0,0,0,0,0,0,0,0,0,0,"0","0","0","1","0","0","0","0","0","0","0","0","0","0","0","0","0","0","0","0","0","0","0","0","1","0","0","0","1","1","0","0","0","0","0","0","0","0","0","0","0","0","0","0","0","0","0","0","0","0","0","1","0","0","0","0","0","0","0","0","0","0","0","0","0","0","0","0","0","0","0","0","0","0","0","0","0","0","0","0","0","0","0","0","0","0","0","0","0","0","0","0","1","202003","202204","2062"
"9607811","530010","70770560","31260829000157","3","1","00000000000000","","","","","","0","E","","","04","","01","36","03","","99","","","","","","","","EAS - 000239","20180828","1","","","","","","0","0","1","0","0","0","1","0","0","0","0","0","0","0",0,0,0,"0",0,0,0,0,0,0,0,0,0,0,0,0,0,0,"0",0,1,0,0,0,0,0,0,0,0,0,0,0,0,0,0,"1",0,0,0,"0",0,0,0,0,"0",0,0,0,0,0,0,0,0,0,0,0,0,0,0,0,"0","0","1","0","0","0","0","0","0","0","0","0","0","0","0","0","0","0","0","0","0","0","0","0","1","1","0","0","1","1","0","0","0","0","0","0","0","0","0","0","0","0","0","0","0","0","0","0","0","0","0","1","0","0","0","1","0","0","0","0","0","0","0","0","0","0","0","0","0","0","0","0","0","0","0","0","0","0","0","0","0","0","0","0","0","0","0","0","0","0","0","0","1","202009","202204","2062"
"9608567","530010","71907720","18639188000188","3","1","00000000000000","","","","9901","","0","E","","","04","","01","36","03","","99","","","","","","","","LICENCA FUNCIONAMENTO","20220311","1","","","","","","0","0","1","0","0","0","1","0","0","0","0","0","0","0",0,0,0,"0",0,0,0,0,0,0,0,0,0,0,0,0,0,0,"0",1,0,0,0,0,0,0,0,0,0,0,0,0,0,0,0,"1",0,0,0,"0",0,0,0,0,"0",0,0,0,0,0,0,0,0,0,0,0,0,0,0,0,"0","0","1","0","0","0","0","0","0","0","0","0","0","0","0","0","0","0","0","0","0","0","0","0","1","0","0","0","1","1","0","0","0","0","0","0","0","0","0","0","0","0","0","0","0","0","0","0","0","0","0","1","0","0","0","0","0","0","0","0","0","0","0","0","0","0","0","0","0","0","0","0","0","0","0","0","0","0","0","0","0","0","0","0","0","0","0","0","0","0","0","0","1","202204","202204","2232"
"9609148","530010","71931180","19193279000103","3","1","00000000000000","","","","9901","","0","E","","","04","","01","22","03","","99","","","","","","","","ODO 0008422","20180724","1","","","","","","0","0","1","0","0","0","1","0","0","0","0","0","0","0",0,0,0,"0",0,0,0,0,0,0,0,0,0,0,0,0,0,0,"0",0,0,0,0,0,0,0,0,2,0,0,0,0,0,0,0,"1",0,0,0,"0",0,0,0,0,"0",0,0,0,0,0,0,0,0,0,0,0,0,0,0,0,"0","0","1","0","0","0","0","0","0","0","0","0","0","0","0","0","0","0","0","0","0","0","0","0","1","1","0","0","1","1","0","0","0","0","0","0","0","0","0","0","0","0","0","0","0","0","0","0","0","0","0","1","0","0","0","1","0","0","0","0","0","0","0","0","0","0","0","0","0","0","0","0","0","0","0","0","0","0","0","0","0","0","0","0","0","0","0","0","0","0","0","0","1","201809","202204","2062"
"9609547","530010","72015901","10493368000192","3","1","00000000000000","","","","0180","","0","E","","","04","","01","36","03","","99","","","","","","","","EAS 00133-14","20170315","1","","","","","","0","0","1","0","0","0","1","0","0","0","0","0","0","0",0,0,0,"0",0,0,0,0,0,0,0,0,0,0,0,0,0,0,"0",0,0,0,1,0,0,0,0,0,0,0,0,0,0,0,0,"1",0,0,0,"0",0,0,0,0,"0",0,0,0,0,0,0,0,0,0,0,0,0,0,0,0,"0","0","1","0","0","0","0","0","0","0","0","0","0","0","0","0","0","0","0","0","0","0","0","0","1","1","0","0","1","1","0","0","0","0","0","0","0","0","0","0","0","0","0","0","0","0","0","0","0","0","0","1","0","0","0","1","0","0","0","0","0","0","0","0","0","0","0","0","0","0","0","0","0","0","0","0","0","0","0","0","0","0","0","0","0","0","0","0","0","0","0","0","1","202003","202204","2062"
"9609741","530010","71953000","01380064000128","3","1","00000000000000","","","","","","0","E","","","04","","03","22","03","","99","","","","","","","","LIC SANITARIA EAS 246-14","20210824","1","","","","","","0","0","1","0","0","0","1","0","0","0","0","0","0","0",0,0,0,"0",0,0,0,0,0,0,0,0,0,0,0,0,0,0,"0",1,0,0,0,0,0,0,0,0,0,0,0,0,0,0,0,"1",0,0,0,"0",0,0,0,0,"0",0,0,0,0,0,0,0,0,0,0,0,0,0,0,0,"0","0","0","0","0","0","0","0","0","0","0","0","0","0","0","0","0","0","0","0","0","0","0","0","0","0","0","0","1","1","0","0","0","0","0","0","0","0","0","0","0","0","0","0","0","0","0","0","0","0","0","0","0","0","0","1","0","0","0","0","0","0","0","0","0","0","0","0","0","0","0","0","0","0","0","0","0","0","0","0","0","0","0","0","0","0","0","0","0","0","0","0","1","202203","202204","2062"
"9610251","530010","70310500","01262984000141","3","1","00000000000000","","","","0005","","0","E","","","04","","03","22","03","","99","","","","","","","","LICENCA SANITARIA","20210810","1","","","","","","0","0","1","0","0","0","1","0","0","0","0","0","0","0",0,0,0,"0",0,0,0,0,0,0,0,0,0,0,0,0,0,0,"0",0,0,0,0,0,0,0,0,1,0,0,0,0,0,0,0,"1",0,0,0,"0",0,0,0,0,"0",0,0,0,0,0,0,0,0,0,0,0,0,0,0,0,"0","0","1","0","0","0","0","0","0","0","0","0","0","0","0","0","0","0","1","0","0","0","0","0","1","1","0","0","1","1","0","0","0","0","0","0","0","0","0","0","0","0","0","0","0","0","0","0","0","0","0","1","0","0","0","1","0","0","0","0","0","0","0","0","0","0","0","0","0","0","0","0","0","0","0","0","0","0","0","0","0","0","0","0","0","0","0","0","0","0","0","0","1","202108","202204","2062"
"9611878","530010","72410107","03628122001430","3","1","00000000000000","","","","0060","","0","E","","","04","","03","36","03","","99","","","","","","","","RAD 0005-02","20190927","1","","","","","","0","0","1","0","0","0","1","0","0","0","0","0","0","0",0,0,0,"0",0,0,0,0,0,0,0,0,0,0,0,0,0,0,"0",0,6,0,0,0,0,0,0,0,0,0,0,0,0,0,0,"1",0,0,0,"0",0,0,0,0,"0",0,0,0,0,0,0,0,0,0,0,0,0,0,0,0,"0","0","1","0","0","0","0","0","0","0","0","0","0","0","0","0","0","0","0","0","0","0","0","0","1","0","0","1","1","1","0","0","0","0","0","0","0","0","0","0","0","0","0","0","0","0","0","0","0","0","0","1","0","0","0","1","0","0","0","0","0","0","0","0","0","0","0","0","0","0","0","0","0","0","0","0","0","0","0","0","0","0","0","0","0","0","0","0","0","0","0","0","1","201909","202204","2062"
"9612750","530010","72020065","15471958000138","3","1","00000000000000","","","","0180","","0","E","","","04","","03","04","03","","99","","","","","","","","01184","20200324","1","","","","","","0","0","1","0","0","0","1","0","0","0","0","0","0","0",0,0,0,"0",0,0,0,0,0,0,0,0,0,0,0,0,0,0,"0",0,7,0,0,0,0,0,0,0,0,0,0,0,0,0,0,"1",0,0,0,"0",0,0,0,0,"0",0,0,0,0,0,0,0,0,0,0,0,0,0,0,0,"0","0","0","1","0","0","0","0","1","1","0","0","0","0","0","0","0","0","0","0","0","1","0","0","1","1","0","0","1","1","0","0","0","0","0","0","0","0","0","0","0","0","0","0","0","0","0","0","0","0","0","1","0","0","1","1","0","0","0","0","0","0","0","0","0","0","0","0","0","0","0","0","0","0","0","0","0","0","0","0","0","0","0","0","0","0","0","0","0","0","0","0","1","202009","202204","2062"
"9614710","530010","70002900","10671291000101","3","1","00000000000000","","","","","","0","E","","","04","","03","22","03","","99","","","","","","","","20171401537212","","1","","","","","","0","0","1","0","0","0","1","0","0","0","0","0","0","0",0,0,0,"0",0,0,0,0,0,0,0,0,0,0,0,0,0,0,"0",0,0,0,1,0,0,0,0,0,0,0,0,0,0,0,0,"1",0,0,0,"0",0,0,0,0,"0",0,0,0,0,0,0,0,0,0,0,0,0,0,0,0,"0","0","1","0","0","0","0","0","0","0","0","0","0","0","0","0","0","0","0","0","0","0","0","0","1","0","0","0","1","1","0","0","0","0","0","0","0","0","0","0","0","0","0","0","0","0","0","0","0","0","0","1","0","0","0","0","0","0","0","0","0","0","0","0","0","0","0","0","0","0","0","0","0","0","0","0","0","0","0","0","0","0","0","0","0","0","0","0","0","0","0","0","1","202002","202204","2062"
"9615377","530010","71925000","30782046000170","3","1","00000000000000","","","","9901","","0","E","","","04","","03","22","04","","99","","","","","","","","","20180629","1","","","","","","0","0","1","0","0","0","1","0","0","0","0","0","0","0",0,0,0,"0",0,0,0,0,0,0,0,0,0,0,0,0,0,0,"0",0,0,0,1,0,0,0,0,0,0,0,0,0,0,0,0,"1",0,0,0,"0",0,0,0,0,"0",0,0,0,0,0,0,0,0,0,0,0,0,0,0,0,"0","0","1","0","0","0","0","0","0","0","0","0","0","0","0","0","0","0","0","0","0","0","0","0","1","0","0","0","1","1","0","0","0","0","0","0","0","0","0","0","0","0","0","0","0","0","0","0","0","0","0","1","0","0","0","1","0","0","0","0","0","0","0","0","0","0","0","0","0","0","0","0","0","0","0","0","0","0","0","0","0","0","0","0","0","0","0","0","0","0","0","0","1","201809","202204","2135"
"9615385","530010","70710904","30721392000149","3","1","00000000000000","","","","0005","","0","E","","","04","","","36","04","","99","","","","","","","","","","","","","","","","0","0","1","0","0","0","1","0","0","0","0","0","0","0",0,0,0,"0",0,0,0,0,0,0,0,0,0,0,0,0,0,0,"0",0,0,0,0,0,0,0,0,2,0,0,0,0,0,0,0,"1",0,0,0,"0",0,0,0,0,"0",0,0,0,0,0,0,0,0,0,0,0,0,0,0,0,"0","0","1","0","0","0","0","0","0","0","0","0","0","0","0","0","0","0","0","0","0","0","0","0","1","0","0","0","1","1","0","0","0","0","0","0","0","0","0","0","0","0","0","0","0","0","0","0","0","0","0","1","0","0","0","1","0","0","0","0","0","0","0","0","0","0","0","0","0","0","0","0","0","0","0","0","0","0","0","0","0","0","0","0","0","0","0","0","0","0","0","0","1","202003","202204","2305"
"9615806","530010","71936250","17672378000215","3","1","00000000000000","","","","","","0","E","","","04","","01","85","03","","99","","","","","","","","EAS.00085-21","20210420","1","","","","","","0","0","1","0","0","0","1","0","0","0","0","0","0","0",0,0,0,"0",0,0,0,0,0,0,0,0,0,0,0,0,0,0,"0",0,0,0,0,0,0,0,0,0,0,0,2,0,0,0,0,"1",0,0,0,"0",0,0,0,0,"0",0,0,0,0,0,0,0,0,0,0,0,0,0,0,0,"0","0","1","0","0","0","0","0","1","0","0","0","0","0","0","0","0","0","0","1","0","0","0","0","1","1","0","0","1","1","0","0","0","0","0","0","0","0","0","0","0","0","0","0","0","0","0","0","0","0","0","1","0","0","0","1","0","0","0","0","0","0","0","0","0","0","0","0","0","0","0","0","0","0","0","0","0","0","0","0","0","0","0","0","0","0","0","0","0","0","0","0","1","202108","202204","2062"
"9615873","530010","70390100","30670188000146","3","1","00000000000000","","","","0015","","0","E","","","04","","03","36","03","","99","","","","","","","","EAS2053701","20180806","1","","","","","","0","0","1","0","0","0","1","0","0","0","0","0","0","0",0,0,0,"0",0,0,0,0,0,0,0,0,0,0,0,0,0,0,"0",0,1,0,0,0,0,0,0,0,0,0,0,0,0,0,0,"1",0,0,0,"0",0,0,0,0,"0",0,0,0,0,0,0,0,0,0,0,0,0,0,0,0,"0","0","1","0","0","0","0","0","0","0","0","0","0","0","0","0","0","0","0","0","0","0","0","0","1","1","0","0","1","1","0","0","0","0","0","0","0","0","0","0","0","0","0","0","0","0","0","0","0","0","0","1","0","0","0","1","0","0","0","0","0","0","0","0","0","0","0","0","0","0","0","0","0","0","0","0","0","0","0","0","0","0","0","0","0","0","0","0","0","0","0","0","1","201905","202204","2062"
"9615989","530010","71926000","08888214000409","3","1","00000000000000","","","","","","0","E","","","04","","03","04","04","","99","","","","","","","","LICENCA SANITARIA","20211004","1","","","","","","0","0","1","0","0","0","1","0","0","0","0","0","0","0",0,0,0,"0",0,0,0,0,0,0,0,0,0,0,0,0,0,0,"0",0,1,0,0,0,0,0,0,1,0,0,0,0,0,0,0,"1",0,0,0,"0",0,0,0,0,"0",0,0,0,0,0,0,0,0,0,0,0,0,0,0,0,"0","0","1","0","0","0","0","0","0","0","0","0","0","0","0","0","0","0","0","0","0","0","0","0","1","1","1","0","1","1","0","0","0","0","0","0","0","0","0","0","0","0","0","0","0","0","0","0","0","0","0","1","0","0","1","1","0","0","1","0","0","1","1","0","0","0","0","0","0","0","0","0","0","0","0","0","0","0","0","0","0","0","0","0","0","0","0","0","0","0","0","0","1","202111","202204","2062"
"9619941","530010","70770560","26680369000186","3","1","00000000000000","","","","","","0","E","","","04","","","22","04","","99","","","","","","","","EAS 00037-02","20180912","1","","","","","","0","0","1","0","0","0","1","0","0","0","0","0","0","0",0,0,0,"0",0,0,0,0,0,0,0,0,0,0,0,0,0,0,"0",0,1,0,0,0,0,0,0,0,0,0,0,0,0,0,0,"1",0,0,0,"0",0,0,0,0,"0",0,0,0,0,0,0,0,0,0,0,0,0,0,0,0,"0","0","0","0","0","0","0","0","0","0","0","0","0","0","0","0","0","0","0","0","0","0","0","0","0","0","0","0","1","1","0","0","0","0","0","0","0","0","0","0","0","0","0","0","0","0","0","0","0","0","0","1","0","0","0","1","0","0","0","0","0","0","0","0","0","0","0","0","0","0","0","0","0","0","0","0","0","0","0","0","0","0","0","0","0","0","0","0","0","0","0","0","1","201810","202204","2062"
"9620109","530010","72155000","00000000000000","3","3","00394700000108","","04","","0180","","1","E","","","04","","03","39","03","","99","","","","","","","","","","","","","","","","0","0","1","0","0","0","1","0","0","0","0","0","0","0",0,0,0,"0",0,0,0,0,0,0,0,0,0,0,0,0,0,0,"0",0,0,0,0,0,0,0,0,0,0,0,0,0,0,0,0,"0",0,0,0,"0",0,0,0,0,"0",0,0,0,0,0,0,0,0,0,0,0,0,0,0,0,"0","0","1","0","0","0","0","0","0","0","0","0","0","0","0","0","0","0","0","0","0","0","0","0","1","1","1","0","1","1","0","0","0","0","0","0","0","0","0","0","0","0","0","0","0","0","0","0","0","0","0","0","0","0","0","0","0","1","0","0","0","0","0","0","0","0","0","0","0","0","0","0","0","0","0","0","0","0","0","0","0","0","0","0","0","0","0","0","0","0","0","0","1","202204","202204","1023"
"9620311","530010","71010006","00000000000000","3","3","00394700000108","","","","0070","","1","E","","","04","","02","04","04","","99","","","","","","","","","","","","","","","","0","0","1","0","0","0","1","0","0","0","0","0","0","0",0,0,0,"0",0,0,0,0,0,0,0,0,0,0,0,0,0,0,"0",0,12,0,2,0,0,0,0,0,0,1,0,0,0,0,0,"1",0,0,0,"0",0,0,0,0,"0",0,0,0,0,0,0,0,0,0,0,0,0,0,0,0,"0","0","0","0","1","0","0","0","0","0","0","0","0","0","0","0","0","0","0","0","0","0","0","0","1","1","0","0","1","1","0","0","0","0","0","0","0","0","0","0","0","0","0","0","0","0","0","0","0","0","1","0","0","0","0","0","0","0","0","0","0","0","0","0","0","0","0","0","0","0","0","0","0","0","0","0","0","0","0","0","0","0","0","0","0","0","0","0","0","0","0","0","1","202204","202204","1023"
"9620338","530010","71825300","00000000000000","3","3","00394700000108","","","","0135","","1","E","","","04","","02","04","03","","99","","","","","","","","","","","","","","","","0","0","1","0","0","0","1","0","0","0","0","0","0","0",0,0,0,"0",0,0,0,0,0,0,0,0,0,0,0,0,0,0,"1",0,8,0,1,0,0,0,0,0,0,2,0,0,0,0,0,"1",0,0,0,"0",0,0,0,0,"0",0,0,1,0,0,0,0,0,0,0,0,0,0,0,0,"0","0","0","0","1","0","0","0","0","0","0","0","0","0","0","0","0","0","0","0","0","0","0","0","1","1","0","0","1","1","0","0","0","0","0","0","0","0","0","0","0","0","0","0","0","0","0","0","0","0","1","0","0","0","0","0","0","0","0","0","0","0","0","0","0","0","0","0","0","0","0","0","0","0","0","0","0","0","0","0","0","0","0","0","0","0","0","0","0","0","0","0","1","202204","202204","1023"
"9621709","530010","72155000","00000000000000","3","3","00394700000108","","","","","","1","E","","","03","","03","04","03","","99","","","","","","","","","","","","","","","","0","0","1","0","0","0","1","0","0","0","0","0","0","0",0,0,0,"0",0,0,0,0,0,0,0,0,0,0,0,0,0,0,"0",8,2,0,2,0,0,0,0,0,0,1,0,0,0,1,0,"1",0,0,0,"0",0,0,0,0,"0",0,0,0,0,0,0,0,0,0,0,0,0,0,0,0,"0","0","1","0","0","0","0","0","1","0","0","0","0","0","0","0","0","0","0","0","0","0","0","0","1","1","1","0","1","1","0","0","0","0","0","0","0","0","0","0","0","0","0","0","0","0","0","0","0","0","1","0","0","0","0","0","0","0","0","0","0","0","0","0","0","0","0","0","0","0","0","0","0","0","0","0","0","0","0","0","0","0","0","0","0","0","0","0","0","0","0","0","1","202204","202204","1023"
"9622845","530010","72010120","00000000000000","3","3","00394700000108","","04","","0180","","1","E","","","04","","02","36","03","","99","","","","","","","","","","","","","","","","0","0","1","0","0","0","1","0","0","0","0","0","0","0",0,0,0,"0",0,0,0,0,0,0,0,0,0,0,0,0,0,0,"0",0,0,0,0,0,0,0,0,5,0,0,0,0,0,0,0,"1",0,0,0,"0",0,0,0,0,"0",0,0,0,0,0,0,0,0,0,0,0,0,0,0,0,"0","0","1","0","0","0","0","0","1","0","0","0","0","0","0","0","0","0","0","0","0","0","0","0","1","1","0","0","1","1","0","0","0","0","0","0","0","0","0","0","0","0","0","0","0","0","0","0","0","0","1","0","0","0","0","0","0","0","0","0","0","0","0","0","0","0","0","0","0","0","0","0","0","0","0","0","0","0","0","0","0","0","0","0","0","0","0","0","0","0","0","0","1","202204","202204","1023"
"9622918","530010","72155000","00000000000000","3","3","00394700000108","","04","","0180","","1","E","","","04","","02","36","03","","99","","","","","","","","","","","","","","","","0","0","1","0","0","0","1","0","0","0","0","0","0","0",0,0,0,"0",0,0,0,0,0,0,0,0,0,0,0,0,0,0,"0",0,0,0,0,0,0,0,0,5,0,0,0,0,0,0,0,"1",0,0,0,"0",0,0,0,0,"0",0,0,0,0,0,0,0,0,0,0,0,0,0,0,0,"0","0","1","0","0","0","0","0","1","0","0","0","0","0","0","0","0","0","0","0","0","0","0","0","1","1","0","0","1","1","0","0","0","0","0","0","0","0","0","0","0","0","0","0","0","0","0","0","0","0","1","0","0","0","0","0","0","0","0","0","0","0","0","0","0","0","0","0","0","0","0","0","0","0","0","0","0","0","0","0","0","0","0","0","0","0","0","0","0","0","0","0","1","202204","202204","1023"
"9625194","530010","70390145","00029720281120","1","1","00000000000000","","","","","","0","E","","","04","","03","22","03","","99","","","","","","","","2021050078","20210507","1","","","","","","0","0","1","0","0","0","1","0","0","0","0","0","0","0",0,0,0,"0",0,0,0,0,0,0,0,0,0,0,0,0,0,0,"0",0,0,0,0,0,0,0,0,1,0,0,0,0,0,0,0,"1",0,0,0,"0",0,0,0,0,"0",0,0,0,0,0,0,0,0,0,0,0,0,0,0,0,"0","0","1","0","0","0","0","0","1","0","0","0","0","0","0","0","0","0","0","0","0","0","0","0","1","1","0","0","1","1","0","0","0","0","0","0","0","0","0","0","0","0","0","0","0","0","0","0","0","0","0","1","0","0","0","0","0","0","0","0","0","0","0","0","0","0","0","0","0","0","0","0","0","0","0","0","0","0","0","0","0","0","0","0","0","0","0","0","0","0","0","0","1","202203","202204","4000"
"9625445","530010","72145424","27993952000100","3","1","00000000000000","","","","0180","","0","E","","","04","","01","22","04","","99","","","","","","","","RLE DIGITAL","20190805","1","","","","","","0","0","1","0","0","0","1","0","0","0","0","0","0","0",0,0,0,"0",0,0,0,0,0,0,0,0,0,0,0,0,0,0,"0",0,0,0,2,0,0,0,0,0,0,0,0,0,0,0,0,"1",0,0,0,"0",0,0,0,0,"0",0,0,0,0,0,0,0,0,0,0,0,0,0,0,0,"0","0","1","0","0","0","0","0","0","0","0","0","0","0","0","0","0","0","0","0","0","0","0","0","1","0","0","0","1","1","0","0","0","0","0","0","0","0","0","0","0","0","0","0","0","0","0","0","0","0","0","1","0","0","0","1","0","0","0","0","0","0","0","0","0","0","0","0","0","0","0","0","0","0","0","0","0","0","0","0","0","0","0","0","0","0","0","0","0","0","0","0","1","201909","202204","2305"
"9625496","530010","72015901","29349671000144","3","1","00000000000000","","","","","","0","E","","","04","","03","04","04","","99","","","","","","","","RLE","20210523","1","","","","","","0","0","1","0","0","0","1","0","0","0","0","0","0","0",0,0,0,"0",0,0,0,0,0,0,0,0,0,0,0,0,0,0,"0",0,1,0,0,0,0,0,0,0,0,0,0,0,0,0,0,"1",0,0,0,"0",0,0,0,0,"0",0,0,0,0,0,0,0,0,0,0,0,0,0,0,0,"0","0","1","0","0","0","0","0","0","0","0","0","0","0","0","0","0","0","0","0","0","0","0","0","1","0","0","0","1","1","0","0","0","0","0","0","0","0","0","0","0","0","0","0","0","0","0","0","0","0","0","1","0","0","0","0","0","0","0","0","0","0","0","0","0","0","0","0","0","0","0","0","0","0","0","0","0","0","0","0","0","0","0","0","0","0","0","0","0","0","0","0","1","202108","202204","2305"
"9625542","530010","73320000","08409945000173","3","1","00000000000000","","","","","","0","E","","","04","","03","22","04","","99","","","","","","","","","","","","","","","","0","0","1","0","0","0","1","0","0","0","0","0","0","0",0,0,0,"0",0,0,0,0,0,0,0,0,0,0,0,0,0,0,"0",1,0,0,0,0,0,0,0,0,0,0,0,0,0,0,0,"1",0,0,0,"0",0,0,0,0,"0",0,0,0,0,0,0,0,0,0,0,0,0,0,0,0,"0","0","0","0","0","0","0","0","0","0","0","0","0","0","0","0","0","0","0","0","0","0","0","0","0","1","0","0","1","1","0","0","0","0","0","0","0","0","0","0","0","0","0","0","0","0","0","0","0","0","0","1","0","0","0","0","0","0","0","0","0","0","0","0","0","0","0","0","0","0","0","0","0","0","0","0","0","0","0","0","0","0","0","0","0","0","0","0","0","0","0","0","1","202107","202204","2062"
"9625631","530010","72010010","11600195000127","3","1","00000000000000","","","","","","0","E","","","04","","01","36","03","","99","","","","","","","","DFP2100040733","20210626","1","","","","","","0","0","1","0","0","0","1","0","0","0","0","0","0","0",0,0,0,"0",0,0,0,0,0,0,0,0,0,0,0,0,0,0,"0",0,2,0,0,0,0,0,0,0,0,0,0,0,0,0,0,"1",0,0,0,"0",0,0,0,0,"0",0,0,0,0,0,0,0,0,0,0,0,0,0,0,0,"0","0","1","0","0","0","0","0","0","0","0","0","0","0","0","0","0","0","0","0","0","0","0","0","1","1","0","0","1","1","0","0","0","0","0","0","0","0","0","0","0","0","0","0","0","0","0","0","0","0","0","1","0","0","0","1","0","0","0","0","0","0","0","0","0","0","0","0","0","0","0","0","0","0","0","0","0","0","0","0","0","0","0","0","0","0","0","0","0","0","0","0","1","202109","202204","2062"
"9626670","530010","70300906","00520237000870","3","1","00000000000000","","","","0015","","0","E","","","04","","01","36","03","","99","","","","","","","","RAD 05482-1","20210809","1","","","","","","0","0","1","0","0","0","1","0","0","0","0","0","0","0",0,0,0,"0",0,0,0,0,0,0,0,0,0,0,0,0,0,0,"0",0,3,0,0,0,0,0,0,0,0,0,0,0,0,0,0,"1",0,0,0,"0",0,0,0,0,"0",0,0,0,0,0,0,0,0,0,0,0,0,0,0,0,"0","0","0","0","0","0","0","0","0","1","0","0","0","0","0","0","0","0","0","0","0","1","0","0","1","0","0","1","1","1","0","0","0","0","0","0","0","0","0","0","0","0","0","0","0","0","0","0","0","0","0","1","0","0","1","1","0","0","0","0","0","0","0","0","0","0","0","0","0","0","0","0","0","0","0","0","0","0","0","0","0","0","0","0","0","0","0","0","0","0","0","0","1","202202","202204","2062"
"9627332","530010","70077900","11600195000399","3","1","00000000000000","","","","","","0","E","","","04","","01","36","03","","99","","","","","","","","DFP2000134321","20210302","1","","","","","","0","0","1","0","0","0","1","0","0","0","0","0","0","0",0,0,0,"0",0,0,0,0,0,0,0,0,0,0,0,0,0,0,"0",0,0,0,0,0,0,0,0,3,0,0,0,0,0,0,0,"1",0,0,0,"0",0,0,0,0,"0",0,0,0,0,0,0,0,0,0,0,0,0,0,0,0,"0","0","1","0","0","0","0","0","0","0","0","0","0","0","0","0","0","0","0","0","0","0","0","0","1","1","0","0","1","1","0","0","0","0","0","0","0","0","0","0","0","0","0","0","0","0","0","0","0","0","0","1","0","0","0","1","0","0","0","0","0","0","0","0","0","0","0","0","0","0","0","0","0","0","0","0","0","0","0","0","0","0","0","0","0","0","0","0","0","0","0","0","1","202109","202204","2062"
"9627375","530010","72405010","11600195000550","3","1","00000000000000","","","","","","0","E","","","04","","01","36","03","","99","","","","","","","","DFP2100040730","20210302","","","","","","","0","0","1","0","0","0","1","0","0","0","0","0","0","0",0,0,0,"0",0,0,0,0,0,0,0,0,0,0,0,0,0,0,"0",0,0,0,0,0,0,0,0,2,0,0,0,0,0,0,0,"1",0,0,0,"0",0,0,0,0,"0",0,0,0,0,0,0,0,0,0,0,0,0,0,0,0,"0","0","1","0","0","0","0","0","0","0","0","0","0","0","0","0","0","0","0","0","0","0","0","0","1","1","0","0","1","1","0","0","0","0","0","0","0","0","0","0","0","0","0","0","0","0","0","0","0","0","0","1","0","0","0","1","0","0","0","0","0","0","0","0","0","0","0","0","0","0","0","0","0","0","0","0","0","0","0","0","0","0","0","0","0","0","0","0","0","0","0","0","1","202109","202204","2062"
"9628940","530010","70774520","26181162000167","3","1","00000000000000","","","","0005","","0","E","","","04","","03","36","03","","99","","","","","","","","RLE@DIGITAL","20211231","1","","","","","","0","0","1","0","0","0","1","0","0","0","0","0","0","0",0,0,0,"0",0,0,0,0,0,0,0,0,0,0,0,0,0,0,"0",0,0,0,0,0,0,0,0,3,0,0,0,0,0,0,0,"1",0,0,0,"0",0,0,0,0,"0",0,0,0,0,0,0,0,0,0,0,0,0,0,0,0,"0","0","1","0","0","0","0","0","1","0","0","0","0","0","0","0","0","0","0","0","0","0","0","0","1","1","0","0","1","1","0","0","0","0","0","0","0","0","0","0","0","0","0","0","0","0","0","0","0","0","0","1","0","0","0","0","0","0","0","0","0","0","0","0","0","0","0","0","0","0","0","0","0","0","0","0","0","0","0","0","0","0","0","0","0","0","0","0","0","0","0","0","1","202202","202204","2062"
"9629769","530010","70770902","08397078002066","3","1","00000000000000","","","","","","0","E","","","04","","03","69","06","","99","","","","","","","","HEM 00011-02/2021","20210331","1","","","","","","0","0","0","0","0","0","0","0","0","1","0","0","0","1",0,1,0,"1",0,0,0,0,0,0,0,0,0,0,0,0,0,0,"0",0,0,0,0,0,0,0,0,0,0,0,0,0,0,0,0,"0",0,0,0,"0",0,0,0,0,"0",0,0,0,0,0,0,0,0,0,0,0,0,0,0,0,"0","0","0","1","0","0","0","0","0","0","0","0","0","0","0","0","0","0","0","1","0","0","0","0","1","1","0","0","1","1","0","0","0","0","0","0","0","0","0","0","0","0","0","0","0","0","0","0","0","0","0","0","0","0","0","0","0","0","1","0","0","0","1","0","0","0","0","0","0","0","0","0","0","0","0","0","0","0","0","0","0","0","0","0","0","0","0","0","0","0","0","0","1","202201","202204","2054"
"9629912","530010","70200760","37164746000221","3","1","00000000000000","","","","","","0","E","","","04","","03","04","03","","99","","","","","","","","201910703","20191109","1","","","","","","0","0","1","0","0","0","1","0","0","0","0","0","0","0",0,0,0,"0",0,0,0,0,0,0,0,0,0,0,0,0,0,0,"0",0,1,0,0,0,0,0,0,0,0,0,0,0,0,0,0,"1",0,0,0,"0",0,0,0,0,"0",0,0,0,0,0,0,0,0,0,0,0,0,0,0,0,"0","0","1","0","0","0","0","0","0","0","0","0","0","0","0","0","0","0","0","0","0","0","0","0","1","0","0","0","1","1","0","0","0","0","0","0","0","0","0","0","0","0","0","0","0","0","0","0","0","0","0","1","0","0","0","0","0","0","0","0","0","0","0","0","0","0","0","0","0","0","0","0","0","0","0","0","0","0","0","0","0","0","0","0","0","0","0","0","0","0","0","0","1","202003","202204","2062"
"9630821","530010","70670051","05316238000144","3","1","00000000000000","","","","9931","","0","E","","","04","","03","36","03","","99","","","","","","","","LICENCIAMENTO SANITARIO","20190430","1","","","","","","0","0","1","0","0","0","1","0","0","0","0","0","0","0",0,0,0,"0",0,0,0,0,0,0,0,0,0,0,0,0,0,0,"0",0,0,0,0,0,0,0,0,2,0,0,0,0,0,0,0,"1",0,0,0,"0",0,0,0,0,"0",0,0,0,0,0,0,0,0,0,0,0,0,0,0,0,"0","0","0","0","0","0","0","0","0","0","0","0","0","0","0","0","0","0","0","0","0","0","0","0","0","0","0","0","1","1","0","0","0","0","0","0","0","0","0","0","0","0","0","0","0","0","0","0","0","0","0","1","0","0","0","0","0","0","0","0","0","0","0","0","0","0","0","0","0","0","0","0","0","0","0","0","0","0","0","0","0","0","0","0","0","0","0","0","0","0","0","0","1","201909","202204","2062"
"9631674","530010","72210095","28228651000152","3","1","00000000000000","","","","","","0","E","","","04","","01","36","04","","99","","","","","","","","0050416","20190613","1","","","","","","0","0","1","0","0","0","1","0","0","0","0","0","0","0",0,0,0,"0",0,0,0,0,0,0,0,0,0,0,0,0,0,0,"0",0,0,0,0,0,0,0,0,3,0,0,0,0,0,0,0,"1",0,0,0,"0",0,0,0,0,"0",0,0,0,0,0,0,0,0,0,0,0,0,0,0,0,"0","0","1","0","0","0","0","0","0","0","0","0","0","0","0","0","0","0","0","0","0","0","0","0","1","0","0","0","1","1","0","0","0","0","0","0","0","0","0","0","0","0","0","0","0","0","0","0","0","0","0","1","0","0","0","0","0","0","0","0","0","0","0","0","0","0","0","0","0","0","0","0","0","0","0","0","0","0","0","0","0","0","0","0","0","0","0","0","0","0","0","0","1","201909","202204","2062"
"9631704","530010","70852510","27540445000110","3","1","00000000000000","","","","","","0","E","","","04","","03","22","03","","99","","","","","","","","DISPENSA","20210202","1","","","","","","0","0","1","0","0","0","1","0","0","0","0","0","0","0",0,0,0,"0",0,0,0,0,0,0,0,0,0,0,0,0,0,0,"0",0,0,0,1,0,0,0,0,0,0,0,0,0,0,0,0,"1",0,0,0,"0",0,0,0,0,"0",0,0,0,0,0,0,0,0,0,0,0,0,0,0,0,"0","0","0","1","0","0","0","0","0","0","0","0","0","0","0","0","0","0","0","0","0","0","0","0","1","0","0","0","1","1","0","0","0","0","0","0","0","0","0","0","0","0","0","0","0","0","0","0","0","0","0","1","0","0","1","1","0","0","0","0","0","0","0","0","0","0","0","0","0","0","0","0","0","0","0","0","0","0","0","0","0","0","0","0","0","0","0","0","0","0","0","0","1","202204","202204","2062"
"9631747","530010","70200700","28751657000100","3","1","00000000000000","","","","0015","","0","E","","","04","","01","36","03","","99","","","","","","","","EAS 30117-01","20181127","1","","","","","","0","0","1","0","0","0","1","0","0","0","0","0","0","0",0,0,0,"0",0,0,0,0,0,0,0,0,0,0,0,0,0,0,"0",0,0,0,1,0,0,0,0,0,0,0,0,0,0,0,0,"1",0,0,0,"0",0,0,0,0,"0",0,0,0,0,0,0,0,0,0,0,0,0,0,0,0,"0","0","1","0","0","0","0","0","0","0","0","0","0","0","0","0","0","0","0","0","0","0","0","0","1","0","0","0","1","1","0","0","0","0","0","0","0","0","0","0","0","0","0","0","0","0","0","0","0","0","0","1","0","0","0","0","0","0","0","0","0","0","0","0","0","0","0","0","0","0","0","0","0","0","0","0","0","0","0","0","0","0","0","0","0","0","0","0","0","0","0","0","1","201906","202204","2062"
"9632107","530010","71625009","38052916000168","3","1","00000000000000","","","","0090","","0","E","","","04","","03","36","03","","99","","","","","","","","RLE","20220328","1","","","","","","0","0","1","0","0","0","1","0","0","0","0","0","0","0",0,0,0,"0",0,0,0,0,0,0,0,0,0,0,0,0,0,0,"0",1,0,0,0,0,0,0,0,0,0,0,0,0,0,1,1,"1",0,0,0,"0",0,0,0,0,"0",0,0,0,0,0,0,0,0,0,0,0,0,0,0,0,"0","0","1","0","0","0","0","0","0","0","0","0","0","0","0","0","0","0","0","0","0","0","0","0","1","1","0","0","1","1","0","0","0","0","0","0","0","0","0","0","0","0","0","0","0","0","0","0","0","0","0","1","0","0","0","1","0","0","0","0","0","0","0","0","0","0","0","0","0","0","0","0","0","0","0","0","0","0","0","0","0","0","0","0","0","0","0","0","0","0","0","0","1","202204","202204","2062"
"9632182","530010","70390900","16659883000186","3","1","00000000000000","","","","","","0","E","","","04","","03","36","03","","99","","","","","","","","EAS20096-01","20211110","1","","","","","","0","0","1","0","0","0","1","0","0","0","0","0","0","0",0,0,0,"0",0,0,0,0,0,0,0,0,0,0,0,0,0,0,"0",1,0,0,0,0,0,0,0,0,0,0,0,0,0,0,0,"1",0,0,0,"0",0,0,0,0,"0",0,0,0,0,0,0,0,0,0,0,0,0,0,0,0,"0","0","1","0","0","0","0","0","0","0","0","0","0","0","0","0","0","0","0","0","0","0","0","0","1","0","0","0","1","1","0","0","0","0","0","0","0","0","0","0","0","0","0","0","0","0","0","0","0","0","0","1","0","0","0","0","0","0","0","0","0","0","0","0","0","0","0","0","0","0","0","0","0","0","0","0","0","0","0","0","0","0","0","0","0","0","0","0","0","0","0","0","1","202111","202204","2062"
"9632190","530010","70333900","00718528013774","3","1","00000000000000","","","","0015","","0","E","","","04","","01","39","03","","99","","","","","","","","LAB.30162-01","20211206","1","","","","","","0","0","1","0","0","0","1","0","0","0","0","0","0","0",0,0,0,"0",0,0,0,0,0,0,0,0,0,0,0,0,0,0,"0",0,0,0,0,0,0,0,0,0,0,0,0,0,0,0,0,"0",0,0,0,"0",0,0,0,0,"0",0,0,0,0,0,0,0,0,0,0,0,0,0,0,0,"0","0","1","0","0","0","0","0","0","0","0","0","0","0","0","0","0","0","0","0","0","0","0","0","1","1","0","0","1","1","0","0","0","0","0","0","0","0","0","0","0","0","0","0","0","0","0","0","0","0","0","0","0","0","0","0","0","0","1","0","0","1","1","0","0","0","0","0","0","0","0","0","0","0","0","0","0","0","0","0","0","0","0","0","0","0","0","0","0","0","0","0","1","202112","202204","2054"
"9634282","530010","70670010","25957665000119","3","1","00000000000000","","","","","","0","E","","","04","","01","36","03","","99","","","","","","","","ODO.00050-07","20180526","1","","","","","","0","0","1","0","0","0","1","0","0","0","0","0","0","0",0,0,0,"0",0,0,0,0,0,0,0,0,0,0,0,0,0,0,"0",0,0,0,0,0,0,0,0,4,0,0,0,0,0,0,0,"1",0,0,0,"0",0,0,0,0,"0",0,0,0,0,0,0,0,0,0,0,0,0,0,0,0,"0","0","1","0","0","0","0","0","1","0","0","0","0","0","0","0","0","0","0","1","0","0","0","0","1","1","0","0","1","1","0","0","0","0","0","0","0","0","0","0","0","0","0","0","0","0","0","0","0","0","0","1","0","0","0","1","0","0","0","0","0","0","0","0","0","0","0","0","0","0","0","0","0","0","0","0","0","0","0","0","0","0","0","0","0","0","0","0","0","0","0","0","1","202005","202204","2062"
"9635874","530010","70719150","31121507000127","3","1","00000000000000","","","12215","0005","","0","E","","","04","","03","22","04","","99","001","34754","363197","","","","","EAS 01002-02","20180912","1","","","","","","0","0","1","0","0","0","1","0","0","0","0","0","0","0",0,0,0,"0",0,0,0,0,0,0,0,0,0,0,0,0,0,0,"0",0,2,0,0,0,0,0,0,0,0,0,0,0,0,0,0,"1",0,0,0,"0",0,0,0,0,"0",0,0,0,0,0,0,0,0,0,0,0,0,0,0,0,"0","0","1","0","0","0","0","0","0","0","0","0","0","0","0","0","0","0","0","0","0","0","0","0","1","0","0","0","1","1","0","0","0","0","0","0","0","0","0","0","0","0","0","0","0","0","0","0","0","0","0","1","0","0","1","0","0","0","0","0","0","0","0","0","0","0","0","0","0","0","0","0","0","0","0","0","0","0","0","0","0","0","0","0","0","0","0","0","0","0","0","0","1","201810","202204","2062"
"9636145","530010","70390108","31307973000100","3","1","00000000000000","","","","0015","","0","E","","","04","","01","22","03","","99","","","","","","","","CERT.LICENCIAMENTO","20180829","1","","","","","","0","0","1","0","0","0","1","0","0","0","0","0","0","0",0,0,0,"0",0,0,0,0,0,0,0,0,0,0,0,0,0,0,"0",0,0,0,2,0,0,0,0,0,0,0,0,0,0,0,0,"1",0,0,0,"0",0,0,0,0,"0",0,0,0,0,0,0,0,0,0,0,0,0,0,0,0,"0","0","1","0","0","0","0","0","0","0","0","0","0","0","0","0","0","0","0","0","0","0","0","0","1","0","0","0","1","1","0","0","0","0","0","0","0","0","0","0","0","0","0","0","0","0","0","0","0","0","0","0","0","0","0","1","0","0","0","0","0","0","0","0","0","0","0","0","0","0","0","0","0","0","0","0","0","0","0","0","0","0","0","0","0","0","0","0","0","0","0","0","1","202204","202204","2062"
"9636358","530010","71931720","30868633000187","3","1","00000000000000","","","","9901","","0","E","","","04","","03","22","03","","99","","","","","","","","LICENCA DE FUNCIONAMENTO","20180713","1","","","","","","0","0","1","0","0","0","1","0","0","0","0","0","0","0",0,0,0,"0",0,0,0,0,0,0,0,0,0,0,0,0,0,0,"0",1,0,0,0,0,0,0,0,0,0,0,0,0,0,0,0,"1",0,0,0,"0",0,0,0,0,"0",0,0,0,0,0,0,0,0,0,0,0,0,0,0,0,"0","0","1","0","0","0","0","0","0","0","0","0","0","0","0","0","0","0","0","0","0","0","0","0","1","1","0","0","1","1","0","0","0","0","0","0","0","0","0","0","0","0","0","0","0","0","0","0","0","0","0","1","0","0","0","1","0","0","0","0","0","0","0","0","0","0","0","0","0","0","0","0","0","0","0","0","0","0","0","0","0","0","0","0","0","0","0","0","0","0","0","0","1","201810","202204","2062"
"9636374","530010","70330530","30900383000115","3","1","00000000000000","","","","0015","","0","E","","","04","","03","36","03","","99","","","","","","","","EAS 20552.01","20200512","","","","","","","0","0","1","0","0","0","1","0","0","0","0","0","0","0",0,0,0,"0",0,0,0,0,0,0,0,0,0,0,0,0,0,0,"0",1,0,0,0,0,0,0,0,0,0,0,0,0,0,0,0,"1",0,0,0,"0",0,0,0,0,"0",0,0,0,0,0,0,0,0,0,0,0,0,0,0,0,"0","0","1","0","0","0","0","0","0","0","0","0","0","0","0","0","0","0","0","0","0","0","0","0","1","0","0","0","1","1","0","0","0","0","0","0","0","0","0","0","0","0","0","0","0","0","0","0","0","0","0","1","0","0","0","0","0","0","0","0","0","0","0","0","0","0","0","0","0","0","0","0","0","0","0","0","0","0","0","0","0","0","0","0","0","0","0","0","0","0","0","0","1","202009","202204","2062"
"9637869","530010","70330530","05156003000132","3","1","00000000000000","","","","","","0","E","","","04","","01","22","03","","99","","","","","","","","LICENCIAMENTO","20200902","1","","","","","","0","0","1","0","0","0","1","0","0","0","0","0","0","0",0,0,0,"0",0,0,0,0,0,0,0,0,0,0,0,0,0,0,"0",0,1,0,0,0,0,0,0,0,0,0,0,0,0,0,0,"1",0,0,0,"0",0,0,0,0,"0",0,0,0,0,0,0,0,0,0,0,0,0,0,0,0,"0","0","0","0","0","0","0","0","0","0","0","0","0","0","0","0","0","0","0","0","0","0","0","0","0","0","0","0","1","1","0","0","0","0","0","0","0","0","0","0","0","0","0","0","0","0","0","0","0","0","0","1","0","0","0","0","0","0","0","0","0","0","0","0","0","0","0","0","0","0","0","0","0","0","0","0","0","0","0","0","0","0","0","0","0","0","0","0","0","0","0","0","1","202101","202204","2062"
"9638555","530010","70712904","19048170000255","3","1","00000000000000","","","","0005","","0","E","","","04","","01","36","04","","99","","","","","","","","CERT DE LICENCIAMENTO","20180810","1","","","","","","0","0","1","0","0","0","1","0","0","0","0","0","0","0",0,0,0,"0",0,0,0,0,0,0,0,0,0,0,0,0,0,0,"0",4,0,0,0,0,0,0,0,0,0,0,0,0,0,0,0,"1",0,0,0,"0",0,0,0,0,"0",0,0,0,0,0,0,0,0,0,0,0,0,0,0,0,"0","0","1","0","0","0","0","0","0","0","0","0","0","0","0","0","0","0","0","0","0","0","0","0","1","0","0","0","1","1","0","0","0","0","0","0","0","0","0","0","0","0","0","0","0","0","0","0","0","0","0","1","0","0","0","1","0","0","0","0","0","0","0","0","0","0","0","0","0","0","0","0","0","0","0","0","0","0","0","0","0","0","0","0","0","0","0","0","0","0","0","0","1","202105","202204","2062"
"9638679","530010","70325900","00001967932204","1","1","00000000000000","","","","","","0","E","","","04","","01","22","03","","99","","","","","","","","AES 1518","20181115","1","","","","","","0","0","1","0","0","0","1","0","0","0","0","0","0","0",0,0,0,"0",0,0,0,0,0,0,0,0,0,0,0,0,0,0,"0",0,1,0,0,0,0,0,0,0,0,0,0,0,0,0,0,"1",0,0,0,"0",0,0,0,0,"0",0,0,0,0,0,0,0,0,0,0,0,0,0,0,0,"0","0","1","0","0","0","0","0","0","0","0","0","0","0","0","0","0","0","0","0","0","0","0","0","1","0","0","0","1","1","0","0","0","0","0","0","0","0","0","0","0","0","0","0","0","0","0","0","0","0","0","1","0","0","0","1","0","0","0","0","0","0","0","0","0","0","0","0","0","0","0","0","0","0","0","0","0","0","0","0","0","0","0","0","0","0","0","0","0","0","0","0","1","201904","202204","4000"
"9638687","530010","70330530","18913419000108","3","1","00000000000000","","","","","","0","E","","","04","","01","22","03","","99","","","","","","","","LICENCIAMENTO","20181002","1","","","","","","0","0","1","0","0","0","1","0","0","0","0","0","0","0",0,0,0,"0",0,0,0,0,0,0,0,0,0,0,0,0,0,0,"0",0,1,0,0,0,0,0,0,0,0,0,0,0,0,0,0,"1",0,0,0,"0",0,0,0,0,"0",0,0,0,0,0,0,0,0,0,0,0,0,0,0,0,"0","0","0","0","0","0","0","0","0","0","0","0","0","0","0","0","0","0","0","0","0","0","0","0","0","0","0","0","1","1","0","0","0","0","0","0","0","0","0","0","0","0","0","0","0","0","0","0","0","0","0","1","0","0","0","0","0","0","0","0","0","0","0","0","0","0","0","0","0","0","0","0","0","0","0","0","0","0","0","0","0","0","0","0","0","0","0","0","0","0","0","0","1","202102","202204","2062"
"9638792","530010","72308702","10421692000286","3","1","00000000000000","","","","","","0","E","","","04","","03","04","04","","99","","","","","","","","","20200522","1","","","","","","0","0","1","0","0","0","1","0","0","0","0","0","0","0",0,0,0,"0",0,0,0,0,0,0,0,0,0,0,0,0,0,0,"0",1,3,0,0,0,0,0,0,0,0,0,0,0,0,0,0,"1",0,0,0,"0",0,0,0,0,"0",0,0,0,0,0,0,0,0,0,0,0,0,0,0,0,"0","0","1","0","0","0","0","0","0","0","0","0","0","0","0","0","0","0","0","0","0","0","0","0","1","0","0","0","1","1","0","0","0","0","0","0","0","0","0","0","0","0","0","0","0","0","0","0","0","0","0","1","0","0","0","1","0","0","0","0","0","0","0","0","0","0","0","0","0","0","0","0","0","0","0","0","0","0","0","0","0","0","0","0","0","0","0","0","0","0","0","0","1","202012","202204","2062"
"9639403","530010","70719030","11905746000160","3","1","00000000000000","","","","0005","","0","E","","","04","","01","36","04","","99","","","","","","","","EAS-00646-02","20191212","1","","","","","","0","0","1","0","0","0","1","0","0","0","0","0","0","0",0,0,0,"0",0,0,0,0,0,0,0,0,0,0,0,0,0,0,"0",0,0,0,2,0,0,0,0,0,0,0,0,0,0,0,0,"1",0,0,0,"0",0,0,0,0,"0",0,0,0,0,0,0,0,0,0,0,0,0,0,0,0,"0","0","1","0","0","0","0","0","0","0","0","0","0","0","0","0","0","0","0","0","0","0","0","0","1","0","0","0","1","1","0","0","0","0","0","0","0","0","0","0","0","0","0","0","0","0","0","0","0","0","0","1","0","0","0","1","0","0","0","0","0","0","0","0","0","0","0","0","0","0","0","0","0","0","0","0","0","0","0","0","0","0","0","0","0","0","0","0","0","0","0","0","1","202107","202204","2062"
"9639489","530010","71953000","26470585000288","3","1","00000000000000","","","","","","0","E","","","04","","03","04","04","","99","","","","","","","","RLE DIGITAL","20191010","1","","","","","","0","0","1","0","0","0","1","0","0","0","0","0","0","0",0,0,0,"0",0,0,0,0,0,0,0,0,0,0,0,0,0,0,"0",1,4,0,0,0,0,0,0,0,0,0,0,0,0,0,0,"1",0,0,0,"0",0,0,0,0,"0",0,0,0,0,0,0,0,0,0,0,0,0,0,0,0,"0","0","1","0","0","0","0","0","0","1","0","0","0","0","0","0","0","1","0","1","0","0","0","0","1","1","0","0","1","1","0","0","0","0","0","0","0","0","0","0","0","0","0","0","0","0","0","0","0","0","0","1","0","0","1","1","0","0","0","0","0","0","0","0","0","0","0","0","0","0","0","0","0","0","0","0","0","0","0","0","0","0","0","0","0","0","0","0","0","0","0","0","1","202001","202204","2062"
"9639608","530010","70390055","31012095000197","3","1","00000000000000","","","","0015","","0","E","","","04","","01","36","03","","99","","","","","","","","EAS.20545-01","20210119","1","","","","","","0","0","1","0","0","0","1","0","0","0","0","0","0","0",0,0,0,"0",0,0,0,0,0,0,0,0,0,0,0,0,0,0,"0",0,1,0,0,0,0,0,0,0,0,0,0,0,0,0,0,"1",0,0,0,"0",0,0,0,0,"0",0,0,0,0,0,0,0,0,0,0,0,0,0,0,0,"0","0","1","0","0","0","0","0","0","0","0","0","0","0","0","0","0","0","0","0","0","0","0","0","1","0","0","0","1","1","0","0","0","0","0","0","0","0","0","0","0","0","0","0","0","0","0","0","0","0","0","1","0","0","0","0","0","0","0","0","0","0","0","0","0","0","0","0","0","0","0","0","0","0","0","0","0","0","0","0","0","0","0","0","0","0","0","0","0","0","0","0","1","202108","202204","2062"
"9643338","530010","72220280","00000000000000","3","3","00394700000108","","","","0040","","1","E","","","04","","01","02","03","","99","","","","","","","","","","","","","","","","1","0","1","0","0","0","1","0","0","0","0","0","0","0",0,0,0,"0",0,0,0,0,0,0,0,0,0,0,0,0,0,0,"0",1,0,0,1,0,0,0,0,1,0,0,0,1,0,1,0,"1",0,0,0,"0",0,0,0,0,"0",0,0,0,0,0,0,0,0,0,0,0,0,0,0,0,"0","0","1","0","0","0","0","0","0","0","0","0","0","0","0","0","0","0","0","0","0","0","0","0","1","1","0","0","1","1","0","0","0","0","0","0","0","0","0","0","0","0","0","0","0","0","0","0","0","0","1","0","0","0","0","0","0","0","0","0","0","0","0","0","0","0","0","0","0","0","0","0","0","0","0","0","0","0","0","0","0","0","0","0","0","0","0","0","0","0","0","0","1","202204","202204","1023"
"9644393","530010","71907720","29079156000191","3","1","00000000000000","","","","","","0","E","","","04","","01","36","03","","99","","","","","","","","EAS 00163-22","20191129","1","","","","","","0","0","1","0","0","0","1","0","0","0","0","0","0","0",0,0,0,"0",0,0,0,0,0,0,0,0,0,0,0,0,0,0,"0",0,5,0,0,0,0,0,0,0,0,0,0,0,0,0,0,"1",0,0,0,"0",0,0,0,0,"0",0,0,0,0,0,0,0,0,0,0,0,0,0,0,0,"0","0","1","0","0","0","0","0","0","0","0","0","0","0","0","0","0","0","0","0","0","0","0","0","1","1","0","0","1","1","0","0","0","0","0","0","0","0","0","0","0","0","0","0","0","0","0","0","0","0","0","1","0","0","0","1","0","0","0","0","0","0","0","0","0","0","0","0","0","0","0","0","0","0","0","0","0","0","0","0","0","0","0","0","0","0","0","0","0","0","0","0","1","202001","202204","2062"
"9647597","530010","72322583","00000000000000","3","3","00394700000108","","","","0140","","1","E","","","04","","03","02","03","","99","","","","","","","","","","","","","","","","1","0","0","0","0","0","1","0","0","0","0","0","0","0",0,0,0,"0",0,0,0,0,0,0,0,0,0,0,0,0,0,0,"0",1,0,0,1,0,0,0,0,0,0,3,0,1,0,1,0,"1",0,0,0,"0",0,0,0,0,"0",0,0,0,0,0,0,0,0,0,0,0,0,0,0,0,"0","0","1","0","0","0","0","0","0","0","0","0","0","0","0","0","0","0","0","0","0","0","0","0","1","1","1","0","1","1","0","0","0","0","0","0","0","0","0","0","0","0","0","0","0","0","0","0","0","0","1","0","0","0","0","0","0","0","0","0","0","0","0","0","0","0","0","0","0","0","0","0","0","0","0","0","0","0","0","0","0","0","0","0","0","0","0","0","0","0","0","0","1","202205","202204","1023"
"9648321","530010","70300910","24743465000109","3","1","00000000000000","","","","","","0","E","","","04","","03","36","03","","99","","","","","","","","2119525","20180721","1","","","","","","0","0","1","0","0","0","1","0","0","0","0","0","0","0",0,0,0,"0",0,0,0,0,0,0,0,0,0,0,0,0,0,0,"0",0,1,0,3,0,0,0,0,0,0,1,0,0,0,0,0,"1",0,0,0,"0",0,0,0,0,"0",0,0,0,0,0,0,0,0,0,0,0,0,0,0,0,"0","0","1","0","0","0","0","0","0","0","0","0","0","0","0","0","0","0","0","1","0","0","0","0","1","0","0","0","1","1","0","0","0","0","0","0","0","0","0","0","0","0","0","0","0","0","0","0","0","0","0","1","0","0","0","1","0","0","0","0","0","0","0","0","0","0","0","0","0","0","0","0","0","0","0","0","0","0","0","0","0","0","0","0","0","0","0","0","0","0","0","0","1","201911","202204","2305"
"9648437","530010","73330007","29996236000101","3","1","00000000000000","","","","","","0","E","","","04","","03","36","03","","99","","","","","","","","1800028067","20200526","1","","","","","","0","0","1","0","0","0","1","0","0","0","0","0","0","0",0,0,0,"0",0,0,0,0,0,0,0,0,0,0,0,0,0,0,"0",0,1,0,2,0,0,0,0,0,0,0,0,0,0,0,0,"1",0,0,0,"0",0,0,0,0,"0",0,0,0,0,0,0,0,0,0,0,0,0,0,0,0,"0","0","1","0","0","0","0","0","0","0","0","0","0","0","0","0","0","0","0","1","0","0","0","0","1","0","0","0","1","1","0","0","0","0","0","0","0","0","0","0","0","0","0","0","0","0","0","0","0","0","0","1","0","0","0","1","0","0","0","0","0","0","0","0","0","0","0","0","0","0","0","0","0","0","0","0","0","0","0","0","0","0","0","0","0","0","0","0","0","0","0","0","1","202111","202204","2062"
"9648747","530010","72015525","15196743000156","3","1","00000000000000","","","","","","0","E","","","04","","03","36","03","","99","","","","","","","","53201788831","20210114","1","","","","","","0","0","1","0","0","0","1","0","0","0","0","0","0","0",0,0,0,"0",0,0,0,0,0,0,0,0,0,0,0,0,0,0,"0",0,0,0,3,0,0,0,0,0,0,0,0,0,0,0,0,"1",0,0,0,"0",0,0,0,0,"0",0,0,0,0,0,0,0,0,0,0,0,0,0,0,0,"0","0","1","0","0","0","0","0","0","0","0","0","0","0","0","0","0","0","0","0","0","0","0","0","1","0","0","0","1","1","0","0","0","0","0","0","0","0","0","0","0","0","0","0","0","0","0","0","0","0","0","1","0","0","0","1","0","0","0","0","0","0","0","0","0","0","0","0","0","0","0","0","0","0","0","0","0","0","0","0","0","0","0","0","0","0","0","0","0","0","0","0","1","202101","202204","2062"
"9649018","530010","70390100","27099771000134","3","1","00000000000000","","","","0015","","0","E","","","04","","03","36","03","","99","","","","","","","","EAS.2057401","20181016","1","","","","","","0","0","1","0","0","0","1","0","0","0","0","0","0","0",0,0,0,"0",0,0,0,0,0,0,0,0,0,0,0,0,0,0,"0",0,1,0,0,0,0,0,0,0,0,0,0,0,0,0,0,"1",0,0,0,"0",0,0,0,0,"0",0,0,0,0,0,0,0,0,0,0,0,0,0,0,0,"0","0","1","0","0","0","0","0","0","0","0","0","0","0","0","0","0","0","0","0","0","0","0","0","1","0","0","0","1","1","0","0","0","0","0","0","0","0","0","0","0","0","0","0","0","0","0","0","0","0","0","1","0","0","0","0","0","0","0","0","0","0","0","0","0","0","0","0","0","0","0","0","0","0","0","0","0","0","0","0","0","0","0","0","0","0","0","0","0","0","0","0","1","202009","202204","2062"
"9649522","530010","70200700","15578742000176","3","1","00000000000000","","","","","","0","E","","","04","","01","22","03","","99","","","","","","","","RLE@DIGITAL","20211231","1","","","","","","0","0","1","0","0","0","1","0","0","0","0","0","0","0",0,0,0,"0",0,0,0,0,0,0,0,0,0,0,0,0,0,0,"0",0,0,0,0,0,0,0,0,1,0,0,0,0,0,0,0,"1",0,0,0,"0",0,0,0,0,"0",0,0,0,0,0,0,0,0,0,0,0,0,0,0,0,"0","0","1","0","0","0","0","0","1","0","0","0","0","0","0","0","0","0","0","0","0","0","0","0","1","1","0","0","1","1","0","0","0","0","0","0","0","0","0","0","0","0","0","0","0","0","0","0","0","0","0","1","0","0","0","1","0","0","0","0","0","0","0","0","0","0","0","0","0","0","0","0","0","0","0","0","0","0","0","0","0","0","0","0","0","0","0","0","0","0","0","0","1","202202","202204","2062"
"9651519","530010","72500402","00002022941101","1","1","00000000000000","","","","0150","","0","E","","","04","","02","22","04","","99","","","","","","","","EAS.00030-19","20181008","1","","","","","","0","0","1","0","0","0","1","0","0","0","0","0","0","0",0,0,0,"0",0,0,0,0,0,0,0,0,0,0,0,0,0,0,"0",0,0,0,1,0,0,0,0,0,0,0,0,0,0,0,0,"1",0,0,0,"0",0,0,0,0,"0",0,0,0,0,0,0,0,0,0,0,0,0,0,0,0,"0","0","0","0","0","0","0","0","0","0","0","0","0","0","0","0","0","0","0","0","0","0","0","0","0","0","0","0","1","1","0","0","0","0","0","0","0","0","0","0","0","0","0","0","0","0","0","0","0","0","0","1","0","0","0","1","0","0","0","0","0","0","0","0","0","0","0","0","0","0","0","0","0","0","0","0","0","0","0","0","0","0","0","0","0","0","0","0","0","0","0","0","1","201811","202204","4000"
"9652957","530010","71635600","05508282000822","3","1","00000000000000","","","","0090","","0","E","","","04","","03","04","03","","99","","","","","","","","53900377341","20181016","1","","","","","","0","0","1","0","0","0","1","0","0","0","0","0","0","0",0,0,0,"0",0,0,0,0,0,0,0,0,0,0,0,0,0,0,"0",0,0,0,7,0,0,0,0,0,0,0,0,0,0,0,0,"1",0,0,0,"0",0,0,0,0,"0",0,0,0,0,0,0,0,0,0,0,0,0,0,0,0,"0","0","1","0","0","0","0","0","0","0","0","0","0","0","0","0","0","0","0","0","0","0","0","0","1","0","0","0","1","1","0","0","0","0","0","0","0","0","0","0","0","0","0","0","0","0","0","0","0","0","0","1","0","0","0","1","0","0","0","0","0","0","0","0","0","0","0","0","0","0","0","0","0","0","0","0","0","0","0","0","0","0","0","0","0","0","0","0","0","0","0","0","1","202005","202204","2062"
"9658521","530010","70770909","31394583000106","3","1","00000000000000","","","","","","0","E","","","04","","03","36","03","","99","","","","","","","","53202190505","20180904","1","","","","","","0","0","1","0","0","0","1","0","0","0","0","0","0","0",0,0,0,"0",0,0,0,0,0,0,0,0,0,0,0,0,0,0,"0",0,1,0,0,0,0,0,0,0,0,0,0,0,0,0,0,"1",0,0,0,"0",0,0,0,0,"0",0,0,0,0,0,0,0,0,0,0,0,0,0,0,0,"0","0","0","1","0","0","0","0","0","0","0","0","0","0","0","0","0","0","0","0","0","0","0","0","1","0","0","0","1","1","0","0","0","0","0","0","0","0","0","0","0","0","0","0","0","0","0","0","0","0","0","1","0","0","1","1","0","0","0","0","0","0","0","0","0","0","0","0","0","0","0","0","0","0","0","0","0","0","0","0","0","0","0","0","0","0","0","0","0","0","0","0","1","202006","202204","2062"
"9659781","530010","70303907","31032927000137","3","1","00000000000000","","","1225","0015","","0","E","","","04","","03","04","03","","99","001","28835","184489","","","","","CERTIFICADO DE LICENCIAME","20180731","1","","","","","","0","0","1","0","0","0","1","0","0","0","0","0","0","0",0,0,0,"0",0,0,0,0,0,0,0,0,0,0,0,0,0,0,"0",5,4,0,0,0,0,0,0,0,0,0,0,0,0,0,0,"1",0,0,0,"0",0,0,0,0,"0",0,0,0,0,0,0,0,0,0,0,0,0,0,0,0,"0","0","1","0","0","0","0","0","0","0","0","0","0","0","0","0","0","0","0","0","0","0","0","0","1","0","0","0","1","1","0","0","0","0","0","0","0","0","0","0","0","0","0","0","0","0","0","0","0","0","0","1","0","0","0","1","0","0","0","0","0","0","0","0","0","0","0","0","0","0","0","0","0","0","0","0","0","0","0","0","0","0","0","0","0","0","0","0","0","0","0","0","1","202006","202204","2062"
"9660038","530010","70773550","30393541000198","3","1","00000000000000","","","","0010","","0","E","","","04","","01","22","03","","99","","","","","","","","DFP1800077366","20180515","1","","","","","","0","0","1","0","0","0","1","0","0","0","0","0","0","0",0,0,0,"0",0,0,0,0,0,0,0,0,0,0,0,0,0,0,"0",0,0,0,1,0,0,0,0,0,0,0,0,0,0,0,0,"1",0,0,0,"0",0,0,0,0,"0",0,0,0,0,0,0,0,0,0,0,0,0,0,0,0,"0","0","1","0","0","0","0","0","0","0","0","0","0","0","0","0","0","0","0","0","0","0","0","0","1","0","0","0","1","1","0","0","0","0","0","0","0","0","0","0","0","0","0","0","0","0","0","0","0","0","0","1","0","0","1","1","0","0","0","0","0","0","0","0","0","0","0","0","0","0","0","0","0","0","0","0","0","0","0","0","0","0","0","0","0","0","0","0","0","0","0","0","1","201811","202204","2305"
"9662421","530010","70390155","26042179000133","3","1","00000000000000","","","","","","0","E","","","04","","03","36","03","","99","","","","","","","","EAS 20582.01","20181026","1","","","","","","0","0","1","0","0","0","1","0","0","0","0","0","0","0",0,0,0,"0",0,0,0,0,0,0,0,0,0,0,0,0,0,0,"0",0,1,0,0,0,0,0,0,0,0,0,0,0,0,0,0,"1",0,0,0,"0",0,0,0,0,"0",0,0,0,0,0,0,0,0,0,0,0,0,0,0,0,"0","0","1","0","0","0","0","0","0","0","0","0","0","0","0","0","0","0","0","0","0","0","0","0","1","0","0","0","1","1","0","0","0","0","0","0","0","0","0","0","0","0","0","0","0","0","0","0","0","0","0","1","0","0","0","1","0","0","0","0","0","0","0","0","0","0","0","0","0","0","0","0","0","0","0","0","0","0","0","0","0","0","0","0","0","0","0","0","0","0","0","0","1","201812","202204","2305"
"9665102","530010","72006090","30937579000184","3","1","00000000000000","","01","01","9934","","0","E","","","04","","03","22","04","","99","","","","","","","","12313","20180918","1","","","","","","0","0","1","0","0","0","1","0","0","0","0","0","0","0",0,0,0,"0",0,0,0,0,0,0,0,0,0,0,0,0,0,0,"0",0,0,0,0,0,0,0,0,1,0,0,0,0,0,0,0,"1",0,0,0,"0",0,0,0,0,"0",0,0,0,0,0,0,0,0,0,0,0,0,0,0,0,"0","0","0","0","0","0","0","0","1","0","0","0","0","0","0","0","0","0","0","0","0","0","0","0","1","0","0","0","1","1","0","0","0","0","0","0","0","0","0","0","0","0","0","0","0","0","0","0","0","0","0","1","0","0","0","0","0","0","0","0","0","0","0","0","0","0","0","0","0","0","0","0","0","0","0","0","0","0","0","0","0","0","0","0","0","0","0","0","0","0","0","0","1","201909","202204","2305"
"9665838","530010","70712900","31276197000110","3","1","00000000000000","","","","","","0","E","","","04","","03","04","03","","99","","","","","","","","CERTIFCADO RLE","20210820","1","","","","","","0","0","1","0","0","0","1","0","0","0","0","0","0","0",0,0,0,"0",0,0,0,0,0,0,0,0,0,0,0,0,0,0,"0",0,1,0,0,0,0,0,0,0,0,0,0,0,0,0,0,"1",0,0,0,"0",0,0,0,0,"0",0,0,0,0,0,0,0,0,0,0,0,0,0,0,0,"0","0","1","0","0","0","0","0","0","0","0","0","0","0","0","0","0","0","0","0","0","0","0","0","1","0","0","0","1","1","0","0","0","0","0","0","0","0","0","0","0","0","0","0","0","0","0","0","0","0","0","1","0","0","0","1","0","0","0","0","0","0","0","0","0","0","0","0","0","0","0","0","0","0","0","0","0","0","0","0","0","0","0","0","0","0","0","0","0","0","0","0","1","202112","202204","2062"
"9667113","530010","70762520","31692018000125","3","1","00000000000000","","","","0010","","0","E","","","04","","03","36","04","","99","","","","","","","","","","","","","","","","0","0","1","0","0","0","1","0","0","0","0","0","0","0",0,0,0,"0",0,0,0,0,0,0,0,0,0,0,0,0,0,0,"0",0,0,0,1,0,0,0,0,0,0,0,0,0,0,0,0,"1",0,0,0,"0",0,0,0,0,"0",0,0,0,0,0,0,0,0,0,0,0,0,0,0,0,"0","0","1","0","0","0","0","0","0","0","0","0","0","0","0","0","0","0","0","0","0","0","0","0","1","0","0","0","1","1","0","0","0","0","0","0","0","0","0","0","0","0","0","0","0","0","0","0","0","0","0","0","0","0","0","1","0","0","0","0","0","0","0","0","0","0","0","0","0","0","0","0","0","0","0","0","0","0","0","0","0","0","0","0","0","0","0","0","0","0","0","0","1","202101","202204","2135"
"9668888","530010","71065901","31596670000146","3","1","00000000000000","","","","0070","","0","E","","","04","","03","36","06","","99","","","","","","","","183095634","20180925","1","","","","","","0","0","1","0","0","0","1","0","0","0","0","0","0","0",0,0,0,"0",0,0,0,0,0,0,0,0,0,0,0,0,0,0,"0",0,1,0,0,0,0,0,0,0,0,0,0,0,0,0,0,"1",0,0,0,"0",0,0,0,0,"0",0,0,0,0,0,0,0,0,0,0,0,0,0,0,0,"0","0","0","1","0","0","0","0","0","0","0","0","0","0","0","0","0","0","0","0","0","0","0","0","1","1","0","0","1","1","0","0","0","0","0","0","0","0","0","0","0","0","0","0","0","0","0","0","0","0","0","1","0","0","0","0","0","0","0","0","0","0","0","0","0","0","0","0","0","0","0","0","0","0","0","0","0","0","0","0","0","0","0","0","0","0","0","0","0","0","0","0","1","201811","202204","2062"
"9669035","530010","71950770","28109329000104","3","1","00000000000000","","","","9901","","0","E","","","04","","03","36","03","","99","","","","","","","","20171400831400","20180717","1","","","","","","0","0","1","0","0","0","1","0","0","0","0","0","0","0",0,0,0,"0",0,0,0,0,0,0,0,0,0,0,0,0,0,0,"0",0,1,0,0,0,0,0,0,0,0,0,0,0,0,0,0,"1",0,0,0,"0",0,0,0,0,"0",0,0,0,0,0,0,0,0,0,0,0,0,0,0,0,"0","0","1","0","0","0","0","0","0","0","0","0","0","0","0","0","0","0","0","0","0","0","0","0","1","0","0","0","1","1","0","0","0","0","0","0","0","0","0","0","0","0","0","0","0","0","0","0","0","0","0","0","0","0","0","1","0","0","0","0","0","0","0","0","0","0","0","0","0","0","0","0","0","0","0","0","0","0","0","0","0","0","0","0","0","0","0","0","0","0","0","0","1","201811","202204","2305"
"9670483","530010","73401086","29915862000126","3","1","00000000000000","","","","","","0","E","","","04","","01","22","03","","99","","","","","","","","LICENCA SANITARIA","20181022","1","","","","","","0","0","1","0","0","0","1","0","0","0","0","0","0","0",0,0,0,"0",0,0,0,0,0,0,0,0,0,0,0,0,0,0,"0",0,0,0,0,0,0,0,0,1,0,0,0,0,0,0,0,"1",0,0,0,"0",0,0,0,0,"0",0,0,0,0,0,0,0,0,0,0,0,0,0,0,0,"0","0","0","0","0","0","0","0","1","0","0","0","0","0","0","0","0","0","0","0","0","0","0","0","1","1","0","0","1","1","0","0","0","0","0","0","0","0","0","0","0","0","0","0","0","0","0","0","0","0","0","1","0","0","0","0","0","0","0","0","0","0","0","0","0","0","0","0","0","0","0","0","0","0","0","0","0","0","0","0","0","0","0","0","0","0","0","0","0","0","0","0","1","201912","202204","2305"
"9670874","530010","70673633","31550820000180","3","1","00000000000000","","","","9931","","0","E","","","04","","03","22","03","","99","","","","","","","","","","","","","","","","0","0","1","0","0","0","1","0","0","0","0","0","0","0",0,0,0,"0",0,0,0,0,0,0,0,0,0,0,0,0,0,0,"0",1,0,0,0,0,0,0,0,0,0,0,0,0,0,0,0,"1",0,0,0,"0",0,0,0,0,"0",0,0,0,0,0,0,0,0,0,0,0,0,0,0,0,"0","0","1","0","0","0","0","0","0","0","0","0","0","0","0","0","0","0","0","0","0","0","0","0","1","0","0","0","1","1","0","0","0","0","0","0","0","0","0","0","0","0","0","0","0","0","0","0","0","0","0","1","0","0","0","1","0","0","0","0","0","0","0","0","0","0","0","0","0","0","0","0","0","0","0","0","0","0","0","0","0","0","0","0","0","0","0","0","0","0","0","0","1","202011","202204","2062"
"9671617","530010","72405526","28151622000130","3","1","00000000000000","","GAMA","GAMA","0060","","0","E","","","04","","01","22","03","","99","","","","","","","","CERTIFICADO DE LICENCIAME","20170718","1","","","","","","0","0","1","0","0","0","1","0","0","0","0","0","0","0",0,0,0,"0",0,0,0,0,0,0,0,0,0,0,0,0,0,0,"0",1,0,0,0,0,0,0,0,0,0,0,0,0,0,0,0,"1",0,0,0,"0",0,0,0,0,"0",0,0,0,0,0,0,0,0,0,0,0,0,0,0,0,"0","0","0","0","0","0","0","0","0","0","0","0","0","0","0","0","0","0","0","0","0","0","0","0","0","0","0","0","1","1","0","0","0","0","0","0","0","0","0","0","0","0","0","0","0","0","0","0","0","0","0","1","0","0","1","1","1","0","0","0","0","0","0","0","0","0","0","0","0","0","0","0","0","0","0","0","0","0","0","0","0","0","0","0","0","0","0","0","0","0","0","0","1","201901","202204","2305"
"9672141","530010","71503505","31841214000114","3","1","00000000000000","","","","","","0","E","","","04","","01","22","03","","99","","","","","","","","LICENCIAMENTO","20190718","1","","","","","","0","0","1","0","0","0","1","0","0","0","0","0","0","0",0,0,0,"0",0,0,0,0,0,0,0,0,0,0,0,0,0,0,"0",0,0,0,1,0,0,0,0,0,0,0,0,0,0,0,0,"1",0,0,0,"0",0,0,0,0,"0",0,0,0,0,0,0,0,0,0,0,0,0,0,0,0,"0","0","0","0","0","0","0","0","0","0","0","0","0","0","0","0","0","0","0","0","0","0","0","0","0","0","0","0","1","1","0","0","0","0","0","0","0","0","0","0","0","0","0","0","0","0","0","0","0","0","0","1","0","0","0","0","0","0","0","0","0","0","0","0","0","0","0","0","0","0","0","0","0","0","0","0","0","0","0","0","0","0","0","0","0","0","0","0","0","0","0","0","1","202101","202204","2305"
"9672591","530010","72025001","31545523000147","3","1","00000000000000","","","","0180","","0","E","","","04","","01","04","06","","99","","","","","","","","EAS.00249-14","20200520","1","","","","","","0","0","0","0","1","0","1","0","0","0","0","0","0","0",0,0,0,"0",0,0,0,0,0,0,0,0,0,0,0,0,0,1,"1",1,0,0,0,0,0,0,0,0,0,0,0,0,0,0,0,"1",0,0,0,"0",0,0,0,0,"0",0,0,0,0,0,0,0,0,0,0,0,0,0,0,0,"0","0","0","1","0","0","0","0","0","0","0","0","0","0","0","0","0","0","0","0","0","0","0","0","1","1","1","0","1","1","0","0","0","0","0","0","0","0","0","0","0","0","0","0","0","0","0","0","0","0","0","1","0","0","0","1","0","0","0","0","0","0","0","0","0","0","0","0","0","0","0","0","0","0","0","0","0","0","0","0","0","0","0","0","0","0","0","0","0","0","0","0","1","202006","202204","2062"
"9672842","530010","70701040","31538298000111","3","1","00000000000000","","","","0005","","0","E","","","04","","01","36","03","","99","","","","","","","","DFP1800098920","20180922","1","","","","","","0","0","1","0","0","0","1","0","0","0","0","0","0","0",0,0,0,"0",0,0,0,0,0,0,0,0,0,0,0,0,0,0,"0",0,0,0,1,0,0,0,0,0,0,0,0,0,0,0,0,"1",0,0,0,"0",0,0,0,0,"0",0,0,0,0,0,0,0,0,0,0,0,0,0,0,0,"0","0","1","0","0","0","0","0","0","0","0","0","0","0","0","0","0","0","0","0","0","0","0","0","1","0","0","0","1","1","0","0","0","0","0","0","0","0","0","0","0","0","0","0","0","0","0","0","0","0","0","1","0","0","0","0","0","0","0","0","0","0","0","0","0","0","0","0","0","0","0","0","0","0","0","0","0","0","0","0","0","0","0","0","0","0","0","0","0","0","0","0","1","201812","202204","2062"
"9672982","530010","71020186","18873374000187","3","1","00000000000000","","","","0070","","0","E","","","04","","03","04","04","","99","001","29122","388025","","","","","RLE@DIGITAL","20181005","1","","","","","","0","0","1","0","0","0","1","0","0","0","0","0","0","0",0,0,0,"0",0,0,0,0,0,0,0,0,0,0,0,0,0,0,"0",0,0,0,1,0,0,0,0,0,0,0,0,0,0,0,0,"1",0,0,0,"0",0,0,0,0,"0",0,0,0,0,0,0,0,0,0,0,0,0,0,0,0,"0","0","1","0","0","0","0","0","0","0","0","0","0","0","0","0","0","0","0","0","0","0","0","0","1","1","0","0","1","1","0","0","0","0","0","0","0","0","0","0","0","0","0","0","0","0","0","0","0","0","0","1","0","0","0","1","0","0","0","0","0","0","0","0","0","0","0","0","0","0","0","0","0","0","0","0","0","0","0","0","0","0","0","0","0","0","0","0","0","0","0","0","1","202111","202204","2062"
"9673121","530010","72005755","30148560000159","3","1","00000000000000","","","","","","0","E","","","04","","01","22","04","","99","","","","","","","","LICENCIAMENTO","20180521","1","","","","","","0","0","1","0","0","0","1","0","0","0","0","0","0","0",0,0,0,"0",0,0,0,0,0,0,0,0,0,0,0,0,0,0,"0",0,0,0,1,0,0,0,0,0,0,0,0,0,0,0,0,"1",0,0,0,"0",0,0,0,0,"0",0,0,0,0,0,0,0,0,0,0,0,0,0,0,0,"0","0","0","0","0","0","0","0","0","0","0","0","0","0","0","0","0","0","0","0","0","0","0","0","0","0","0","0","1","1","0","0","0","0","0","0","0","0","0","0","0","0","0","0","0","0","0","0","0","0","0","1","0","0","0","0","0","0","0","0","0","0","0","0","0","0","0","0","0","0","0","0","0","0","0","0","0","0","0","0","0","0","0","0","0","0","0","0","0","0","0","0","1","202101","202204","2062"
"9673148","530010","70770100","10707910000162","3","1","00000000000000","","","","0005","","0","E","","","04","","03","22","03","","99","","","","","","","","EAS-00378-02","20180403","1","","","","","","0","0","1","0","0","0","1","0","0","0","0","0","0","0",0,0,0,"0",0,0,0,0,0,0,0,0,0,0,0,0,0,0,"0",1,0,0,0,0,0,0,0,0,0,0,0,0,0,0,0,"1",0,0,0,"0",0,0,0,0,"0",0,0,0,0,0,0,0,0,0,0,0,0,0,0,0,"0","0","1","0","0","0","0","0","0","0","0","0","0","0","0","0","0","0","0","0","0","0","0","0","1","1","0","0","1","1","0","0","0","0","0","0","0","0","0","0","0","0","0","0","0","0","0","0","0","0","0","0","0","0","0","1","0","0","0","0","0","0","0","0","0","0","0","0","0","0","0","0","0","0","0","0","0","0","0","0","0","0","0","0","0","0","0","0","0","0","0","0","1","201812","202204","2062"
"9673229","530010","70390108","29653149000151","3","1","00000000000000","","","","","","0","E","","","04","","01","36","03","","99","","","","","","","","EAS.02851-01","20201012","1","","","","","","0","0","1","0","0","0","1","0","0","0","0","0","0","0",0,0,0,"0",0,0,0,0,0,0,0,0,0,0,0,0,0,0,"0",0,2,0,0,0,0,0,0,0,0,0,0,0,0,0,0,"1",0,0,0,"0",0,0,0,0,"0",0,0,0,0,0,0,0,0,0,0,0,0,0,0,0,"0","0","1","0","0","0","0","0","0","0","0","0","0","0","0","0","0","0","0","0","0","0","0","0","1","1","0","0","1","1","0","0","0","0","0","0","0","0","0","0","0","0","0","0","0","0","0","0","0","0","0","1","0","0","0","0","0","0","0","0","0","0","0","0","0","0","0","0","0","0","0","0","0","0","0","0","0","0","0","0","0","0","0","0","0","0","0","0","0","0","0","0","1","202010","202204","2062"
"9674845","530010","70390100","31035958000141","3","1","00000000000000","","","","","","0","E","","","04","","02","36","03","","99","","","","","","","","EAS 2054301","20180823","1","","","","","","0","0","1","0","0","0","1","0","0","0","0","0","0","0",0,0,0,"0",0,0,0,0,0,0,0,0,0,0,0,0,0,0,"0",0,1,0,0,0,0,0,0,0,0,0,0,0,0,0,0,"1",0,0,0,"0",0,0,0,0,"0",0,0,0,0,0,0,0,0,0,0,0,0,0,0,0,"0","0","0","1","0","0","0","0","0","0","0","0","0","0","0","0","0","0","0","0","0","0","0","0","1","1","0","0","1","1","0","0","0","0","0","0","0","0","0","0","0","0","0","0","0","0","0","0","0","0","0","1","0","0","0","1","0","0","0","0","0","0","0","0","0","0","0","0","0","0","0","0","0","0","0","0","0","0","0","0","0","0","0","0","0","0","0","0","0","0","0","0","1","201812","202204","2062"
"9675299","530010","71953000","12416504000176","3","1","00000000000000","","","","9901","","0","E","","","04","","01","36","03","","99","","","","","","","","CERT.LICENCIAMENTO","20190227","1","","","","","","0","0","1","0","0","0","1","0","0","0","0","0","0","0",0,0,0,"0",0,0,0,0,0,0,0,0,0,0,0,0,0,0,"0",0,0,0,1,0,0,0,0,0,0,0,0,0,0,0,0,"1",0,0,0,"0",0,0,0,0,"0",0,0,0,0,0,0,0,0,0,0,0,0,0,0,0,"0","0","1","0","0","0","0","0","0","0","0","0","0","0","0","0","0","0","0","0","0","0","0","0","1","0","0","0","1","1","0","0","0","0","0","0","0","0","0","0","0","0","0","0","0","0","0","0","0","0","0","1","0","0","0","0","0","0","0","0","0","0","0","0","0","0","0","0","0","0","0","0","0","0","0","0","0","0","0","0","0","0","0","0","0","0","0","0","0","0","0","0","1","202109","202204","2062"
"9675396","530010","70673416","30054263000144","3","1","00000000000000","","","","9931","","0","E","","","04","","01","22","03","","99","","","","","","","","","","1","","","","","","0","0","1","0","0","0","1","0","0","0","0","0","0","0",0,0,0,"0",0,0,0,0,0,0,0,0,0,0,0,0,0,0,"0",0,1,0,0,0,0,0,0,0,0,0,0,0,0,0,0,"1",0,0,0,"0",0,0,0,0,"0",0,0,0,0,0,0,0,0,0,0,0,0,0,0,0,"0","0","1","0","0","0","0","0","0","0","0","0","0","0","0","0","0","0","0","0","0","0","0","0","1","0","0","0","1","1","0","0","0","0","0","0","0","0","0","0","0","0","0","0","0","0","0","0","0","0","0","1","0","0","0","0","0","0","0","0","0","0","0","0","0","0","0","0","0","0","0","0","0","0","0","0","0","0","0","0","0","0","0","0","0","0","0","0","0","0","0","0","1","202010","202204","2062"
"9675477","530010","72115700","21890617000108","3","1","00000000000000","","","","0180","","0","E","","","04","","01","22","03","","99","","","","","","","","EAS.00245.15","20180912","1","","","","","","0","0","1","0","0","0","1","0","0","0","0","0","0","0",0,0,0,"0",0,0,0,0,0,0,0,0,0,0,0,0,0,0,"0",0,1,0,0,0,0,0,0,0,0,0,0,0,0,0,0,"1",0,0,0,"0",0,0,0,0,"0",0,0,0,0,0,0,0,0,0,0,0,0,0,0,0,"0","0","1","0","0","0","0","0","0","0","0","0","0","0","0","0","0","0","0","0","0","0","0","0","1","1","0","0","1","1","0","0","0","0","0","0","0","0","0","0","0","0","0","0","0","0","0","0","0","0","0","1","0","0","0","1","0","0","0","0","0","0","0","0","0","0","0","0","0","0","0","0","0","0","0","0","0","0","0","0","0","0","0","0","0","0","0","0","0","0","0","0","1","201908","202204","2305"
"9675612","530010","70340907","09813856000231","3","1","00000000000000","","","","","","0","E","","","04","","01","22","03","","99","","","","","","","","53201483568","20220102","1","","","","","","0","0","1","0","0","0","1","0","0","0","0","0","0","0",0,0,0,"0",0,0,0,0,0,0,0,0,0,0,0,0,0,0,"0",0,0,0,0,0,0,0,0,1,0,0,0,0,0,0,0,"1",0,0,0,"0",0,0,0,0,"0",0,0,0,0,0,0,0,0,0,0,0,0,0,0,0,"0","0","0","0","0","0","0","0","0","0","0","0","0","0","0","0","0","0","0","0","0","0","0","0","0","1","0","0","1","1","0","0","0","0","0","0","0","0","0","0","0","0","0","0","0","0","0","0","0","0","0","1","0","0","0","0","0","0","0","0","0","0","0","0","0","0","0","0","0","0","0","0","0","0","0","0","0","0","0","0","0","0","0","0","0","0","0","0","0","0","0","0","1","202203","202204","2062"
"9676198","530010","70673603","14119813000100","3","1","00000000000000","","","","0010","","0","E","","","04","","03","22","03","","99","","","","","","","","LICENCA SANITARIA","20210520","1","","","","","","0","0","1","0","0","0","1","0","0","0","0","0","0","0",0,0,0,"0",0,0,0,0,0,0,0,0,0,0,0,0,0,0,"0",0,0,0,0,0,0,0,0,1,0,0,0,0,0,0,0,"1",0,0,0,"0",0,0,0,0,"0",0,0,0,0,0,0,0,0,0,0,0,0,0,0,0,"0","0","1","0","0","0","0","0","0","0","0","0","0","0","0","0","0","0","0","0","0","0","0","0","1","1","1","0","1","1","0","0","0","0","0","0","0","0","0","0","0","0","0","0","0","0","0","0","0","0","0","1","0","0","0","0","0","0","0","0","0","0","0","0","0","0","0","0","0","0","0","0","0","0","0","0","0","0","0","0","0","0","0","0","0","0","0","0","0","0","0","0","1","202203","202204","2062"
"9676201","530010","72225051","02224542000173","3","1","00000000000000","","","","0040","","0","E","","","04","","03","36","03","","99","","","","","","","","LICENCA SANITARIA","20210924","1","","","","","","0","0","1","0","0","0","1","0","0","0","0","0","0","0",0,0,0,"0",0,0,0,0,0,0,0,0,0,0,0,0,0,0,"0",0,0,0,0,0,0,0,0,5,0,0,0,0,0,0,0,"1",0,0,0,"0",0,0,0,0,"0",0,0,0,0,0,0,0,0,0,0,0,0,0,0,0,"0","0","1","0","0","0","0","0","1","0","0","0","0","0","0","0","0","0","1","0","0","0","0","0","1","1","0","0","1","1","0","0","0","0","0","0","0","0","0","0","0","0","0","0","0","0","0","0","0","0","0","1","0","0","0","1","0","0","0","0","0","0","0","0","0","0","0","0","0","0","0","0","0","0","0","0","0","0","0","0","0","0","0","0","0","0","0","0","0","0","0","0","1","202203","202204","2062"
"9676457","530010","71916250","24396654000144","3","1","00000000000000","","","","","","0","E","","","04","","01","36","04","","99","","","","","","","","","","1","","","","","","0","0","1","0","0","0","1","0","0","0","0","0","0","0",0,0,0,"0",0,0,0,0,0,0,0,0,0,0,0,0,0,0,"0",0,0,0,1,0,0,0,0,0,0,0,0,0,0,0,0,"1",0,0,0,"0",0,0,0,0,"0",0,0,0,0,0,0,0,0,0,0,0,0,0,0,0,"0","0","1","0","0","0","0","0","0","0","0","0","0","0","0","0","0","0","0","0","0","0","0","0","1","0","0","0","1","1","0","0","0","0","0","0","0","0","0","0","0","0","0","0","0","0","0","0","0","0","0","1","0","0","0","0","0","0","0","0","0","0","0","0","0","0","0","0","0","0","0","0","0","0","0","0","0","0","0","0","0","0","0","0","0","0","0","0","0","0","0","0","1","202008","202204","2062"
"9676473","530010","72215270","00000000000000","3","3","00394700000108","","","","0040","","1","E","","","04","","02","36","03","","99","","","","","","","","","","","","","","","","0","0","1","0","0","0","1","0","0","0","0","0","0","0",0,0,0,"0",0,0,0,0,0,0,0,0,0,0,0,0,0,0,"0",0,0,0,0,0,0,0,0,2,0,0,0,0,0,0,0,"1",0,0,0,"0",0,0,0,0,"0",0,0,0,0,0,0,0,0,0,0,0,0,0,0,0,"0","0","0","0","0","0","0","0","0","0","0","0","0","0","0","0","0","0","0","0","0","0","0","0","0","1","1","1","1","1","0","0","0","0","0","0","0","0","0","0","0","0","0","0","0","0","0","0","0","0","1","0","0","0","0","0","0","0","0","0","0","0","0","0","0","0","0","0","0","0","0","0","0","0","0","0","0","0","0","0","0","0","0","0","0","0","0","0","0","0","0","0","1","202204","202204","1023"
"9676937","530010","71060263","00718528014150","3","1","00000000000000","","","","0070","","0","E","","","04","","01","39","03","","99","","","","","","","","LAB.00015-10","20211124","1","","","","","","0","0","1","0","0","0","1","0","0","0","0","0","0","0",0,0,0,"0",0,0,0,0,0,0,0,0,0,0,0,0,0,0,"0",0,0,0,0,0,0,0,0,0,0,0,0,0,0,0,0,"0",0,0,0,"0",0,0,0,0,"0",0,0,0,0,0,0,0,0,0,0,0,0,0,0,0,"0","0","1","0","0","0","0","0","0","0","0","0","0","0","0","0","0","0","0","0","0","0","0","0","1","1","0","0","1","1","0","0","0","0","0","0","0","0","0","0","0","0","0","0","0","0","0","0","0","0","0","0","0","0","0","0","0","0","1","0","0","1","1","0","0","0","0","0","0","0","0","0","0","0","0","0","0","0","0","0","0","0","0","0","0","0","0","0","0","0","0","0","1","202112","202204","2054"
"9677402","530010","72115555","28152456000196","3","1","00000000000000","","","","","","0","E","","","04","","03","39","03","","99","","","","","","","","LAB.00005.05","20200730","2","","","","","","0","0","1","0","0","0","1","0","0","0","0","0","0","0",0,0,0,"0",0,0,0,0,0,0,0,0,0,0,0,0,0,0,"0",2,0,0,2,0,0,0,0,0,0,0,0,0,0,0,0,"1",0,0,0,"0",0,0,0,0,"0",0,0,0,0,0,0,0,0,0,0,0,0,0,0,0,"0","0","1","0","0","0","0","0","0","0","0","0","0","0","0","0","0","0","0","1","0","0","0","0","1","1","0","0","1","1","0","0","0","0","0","0","0","0","0","0","0","0","0","0","0","0","0","0","0","0","0","1","0","0","0","1","0","0","0","0","0","0","0","0","0","0","0","0","0","0","0","0","0","0","0","0","0","0","0","0","0","0","0","0","0","0","0","0","0","0","0","0","1","202012","202204","2305"
"9677933","530010","70770560","26263763000119","3","1","00000000000000","","","","0010","","0","E","","","04","","03","77","03","","99","","","","","","","","DISPENSADO","","","","","","","","0","0","1","0","0","0","1","0","0","0","0","0","0","0",0,0,0,"0",0,0,0,0,0,0,0,0,0,0,0,0,0,0,"0",0,0,0,0,0,0,0,0,0,0,0,0,0,0,0,0,"0",0,0,0,"0",0,0,0,0,"0",0,0,0,0,0,0,0,0,0,0,0,0,0,0,0,"0","0","1","0","0","0","0","0","0","0","0","0","0","0","0","0","0","0","0","0","0","0","0","0","1","0","0","0","1","1","0","0","0","0","0","0","0","0","0","0","0","0","0","0","0","0","0","0","0","0","0","1","0","0","0","0","0","0","0","0","0","0","0","0","0","0","0","0","0","0","0","0","0","0","0","0","0","0","0","0","0","0","0","0","0","0","0","0","0","0","0","0","1","202203","202204","2062"
"9678336","530010","72621401","16507015000180","3","1","00000000000000","","","","0130","","0","E","","","04","","01","04","03","","99","","","","","","","","AGEFIZ CBMDF IBRAM SUSDEC","20181211","1","","","","","","0","0","1","0","0","0","1","0","0","0","0","0","0","0",0,0,0,"0",0,0,0,0,0,0,0,0,0,0,0,0,0,0,"0",1,1,0,0,0,0,0,0,0,0,0,0,0,0,0,0,"1",0,0,0,"0",0,0,0,0,"0",0,0,0,0,0,0,0,0,0,0,0,0,0,0,0,"0","0","1","0","0","0","0","0","0","0","0","0","0","0","0","0","0","0","0","0","0","0","0","0","1","0","0","0","1","1","0","0","0","0","0","0","0","0","0","0","0","0","0","0","0","0","0","0","0","0","0","1","0","0","0","1","0","0","0","0","0","0","0","0","0","0","0","0","0","0","0","0","0","0","0","0","0","0","0","0","0","0","0","0","0","0","0","0","0","0","0","0","1","201812","202204","2062"
"9678506","530010","70390903","08397078001841","3","1","00000000000000","","","","","","0","E","","","04","","03","69","06","","99","","","","","","","","EAS.20579-01","20210910","1","","","","","","0","0","0","0","0","0","0","0","0","1","0","0","0","1",0,1,0,"1",0,0,0,0,0,0,0,0,0,0,0,0,0,0,"0",0,0,0,0,0,0,0,0,0,0,0,0,0,0,0,0,"0",0,0,0,"0",0,0,0,0,"0",0,0,0,0,0,0,0,0,0,0,0,0,0,0,0,"0","0","0","1","0","0","0","0","0","0","0","0","0","0","0","0","0","0","0","1","0","0","0","0","1","1","0","0","1","1","0","0","0","0","0","0","0","0","0","0","0","0","0","0","0","0","0","0","0","0","0","0","0","0","0","0","0","0","1","0","0","0","1","0","0","0","0","0","0","0","0","0","0","0","0","0","0","0","0","0","0","0","0","0","0","0","0","0","0","0","0","0","1","202204","202204","2054"
"9678735","530010","71680111","30939140000190","3","1","00000000000000","","","","0090","","0","E","","","04","","03","36","04","","99","","","","","","","","RLE","20200211","1","","","","","","0","0","1","0","0","0","1","0","0","0","0","0","0","0",0,0,0,"0",0,0,0,0,0,0,0,0,0,0,0,0,0,0,"0",0,0,0,1,0,0,0,0,0,0,0,0,0,0,0,0,"1",0,0,0,"0",0,0,0,0,"0",0,0,0,0,0,0,0,0,0,0,0,0,0,0,0,"0","0","1","0","0","0","0","0","0","0","0","0","0","0","0","0","0","0","0","0","0","0","0","0","1","0","0","0","1","1","0","0","0","0","0","0","0","0","0","0","0","0","0","0","0","0","0","0","0","0","0","1","0","0","0","0","0","0","0","0","0","0","0","0","0","0","0","0","0","0","0","0","0","0","0","0","0","0","0","0","0","0","0","0","0","0","0","0","0","0","0","0","1","202204","202204","2062"
"9678832","530010","70390145","32034136000109","3","1","00000000000000","","","","0010","","0","E","","","04","","03","36","03","","99","","","","","","","","EAS.90381-01","20200703","1","","","","","","0","0","1","0","0","0","1","0","0","0","0","0","0","0",0,0,0,"0",0,0,0,0,0,0,0,0,0,0,0,0,0,0,"0",0,1,0,0,0,0,0,0,0,0,0,0,0,0,0,0,"1",0,0,0,"0",0,0,0,0,"0",0,0,0,0,0,0,0,0,0,0,0,0,0,0,0,"0","0","1","0","0","0","0","0","1","0","0","0","0","0","0","0","0","1","0","1","0","0","0","0","1","1","1","0","1","1","0","0","0","0","0","0","0","0","0","0","0","0","0","0","0","0","0","0","0","0","0","1","0","0","0","1","0","0","0","0","0","0","0","0","0","0","0","0","0","0","0","0","0","0","0","0","0","0","0","0","0","0","0","0","0","0","0","0","0","0","0","0","1","202010","202204","2062"
"9679022","530010","70390150","07405594000240","3","1","00000000000000","","","","0015","","0","E","","","04","","03","36","03","","99","","","","","","","","CERTIFICADO RLE","20201031","1","","","","","","0","0","1","0","0","0","1","0","0","0","0","0","0","0",0,0,0,"0",0,0,0,0,0,0,0,0,0,0,0,0,0,0,"0",0,0,0,1,0,0,0,0,0,0,0,0,0,0,0,0,"1",0,0,0,"0",0,0,0,0,"0",0,0,0,0,0,0,0,0,0,0,0,0,0,0,0,"0","0","1","0","0","0","0","0","0","0","0","0","0","0","0","0","0","0","0","0","0","0","0","0","1","0","0","0","1","1","0","0","0","0","0","0","0","0","0","0","0","0","0","0","0","0","0","0","0","0","0","1","0","0","0","1","0","0","0","0","0","0","0","0","0","0","0","0","0","0","0","0","0","0","0","0","0","0","0","0","0","0","0","0","0","0","0","0","0","0","0","0","1","202107","202204","2062"
"9679227","530010","70340902","14443552000189","3","1","00000000000000","","","","0015","","0","E","","","04","","03","04","03","","99","","","","","","","","8650-0/06","20180710","1","","","","","","0","0","1","0","0","0","1","0","0","0","0","0","0","0",0,0,0,"0",0,0,0,0,0,0,0,0,0,0,0,0,0,0,"0",0,1,0,0,0,0,0,0,0,0,0,0,0,0,0,0,"1",0,0,0,"0",0,0,0,0,"0",0,0,0,0,0,0,0,0,0,0,0,0,0,0,0,"0","0","1","0","0","0","0","0","0","0","0","0","0","0","0","0","0","0","0","0","0","0","0","0","1","0","0","0","1","1","0","0","0","0","0","0","0","0","0","0","0","0","0","0","0","0","0","0","0","0","0","1","0","0","0","1","0","0","0","0","0","0","0","0","0","0","0","0","0","0","0","0","0","0","0","0","0","0","0","0","0","0","0","0","0","0","0","0","0","0","0","0","1","202003","202204","2062"
"9679340","530010","72410101","31741323000160","3","1","00000000000000","","","","","","0","E","","","04","","01","22","03","","99","","","","","","","","53202197534","20181012","1","","","","","","0","0","1","0","0","0","1","0","0","0","0","0","0","0",0,0,0,"0",0,0,0,0,0,0,0,0,0,0,0,0,0,0,"0",0,0,0,1,0,0,0,0,0,0,0,0,0,0,0,0,"1",0,0,0,"0",0,0,0,0,"0",0,0,0,0,0,0,0,0,0,0,0,0,0,0,0,"0","0","1","0","0","0","0","0","0","0","0","0","0","0","0","0","0","0","0","0","0","0","0","0","1","0","0","0","1","1","0","0","0","0","0","0","0","0","0","0","0","0","0","0","0","0","0","0","0","0","0","1","0","0","0","0","0","0","0","0","0","0","0","0","0","0","0","0","0","0","0","0","0","0","0","0","0","0","0","0","0","0","0","0","0","0","0","0","0","0","0","0","1","202002","202204","2062"
"9681078","530010","72130035","32200822000102","3","1","00000000000000","","","","0180","","0","E","","","04","","03","04","03","","99","","","","","","","","53202207394","20181210","1","","","","","","0","0","1","0","0","0","1","0","0","0","0","0","0","0",0,0,0,"0",0,0,0,0,0,0,0,0,0,0,0,0,0,0,"0",0,4,0,3,0,0,0,0,0,0,0,0,0,0,0,0,"1",0,0,0,"0",0,0,0,0,"0",0,0,0,0,0,0,0,0,0,0,0,0,0,0,0,"0","0","1","0","0","0","0","0","0","0","0","0","0","0","0","0","0","0","0","0","0","0","0","0","1","0","0","0","1","1","0","0","0","0","0","0","0","0","0","0","0","0","0","0","0","0","0","0","0","0","0","1","0","0","0","1","0","0","0","0","0","0","0","0","0","0","0","0","0","0","0","0","0","0","0","0","0","0","0","0","0","0","0","0","0","0","0","0","0","0","0","0","1","201812","202204","2062"
"9682139","530010","70753400","00718528014231","3","1","00000000000000","","","","0005","","0","E","","","04","","01","39","03","","99","","","","","","","","LAB0142-31","20211228","1","","","","","","0","0","1","0","0","0","1","0","0","0","0","0","0","0",0,0,0,"0",0,0,0,0,0,0,0,0,0,0,0,0,0,0,"0",0,0,0,0,0,0,0,0,0,0,0,0,0,0,0,0,"0",0,0,0,"0",0,0,0,0,"0",0,0,0,0,0,0,0,0,0,0,0,0,0,0,0,"0","0","1","0","0","0","0","0","0","0","0","0","0","0","0","0","0","0","0","0","0","0","0","0","1","1","0","0","1","1","0","0","0","0","0","0","0","0","0","0","0","0","0","0","0","0","0","0","0","0","0","0","0","0","0","0","0","0","1","0","0","1","1","0","0","0","0","0","0","0","0","0","0","0","0","0","0","0","0","0","0","0","0","0","0","0","0","0","0","0","0","0","1","202201","202204","2054"
"9682147","530010","70350515","00718528014312","3","1","00000000000000","","","","0015","","0","E","","","04","","01","39","03","","99","","","","","","","","LAB05731-01","20211206","1","","","","","","0","0","1","0","0","0","1","0","0","0","0","0","0","0",0,0,0,"0",0,0,0,0,0,0,0,0,0,0,0,0,0,0,"0",0,0,0,0,0,0,0,0,0,0,0,0,0,0,0,0,"0",0,0,0,"0",0,0,0,0,"0",0,0,0,0,0,0,0,0,0,0,0,0,0,0,0,"0","0","1","0","0","0","0","0","0","0","0","0","0","0","0","0","0","0","0","0","0","0","0","0","1","1","0","0","1","1","0","0","0","0","0","0","0","0","0","0","0","0","0","0","0","0","0","0","0","0","0","0","0","0","0","0","0","0","1","0","0","1","1","0","0","0","0","0","0","0","0","0","0","0","0","0","0","0","0","0","0","0","0","0","0","0","0","0","0","0","0","0","1","202112","202204","2054"
"9683348","530010","70790157","30332465000100","3","1","00000000000000","","","","0005","","0","E","","","04","","02","22","03","","99","","","","","","","","EAS 00061-02","20211022","1","","","","","","0","0","1","0","0","0","1","0","0","0","0","0","0","0",0,0,0,"0",0,0,0,0,0,0,0,0,0,0,0,0,0,0,"0",0,1,0,0,0,0,0,0,0,0,0,0,0,0,0,0,"1",0,0,0,"0",0,0,0,0,"0",0,0,0,0,0,0,0,0,0,0,0,0,0,0,0,"0","0","1","0","0","0","0","0","0","0","0","0","0","0","0","0","0","0","0","0","0","0","0","0","1","0","0","0","1","1","0","0","0","0","0","0","0","0","0","0","0","0","0","0","0","0","0","0","0","0","0","1","0","0","0","0","0","0","0","0","0","0","0","0","0","0","0","0","0","0","0","0","0","0","0","0","0","0","0","0","0","0","0","0","0","0","0","0","0","0","0","0","1","202111","202204","2062"
"9687475","530010","70390907","31822089000103","3","1","00000000000000","","","","0015","","0","E","","","04","","03","36","03","","99","","","","","","","","EAS.20589-01","20201123","1","","","","","","0","0","1","0","0","0","1","0","0","0","0","0","0","0",0,0,0,"0",0,0,0,0,0,0,0,0,0,0,0,0,0,0,"0",0,1,0,0,0,0,0,0,0,0,0,0,0,0,0,0,"1",0,0,0,"0",0,0,0,0,"0",0,0,0,0,0,0,0,0,0,0,0,0,0,0,0,"0","0","1","0","0","0","0","0","1","0","0","0","0","0","0","0","0","1","0","1","0","0","0","0","1","0","0","0","1","1","0","0","0","0","0","0","0","0","0","0","0","0","0","0","0","0","0","0","0","0","0","1","0","0","0","1","0","0","0","0","0","0","0","0","0","0","0","0","0","0","0","0","0","0","0","0","0","0","0","0","0","0","0","0","0","0","0","0","0","0","0","0","1","202110","202204","2062"
"9687556","530010","70200760","31059291000117","3","1","00000000000000","","","","0015","","0","E","","","04","","01","36","03","","99","","","","","","","","CERTIF. DE LICENCIAMENTO","20181114","1","","","","","","0","0","1","0","0","0","1","0","0","0","0","0","0","0",0,0,0,"0",0,0,0,0,0,0,0,0,0,0,0,0,0,0,"0",0,3,0,0,0,0,0,0,0,0,0,0,0,0,0,0,"1",0,0,0,"0",0,0,0,0,"0",0,0,0,0,0,0,0,0,0,0,0,0,0,0,0,"0","0","1","0","0","0","0","0","0","0","0","0","0","0","0","0","0","0","0","0","0","0","0","0","1","0","1","0","1","1","0","0","0","0","0","0","0","0","0","0","0","0","0","0","0","0","0","0","0","0","0","1","0","0","0","1","0","0","0","0","0","0","0","0","0","0","0","0","0","0","0","0","0","0","0","0","0","0","0","0","0","0","0","0","0","0","0","0","0","0","0","0","1","201912","202204","2062"
"9689370","530010","70390700","15769157000153","3","1","00000000000000","","","","","","0","E","","","04","","01","22","02","","99","","","","","","","","2047601","20180312","1","","","","","","0","0","1","0","0","0","1","0","0","0","0","0","0","0",0,0,0,"0",0,0,0,0,0,0,0,0,0,0,0,0,0,0,"0",1,0,0,0,0,0,0,0,0,0,0,0,0,0,0,0,"1",0,0,0,"0",0,0,0,0,"0",0,0,0,0,0,0,0,0,0,0,0,0,0,0,0,"0","0","1","0","0","0","0","0","0","0","0","0","0","0","0","0","0","0","0","0","0","0","0","0","1","0","0","0","0","0","0","0","0","0","0","0","1","0","0","0","0","0","1","0","0","0","0","0","0","0","0","1","0","0","0","0","0","0","0","0","0","0","0","0","0","0","0","0","0","0","0","0","0","0","0","0","0","0","0","0","0","0","0","0","0","0","0","0","0","0","0","0","1","201901","202204","2062"
"9690204","530010","70390150","17754914000140","3","1","00000000000000","","","","0015","","0","E","","","04","","03","36","03","","99","","","","","","","","EAS 20594-01","20211204","1","","","","","","0","0","1","0","0","0","1","0","0","0","0","0","0","0",0,0,0,"0",0,0,0,0,0,0,0,0,0,0,0,0,0,0,"0",0,2,0,0,0,0,0,0,0,0,0,0,0,0,0,0,"1",0,0,0,"0",0,0,0,0,"0",0,0,0,0,0,0,0,0,0,0,0,0,0,0,0,"0","0","1","0","0","0","0","0","0","0","0","0","0","0","0","0","0","0","0","0","0","0","0","0","1","0","0","0","1","1","0","0","0","0","0","0","0","0","0","0","0","0","0","0","0","0","0","0","0","0","0","1","0","0","0","1","0","0","0","0","0","0","0","0","0","0","0","0","0","0","0","0","0","0","0","0","0","0","0","0","0","0","0","0","0","0","0","0","0","0","0","0","1","202202","202204","2062"
"9690476","530010","70770574","27230344000143","3","1","00000000000000","","","","0005","","0","E","","","04","","03","36","03","","99","","","","","","","","EAS 01009-02","20200701","1","","","","","","0","0","1","0","0","0","1","0","0","0","0","0","0","0",0,0,0,"0",0,0,0,0,0,0,0,0,0,0,0,0,0,0,"0",0,2,0,0,0,0,0,0,0,0,0,0,0,0,0,0,"1",0,0,0,"0",0,0,0,0,"0",0,0,0,0,0,0,0,0,0,0,0,0,0,0,0,"0","0","1","0","0","0","0","0","0","0","0","0","0","0","0","0","0","0","0","0","0","0","0","0","1","0","0","0","1","1","0","0","0","0","0","0","0","0","0","0","0","0","0","0","0","0","0","0","0","0","0","1","0","0","0","1","0","0","0","0","0","0","0","0","0","0","0","0","0","0","0","0","0","0","0","0","0","0","0","0","0","0","0","0","0","0","0","0","0","0","0","0","1","202007","202204","2062"
"9690719","530010","73020412","00000000000000","3","3","00394700000108","","06","","0170","","1","E","","","04","","02","36","03","","99","","","","","","","","","","","","","","","","0","0","1","0","0","0","1","0","0","0","0","0","0","0",0,0,0,"0",0,0,0,0,0,0,0,0,0,0,0,0,0,0,"0",0,0,0,0,0,0,0,0,7,0,0,0,0,0,0,0,"1",0,0,0,"0",0,0,0,0,"0",0,0,0,0,0,0,0,0,0,0,0,0,0,0,0,"0","0","1","0","0","0","0","0","1","0","0","0","0","0","0","0","0","0","0","0","0","0","0","0","1","1","1","0","1","1","0","0","0","0","0","0","0","0","0","0","0","0","0","0","0","0","0","0","0","0","1","0","0","0","0","0","0","0","0","0","0","0","0","0","0","0","0","0","0","0","0","0","0","0","0","0","0","0","0","0","0","0","0","0","0","0","0","0","0","0","0","0","1","202204","202204","1023"
"9690735","530010","73310100","00000000000000","3","3","00394700000108","","06","","0120","","1","E","","","04","","02","36","03","","99","","","","","","","","","","","","","","","","0","0","1","0","0","0","1","0","0","0","0","0","0","0",0,0,0,"0",0,0,0,0,0,0,0,0,0,0,0,0,0,0,"0",0,0,0,0,0,0,0,0,5,0,0,0,0,0,0,0,"1",0,0,0,"0",0,0,0,0,"0",0,0,0,0,0,0,0,0,0,0,0,0,0,0,0,"0","0","1","0","0","0","0","0","1","0","0","0","0","0","0","0","0","0","0","0","0","0","0","0","1","1","0","0","1","1","0","0","0","0","0","0","0","0","0","0","0","0","0","0","0","0","0","0","0","0","1","0","0","0","0","0","0","0","0","0","0","0","0","0","0","0","0","0","0","0","0","0","0","0","0","0","0","0","0","0","0","0","0","0","0","0","0","0","0","0","0","0","1","202204","202204","1023"
"9691529","530010","71090255","07644097000114","3","1","00000000000000","","","","","","0","E","","","04","","01","83","04","","99","","","","","","","","LICENCIAMENTO","20200226","1","","","","","","0","0","1","0","0","0","1","0","0","0","0","0","0","0",0,0,0,"0",0,0,0,0,0,0,0,0,0,0,0,0,0,0,"0",0,0,0,1,0,0,0,0,0,0,0,0,0,0,0,0,"1",0,0,0,"0",0,0,0,0,"0",0,0,0,0,0,0,0,0,0,0,0,0,0,0,0,"0","0","1","0","0","0","0","0","0","0","0","0","0","0","0","0","0","0","0","0","0","0","0","0","1","0","0","0","1","1","0","0","0","0","0","0","0","0","0","0","0","0","0","0","0","0","0","0","0","0","0","0","0","0","0","0","0","0","0","0","0","0","0","0","0","0","0","0","0","0","0","0","1","0","0","0","0","1","0","0","0","0","0","0","0","0","0","0","0","0","0","0","1","202008","202204","3999"
"9691596","530010","72610350","09721662000125","3","1","00000000000000","","","","0130","","0","E","","","04","","01","83","03","","99","","","","","","","","LICENCA SANITARIA","20200528","1","","","","","","0","0","1","0","1","0","1","0","0","0","0","0","0","0",0,0,0,"0",0,0,0,0,0,0,0,0,0,0,0,0,0,0,"0",0,0,0,0,0,0,0,0,0,0,0,0,0,0,0,0,"0",0,0,0,"0",0,0,0,0,"0",0,0,0,0,0,0,0,0,0,0,0,0,0,0,0,"0","0","0","0","0","0","0","0","0","0","0","0","0","0","0","0","0","0","0","0","0","0","0","0","0","0","0","0","1","1","0","0","0","0","0","0","0","0","0","0","0","0","0","0","0","0","0","0","0","0","0","0","0","0","0","0","0","0","0","0","0","0","0","0","0","0","0","0","0","0","0","0","0","0","0","0","0","1","0","0","0","0","0","0","0","0","0","0","0","0","0","0","1","202103","202204","3999"
"9691626","530010","99999999","03637261000105","3","1","00000000000000","","","","","","0","E","","","04","","01","83","03","","99","","","","","","","","LICENCIAMENTO SANITARIO","20200703","1","","","","","","0","0","1","0","0","0","1","0","0","0","0","0","0","0",0,0,0,"0",0,0,0,0,0,0,0,0,0,0,0,0,0,0,"0",0,0,0,1,0,0,0,0,0,0,0,0,0,0,0,0,"1",0,0,0,"0",0,0,0,0,"0",0,0,0,0,0,0,0,0,0,0,0,0,0,0,0,"0","0","1","0","0","0","0","0","0","0","0","0","0","0","0","0","0","0","0","0","1","0","0","0","1","0","0","0","1","1","0","0","0","0","0","0","0","0","0","0","0","0","0","0","0","0","0","0","0","0","0","0","0","0","0","0","0","0","0","0","0","0","0","0","0","0","0","0","0","0","0","0","0","0","0","0","0","1","0","0","0","0","0","0","0","0","0","0","0","0","0","0","1","202008","202204","3999"
"9691979","530010","71953000","31774492000104","3","1","00000000000000","","","","","","0","E","","","04","","03","73","03","","99","","","","","","","","CERTIFICADO DIGITAL","20210506","1","","","","","","0","0","1","0","0","0","1","0","0","0","0","0","0","0",0,0,0,"0",0,0,0,0,0,0,0,0,0,0,0,0,0,0,"0",0,5,0,0,0,0,0,0,0,0,0,0,0,0,0,0,"1",0,0,0,"0",0,0,0,0,"0",0,0,0,0,0,0,0,0,0,0,0,0,0,0,0,"0","0","1","0","0","0","0","0","0","0","0","0","0","0","0","0","0","0","0","0","0","0","0","0","1","0","0","0","1","1","0","0","0","0","0","0","0","0","0","0","0","0","0","0","0","0","0","0","0","0","0","1","0","0","0","1","0","0","0","0","0","0","0","0","0","0","0","0","0","0","0","0","0","0","0","0","0","0","0","0","0","0","0","0","0","0","0","0","0","0","0","0","1","202112","202204","2062"
"9692762","530010","70867540","30669823000175","3","1","00000000000000","","","","0005","","0","E","","","04","","03","04","04","","99","","","","","","","","CERTIFICADO LICENCIAMENTO","20180620","1","","","","","","0","0","1","0","0","0","1","0","0","0","0","0","0","0",0,0,0,"0",0,0,0,0,0,0,0,0,0,0,0,0,0,0,"0",0,0,0,3,0,0,0,0,0,0,0,0,0,0,0,0,"1",0,0,0,"0",0,0,0,0,"0",0,0,0,0,0,0,0,0,0,0,0,0,0,0,0,"0","0","1","0","0","0","0","0","0","0","0","0","0","0","0","0","0","0","0","0","0","0","0","0","1","0","0","0","1","1","0","0","0","0","0","0","0","0","0","0","0","0","0","0","0","0","0","0","0","0","0","1","0","0","0","1","0","0","0","0","0","0","0","0","0","0","0","0","0","0","0","0","0","0","0","0","0","0","0","0","0","0","0","0","0","0","0","0","0","0","0","0","1","201901","202204","2062"
"9693343","530010","72145450","29801341000148","3","1","00000000000000","","","","","","0","E","","","04","","03","22","03","","99","","","","","","","","","","","","","","","","0","0","1","0","0","0","1","0","0","0","0","0","0","0",0,0,0,"0",0,0,0,0,0,0,0,0,0,0,0,0,0,0,"0",1,0,0,5,0,0,0,0,0,0,0,0,0,0,0,0,"1",0,0,0,"0",0,0,0,0,"0",0,0,0,0,0,0,0,0,0,0,0,0,0,0,0,"0","0","0","0","0","0","0","0","0","0","0","0","0","0","0","0","0","0","0","0","0","0","0","0","0","0","0","0","1","1","0","0","0","0","0","0","0","0","0","0","0","0","0","0","0","0","0","0","0","0","0","1","0","0","1","1","0","0","0","0","0","0","0","0","0","0","0","0","0","0","0","0","0","0","0","0","0","0","0","0","0","0","0","0","0","0","0","0","0","0","0","0","1","202109","202204","2305"
"9693351","530010","70390108","26821323000130","3","1","00000000000000","","","","","","0","E","","","04","","03","22","03","","99","","","","","","","","EM ESTUDO","","","","","","","","0","0","1","0","0","0","1","0","0","0","0","0","0","0",0,0,0,"0",0,0,0,0,0,0,0,0,0,0,0,0,0,0,"0",0,0,0,0,0,0,0,0,1,0,0,0,0,0,0,0,"1",0,0,0,"0",0,0,0,0,"0",0,0,0,0,0,0,0,0,0,0,0,0,0,0,0,"0","0","1","0","0","0","0","0","1","0","0","0","0","0","0","0","0","0","0","0","0","0","0","0","1","1","0","0","1","1","0","0","0","0","0","0","0","0","0","0","0","0","0","0","0","0","0","0","0","0","0","1","0","0","0","0","0","0","0","0","0","0","0","0","0","0","0","0","0","0","0","0","0","0","0","0","0","0","0","0","0","0","0","0","0","0","0","0","0","0","0","0","1","202203","202204","2305"
"9694064","530010","70710149","32134325000153","3","1","00000000000000","","","","0005","","0","E","","","04","","03","22","03","","99","","","","","","","","","","","","","","","","0","0","1","0","0","0","1","0","0","0","0","0","0","0",0,0,0,"0",0,0,0,0,0,0,0,0,0,0,0,0,0,0,"0",0,1,0,0,0,0,0,0,0,0,0,0,0,0,0,0,"1",0,0,0,"0",0,0,0,0,"0",0,0,0,0,0,0,0,0,0,0,0,0,0,0,0,"0","0","0","0","0","0","0","0","0","0","0","0","0","0","0","0","0","0","0","0","0","0","0","0","0","0","0","0","1","1","0","0","0","0","0","0","0","0","0","0","0","0","0","0","0","0","0","0","0","0","0","1","0","0","0","1","0","0","0","0","0","0","0","0","0","0","0","0","0","0","0","0","0","0","0","0","0","0","0","0","0","0","0","0","0","0","0","0","0","0","0","0","1","201901","202204","2062"
"9694161","530010","71919540","14239754000103","3","1","00000000000000","","","","9901","","0","E","","","04","","03","36","03","","99","","","","","","","","LICENCA SANITARIA","20200707","1","","","","","","0","0","1","0","0","0","1","0","0","0","0","0","0","0",0,0,0,"0",0,0,0,0,0,0,0,0,0,0,0,0,0,0,"0",3,0,0,1,0,0,0,0,0,0,1,0,0,0,0,0,"1",0,0,0,"0",0,0,0,0,"0",0,0,0,0,0,0,0,0,0,0,0,0,0,0,0,"0","0","1","0","0","0","0","0","1","0","0","0","0","0","0","0","0","1","0","1","0","0","0","0","1","1","0","0","1","1","0","0","0","0","0","0","0","0","0","0","0","0","0","0","0","0","0","0","0","0","0","1","0","0","0","1","0","0","1","0","0","0","1","0","0","0","0","0","0","0","0","0","0","0","0","0","0","0","0","0","0","0","0","0","0","0","0","0","0","0","0","0","1","202102","202204","2062"
"9695850","530010","71625009","23955216000106","3","1","00000000000000","","","","0090","","0","E","","","04","","02","36","01","","99","","","","","","","","","","","","","","","","0","0","1","0","0","0","1","0","0","0","0","0","0","0",0,0,0,"0",0,0,0,0,0,0,0,0,0,0,0,0,0,0,"0",0,1,0,0,0,0,0,0,0,0,0,0,0,0,0,0,"1",0,0,0,"0",0,0,0,0,"0",0,0,0,0,0,0,0,0,0,0,0,0,0,0,0,"0","0","0","1","0","0","0","0","0","1","0","0","0","0","0","0","0","0","0","0","0","0","0","0","1","0","0","0","1","1","0","0","0","0","0","0","0","0","0","0","0","0","0","0","0","0","0","0","0","0","0","1","0","0","0","0","0","0","0","0","0","0","0","0","0","0","0","0","0","0","0","0","0","0","0","0","0","0","0","0","0","0","0","0","0","0","0","0","0","0","0","0","1","201906","202204","2305"
"9695966","530010","72120470","21009897000194","3","1","00000000000000","","","","0180","","0","E","","","04","","03","36","03","","99","001","34789","545155","","","","","CERTIFICADO DE LICENCIAME","20210303","1","","","","","","0","0","1","0","0","0","1","0","0","0","0","0","0","0",0,0,0,"0",0,0,0,0,0,0,0,0,0,0,0,0,0,0,"0",0,1,0,0,0,0,0,0,0,0,0,0,0,0,0,0,"1",0,0,0,"0",0,0,0,0,"0",0,0,0,0,0,0,0,0,0,0,0,0,0,0,0,"0","0","0","1","0","0","0","0","0","0","0","0","0","0","0","0","0","0","0","0","0","0","0","0","1","0","0","0","1","1","0","0","0","0","0","0","0","0","0","0","0","0","0","0","0","0","0","0","0","0","0","1","0","0","0","1","0","0","0","0","0","0","0","0","0","0","0","0","0","0","0","0","0","0","0","0","0","0","0","0","0","0","0","0","0","0","0","0","0","0","0","0","1","202105","202204","2062"
"9696261","530010","72210055","25092062000100","3","1","00000000000000","","","","","","0","E","","","04","","03","22","03","","99","","","","","","","","EAS 00472-16","20181019","1","","","","","","0","0","1","0","0","0","1","0","0","0","0","0","0","0",0,0,0,"0",0,0,0,0,0,0,0,0,0,0,0,0,0,0,"0",1,0,0,0,0,0,0,0,0,0,0,0,0,0,0,0,"1",0,0,0,"0",0,0,0,0,"0",0,0,0,0,0,0,0,0,0,0,0,0,0,0,0,"0","0","1","0","0","0","0","0","1","1","0","0","0","0","0","0","0","1","0","1","0","0","0","0","1","1","0","1","1","1","0","0","0","0","0","0","0","0","0","0","0","0","0","0","0","0","0","0","0","0","0","1","0","0","0","1","0","0","0","0","0","0","0","0","0","0","0","0","0","0","0","0","0","0","0","0","0","0","0","0","0","0","0","0","0","0","0","0","0","0","0","0","1","201907","202204","2062"
"9696970","530010","71927180","28141681000127","3","1","00000000000000","","","","9901","","0","E","","","04","","03","36","03","","99","","","","","","","","RLE","20181106","1","","","","","","0","0","1","0","0","0","1","0","0","0","0","0","0","0",0,0,0,"0",0,0,0,0,0,0,0,0,0,0,0,0,0,0,"0",0,2,0,0,0,0,0,0,0,0,0,0,0,0,0,0,"1",0,0,0,"0",0,0,0,0,"0",0,0,0,0,0,0,0,0,0,0,0,0,0,0,0,"0","0","1","0","0","0","0","0","0","0","0","0","0","0","0","0","0","0","0","0","0","0","0","0","1","0","0","0","1","1","0","0","0","0","0","0","0","0","0","0","0","0","0","0","0","0","0","0","0","0","0","1","0","0","0","1","0","0","0","0","0","0","0","0","0","0","0","0","0","0","0","0","0","0","0","0","0","0","0","0","0","0","0","0","0","0","0","0","0","0","0","0","1","201907","202204","2305"
"9697004","530010","71916500","31714106000180","3","1","00000000000000","","","","9901","","0","E","","","04","","01","22","03","","99","","","","","","","","53202196741","20181023","1","","","","","","0","0","1","0","0","0","1","0","0","0","0","0","0","0",0,0,0,"0",0,0,0,0,0,0,0,0,0,0,0,0,0,0,"0",0,0,0,1,0,0,0,0,0,0,0,0,0,0,0,0,"1",0,0,0,"0",0,0,0,0,"0",0,0,0,0,0,0,0,0,0,0,0,0,0,0,0,"0","0","0","0","0","0","0","0","0","0","0","0","0","0","0","0","0","0","0","0","0","0","0","0","0","0","0","0","1","1","0","0","0","0","0","0","0","0","0","0","0","0","0","0","0","0","0","0","0","0","0","1","0","0","0","0","0","0","0","0","0","0","0","0","0","0","0","0","0","0","0","0","0","0","0","0","0","0","0","0","0","0","0","0","0","0","0","0","0","0","0","0","1","202105","202204","2062"
"9699848","530010","70310500","00025841000587","3","1","00000000000000","","","","0010","","0","E","","","04","","03","05","06","","99","001","33820","4004647","","","","","EAS-00788-02/2021","20210302","1","","","","","","0","0","1","0","1","0","1","0","0","1","0","1","0","1",47,54,62,"1",0,0,0,0,0,0,0,1,0,0,1,0,1,5,"1",1,3,0,1,0,0,0,0,0,0,0,0,0,0,0,0,"1",3,1,0,"1",0,0,0,0,"0",0,0,0,16,0,0,0,0,0,0,11,0,0,0,0,"0","1","1","0","0","0","1","0","1","0","0","1","0","0","0","0","0","1","0","0","1","0","1","0","1","1","1","0","1","1","0","0","0","0","0","0","0","0","0","0","0","0","0","0","1","0","0","0","1","0","0","1","0","0","0","1","0","0","1","0","0","0","1","0","0","1","0","0","0","1","0","0","0","0","0","0","0","0","0","0","0","0","0","0","0","0","0","0","0","0","0","0","1","202106","202204","2054"
"9700005","530010","71540090","20044436000190","3","1","00000000000000","","","","","","0","E","","","04","","","22","03","","99","","","","","","","","","20181221","1","","","","","","0","0","1","0","0","0","1","0","0","0","0","0","0","0",0,0,0,"0",0,0,0,0,0,0,0,0,0,0,0,0,0,0,"0",1,0,0,0,0,0,0,0,0,0,0,0,0,0,0,0,"1",0,0,0,"0",0,0,0,0,"0",0,0,0,0,0,0,0,0,0,0,0,0,0,0,0,"0","0","0","0","0","0","0","0","0","0","0","0","0","0","0","0","0","0","0","0","0","0","0","0","0","1","0","0","1","1","0","0","0","0","0","0","0","0","0","0","0","0","0","0","0","0","0","0","0","0","0","1","0","0","0","0","0","0","0","0","0","0","0","0","0","0","0","0","0","0","0","0","0","0","0","0","0","0","0","0","0","0","0","0","0","0","0","0","0","0","0","0","1","202009","202204","2062"
"9700153","530010","70750540","00069952000161","3","1","00000000000000","","","","","","0","E","","","04","","03","22","03","","99","","","","","","","","ODO 0262-02","20191119","1","","","","","","0","0","1","0","0","0","1","0","0","0","0","0","0","0",0,0,0,"0",0,0,0,0,0,0,0,0,0,0,0,0,0,0,"0",0,0,0,0,0,0,0,0,1,0,0,0,0,0,0,0,"1",0,0,0,"0",0,0,0,0,"0",0,0,0,0,0,0,0,0,0,0,0,0,0,0,0,"0","0","1","0","0","0","0","0","1","0","0","0","0","0","0","0","0","0","0","0","0","0","0","0","1","1","0","0","1","1","0","0","0","0","0","0","0","0","0","0","0","0","0","0","0","0","0","0","0","0","0","1","0","0","0","0","0","0","0","0","0","0","0","0","0","0","0","0","0","0","0","0","0","0","0","0","0","0","0","0","0","0","0","0","0","0","0","0","0","0","0","0","1","202010","202204","2062"
"9701397","530010","72015110","13813545000320","3","1","00000000000000","","","","0180","","0","E","","","04","","","36","03","","99","","","","","","","","EAS-0027714","20200221","1","","","","","","0","0","1","0","0","0","1","0","0","0","0","0","0","0",0,0,0,"0",0,0,0,0,0,0,0,0,0,0,0,0,0,0,"0",0,0,0,1,0,0,0,0,0,0,0,0,0,0,0,0,"1",0,0,0,"0",0,0,0,0,"0",0,0,0,0,0,0,0,0,0,0,0,0,0,0,0,"0","0","1","0","0","0","0","0","0","0","0","0","0","0","0","0","0","0","0","0","0","0","0","0","1","0","0","0","1","1","0","0","0","0","0","0","0","0","0","0","0","0","0","0","0","0","0","0","0","0","0","0","0","0","0","1","0","0","0","0","0","0","0","0","0","0","0","0","0","0","0","0","0","0","0","0","0","0","0","0","0","0","0","0","0","0","0","0","0","0","0","0","1","202103","202204","2062"
"9701699","530010","72231572","24683631000110","3","1","00000000000000","","","","","","0","E","","","04","","01","22","03","","99","","","","","","","","53600147987","20220119","1","","","","","","0","0","1","0","0","0","1","0","0","0","0","0","0","0",0,0,0,"0",0,0,0,0,0,0,0,0,0,0,0,0,0,0,"0",1,0,0,1,0,0,0,0,2,0,0,0,0,0,0,0,"1",0,0,0,"0",0,0,0,0,"0",0,0,0,0,0,0,0,0,0,0,0,0,0,0,0,"0","0","0","0","0","0","0","0","0","0","0","0","0","0","0","0","0","0","0","0","0","0","0","0","0","0","0","0","1","1","0","0","0","0","0","0","0","0","0","0","0","0","0","0","0","0","0","0","0","0","0","1","0","0","1","1","0","0","0","0","0","0","0","0","0","0","0","0","0","0","0","0","0","0","0","0","0","0","0","0","0","0","0","0","0","0","0","0","0","0","0","0","1","202201","202204","2305"
"9702423","530010","72404903","10793418000157","3","1","00000000000000","","","","0060","","0","E","","","04","","01","36","03","","99","","","","","","","","RLE DIGITAL","20180921","1","","","","","","0","0","1","0","0","0","1","0","0","0","0","0","0","0",0,0,0,"0",0,0,0,0,0,0,0,0,0,0,0,0,0,0,"0",0,1,0,0,0,0,0,0,0,0,0,0,0,0,0,0,"1",0,0,0,"0",0,0,0,0,"0",0,0,0,0,0,0,0,0,0,0,0,0,0,0,0,"0","0","1","0","0","0","0","0","0","0","0","0","0","0","0","0","0","0","0","0","0","0","0","0","1","1","0","0","1","1","0","0","0","0","0","0","0","0","0","0","0","0","0","0","0","0","0","0","0","0","0","1","0","0","1","1","0","0","0","0","0","0","0","0","0","0","0","0","0","0","0","0","0","0","0","0","0","0","0","0","0","0","0","0","0","0","0","0","0","0","0","0","1","201901","202204","2305"
"9703527","530010","70077900","22326804000118","3","1","00000000000000","","","","0005","","0","E","","","04","","03","22","03","","99","","","","","","","","ODO 00021-2","20190824","1","","","","","","0","0","1","0","0","0","1","0","0","0","0","0","0","0",0,0,0,"0",0,0,0,0,0,0,0,0,0,0,0,0,0,0,"0",0,0,0,0,0,0,0,0,1,0,0,0,0,0,0,0,"1",0,0,0,"0",0,0,0,0,"0",0,0,0,0,0,0,0,0,0,0,0,0,0,0,0,"0","0","1","0","0","0","0","0","1","0","0","0","0","0","0","0","0","0","0","0","0","0","0","0","1","1","0","0","1","1","0","0","0","0","0","0","0","0","0","0","0","0","0","0","0","0","0","0","0","0","0","1","0","0","0","0","0","0","0","0","0","0","0","0","0","0","0","0","0","0","0","0","0","0","0","0","0","0","0","0","0","0","0","0","0","0","0","0","0","0","0","0","1","202007","202204","2062"
"9703896","530010","70390150","12991656000100","3","1","00000000000000","","","","","","0","E","","","04","","01","22","03","","99","","","","","","","","EAS.20603-01","20190102","1","","","","","","0","0","1","0","0","0","1","0","0","0","0","0","0","0",0,0,0,"0",0,0,0,0,0,0,0,0,0,0,0,0,0,0,"0",1,0,0,0,0,0,0,0,0,0,0,0,0,0,0,0,"1",0,0,0,"0",0,0,0,0,"0",0,0,0,0,0,0,0,0,0,0,0,0,0,0,0,"0","0","1","0","0","0","0","0","0","0","0","0","0","0","0","0","0","0","0","0","0","0","0","0","1","1","0","0","1","1","0","0","0","0","0","0","0","0","0","0","0","0","0","0","0","0","0","0","0","0","0","1","0","0","0","0","0","0","0","0","0","0","0","0","0","0","0","0","0","0","0","0","0","0","0","0","0","0","0","0","0","0","0","0","0","0","0","0","0","0","0","0","1","202201","202204","2305"
"9706178","530010","70701040","31708615000109","3","1","00000000000000","","","","0005","","0","E","","","04","","03","36","03","","99","","","","","","","","EAS 00063-02","20200205","1","","","","","","0","0","1","0","0","0","1","0","0","0","0","0","0","0",0,0,0,"0",0,0,0,0,0,0,0,0,0,0,0,0,0,0,"0",0,1,0,0,0,0,0,0,0,0,0,0,0,0,0,0,"1",0,0,0,"0",0,0,0,0,"0",0,0,0,0,0,0,0,0,0,0,0,0,0,0,0,"0","0","1","0","0","0","0","0","0","0","0","0","0","0","0","0","0","0","0","0","0","0","0","0","1","1","0","0","1","1","0","0","0","0","0","0","0","0","0","0","0","0","0","0","0","0","0","0","0","0","0","1","0","0","0","1","0","0","0","0","0","0","0","0","0","0","0","0","0","0","0","0","0","0","0","0","0","0","0","0","0","0","0","0","0","0","0","0","0","0","0","0","1","202111","202204","2062"
"9706526","530010","71060280","13813545000240","3","1","00000000000000","","","","0070","","0","E","","","04","","03","36","03","","99","","","","","","","","EAS-8310","20200221","1","","","","","","0","0","1","0","0","0","1","0","0","0","0","0","0","0",0,0,0,"0",0,0,0,0,0,0,0,0,0,0,0,0,0,0,"0",0,0,0,1,0,0,0,0,0,0,0,0,0,0,0,0,"1",0,0,0,"0",0,0,0,0,"0",0,0,0,0,0,0,0,0,0,0,0,0,0,0,0,"0","0","1","0","0","0","0","0","0","0","0","0","0","0","0","0","0","0","0","0","0","0","0","0","1","0","0","0","1","1","0","0","0","0","0","0","0","0","0","0","0","0","0","0","0","0","0","0","0","0","0","0","0","0","0","1","0","0","0","0","0","0","0","0","0","0","0","0","0","0","0","0","0","0","0","0","0","0","0","0","0","0","0","0","0","0","0","0","0","0","0","0","1","202103","202204","2062"
"9706801","530010","72006130","31824417000100","3","1","00000000000000","","","","","","0","E","","","04","","01","04","03","","99","","","","","","","","","","","","","","","","0","0","1","0","0","0","1","0","0","0","0","0","0","0",0,0,0,"0",0,0,0,0,0,0,0,0,0,0,0,0,0,0,"0",1,1,0,1,0,0,0,0,0,0,0,0,0,0,0,0,"1",0,0,0,"0",0,0,0,0,"0",0,0,0,0,0,0,0,0,0,0,0,0,0,0,0,"0","0","1","0","0","0","0","0","1","0","0","0","0","0","0","0","0","0","0","0","0","0","0","0","1","0","0","0","1","1","0","0","0","0","0","0","0","0","0","0","0","0","0","0","0","0","0","0","0","0","0","1","0","0","0","0","0","0","0","0","0","0","0","0","0","0","0","0","0","0","0","0","0","0","0","0","0","0","0","0","0","0","0","0","0","0","0","0","0","0","0","0","1","202109","202204","2305"
"9706844","530010","71950770","26112093000130","3","1","00000000000000","","","","0180","","0","E","","","04","","03","22","03","","99","","","","","","","","CERTIFICADO LICENCIAMENTO","20190118","1","","","","","","0","0","1","0","0","0","1","0","0","0","0","0","0","0",0,0,0,"0",0,0,0,0,0,0,0,0,0,0,0,0,0,0,"0",1,0,0,0,0,0,0,0,0,0,0,0,0,0,0,0,"1",0,0,0,"0",0,0,0,0,"0",0,0,0,0,0,0,0,0,0,0,0,0,0,0,0,"0","0","0","0","0","0","0","0","0","0","0","0","0","0","0","0","0","0","0","0","0","0","0","0","0","0","0","0","1","1","0","0","0","0","0","0","0","0","0","0","0","0","0","0","0","0","0","0","0","0","0","1","0","0","0","0","0","0","0","0","0","0","0","0","0","0","0","0","0","0","0","0","0","0","0","0","0","0","0","0","0","0","0","0","0","0","0","0","0","0","0","0","1","201901","202204","2305"
"9707999","530010","70200740","29820357000106","3","1","00000000000000","","","","0015","","0","E","","","04","","03","36","03","","99","","","","","","","","EAS.20612-01","20210128","1","","","","","","0","0","1","0","0","0","1","0","0","0","0","0","0","0",0,0,0,"0",0,0,0,0,0,0,0,0,0,0,0,0,0,0,"0",3,0,0,0,0,0,0,0,0,0,0,0,0,0,0,0,"1",0,0,0,"0",0,0,0,0,"0",0,0,0,0,0,0,0,0,0,0,0,0,0,0,0,"0","0","1","0","0","0","0","0","0","0","0","0","0","0","0","0","0","0","0","0","0","0","0","0","1","1","0","0","1","1","0","0","0","0","0","0","0","0","0","0","0","0","0","0","0","0","0","0","0","0","0","1","0","0","0","1","0","0","0","0","0","0","0","0","0","0","0","0","0","0","0","0","0","0","0","0","0","0","0","0","0","0","0","0","0","0","0","0","0","0","0","0","1","202112","202204","2062"
"9710035","530010","70770911","23181509000183","3","1","00000000000000","","","","","","0","E","","","04","","01","22","04","","99","","","","","","","","LICENCA SANITARIA","20170803","1","","","","","","0","0","1","0","0","0","1","0","0","0","0","0","0","0",0,0,0,"0",0,0,0,0,0,0,0,0,0,0,0,0,0,0,"0",0,0,0,1,0,0,0,0,0,0,0,0,0,0,0,0,"1",0,0,0,"0",0,0,0,0,"0",0,0,0,0,0,0,0,0,0,0,0,0,0,0,0,"0","0","0","0","0","0","0","0","0","0","0","0","0","0","0","0","0","0","0","0","0","0","0","0","0","0","0","0","1","1","0","0","0","0","0","0","0","0","0","0","0","0","0","0","0","0","0","0","0","0","0","1","0","0","0","1","0","0","0","0","0","0","0","0","0","0","0","0","0","0","0","0","0","0","0","0","0","0","0","0","0","0","0","0","0","0","0","0","0","0","0","0","1","201909","202204","2305"
"9710248","530010","71681120","31612634000129","3","1","00000000000000","","","","9930","","0","E","","","04","","01","62","03","","99","","","","","","","","51/2020","20200910","1","","","","","","0","0","1","0","0","0","1","0","0","0","0","1","0","1",0,0,0,"0",0,0,0,0,0,0,0,0,0,0,0,0,0,0,"1",0,9,0,0,0,0,0,0,3,0,0,0,0,1,0,0,"1",1,1,1,"1",0,0,0,0,"0",0,0,1,0,0,0,0,0,0,0,0,0,0,0,0,"0","1","1","0","0","0","0","0","1","0","0","0","0","0","0","0","0","1","0","1","0","0","0","0","1","1","1","0","1","1","0","0","0","0","0","0","0","0","0","0","0","0","0","0","0","0","0","0","0","0","0","1","0","0","0","1","0","0","0","0","0","0","0","0","0","0","0","0","0","0","0","0","0","0","0","0","0","0","0","0","0","0","0","0","0","0","0","0","0","0","0","0","1","202010","202204","2062"
"9711961","530010","71065315","32143619000141","3","1","00000000000000","","","","","","0","E","","","04","","01","22","03","","99","","","","","","","","LICENCIAMENTO RLE","20210208","1","","","","","","0","0","1","0","0","0","1","0","0","0","0","0","0","0",0,0,0,"0",0,0,0,0,0,0,0,0,0,0,0,0,0,0,"0",0,0,0,0,0,0,0,0,1,0,0,0,0,0,0,0,"1",0,0,0,"0",0,0,0,0,"0",0,0,0,0,0,0,0,0,0,0,0,0,0,0,0,"0","0","0","0","0","0","0","0","0","0","0","0","0","0","0","0","0","0","0","0","0","0","0","0","0","0","0","0","1","1","0","0","0","0","0","0","0","0","0","0","0","0","0","0","0","0","0","0","0","0","0","1","0","0","0","0","0","0","0","0","0","0","0","0","0","0","0","0","0","0","0","0","0","0","0","0","0","0","0","0","0","0","0","0","0","0","0","0","0","0","0","0","1","202202","202204","2135"
"9715371","530010","70770560","27353018000123","3","1","00000000000000","","","","0005","","0","E","","","04","","03","36","03","","99","","","","","","","","EAS 0028502","20190731","2","","","","","","0","0","1","0","0","0","1","0","0","0","0","0","0","0",0,0,0,"0",0,0,0,0,0,0,0,0,0,0,0,0,0,0,"0",0,1,0,0,0,0,0,0,0,0,0,0,0,0,0,0,"1",0,0,0,"0",0,0,0,0,"0",0,0,0,0,0,0,0,0,0,0,0,0,0,0,0,"0","0","0","1","0","0","0","0","0","0","0","0","0","0","0","0","0","0","0","0","0","0","0","0","1","1","0","0","1","1","0","0","0","0","0","0","0","0","0","0","0","0","0","0","0","0","0","0","0","0","0","1","0","0","0","1","0","0","0","0","0","0","0","0","0","0","0","0","0","0","0","0","0","0","0","0","0","0","0","0","0","0","0","0","0","0","0","0","0","0","0","0","1","202005","202204","2062"
"9715797","530010","71010006","00000000000000","3","3","00394700000108","","","","0070","","1","E","","","04","","02","36","03","","99","","","","","","","","","","","","","","","","0","0","1","0","0","0","1","0","0","0","0","0","0","0",0,0,0,"0",0,0,0,0,0,0,0,0,0,0,0,0,0,0,"0",0,0,0,0,0,0,0,0,4,0,0,0,0,0,0,0,"1",0,0,0,"0",0,0,0,0,"0",0,0,0,0,0,0,0,0,0,0,0,0,0,0,0,"0","0","0","0","0","0","0","0","1","0","0","0","0","0","0","0","0","0","0","1","0","0","0","0","1","1","0","0","1","1","0","0","0","0","0","0","0","0","0","0","0","0","0","0","0","0","0","0","0","0","1","0","0","0","0","0","0","0","0","0","0","0","0","0","0","0","0","0","0","0","0","0","0","0","0","0","0","0","0","0","0","0","0","0","0","1","0","0","0","0","0","0","1","202204","202204","1023"
"9716491","530010","72225052","29178132000190","3","1","00000000000000","","","","","","0","E","","","04","","03","04","03","","99","","","","","","","","53600256077","20200910","1","","","","","","0","0","1","0","0","0","1","0","0","0","0","0","0","0",0,0,0,"0",0,0,0,0,0,0,0,0,0,0,0,0,0,0,"0",0,5,0,0,0,0,0,0,3,0,0,0,0,0,0,0,"1",0,0,0,"0",0,0,0,0,"0",0,0,0,0,0,0,0,0,0,0,0,0,0,0,0,"0","0","1","0","0","0","0","0","0","0","0","0","0","0","0","0","0","0","0","1","0","0","0","0","1","1","0","0","1","1","0","0","0","0","0","0","0","0","0","0","0","0","0","0","0","0","0","0","0","0","0","1","0","0","0","1","0","0","0","0","0","0","0","0","0","0","0","0","0","0","0","0","0","0","0","0","0","0","0","0","0","0","0","0","0","0","0","0","0","0","0","0","1","202010","202204","2305"
"9717447","530010","72320562","09530706000130","3","1","00000000000000","","","","0140","","0","E","","","04","","01","36","03","","99","","","","","","","","0008318","20190129","1","","","","","","0","0","1","0","0","0","1","0","0","0","0","0","0","0",0,0,0,"0",0,0,0,0,0,0,0,0,0,0,0,0,0,0,"0",0,0,0,0,0,0,0,0,4,0,0,0,0,0,0,0,"1",0,0,0,"0",0,0,0,0,"0",0,0,0,0,0,0,0,0,0,0,0,0,0,0,0,"0","0","1","0","0","0","0","0","0","0","0","0","0","0","0","0","0","0","0","0","0","0","0","0","1","1","1","0","1","1","0","0","0","0","1","0","0","0","0","0","0","0","1","0","0","0","0","0","0","0","0","1","0","0","0","0","0","0","0","0","0","0","0","0","0","0","0","0","0","0","0","0","0","0","0","0","0","0","0","0","0","0","0","0","0","0","0","0","0","0","0","0","1","201902","202204","2135"
"9717781","530010","71936970","32233989000170","3","1","00000000000000","","","","9901","","0","E","","","04","","01","22","03","","99","","","","","","","","RLE","20210423","1","","","","","","0","0","1","0","0","0","1","0","0","0","0","0","0","0",0,0,0,"0",0,0,0,0,0,0,0,0,0,0,0,0,0,0,"0",0,0,0,0,0,0,0,0,1,0,0,0,0,0,0,0,"1",0,0,0,"0",0,0,0,0,"0",0,0,0,0,0,0,0,0,0,0,0,0,0,0,0,"0","0","1","0","0","0","0","0","1","0","0","0","0","0","0","0","0","0","0","0","0","0","0","0","1","1","0","0","1","1","0","0","0","0","0","0","0","0","0","0","0","0","0","0","0","0","0","0","0","0","0","1","0","0","0","0","0","0","0","0","0","0","0","0","0","0","0","0","0","0","0","0","0","0","0","0","0","0","0","0","0","0","0","0","0","0","0","0","0","0","0","0","1","202203","202204","2062"
"9718893","530010","70200740","28255541000180","3","1","00000000000000","","","","0015","","0","E","","","04","","03","36","03","","99","","","","","","","","EAS 2044401","20210309","1","","","","","","0","0","1","0","0","0","1","0","0","0","0","0","0","0",0,0,0,"0",0,0,0,0,0,0,0,0,0,0,0,0,0,0,"0",1,1,0,1,0,0,0,0,0,0,0,0,0,0,0,0,"1",0,0,0,"0",0,0,0,0,"0",0,0,0,0,0,0,0,0,0,0,0,0,0,0,0,"0","0","1","0","0","0","0","0","0","0","0","0","0","0","0","0","0","0","0","0","0","0","0","0","1","1","0","0","1","1","0","0","0","0","0","0","0","0","0","0","0","0","0","0","0","0","0","0","0","0","0","1","0","0","0","1","0","0","0","0","0","0","0","0","0","0","0","0","0","0","0","0","0","0","0","0","0","0","0","0","0","0","0","0","0","0","0","0","0","0","0","0","1","202110","202204","2062"
"9718966","530010","72145450","24909953000135","3","1","00000000000000","","","","","","0","E","","","04","","03","04","03","","99","","","","","","","","53600148797","20210517","1","","","","","","0","0","1","0","0","0","1","0","0","0","0","0","0","0",0,0,0,"0",0,0,0,0,0,0,0,0,0,0,0,0,0,0,"0",0,2,0,1,0,0,0,0,0,0,0,0,0,0,0,0,"1",0,0,0,"0",0,0,0,0,"0",0,0,0,0,0,0,0,0,0,0,0,0,0,0,0,"0","0","1","0","0","0","0","0","0","0","0","0","0","0","0","0","0","0","0","1","0","0","0","0","1","1","0","0","1","1","0","0","0","0","0","0","0","0","0","0","0","0","0","0","0","0","0","0","0","0","0","1","0","0","0","1","0","0","0","0","0","0","0","0","0","0","0","0","0","0","0","0","0","0","0","0","0","0","0","0","0","0","0","0","0","0","0","0","0","0","0","0","1","202106","202204","2062"
"9719857","530010","70200740","27911741000180","3","1","00000000000000","","","","0090","","0","E","","","04","","03","22","03","","99","","","","","","","","EAS 20554-01","20211014","1","","","","","","0","0","1","0","0","0","1","0","0","0","0","0","0","0",0,0,0,"0",0,0,0,0,0,0,0,0,0,0,0,0,0,0,"0",0,1,0,1,0,0,0,0,0,0,0,0,0,0,0,0,"1",0,0,0,"0",0,0,0,0,"0",0,0,0,0,0,0,0,0,0,0,0,0,0,0,0,"0","0","1","0","0","0","0","0","0","0","0","0","0","0","0","0","0","0","0","0","0","0","0","0","1","1","0","0","1","1","0","0","0","0","0","0","0","0","0","0","0","0","0","0","0","0","0","0","0","0","0","1","0","0","0","1","0","0","0","0","0","0","0","0","0","0","0","0","0","0","0","0","0","0","0","0","0","0","0","0","0","0","0","0","0","0","0","0","0","0","0","0","1","202204","202204","2305"
"9719997","530010","71953900","23824244000194","3","1","00000000000000","","","","9901","","0","E","","","04","","03","43","03","","99","","","","","","","","","","","","","","","","0","0","1","0","0","0","1","0","0","0","0","0","0","0",0,0,0,"0",0,0,0,0,0,0,0,0,0,0,0,0,0,0,"0",0,14,0,0,0,0,0,0,0,0,0,0,0,0,0,0,"1",0,0,0,"0",0,0,0,0,"0",0,0,0,0,0,0,0,0,0,0,0,0,0,0,0,"0","0","0","0","0","0","1","0","0","0","0","0","0","0","0","0","0","0","0","0","0","0","0","0","1","1","0","0","1","1","0","0","0","0","0","0","0","0","0","0","0","0","0","0","0","0","0","0","0","0","0","1","0","0","0","0","0","0","0","0","0","0","0","0","0","0","0","0","0","0","0","0","0","0","0","0","0","0","0","0","0","0","0","0","0","0","0","0","0","0","0","0","1","201912","202204","2062"
"9722580","530010","70390150","32632508000107","3","1","00000000000000","","","","0015","","0","E","","","04","","02","36","03","","99","","","","","","","","CERTIFICADO RLE","20190208","1","","","","","","0","0","1","0","0","0","1","0","0","0","0","0","0","0",0,0,0,"0",0,0,0,0,0,0,0,0,0,0,0,0,0,0,"0",0,0,0,8,0,0,0,0,0,0,0,0,0,0,0,0,"1",0,0,0,"0",0,0,0,0,"0",0,0,0,0,0,0,0,0,0,0,0,0,0,0,0,"0","0","1","0","0","0","0","0","0","0","0","0","0","0","0","0","0","0","0","0","0","0","0","0","1","0","0","0","1","1","0","0","0","0","0","0","0","0","0","0","0","0","0","0","0","0","0","0","0","0","0","1","0","0","0","0","0","0","0","0","0","0","0","0","0","0","0","0","0","0","0","0","0","0","0","0","0","0","0","0","0","0","0","0","0","0","0","0","0","0","0","0","1","202201","202204","2062"
"9725083","530010","70390150","31100743000167","3","1","00000000000000","","","","0015","","0","E","","","04","","01","22","03","","99","","","","","","","","","20191029","1","","","","","","0","0","1","0","0","0","1","0","0","0","0","0","0","0",0,0,0,"0",0,0,0,0,0,0,0,0,0,0,0,0,0,0,"0",1,0,0,0,0,0,0,0,0,0,0,0,0,0,0,0,"1",0,0,0,"0",0,0,0,0,"0",0,0,0,0,0,0,0,0,0,0,0,0,0,0,0,"0","0","1","0","0","0","0","0","0","0","0","0","0","0","0","0","0","0","0","0","0","0","0","0","1","0","0","0","1","1","0","0","0","0","0","0","0","0","0","0","0","0","0","0","0","0","0","0","0","0","0","1","0","0","0","0","0","0","0","0","0","0","0","0","0","0","0","0","0","0","0","0","0","0","0","0","0","0","0","0","0","0","0","0","0","0","0","0","0","0","0","0","1","202102","202204","2062"
"9726799","530010","70830301","32574505000156","3","1","00000000000000","","","","","","0","E","","","04","","01","22","03","","99","","","","","","","","","","","","","","","","0","0","1","0","0","0","1","0","0","0","0","0","0","0",0,0,0,"0",0,0,0,0,0,0,0,0,0,0,0,0,0,0,"0",0,0,0,1,0,0,0,0,0,0,0,0,0,0,0,0,"1",0,0,0,"0",0,0,0,0,"0",0,0,0,0,0,0,0,0,0,0,0,0,0,0,0,"0","0","1","0","0","0","0","0","0","0","0","0","0","0","0","0","0","0","0","0","0","0","0","0","1","0","0","0","1","1","0","0","0","0","0","0","0","0","0","0","0","0","0","0","0","0","0","0","0","0","0","0","0","0","0","1","0","0","0","0","0","0","0","0","0","0","0","0","0","0","0","0","0","0","0","0","0","0","0","0","0","0","0","0","0","0","0","0","0","0","0","0","1","202012","202204","2135"
"9727353","530010","70390140","31635857000616","3","1","00000000000000","","","","0015","","0","E","","","04","","03","05","06","","99","","","","","","","","53900391077","20210831","1","","","","","","0","0","0","0","0","0","0","0","0","1","0","0","0","1",0,49,20,"1",5,0,0,0,0,0,0,1,0,0,1,2,1,12,"1",0,0,20,0,0,0,0,1,0,0,1,0,1,1,1,2,"1",7,5,0,"1",0,0,0,0,"0",0,0,0,15,0,0,0,0,4,0,5,0,5,0,0,"1","1","1","0","0","0","1","0","1","0","1","0","0","0","0","0","0","1","1","0","0","0","1","0","1","1","1","1","1","1","0","0","0","1","0","0","1","0","1","0","0","0","1","0","1","0","0","0","1","0","0","1","0","0","0","1","0","0","1","0","0","0","1","0","0","1","0","0","0","1","0","0","0","0","0","0","0","0","0","0","0","0","0","0","0","0","0","0","0","0","0","0","1","202204","202204","2054"
"9727388","530010","71936250","28801638000140","3","1","00000000000000","","","","","","0","E","","","04","","03","22","03","","99","","","","","","","","20171401655240","20171025","1","","","","","","0","0","1","0","0","0","1","0","0","0","0","0","0","0",0,0,0,"0",0,0,0,0,0,0,0,0,0,0,0,0,0,0,"0",1,0,0,0,0,0,0,0,0,0,0,0,0,0,0,0,"1",0,0,0,"0",0,0,0,0,"0",0,0,0,0,0,0,0,0,0,0,0,0,0,0,0,"0","0","1","0","0","0","0","0","0","0","0","0","0","0","0","0","0","0","0","0","0","0","0","0","1","0","0","0","1","1","0","0","0","0","0","0","0","0","0","0","0","0","0","0","0","0","0","0","0","0","0","0","0","0","0","0","1","0","0","0","0","0","0","0","0","0","0","0","0","0","0","0","0","0","0","0","0","0","0","0","0","0","0","0","0","0","0","0","0","0","0","0","1","202008","202204","2062"
"9727426","530010","71919540","08911817000123","3","1","00000000000000","","","","9901","","0","E","","","03","","03","04","04","","99","","","","","","","","53100965974","20190115","1","","","","","","0","0","1","0","0","0","1","0","0","0","0","0","0","0",0,0,0,"0",0,0,0,0,0,0,0,0,0,0,0,0,0,0,"0",0,1,0,0,0,0,0,0,0,0,0,0,0,0,0,0,"1",0,0,0,"0",0,0,0,0,"0",0,0,0,0,0,0,0,0,0,0,0,0,0,0,0,"0","0","1","0","0","0","0","0","0","0","0","0","0","0","0","0","0","0","0","0","0","0","0","0","1","0","0","0","1","1","0","0","0","0","0","0","0","0","0","0","0","0","0","0","0","0","0","0","0","0","0","1","0","0","0","0","0","0","0","0","0","0","0","0","0","0","0","0","0","0","0","0","0","0","0","0","0","0","0","0","0","0","0","0","0","0","0","0","0","0","0","0","1","201902","202204","2062"
"9727906","530010","72110400","10636592000277","3","1","00000000000000","","","","0180","","0","E","","","04","","03","36","04","","99","","","","","","","","RLE","20200305","1","","","","","","0","0","1","0","0","0","1","0","0","0","0","0","0","0",0,0,0,"0",0,0,0,0,0,0,0,0,0,0,0,0,0,0,"0",0,0,0,4,0,0,0,0,0,0,0,0,0,0,0,0,"1",0,0,0,"0",0,0,0,0,"0",0,0,0,0,0,0,0,0,0,0,0,0,0,0,0,"0","0","1","0","0","0","0","0","0","0","0","0","0","0","0","0","0","0","0","0","0","0","0","0","1","0","0","0","1","1","0","0","0","0","0","0","0","0","0","0","0","0","0","0","0","0","0","0","0","0","0","1","0","0","0","1","0","0","0","0","0","0","0","0","0","0","0","0","0","0","0","0","0","0","0","0","0","0","0","0","0","0","0","0","0","0","0","0","0","0","0","0","1","202111","202204","2062"
"9728473","530010","71503505","07802349000196","3","1","00000000000000","","","","","","0","E","","","04","","03","22","03","","99","","","","","","","","EM ESTUDO","","","","","","","","0","0","1","0","0","0","1","0","0","0","0","0","0","0",0,0,0,"0",0,0,0,0,0,0,0,0,0,0,0,0,0,0,"0",0,0,0,0,0,0,0,0,1,0,0,0,0,0,0,0,"1",0,0,0,"0",0,0,0,0,"0",0,0,0,0,0,0,0,0,0,0,0,0,0,0,0,"0","0","1","0","0","0","0","0","1","0","0","0","0","0","0","0","0","0","0","0","0","0","0","0","1","1","0","0","1","1","0","0","0","0","0","0","0","0","0","0","0","0","0","0","0","0","0","0","0","0","0","1","0","0","0","0","0","0","0","0","0","0","0","0","0","0","0","0","0","0","0","0","0","0","0","0","0","0","0","0","0","0","0","0","0","0","0","0","0","0","0","0","1","202203","202204","2062"
"9728880","530010","73015121","13902092000147","3","1","00000000000000","","","","0170","","0","E","","","04","","03","22","04","","99","","","","","","","","20171401161000","20170824","1","","","","","","0","0","1","0","0","0","1","0","0","0","0","0","0","0",0,0,0,"0",0,0,0,0,0,0,0,0,0,0,0,0,0,0,"0",0,0,0,1,0,0,0,0,0,0,0,0,0,0,0,0,"1",0,0,0,"0",0,0,0,0,"0",0,0,0,0,0,0,0,0,0,0,0,0,0,0,0,"0","0","1","0","0","0","0","0","0","0","0","0","0","0","0","0","0","0","0","0","0","0","0","0","1","0","0","0","1","1","0","0","0","0","0","0","0","0","0","0","1","0","1","0","0","0","0","0","0","0","0","1","0","0","0","1","0","0","0","0","0","0","0","0","0","0","0","0","0","0","0","0","0","0","0","0","0","0","0","0","0","0","0","0","0","0","0","0","0","0","0","0","1","202103","202204","2135"
"9729003","530010","71939540","24195316000144","3","1","00000000000000","","","","0180","","0","E","","","04","","03","36","04","","99","","","","","","","","RLE","20181004","1","","","","","","0","0","1","0","0","0","1","0","0","0","0","0","0","0",0,0,0,"0",0,0,0,0,0,0,0,0,0,0,0,0,0,0,"0",0,1,0,1,0,0,0,0,0,0,0,0,0,0,0,0,"1",0,0,0,"0",0,0,0,0,"0",0,0,0,0,0,0,0,0,0,0,0,0,0,0,0,"0","0","1","0","0","0","0","0","0","0","0","0","0","0","0","0","0","0","0","0","0","0","0","0","1","0","0","0","1","1","0","0","0","0","0","0","0","0","0","0","0","0","0","0","0","0","0","0","0","0","0","1","0","0","0","1","0","0","0","0","0","0","0","0","0","0","0","0","0","0","0","0","0","0","0","0","0","0","0","0","0","0","0","0","0","0","0","0","0","0","0","0","1","201902","202204","2062"
"9730001","530010","70340907","32194899000117","3","1","00000000000000","","","","0015","","0","E","","","04","","01","22","03","","99","","","","","","","","LICENCIAMENTO SANITARIO","20210914","1","","","","","","0","0","1","0","0","0","1","0","0","0","0","0","0","0",0,0,0,"0",0,0,0,0,0,0,0,0,0,0,0,0,0,0,"0",0,1,0,0,0,0,0,0,0,0,0,0,0,0,0,0,"1",0,0,0,"0",0,0,0,0,"0",0,0,0,0,0,0,0,0,0,0,0,0,0,0,0,"0","0","0","1","0","0","0","0","0","0","0","0","0","0","0","0","0","0","0","0","0","0","0","0","1","0","0","0","1","1","0","0","0","0","0","0","0","0","0","0","0","0","0","0","0","0","0","0","0","0","0","1","0","0","0","0","0","0","0","0","0","0","0","0","0","0","0","0","0","0","0","0","0","0","0","0","0","0","0","0","0","0","0","0","0","0","0","0","0","0","0","0","1","202111","202204","2062"
"9730591","530010","70200610","27975632000127","3","1","00000000000000","","","","0015","","0","E","","","04","","03","36","03","","99","","","","","","","","","","1","","","","","","0","0","1","0","0","0","1","0","0","0","0","0","0","0",0,0,0,"0",0,0,0,0,0,0,0,0,0,0,0,0,0,0,"0",0,0,0,1,0,0,0,0,0,0,0,0,0,0,0,0,"1",0,0,0,"0",0,0,0,0,"0",0,0,0,0,0,0,0,0,0,0,0,0,0,0,0,"0","0","1","0","0","0","0","0","0","0","0","0","0","0","0","0","0","0","0","0","0","0","0","0","1","0","0","0","1","1","0","0","0","0","0","0","0","0","0","0","0","0","0","0","0","0","0","0","0","0","0","1","0","0","0","1","0","0","0","0","0","0","0","0","0","0","0","0","0","0","0","0","0","0","0","0","0","0","0","0","0","0","0","0","0","0","0","0","0","0","0","0","1","201903","202204","2305"
"9730664","530010","73350303","23406553000144","3","1","00000000000000","","","","0120","","0","E","","","04","","01","22","03","","99","","","","","","","","EAS00173-08","20181221","1","","","","","","0","0","1","0","0","0","1","0","0","0","0","0","0","0",0,0,0,"0",0,0,0,0,0,0,0,0,0,0,0,0,0,0,"0",1,0,0,0,0,0,0,0,0,0,0,0,0,0,0,0,"1",0,0,0,"0",0,0,0,0,"0",0,0,0,0,0,0,0,0,0,0,0,0,0,0,0,"0","0","1","0","0","0","0","0","0","0","0","0","0","0","0","0","0","0","0","0","0","0","0","0","1","0","0","0","1","1","0","0","0","0","0","0","0","0","0","0","0","0","0","0","0","0","0","0","0","0","0","1","0","0","0","1","0","0","0","0","0","0","0","0","0","0","0","0","0","0","0","0","0","0","0","0","0","0","0","0","0","0","0","0","0","0","0","0","0","0","0","0","1","201902","202204","2305"
"9731792","530010","71916500","32800652000105","3","1","00000000000000","","","","0180","","0","E","","","04","","03","36","04","","99","","","","","","","","RLE","20190219","1","","","","","","0","0","1","0","0","0","1","0","0","0","0","0","0","0",0,0,0,"0",0,0,0,0,0,0,0,0,0,0,0,0,0,0,"0",0,1,0,1,0,0,0,0,0,0,0,0,0,0,0,0,"1",0,0,0,"0",0,0,0,0,"0",0,0,0,0,0,0,0,0,0,0,0,0,0,0,0,"0","0","0","0","0","0","0","0","0","0","0","0","0","0","0","0","0","0","1","0","0","0","0","0","1","0","0","0","1","1","0","0","0","0","0","0","0","0","0","0","0","0","0","0","0","0","0","0","0","0","0","1","0","0","0","1","0","0","0","0","0","0","0","0","0","0","0","0","0","0","0","0","0","0","0","0","0","0","0","0","0","0","0","0","0","0","0","0","0","0","0","0","1","201902","202204","2062"
"9733825","530010","70200740","32063499000172","3","1","00000000000000","","","","0015","","0","E","","","04","","03","36","03","","99","","","","","","","","EAS 20610-01","20190121","1","","","","","","0","0","1","0","0","0","1","0","0","0","0","0","0","0",0,0,0,"0",0,0,0,0,0,0,0,0,0,0,0,0,0,0,"0",1,0,0,0,0,0,0,0,0,0,0,0,0,0,0,0,"1",0,0,0,"0",0,0,0,0,"0",0,0,0,0,0,0,0,0,0,0,0,0,0,0,0,"0","0","1","0","0","0","0","0","0","0","0","0","0","0","0","0","0","0","0","0","0","0","0","0","1","0","0","0","1","1","0","0","0","0","0","0","0","0","0","0","0","0","0","0","0","0","0","0","0","0","0","1","0","0","0","1","0","0","0","0","0","0","0","0","0","0","0","0","0","0","0","0","0","0","0","0","0","0","0","0","0","0","0","0","0","0","0","0","0","0","0","0","1","201911","202204","2062"
"9737960","530010","71625175","32026004000135","3","1","00000000000000","","","","","","0","E","","","04","","03","36","03","","99","","","","","","","","","20180814","2","","","","","","0","0","1","0","0","0","1","0","0","0","0","0","0","0",0,0,0,"0",0,0,0,0,0,0,0,0,0,0,0,0,0,0,"0",1,0,0,0,0,0,0,0,0,0,0,0,0,0,0,0,"1",0,0,0,"0",0,0,0,0,"0",0,0,0,0,0,0,0,0,0,0,0,0,0,0,0,"0","0","1","0","0","0","0","0","0","0","0","0","0","0","0","0","0","0","0","1","0","0","0","0","1","1","0","0","1","1","0","0","0","0","0","0","0","0","0","0","0","0","0","0","0","0","0","0","0","0","0","1","0","0","0","0","0","0","0","0","0","0","0","0","0","0","0","0","0","0","0","0","0","0","0","0","0","0","0","0","0","0","0","0","0","0","0","0","0","0","0","0","1","202009","202204","2305"
"9738533","530010","71693201","27984110000191","3","1","00000000000000","","","","","","0","E","","","04","","03","77","03","","99","","","","","","","","","","","","","","","","0","0","1","0","0","0","1","0","0","0","0","0","0","0",0,0,0,"0",0,0,0,0,0,0,0,0,0,0,0,0,0,0,"0",0,0,0,0,0,0,0,0,0,0,0,0,0,0,0,0,"0",0,0,0,"0",0,0,0,0,"0",0,0,0,0,0,0,0,0,0,0,0,0,0,0,0,"0","0","1","0","0","0","0","0","0","0","0","0","0","0","0","0","0","0","0","0","0","0","0","0","1","0","0","0","1","1","0","0","0","0","0","0","0","0","0","0","0","0","0","0","0","0","0","0","0","0","0","1","0","0","0","0","0","0","0","0","0","0","0","0","0","0","0","0","0","0","0","0","0","0","0","0","0","0","0","0","0","0","0","0","0","0","0","0","0","0","0","0","1","202202","202204","2062"
"9739025","530010","72410107","32316312000103","3","1","00000000000000","","","","","","0","E","","","04","","02","04","03","","99","001","34134","365939","","","","","SPM2037710059","20210804","2","","","","","","0","0","1","0","0","0","1","0","0","0","0","0","0","0",0,0,0,"0",0,0,0,0,0,0,0,0,0,0,0,0,0,0,"0",0,0,0,2,0,0,0,0,0,0,0,0,0,0,0,0,"1",0,0,0,"0",0,0,0,0,"0",0,0,0,0,0,0,0,0,0,0,0,0,0,0,0,"0","0","1","0","0","0","0","0","0","0","0","0","0","0","0","0","0","0","1","0","0","0","0","0","1","1","0","0","1","1","0","0","0","0","0","0","0","0","0","0","0","0","0","0","0","0","0","0","0","0","0","1","0","0","0","1","0","0","0","0","0","0","0","0","0","0","0","0","0","0","0","0","0","0","0","0","0","0","0","0","0","0","0","0","0","0","0","0","0","0","0","0","1","202111","202204","2062"
"9739386","530010","71679600","29592455000125","3","1","00000000000000","","","","9930","","0","E","","","04","","01","22","03","","99","","","","","","","","LICENCA","20180202","1","","","","","","0","0","1","0","0","0","1","0","0","0","0","0","0","0",0,0,0,"0",0,0,0,0,0,0,0,0,0,0,0,0,0,0,"0",0,0,0,0,0,0,0,0,2,0,0,0,0,0,0,0,"1",0,0,0,"0",0,0,0,0,"0",0,0,0,0,0,0,0,0,0,0,0,0,0,0,0,"0","0","1","0","0","0","0","0","0","0","0","0","0","0","0","0","0","0","0","0","0","0","0","0","1","1","0","0","1","1","0","0","0","0","0","0","0","0","0","0","0","0","0","0","0","0","0","0","0","0","0","1","0","0","0","0","0","0","0","0","0","0","0","0","0","0","0","0","0","0","0","0","0","0","0","0","0","0","0","0","0","0","0","0","0","0","0","0","0","0","0","0","1","202103","202204","2305"
"9740457","530010","70390700","32878846000115","3","1","00000000000000","","","","0010","","0","E","","","04","","01","36","04","","99","","","","","","","","CERT. DE LICENCIAMENTO","20190226","1","","","","","","0","0","1","0","0","0","1","0","0","0","0","0","0","0",0,0,0,"0",0,0,0,0,0,0,0,0,0,0,0,0,0,0,"0",0,0,0,2,0,0,0,0,0,0,0,0,0,0,0,0,"1",0,0,0,"0",0,0,0,0,"0",0,0,0,0,0,0,0,0,0,0,0,0,0,0,0,"0","0","1","0","0","0","0","0","0","0","0","0","0","0","0","0","0","0","0","0","0","0","0","0","1","0","0","0","1","1","0","0","0","0","0","0","0","0","0","0","0","0","0","0","0","0","0","0","0","0","0","1","0","0","0","0","0","0","0","0","0","0","0","0","0","0","0","0","0","0","0","0","0","0","0","0","0","0","0","0","0","0","0","0","0","0","0","0","0","0","0","0","1","202204","202204","2135"
"9740538","530010","70790157","32966422000102","3","1","00000000000000","","","","0010","","0","E","","","04","","01","22","04","","99","","","","","","","","CERT. DE LICENCIAMENTO","20190308","1","","","","","","0","0","1","0","0","0","1","0","0","0","0","0","0","0",0,0,0,"0",0,0,0,0,0,0,0,0,0,0,0,0,0,0,"0",0,0,0,1,0,0,0,0,0,0,0,0,0,0,0,0,"1",0,0,0,"0",0,0,0,0,"0",0,0,0,0,0,0,0,0,0,0,0,0,0,0,0,"0","0","1","0","0","0","0","0","0","0","0","0","0","0","0","0","0","0","0","0","0","0","0","0","1","0","0","0","1","1","0","0","0","0","0","0","0","0","0","0","0","0","0","0","0","0","0","0","0","0","0","1","0","0","0","0","0","0","0","0","0","0","0","0","0","0","0","0","0","0","0","0","0","0","0","0","0","0","0","0","0","0","0","0","0","0","0","0","0","0","0","0","1","202011","202204","2135"
"9740732","530010","70610050","32575115000109","3","1","00000000000000","","","","","","0","E","","","04","","01","22","03","","99","","","","","","","","RLE","20190214","1","","","","","","0","0","1","0","0","0","1","0","0","0","0","0","0","0",0,0,0,"0",0,0,0,0,0,0,0,0,0,0,0,0,0,0,"0",0,0,0,1,0,0,0,0,0,0,0,0,0,0,0,0,"1",0,0,0,"0",0,0,0,0,"0",0,0,0,0,0,0,0,0,0,0,0,0,0,0,0,"0","0","1","0","0","0","0","0","0","0","0","0","0","0","0","0","0","0","0","0","0","0","0","0","1","0","0","0","1","1","0","0","0","0","0","0","0","0","0","0","0","0","0","0","0","0","0","0","0","0","0","1","0","0","0","0","0","0","0","0","0","0","0","0","0","0","0","0","0","0","0","0","0","0","0","0","0","0","0","0","0","0","0","0","0","0","0","0","0","0","0","0","1","202008","202204","2062"
"9741585","530010","70200700","30601556000102","3","1","00000000000000","","","","0015","","0","E","","","04","","03","22","03","","99","","","","","","","","EAS.20584-01","20181105","1","","","","","","0","0","1","0","0","0","1","0","0","0","0","0","0","0",0,0,0,"0",0,0,0,0,0,0,0,0,0,0,0,0,0,0,"0",0,1,0,0,0,0,0,0,0,0,0,0,0,0,0,0,"1",0,0,0,"0",0,0,0,0,"0",0,0,0,0,0,0,0,0,0,0,0,0,0,0,0,"0","0","1","0","0","0","0","0","0","0","0","0","0","0","0","0","0","0","0","0","0","0","0","0","1","1","0","0","1","1","0","0","0","0","0","0","0","0","0","0","0","0","0","0","0","0","0","0","0","0","0","1","0","0","0","1","0","0","0","0","0","0","0","0","0","0","0","0","0","0","0","0","0","0","0","0","0","0","0","0","0","0","0","0","0","0","0","0","0","0","0","0","1","201909","202204","2062"
"9742204","530010","70390905","23837782000113","3","1","00000000000000","","","","","","0","E","","","04","","01","36","03","","99","","","","","","","","EAS.20621-01","20190225","1","","","","","","0","0","1","0","0","0","1","0","0","0","0","0","0","0",0,0,0,"0",0,0,0,0,0,0,0,0,0,0,0,0,0,0,"0",0,1,0,0,0,0,0,0,0,0,0,0,0,0,0,0,"1",0,0,0,"0",0,0,0,0,"0",0,0,0,0,0,0,0,0,0,0,0,0,0,0,0,"0","0","1","0","0","0","0","0","0","0","0","0","0","0","0","0","0","0","0","0","0","0","0","0","1","0","0","0","1","1","0","0","0","0","0","0","0","0","0","0","0","0","0","0","0","0","0","0","0","0","0","1","0","0","0","0","0","0","0","0","0","0","0","0","0","0","0","0","0","0","0","0","0","0","0","0","0","0","0","0","0","0","0","0","0","0","0","0","0","0","0","0","1","201909","202204","2062"
"9743618","530010","70711905","26668916000108","3","1","00000000000000","","","","0005","","0","E","","","04","","02","22","03","","99","","","","","","","","ILFOPL","20210420","1","","","","","","0","0","1","0","0","0","1","0","0","0","0","0","0","0",0,0,0,"0",0,0,0,0,0,0,0,0,0,0,0,0,0,0,"0",0,1,0,0,0,0,0,0,0,0,0,0,0,0,0,0,"1",0,0,0,"0",0,0,0,0,"0",0,0,0,0,0,0,0,0,0,0,0,0,0,0,0,"0","0","1","0","0","0","0","0","0","0","0","0","0","0","0","0","0","0","0","0","0","0","0","0","1","0","0","0","1","1","0","0","0","0","0","0","0","0","0","0","0","0","0","0","0","0","0","0","0","0","0","1","0","0","0","0","0","0","0","0","0","0","0","0","0","0","0","0","0","0","0","0","0","0","0","0","0","0","0","0","0","0","0","0","0","0","0","0","0","0","0","0","1","202104","202204","2305"
"9744940","530010","70200760","10981224000185","3","1","00000000000000","","","","0010","","0","E","","","04","","03","36","03","","99","","","","","","","","LICENCA DE FUNCIONAMENTO","20220131","1","","","","","","0","0","1","0","0","0","1","0","0","1","0","0","0","1",6,0,0,"1",0,0,0,0,0,0,0,0,0,0,0,0,0,0,"0",0,1,0,0,0,0,0,0,0,0,0,0,0,0,0,0,"1",0,0,0,"0",0,0,0,0,"0",0,0,0,0,0,0,0,0,0,0,0,0,0,0,0,"0","0","1","0","0","0","0","0","0","0","0","0","0","0","0","0","0","0","0","0","0","1","0","0","1","0","0","0","1","1","0","0","0","0","0","0","0","0","0","0","0","0","0","0","0","0","0","0","0","0","0","1","0","0","0","1","0","0","0","0","0","0","0","0","0","0","0","0","0","0","0","0","0","0","0","0","0","0","0","0","0","0","0","0","0","0","0","0","0","0","0","0","1","202204","202204","2062"
"9744975","530010","72215203","29869822000195","3","1","00000000000000","","","","0040","","0","E","","","04","","01","36","03","","99","","","","","","","","LICENCA DE FUNCIONAMENTO","20210301","1","","","","","","0","0","1","0","0","0","1","0","0","0","0","0","0","0",0,0,0,"0",0,0,0,0,0,0,0,0,0,0,0,0,0,0,"0",0,0,0,8,0,0,0,0,0,0,0,0,0,0,0,0,"1",0,0,0,"0",0,0,0,0,"0",0,0,0,0,0,0,0,0,0,0,0,0,0,0,0,"0","0","1","0","0","0","0","0","0","0","0","0","0","0","0","0","0","0","0","0","0","0","0","0","1","0","0","0","1","1","0","0","0","0","0","0","0","0","0","0","0","0","0","0","0","0","0","0","0","0","0","1","0","0","0","0","0","0","0","0","0","0","0","0","0","0","0","0","0","0","0","0","0","0","0","0","0","0","0","0","0","0","0","0","0","0","0","0","0","0","0","0","1","202103","202204","2062"
"9745580","530010","70730717","08909497000177","3","1","00000000000000","","","","","","0","E","","","03","","01","04","03","","99","","","","","","","","","","","","","","","","0","0","1","0","0","0","1","0","0","0","0","0","0","0",0,0,0,"0",0,0,0,0,0,0,0,0,0,0,0,0,0,0,"0",0,0,0,7,0,0,0,0,0,0,0,0,0,0,0,0,"1",0,0,0,"0",0,0,0,0,"0",0,0,0,0,0,0,0,0,0,0,0,0,0,0,0,"0","0","1","0","0","0","0","0","0","0","0","0","0","0","0","0","0","0","0","0","0","0","0","0","1","0","0","0","1","1","0","0","0","0","0","0","0","0","0","0","0","0","0","0","0","0","0","0","0","0","0","1","0","0","0","0","0","0","0","0","0","0","0","0","0","0","0","0","0","0","0","0","0","0","0","0","0","0","0","0","0","0","0","0","0","0","0","0","0","0","0","0","1","202010","202204","2062"
"9745653","530010","72115700","30738680000106","3","1","00000000000000","","","","","","0","E","","","04","","01","04","04","","99","","","","","","","","ES 0125","20210821","1","","","","","","0","0","1","0","0","0","1","0","0","0","0","0","0","0",0,0,0,"0",0,0,0,0,0,0,0,0,0,0,0,0,0,0,"0",2,0,0,0,0,0,0,0,0,0,0,0,0,0,0,0,"1",0,0,0,"0",0,0,0,0,"0",0,0,0,0,0,0,0,0,0,0,0,0,0,0,0,"0","0","0","1","0","0","0","0","0","1","0","0","0","0","0","0","0","0","0","0","0","0","0","0","1","0","0","0","1","1","0","0","0","0","0","0","0","0","0","0","0","0","0","0","0","0","0","0","0","0","0","1","0","0","0","1","0","0","0","0","0","0","0","0","0","0","0","0","0","0","0","0","0","0","0","0","0","0","0","0","0","0","0","0","0","0","0","0","0","0","0","0","1","202108","202204","2062"
"9747079","530010","72145450","32552520000101","3","1","00000000000000","","","","0180","","0","E","","","04","","01","36","04","","99","","","","","","","","RLE DIGITAL CERTIFICADO D","","1","","","","","","0","0","1","0","0","0","1","0","0","0","0","0","0","0",0,0,0,"0",0,0,0,0,0,0,0,0,0,0,0,0,0,0,"0",2,0,0,0,0,0,0,0,0,0,0,0,0,0,0,0,"1",0,0,0,"0",0,0,0,0,"0",0,0,0,0,0,0,0,0,0,0,0,0,0,0,0,"0","0","1","0","0","0","0","0","0","0","0","0","0","0","0","0","0","0","0","0","0","0","0","0","1","0","0","0","1","1","0","0","0","0","0","0","0","0","0","0","0","0","0","0","0","0","0","0","0","0","0","1","0","0","0","1","0","0","0","0","0","0","0","0","0","0","0","0","0","0","0","0","0","0","0","0","0","0","0","0","0","0","0","0","0","0","0","0","0","0","0","0","1","201911","202204","2062"
"9748202","530010","70200730","61590410001287","3","1","00000000000000","","","","0015","","0","E","","","04","","03","05","06","","99","","","","","","","","LICENCA SANITARIA","20210120","1","","","","","","0","0","0","0","0","0","0","0","0","0","0","1","0","1",6,64,36,"1",0,0,0,0,0,0,0,17,0,0,1,1,0,5,"1",0,0,2,2,0,0,0,1,0,0,13,0,0,0,0,0,"1",5,1,0,"1",0,0,0,0,"0",0,0,0,1,0,0,0,0,4,0,7,0,0,0,0,"0","1","1","0","1","0","1","0","1","0","1","0","0","0","0","0","0","1","1","0","0","1","1","0","1","1","1","1","1","1","0","0","0","0","0","0","0","0","0","0","0","0","0","0","1","0","0","0","1","0","0","1","0","0","0","1","0","0","1","0","0","0","1","0","0","1","0","0","1","1","0","0","0","0","0","0","0","0","0","0","0","0","0","0","0","0","0","0","0","0","0","0","1","202112","202204","3999"
"9751424","530010","70712040","30578580000160","3","1","00000000000000","","","","0005","","0","E","","","04","","01","22","03","","99","","","","","","","","ODO 0047102","20180815","1","","","","","","0","0","1","0","0","0","1","0","0","0","0","0","0","0",0,0,0,"0",0,0,0,0,0,0,0,0,0,0,0,0,0,0,"0",0,0,0,0,0,0,0,0,1,0,0,0,0,0,0,0,"1",0,0,0,"0",0,0,0,0,"0",0,0,0,0,0,0,0,0,0,0,0,0,0,0,0,"0","0","1","0","0","0","0","0","0","0","0","0","0","0","0","0","0","0","0","0","0","0","0","0","1","1","0","0","1","1","0","0","0","0","0","0","0","0","0","0","0","0","0","0","0","0","0","0","0","0","0","1","0","0","1","1","0","0","0","0","0","0","0","0","0","0","0","0","0","0","0","0","0","0","0","0","0","0","0","0","0","0","0","0","0","0","0","0","0","0","0","0","1","201904","202204","2062"
"9751890","530010","72600400","28152456000277","3","1","00000000000000","","","","0130","","0","E","","","04","","03","36","03","","99","","","","","","","","AGEFIS CBMDF IBRAM SUSDEC","20190220","1","","","","","","0","0","1","0","0","0","1","0","0","0","0","0","0","0",0,0,0,"0",0,0,0,0,0,0,0,0,0,0,0,0,0,0,"0",1,1,0,0,0,0,0,0,0,0,0,0,0,0,0,0,"1",0,0,0,"0",0,0,0,0,"0",0,0,0,0,0,0,0,0,0,0,0,0,0,0,0,"0","0","1","0","0","0","0","0","0","0","0","0","0","0","0","0","0","0","0","0","0","0","0","0","1","0","0","0","1","1","0","0","0","0","0","0","0","0","0","0","0","0","0","0","0","0","0","0","0","0","0","1","0","0","0","0","0","0","1","0","0","0","0","0","0","0","0","0","0","0","0","0","0","0","0","0","0","0","0","0","0","0","0","0","0","0","0","0","0","0","0","0","1","201904","202204","2305"
"9752129","530010","70390145","28152456000358","3","1","00000000000000","","","","0015","","0","E","","","04","","03","36","03","","99","","","","","","","","AGEFIS CBMDF SUSDEC VISA","20180906","1","","","","","","0","0","1","0","0","0","1","0","0","0","0","0","0","0",0,0,0,"0",0,0,0,0,0,0,0,0,0,0,0,0,0,0,"0",1,1,0,0,0,0,0,0,0,0,0,0,0,0,0,0,"1",0,0,0,"0",0,0,0,0,"0",0,0,0,0,0,0,0,0,0,0,0,0,0,0,0,"0","0","1","0","0","0","0","0","0","0","0","0","0","0","0","0","0","0","0","0","0","0","0","0","1","0","0","0","1","1","0","0","0","0","0","0","0","0","0","0","0","0","0","0","0","0","0","0","0","0","0","1","0","0","0","0","0","0","1","0","0","0","0","0","0","0","0","0","0","0","0","0","0","0","0","0","0","0","0","0","0","0","0","0","0","0","0","0","0","0","0","0","1","201904","202204","2305"
"9753443","530010","70710146","33071827000145","3","1","00000000000000","","","","","","0","E","","","04","","03","04","03","","99","","","","","","","","5320220099902","20210625","1","","","","","","0","0","1","0","0","0","1","0","0","0","0","0","0","0",0,0,0,"0",0,0,0,0,0,0,0,0,0,0,0,0,0,0,"0",0,2,0,0,0,0,0,0,0,0,0,0,0,0,0,0,"1",0,0,0,"0",0,0,0,0,"0",0,0,0,0,0,0,0,0,0,0,0,0,0,0,0,"0","0","1","0","0","0","0","0","0","0","0","0","0","0","0","0","0","0","0","1","0","0","0","0","1","0","0","0","1","1","0","0","0","0","0","0","0","0","0","0","0","0","0","0","0","0","0","0","0","0","0","1","0","0","0","1","0","0","0","0","0","0","0","0","0","0","0","0","0","0","0","0","0","0","0","0","0","0","0","0","0","0","0","0","0","0","0","0","0","0","0","0","1","202204","202204","2232"
"9753818","530010","71200042","19969355000111","3","1","00000000000000","","","","","","0","E","","","04","","01","22","03","","99","","","","","","","","RLE","20210120","1","","","","","","0","0","1","0","0","0","1","0","0","0","0","0","0","0",0,0,0,"0",0,0,0,0,0,0,0,0,0,0,0,0,0,0,"0",0,0,0,2,0,0,0,0,0,0,0,0,0,0,0,0,"1",0,0,0,"0",0,0,0,0,"0",0,0,0,0,0,0,0,0,0,0,0,0,0,0,0,"0","0","1","0","0","0","0","0","0","0","0","0","0","0","0","0","0","0","0","1","0","0","0","0","1","0","0","0","1","1","0","0","0","0","0","0","0","0","0","0","0","0","0","0","0","0","0","0","0","0","0","1","0","0","0","1","0","0","0","0","0","0","0","0","0","0","0","0","0","0","0","0","0","0","0","0","0","0","0","0","0","0","0","0","0","0","0","0","0","0","0","0","1","202107","202204","2062"
"9754598","530010","70390108","32825456000187","3","1","00000000000000","","","","0015","","0","E","","","04","","01","36","03","","99","","","","","","","","CERTIIF. LICENCIAMENTO","20190221","1","","","","","","0","0","1","0","0","0","1","0","0","0","0","0","0","0",0,0,0,"0",0,0,0,0,0,0,0,0,0,0,0,0,0,0,"0",0,1,0,0,0,0,0,0,0,0,0,0,0,0,0,0,"1",0,0,0,"0",0,0,0,0,"0",0,0,0,0,0,0,0,0,0,0,0,0,0,0,0,"0","0","1","0","0","0","0","0","0","0","0","0","0","0","0","0","0","0","0","0","0","0","0","0","1","0","0","0","1","1","0","0","0","0","0","0","0","0","0","0","0","0","0","0","0","0","0","0","0","0","0","1","0","0","0","1","0","0","0","0","0","0","0","0","0","0","0","0","0","0","0","0","0","0","0","0","0","0","0","0","0","0","0","0","0","0","0","0","0","0","0","0","1","202204","202204","2062"
"9755772","530010","70701040","32133768000120","3","1","00000000000000","","","","","","0","E","","","04","","03","22","03","","99","","","","","","","","ODO - 0416-02","20210325","1","","","","","","0","0","1","0","0","0","1","0","0","0","0","0","0","0",0,0,0,"0",0,0,0,0,0,0,0,0,0,0,0,0,0,0,"0",0,0,0,0,0,0,0,0,1,0,0,0,0,0,0,0,"1",0,0,0,"0",0,0,0,0,"0",0,0,0,0,0,0,0,0,0,0,0,0,0,0,0,"0","0","1","0","0","0","0","0","0","0","0","0","0","0","0","0","0","0","0","0","0","0","0","0","1","1","0","0","1","1","0","0","0","0","0","0","0","0","0","0","0","0","0","0","0","0","0","0","0","0","0","1","0","0","0","1","0","0","0","0","0","0","0","0","0","0","0","0","0","0","0","0","0","0","0","0","0","0","0","0","0","0","0","0","0","0","0","0","0","0","0","0","1","202202","202204","2305"
"9757325","530010","70390145","32608321000160","3","1","00000000000000","","","","0015","","0","E","","","04","","03","04","03","","99","","","","","","","","CERTIFICADO RLE","20190130","1","","","","","","0","0","1","0","0","0","1","0","0","0","0","0","0","0",0,0,0,"0",0,0,0,0,0,0,0,0,0,0,0,0,0,0,"0",0,1,0,0,0,0,0,0,1,0,0,0,0,0,0,0,"1",0,0,0,"0",0,0,0,0,"0",0,0,0,0,0,0,0,0,0,0,0,0,0,0,0,"0","0","1","0","0","0","0","0","0","0","0","0","0","0","0","0","0","0","0","0","0","0","0","0","1","0","0","0","1","1","0","0","0","0","0","0","0","0","0","0","0","0","0","0","0","0","0","0","0","0","0","1","0","0","0","1","0","0","0","0","0","0","0","0","0","0","0","0","0","0","0","0","0","0","0","0","0","0","0","0","0","0","0","0","0","0","0","0","0","0","0","0","1","202201","202204","2062"
"9757473","530010","70711906","31938621000144","3","1","00000000000000","","","","","","0","E","","","04","","01","22","03","","99","","","","","","","","","","","","","","","","0","0","1","0","0","0","1","0","0","0","0","0","0","0",0,0,0,"0",0,0,0,0,0,0,0,0,0,0,0,0,0,0,"0",0,0,0,0,0,0,0,0,1,0,0,0,0,0,0,0,"1",0,0,0,"0",0,0,0,0,"0",0,0,0,0,0,0,0,0,0,0,0,0,0,0,0,"0","0","0","0","0","0","0","0","0","0","0","0","0","0","0","0","0","0","0","0","0","0","0","0","0","0","0","0","1","1","0","0","0","0","0","0","0","0","0","0","0","0","0","0","0","0","0","0","0","0","0","1","0","0","1","1","0","0","0","0","0","0","0","0","0","0","0","0","0","0","0","0","0","0","0","0","0","0","0","0","0","0","0","0","0","0","0","0","0","0","0","0","1","201904","202204","2062"
"9757791","530010","72210055","31775683000182","3","1","00000000000000","","","","0040","","0","E","","","04","","03","36","03","","99","","","","","","","","EAS.00622-16","20210517","1","","","","","","0","0","1","0","0","0","1","0","0","0","0","0","0","0",0,0,0,"0",0,0,0,0,0,0,0,0,0,0,0,0,0,0,"0",0,2,0,0,0,0,0,0,0,0,0,0,0,0,0,0,"1",0,0,0,"0",0,0,0,0,"0",0,0,0,0,0,0,0,0,0,0,0,0,0,0,0,"0","0","1","0","0","0","0","0","0","0","0","0","0","0","0","0","0","0","0","0","0","0","0","0","1","1","0","0","1","1","0","0","0","0","0","0","0","0","0","0","0","0","0","0","0","0","0","0","0","0","0","1","0","0","0","1","0","0","0","0","0","0","0","0","0","0","0","0","0","0","0","0","0","0","0","0","0","0","0","0","0","0","0","0","0","0","0","0","0","0","0","0","1","202110","202204","2062"
"9757899","530010","70390145","32608597000148","3","1","00000000000000","","","","","","0","E","","","04","","03","22","03","","99","","","","","","","","RLE","20220107","1","","","","","","0","0","1","0","0","0","1","0","0","0","0","0","0","0",0,0,0,"0",0,0,0,0,0,0,0,0,0,0,0,0,0,0,"0",0,0,0,1,0,0,0,0,0,0,0,0,0,0,0,0,"1",0,0,0,"0",0,0,0,0,"0",0,0,0,0,0,0,0,0,0,0,0,0,0,0,0,"0","0","1","0","0","0","0","0","0","0","0","0","0","0","0","0","0","0","0","0","0","0","0","0","1","0","0","0","1","1","0","0","0","0","0","0","0","0","0","0","0","0","0","0","0","0","0","0","0","0","0","1","0","0","0","1","0","0","0","0","0","0","0","0","0","0","0","0","0","0","0","0","0","0","0","0","0","0","0","0","0","0","0","0","0","0","0","0","0","0","0","0","1","202201","202204","2062"
"9758410","530010","72015901","26219697000180","3","1","00000000000000","","","","","","0","E","","","04","","03","39","03","","99","","","","","","","","LAB 00020-14","20200313","1","","","","","","0","0","1","0","0","0","1","0","0","0","0","0","0","0",0,0,0,"0",0,0,0,0,0,0,0,0,0,0,0,0,0,0,"0",0,0,0,2,0,0,0,0,0,0,0,0,0,0,0,0,"1",0,0,0,"0",0,0,0,0,"0",0,0,0,0,0,0,0,0,0,0,0,0,0,0,0,"0","0","1","0","0","0","0","0","0","0","0","0","0","0","0","0","0","0","0","0","0","0","0","0","1","1","1","0","0","1","0","0","0","0","0","0","0","0","0","0","0","0","0","0","0","0","0","0","0","0","0","1","0","0","0","1","0","0","1","0","0","0","1","0","0","0","0","0","0","0","0","0","0","0","0","0","0","0","0","0","0","0","0","0","0","0","0","0","0","0","0","0","1","202109","202204","2062"
"9758429","530010","72015525","32555030000150","3","1","00000000000000","","","","0180","","0","E","","","04","","03","04","03","","99","","","","","","","","CERTIFICADO RLE","20190129","1","","","","","","0","0","1","0","0","0","1","0","0","0","0","0","0","0",0,0,0,"0",0,0,0,0,0,0,0,0,0,0,0,0,0,0,"0",0,2,0,2,0,0,0,0,0,0,0,0,0,0,0,0,"1",0,0,0,"0",0,0,0,0,"0",0,0,0,0,0,0,0,0,0,0,0,0,0,0,0,"0","0","1","0","0","0","0","0","0","0","0","0","0","0","0","0","0","0","0","0","0","0","0","0","1","0","0","0","1","1","0","0","0","0","0","0","0","0","0","0","0","0","0","0","0","0","0","0","0","0","0","1","0","0","0","1","0","0","0","0","0","0","0","0","0","0","0","0","0","0","0","0","0","0","0","0","0","0","0","0","0","0","0","0","0","0","0","0","0","0","0","0","1","202101","202204","2062"
"9758437","530010","72505205","30223480000110","3","1","00000000000000","","","","","","0","E","","","04","","03","36","03","","99","","","","","","","","EAS 0003119","20200723","1","","","","","","0","0","1","0","0","0","1","0","0","0","0","0","0","0",0,0,0,"0",0,0,0,0,0,0,0,0,0,0,0,0,0,0,"0",0,1,0,0,0,0,0,0,0,0,0,0,0,0,0,0,"1",0,0,0,"0",0,0,0,0,"0",0,0,0,0,0,0,0,0,0,0,0,0,0,0,0,"0","0","1","0","0","0","0","0","0","0","0","0","0","0","0","0","0","0","0","0","0","0","0","0","1","1","1","0","1","1","0","0","0","0","0","0","0","0","0","0","0","0","0","0","0","0","0","0","0","0","0","1","0","0","0","1","0","0","0","0","0","0","0","0","0","0","0","0","0","0","0","0","0","0","0","0","0","0","0","0","0","0","0","0","0","0","0","0","0","0","0","0","1","202103","202204","2062"
"9759506","530010","70610050","31964855000166","3","1","00000000000000","","","","0010","","0","E","","","04","","03","22","03","","99","","","","","","","","EAS.20632.01","20190320","1","","","","","","0","0","1","0","0","0","1","0","0","0","0","0","0","0",0,0,0,"0",0,0,0,0,0,0,0,0,0,0,0,0,0,0,"0",1,0,0,0,0,0,0,0,0,0,0,0,0,0,0,0,"1",0,0,0,"0",0,0,0,0,"0",0,0,0,0,0,0,0,0,0,0,0,0,0,0,0,"0","0","0","0","0","0","0","0","0","0","0","0","0","0","0","0","0","0","0","0","0","0","0","0","0","0","0","0","1","1","0","0","0","0","0","0","0","0","0","0","0","0","0","0","0","0","0","0","0","0","0","0","0","0","0","1","0","0","0","0","0","0","0","0","0","0","0","0","0","0","0","0","0","0","0","0","0","0","0","0","0","0","0","0","0","0","0","0","0","0","0","0","1","201904","202204","2062"
"9759816","530010","72220403","26984270000178","3","1","00000000000000","","","","0040","","0","E","","","04","","02","36","03","","99","","","","","","","","LICENCA SANITARIA 0062316","20190312","1","","","","","","0","0","1","0","0","0","1","0","0","0","0","0","0","0",0,0,0,"0",0,0,0,0,0,0,0,0,0,0,0,0,0,0,"0",0,2,0,0,0,0,0,0,0,0,0,0,0,0,0,0,"1",0,0,0,"0",0,0,0,0,"0",0,0,0,0,0,0,0,0,0,0,0,0,0,0,0,"0","0","0","0","0","0","0","0","0","0","0","0","0","0","0","0","0","0","0","0","0","0","0","0","0","1","0","0","1","1","0","0","0","0","0","0","0","0","0","0","0","0","0","0","0","0","0","0","0","0","0","1","0","0","0","0","0","0","0","0","0","0","0","0","0","0","0","0","0","0","0","0","0","0","0","0","0","0","0","0","0","0","0","0","0","0","0","0","0","0","0","0","1","201904","202204","2062"
"9761616","530010","72115700","19626458000260","3","1","00000000000000","","","","","","0","E","","","04","","01","36","03","","99","","","","","","","","EAS.00285-15/2022","20220216","1","","","","","","0","0","1","0","0","0","1","0","0","0","0","0","0","0",0,0,0,"0",0,0,0,0,0,0,0,0,0,0,0,0,0,0,"0",0,1,0,0,0,0,0,0,0,0,0,0,0,0,0,0,"1",0,0,0,"0",0,0,0,0,"0",0,0,0,0,0,0,0,0,0,0,0,0,0,0,0,"0","0","1","0","0","0","0","0","0","0","0","0","0","0","0","0","0","0","0","0","0","0","0","0","1","1","0","0","1","1","0","0","0","0","0","0","0","0","0","0","0","0","0","0","0","0","0","0","0","0","0","1","0","0","0","1","0","0","0","0","0","0","0","0","0","0","0","0","0","0","0","0","0","0","0","0","0","0","0","0","0","0","0","0","0","0","0","0","0","0","0","0","1","202204","202204","2062"
"9761640","530010","72115700","28804239000133","3","1","00000000000000","","","","","","0","E","","","04","","01","22","03","","99","","","","","","","","EAS.00283-15/2022","20220323","1","","","","","","0","0","1","0","0","0","1","0","0","0","0","0","0","0",0,0,0,"0",0,0,0,0,0,0,0,0,0,0,0,0,0,0,"0",0,1,0,0,0,0,0,0,0,0,0,0,0,0,0,0,"1",0,0,0,"0",0,0,0,0,"0",0,0,0,0,0,0,0,0,0,0,0,0,0,0,0,"0","0","1","0","0","0","0","0","0","0","0","0","0","0","0","0","0","0","0","0","0","0","0","0","1","1","0","0","1","1","0","0","0","0","0","0","0","0","0","0","0","0","0","0","0","0","0","0","0","0","0","1","0","0","0","1","0","0","0","0","0","0","0","0","0","0","0","0","0","0","0","0","0","0","0","0","0","0","0","0","0","0","0","0","0","0","0","0","0","0","0","0","1","202204","202204","2240"
"9761985","530010","70390145","20993645000180","3","1","00000000000000","","","","","","0","E","","","04","","03","22","03","","99","","","","","","","","53201960641","20181106","1","","","","","","0","0","1","0","0","0","1","0","0","0","0","0","0","0",0,0,0,"0",0,0,0,0,0,0,0,0,0,0,0,0,0,0,"0",0,0,0,1,0,0,0,0,0,0,0,0,0,0,0,0,"1",0,0,0,"0",0,0,0,0,"0",0,0,0,0,0,0,0,0,0,0,0,0,0,0,0,"0","0","1","0","0","0","0","0","0","0","0","0","0","0","0","0","0","0","0","0","0","0","0","0","1","0","0","0","1","1","0","0","0","0","0","0","0","0","0","0","0","0","0","0","0","0","0","0","0","0","0","1","0","0","0","1","0","0","0","0","0","0","0","0","0","0","0","0","0","0","0","0","0","0","0","0","0","0","0","0","0","0","0","0","0","0","0","0","0","0","0","0","1","202003","202204","2062"
"9763503","530010","70390100","25136859000153","3","1","00000000000000","","","","0015","","0","E","","","04","","03","04","03","","99","","","","","","","","EAS 2052001","20210513","1","","","","","","0","0","1","0","0","0","1","0","0","0","0","0","0","0",0,0,0,"0",0,0,0,0,0,0,0,0,0,0,0,0,0,0,"0",0,3,0,0,0,0,0,0,0,0,0,0,0,0,0,0,"1",0,0,0,"0",0,0,0,0,"0",0,0,0,0,0,0,0,0,0,0,0,0,0,0,0,"0","0","1","0","0","0","0","0","0","1","0","0","0","0","0","0","0","0","0","1","0","0","0","0","1","1","1","0","1","1","0","0","0","0","0","0","0","0","0","0","0","0","0","0","0","0","0","0","0","0","0","1","0","0","0","1","0","0","0","0","0","0","0","0","0","0","0","0","0","0","0","0","0","0","0","0","0","0","0","0","0","0","0","0","0","0","0","0","0","0","0","0","1","202204","202204","2062"
"9764860","530010","72405901","00000000000000","3","3","00394700000108","","SUL","","0060","","1","E","","","04","","03","36","03","","99","","","","","","","","","","","","","","","","0","0","1","0","0","0","1","0","0","0","0","0","0","0",0,0,0,"0",0,0,0,0,0,0,0,0,1,0,0,0,0,0,"1",0,0,0,1,0,0,0,0,4,0,0,0,0,0,0,0,"1",0,0,0,"0",0,0,0,0,"0",0,0,0,0,1,0,0,0,0,0,0,0,0,0,0,"0","0","0","0","0","0","0","0","0","0","0","0","0","0","0","0","0","0","0","0","0","0","0","0","0","1","0","0","1","1","0","0","0","0","0","0","0","0","0","0","0","0","0","0","0","0","0","0","0","0","1","0","0","0","0","0","0","0","0","0","0","0","0","0","0","0","0","0","0","0","0","0","0","0","0","0","0","0","0","0","0","0","0","0","0","0","0","0","0","0","0","0","1","202107","202204","1023"
"9765875","530010","70770568","30056773000150","3","1","00000000000000","","","","","","0","E","","","04","","03","04","03","","99","","","","","","","","EAS 00140-02","20191216","1","","","","","","0","0","1","0","0","0","1","0","0","0","0","0","0","0",0,0,0,"0",0,0,0,0,0,0,0,0,0,0,0,0,0,0,"0",0,5,0,0,0,0,0,0,0,0,0,0,0,0,0,0,"1",0,0,0,"0",0,0,0,0,"0",0,0,0,0,0,0,0,0,0,0,0,0,0,0,0,"0","0","1","0","0","0","0","0","0","0","0","0","0","0","0","0","0","0","0","0","0","0","0","0","1","0","0","0","1","1","0","0","0","0","0","0","0","0","0","0","0","0","0","0","0","0","0","0","0","0","0","1","0","0","0","1","0","0","0","0","0","0","0","0","0","0","0","0","0","0","0","0","0","0","0","0","0","0","0","0","0","0","0","0","0","0","0","0","0","0","0","0","1","202001","202204","2062"
"9765972","530010","70333900","12742159000241","3","1","00000000000000","","","","0015","","0","E","","","04","","03","04","04","","99","","","","","","","","EAS-20634-01","20200601","1","","","","","","0","0","1","0","0","0","1","0","0","0","0","0","0","0",0,0,0,"0",0,0,0,0,0,0,0,0,0,0,0,0,0,0,"0",1,1,0,0,0,0,0,0,0,0,0,0,0,0,0,0,"1",0,0,0,"0",0,0,0,0,"0",0,0,0,0,0,0,0,0,0,0,0,0,0,0,0,"0","0","1","0","0","0","0","0","0","0","0","0","0","0","0","0","0","0","0","0","0","0","0","0","1","0","0","0","1","1","0","0","0","0","0","0","0","0","0","0","0","0","0","0","0","0","0","0","0","0","0","1","0","0","0","1","0","0","0","0","0","0","0","0","0","0","0","0","0","0","0","0","0","0","0","0","0","0","0","0","0","0","0","0","0","0","0","0","0","0","0","0","1","202102","202204","2062"
"9766944","530010","72110560","30593261000123","3","1","00000000000000","","","","0180","","0","E","","","04","","03","36","03","","99","","","","","","","","","","","","","","","","0","0","1","0","0","0","1","0","0","0","0","0","0","0",0,0,0,"0",0,0,0,0,0,0,0,0,0,0,0,0,0,0,"0",0,2,0,0,0,0,0,0,0,0,0,0,0,0,0,0,"1",0,0,0,"0",0,0,0,0,"0",0,0,0,0,0,0,0,0,0,0,0,0,0,0,0,"0","0","0","0","0","0","0","0","0","0","0","0","0","0","0","0","0","0","0","0","0","0","0","0","0","1","1","0","1","1","0","0","0","0","0","0","0","0","0","0","0","0","0","0","0","0","0","0","0","0","0","1","0","0","0","0","0","0","0","0","0","0","0","0","0","0","0","0","0","0","0","0","0","0","0","0","0","0","0","0","0","0","0","0","0","0","0","0","0","0","0","0","1","201904","202204","2062"
"9766979","530010","71906750","06277192000326","3","1","00000000000000","","","","9901","","0","E","","","04","","03","36","04","","99","001","35998","4300874","","","","","EAS0012022","20190318","1","","","","","","0","0","1","0","0","0","1","0","0","0","0","0","0","0",0,0,0,"0",0,0,0,0,0,0,0,0,0,0,0,0,0,0,"0",0,0,0,16,0,0,0,0,0,0,0,0,0,0,0,0,"1",0,0,0,"0",0,0,0,0,"0",0,0,0,0,0,0,0,0,0,0,0,0,0,0,0,"0","0","1","0","0","0","0","0","1","0","0","0","0","0","0","0","0","1","0","1","0","0","0","0","1","1","0","0","1","1","0","0","0","0","0","1","1","0","0","0","0","0","1","0","0","0","0","0","0","0","0","1","0","0","1","1","0","0","0","0","0","1","1","0","0","0","0","0","0","0","0","0","0","0","0","0","0","0","0","0","0","0","0","0","0","0","0","0","0","0","0","0","1","202108","202204","2062"
"9767371","530010","71919540","31822070000159","3","1","00000000000000","","","","","","0","E","","","04","","01","22","04","","99","","","","","","","","53202198557","20190410","1","","","","","","0","0","1","0","0","0","1","0","0","0","0","0","0","0",0,0,0,"0",0,0,0,0,0,0,0,0,0,0,0,0,0,0,"0",0,1,0,0,0,0,0,0,0,0,0,0,0,0,0,0,"1",0,0,0,"0",0,0,0,0,"0",0,0,0,0,0,0,0,0,0,0,0,0,0,0,0,"0","0","0","0","0","0","0","0","0","0","0","0","0","0","0","0","0","0","0","0","0","0","0","0","0","0","0","0","1","1","0","0","0","0","0","0","0","0","0","0","0","0","0","0","0","0","0","0","0","0","0","1","0","0","0","0","0","0","0","0","0","0","0","0","0","0","0","0","0","0","0","0","0","0","0","0","0","0","0","0","0","0","0","0","0","0","0","0","0","0","0","0","1","202008","202204","2062"
"9767614","530010","70040912","33719485002847","3","1","00000000000000","","","","0010","","0","E","","","04","","01","04","03","","99","","","","","","","","","","","","","","","","0","0","1","0","0","0","1","0","0","0","0","0","0","0",0,0,0,"0",0,0,0,0,0,0,0,0,0,0,0,0,0,0,"0",4,0,0,0,0,0,0,0,0,0,0,0,0,0,0,0,"1",0,0,0,"0",0,0,0,0,"0",0,0,0,0,0,0,0,0,0,0,0,0,0,0,0,"0","0","0","1","0","0","0","0","0","0","0","0","0","0","0","0","0","0","0","0","0","0","0","0","1","1","1","0","1","1","0","0","0","0","0","0","0","0","0","0","0","0","0","0","0","0","0","0","0","0","0","0","0","0","0","1","0","0","0","0","0","0","0","0","0","0","0","0","0","0","0","0","0","0","0","0","0","0","0","0","0","0","0","0","0","0","0","0","0","0","0","0","1","202010","202204","3999"
"9767754","530010","70390108","27699442000124","3","1","00000000000000","","","","0015","","0","E","","","04","","03","22","03","","99","","","","","","","","EAS20644-01","20211202","1","","","","","","0","0","1","0","0","0","1","0","0","0","0","0","0","0",0,0,0,"0",0,0,0,0,0,0,0,0,0,0,0,0,0,0,"0",0,1,0,0,0,0,0,0,0,0,0,0,0,0,0,0,"1",0,0,0,"0",0,0,0,0,"0",0,0,0,0,0,0,0,0,0,0,0,0,0,0,0,"0","0","1","0","0","0","0","0","0","0","0","0","0","0","0","0","0","0","0","0","0","0","0","0","1","0","0","0","1","1","0","0","0","0","0","0","0","0","0","0","0","0","0","0","0","0","0","0","0","0","0","1","0","0","0","1","0","0","0","0","0","0","0","0","0","0","0","0","0","0","0","0","0","0","0","0","0","0","0","0","0","0","0","0","0","0","0","0","0","0","0","0","1","202112","202204","2062"
"9768394","530010","70200740","11620959000146","3","1","00000000000000","","","","0015","","0","E","","","04","","03","36","03","","99","","","","","","","","EAS 2050001","20180504","1","","","","","","0","0","1","0","0","0","1","0","0","0","0","0","0","0",0,0,0,"0",0,0,0,0,0,0,0,0,0,0,0,0,0,0,"0",0,2,0,1,0,0,0,0,0,0,0,0,0,0,0,0,"1",0,0,0,"0",0,0,0,0,"0",0,0,0,0,0,0,0,0,0,0,0,0,0,0,0,"0","0","1","0","0","0","0","0","1","0","0","0","0","0","0","0","0","0","0","1","0","0","0","0","1","1","0","0","1","1","0","0","0","0","0","0","0","0","0","0","0","0","0","0","0","0","0","0","0","0","0","1","0","0","0","1","0","0","0","0","0","0","0","0","0","0","0","0","0","0","0","0","0","0","0","0","0","0","0","0","0","0","0","0","0","0","0","0","0","0","0","0","1","201904","202204","2062"
"9768637","530010","73310690","00000000000000","3","3","00394700000108","","06","","","","1","E","","","04","","01","02","03","","99","","","","","","","","","","","","","","","","1","0","0","0","0","0","1","0","0","0","0","0","0","0",0,0,0,"0",0,0,0,0,0,0,0,0,0,0,0,0,0,0,"0",4,0,0,2,0,0,0,0,4,0,4,1,1,0,1,0,"1",0,0,0,"0",0,0,0,0,"0",0,0,0,0,0,0,0,0,0,0,0,0,0,0,0,"0","0","1","0","0","0","1","0","1","0","0","0","0","0","0","0","0","0","0","0","0","0","0","0","1","1","1","0","1","1","0","0","0","0","0","0","0","0","0","0","0","0","0","0","0","0","0","0","0","0","1","0","0","0","0","0","0","0","0","0","0","0","0","0","0","0","0","0","0","0","0","0","0","0","0","0","0","0","0","0","0","0","0","0","0","0","0","0","0","0","0","0","1","202204","202204","1023"
"9768912","530010","70733400","37117678000401","3","1","00000000000000","","","","","","1","E","","","04","","01","36","03","","99","070","0062","062001331-1","","","","","EAS.05373-01","20210528","1","","","","","","0","0","1","0","0","0","1","0","0","0","0","0","0","0",0,0,0,"0",0,0,0,0,0,0,0,0,0,0,0,0,0,0,"0",0,2,0,0,0,0,0,0,0,0,0,0,0,0,0,0,"1",0,0,0,"0",0,0,0,0,"0",0,0,0,0,0,0,0,0,0,0,0,0,0,0,0,"0","0","1","0","0","0","0","0","1","0","0","0","0","0","0","0","0","0","0","0","0","0","0","0","1","1","0","1","1","1","0","0","0","0","0","0","0","0","0","0","0","0","0","0","0","0","0","0","0","0","1","0","0","0","0","0","0","0","0","0","0","0","0","0","0","0","0","0","0","0","0","0","0","0","0","0","0","0","0","0","0","0","0","0","0","0","0","0","0","0","0","0","1","202203","202204","2313"
"9769579","530010","71060250","09318184000107","3","1","00000000000000","","","","0070","","0","E","","","04","","03","22","03","","99","","","","","","","","","","","","","","","","0","0","1","0","0","0","1","0","0","0","0","0","0","0",0,0,0,"0",0,0,0,0,0,0,0,0,0,0,0,0,0,0,"0",0,0,0,0,0,0,0,0,1,0,0,0,0,0,0,0,"1",0,0,0,"0",0,0,0,0,"0",0,0,0,0,0,0,0,0,0,0,0,0,0,0,0,"0","0","1","0","0","0","0","0","0","0","0","0","0","0","0","0","0","0","0","0","0","0","0","0","1","1","0","0","1","1","0","0","0","0","0","0","0","0","0","0","0","0","0","0","0","0","0","0","0","0","0","1","0","0","0","1","0","0","0","0","0","0","0","0","0","0","0","0","0","0","0","0","0","0","0","0","0","0","0","0","0","0","0","0","0","0","0","0","0","0","0","0","1","201904","202204","2305"
"9769595","530010","71953000","17707214000286","3","1","00000000000000","","","","","","0","E","","","04","","03","22","03","","99","","","","","","","","00004/2017","20170106","1","","","","","","0","0","1","0","0","0","1","0","0","0","0","0","0","0",0,0,0,"0",0,0,0,0,0,0,0,0,0,0,0,0,0,0,"0",0,0,0,1,0,0,0,0,0,0,0,0,0,0,0,0,"1",0,0,0,"0",0,0,0,0,"0",0,0,0,0,0,0,0,0,0,0,0,0,0,0,0,"0","0","0","0","0","0","0","0","0","0","0","0","0","0","0","0","0","0","0","0","0","0","0","0","0","0","0","0","1","1","0","0","0","0","0","0","0","0","0","0","0","0","0","0","0","0","0","0","0","0","0","1","0","0","0","0","0","0","0","0","0","0","0","0","0","0","0","0","0","0","0","0","0","0","0","0","0","0","0","0","0","0","0","0","0","0","0","0","0","0","0","0","1","201904","202204","2062"
"9770429","530010","71950550","31201796000174","3","1","00000000000000","","","","9901","","0","E","","","04","","01","36","05","","99","","","","","","","","EAS000514","20190409","1","","","","","","0","0","1","0","0","0","1","0","0","0","0","0","0","0",0,0,0,"0",0,0,0,0,0,0,0,0,0,0,0,0,0,0,"0",0,2,0,0,0,0,0,1,0,0,0,0,0,0,0,0,"1",0,0,0,"0",0,0,0,0,"0",0,0,0,0,0,0,0,0,1,0,0,0,0,0,0,"0","0","1","0","0","0","0","0","1","0","0","0","0","0","0","0","1","0","0","0","0","0","0","0","1","1","0","0","1","1","0","0","0","0","0","0","0","0","0","0","0","0","0","0","0","0","0","0","0","0","0","1","0","0","0","1","0","0","0","0","0","0","0","0","0","0","0","0","0","0","0","0","0","0","0","0","0","0","0","0","0","0","0","0","0","0","0","0","0","0","0","0","1","201904","202204","2062"
"9771514","530010","71950550","31309267000199","3","1","00000000000000","","","","9901","","0","E","","","04","","03","22","03","","99","","","","","","","","","20180822","1","","","","","","0","0","1","0","0","0","1","0","0","0","0","0","0","0",0,0,0,"0",0,0,0,0,0,0,0,0,0,0,0,0,0,0,"0",0,0,0,0,0,0,0,0,1,0,0,0,0,0,0,0,"1",0,0,0,"0",0,0,0,0,"0",0,0,0,0,0,0,0,0,0,0,0,0,0,0,0,"0","0","0","0","0","0","0","0","1","0","0","0","0","0","0","0","0","0","0","0","0","0","0","0","1","1","0","0","1","1","0","0","0","0","0","0","0","0","0","0","0","0","0","0","0","0","0","0","0","0","0","1","0","0","0","1","0","0","0","0","0","0","0","0","0","0","0","0","0","0","0","0","0","0","0","0","0","0","0","0","0","0","0","0","0","0","0","0","0","0","0","0","1","201904","202204","2062"
"9771727","530010","72544200","08911817000204","3","1","00000000000000","","","","0150","","0","E","","","03","","03","04","04","","99","","","","","","","","53900393401","20190325","1","","","","","","0","0","1","0","0","0","1","0","0","0","0","0","0","0",0,0,0,"0",0,0,0,0,0,0,0,0,0,0,0,0,0,0,"0",0,2,0,1,0,0,0,0,0,0,0,0,0,0,0,0,"1",0,0,0,"0",0,0,0,0,"0",0,0,0,0,0,0,0,0,0,0,0,0,0,0,0,"0","0","1","0","0","0","0","0","0","0","0","0","0","0","0","0","0","0","0","0","0","0","0","0","1","0","0","0","1","1","0","0","0","0","0","0","0","0","0","0","0","0","0","0","0","0","0","0","0","0","0","1","0","0","0","0","0","0","0","0","0","0","0","0","0","0","0","0","0","0","0","0","0","0","0","0","0","0","0","0","0","0","0","0","0","0","0","0","0","0","0","0","1","201904","202204","2062"
"9771859","530010","72115700","02777949000470","3","1","00000000000000","","","","","","0","E","","","04","","01","39","03","","99","","","","","","","","20161400513883","20180222","1","","","","","","0","0","1","0","0","0","1","0","0","0","0","0","0","0",0,0,0,"0",0,0,0,0,0,0,0,0,0,0,0,0,0,0,"0",1,0,0,0,0,0,0,0,0,0,0,0,0,0,0,0,"1",0,0,0,"0",0,0,0,0,"0",0,0,0,0,0,0,0,0,0,0,0,0,0,0,0,"0","0","1","0","0","0","0","0","0","0","0","0","0","0","0","0","0","0","1","0","0","0","0","0","1","1","0","0","0","1","0","0","0","0","0","0","0","0","0","0","0","0","0","0","0","0","0","0","0","0","0","0","0","0","0","0","0","0","1","0","0","0","1","0","0","0","0","0","0","0","0","0","0","0","0","0","0","0","0","0","0","0","0","0","0","0","0","0","0","0","0","0","1","201904","202204","2062"
"9772243","530010","71570903","00000000000000","3","3","00394700000108","","07","","0110","","1","E","","","04","","02","36","03","","99","","","","","","","","","","","","","","","","0","0","1","0","0","0","1","0","0","0","0","0","0","0",0,0,0,"0",0,0,0,0,0,0,0,0,0,0,0,0,0,0,"0",0,0,0,0,0,0,0,0,4,0,0,0,0,0,0,0,"1",0,0,0,"0",0,0,0,0,"0",0,0,0,0,0,0,0,0,0,0,0,0,0,0,0,"0","0","1","0","0","0","0","0","1","0","0","0","0","0","0","0","0","0","1","1","0","0","0","0","1","1","1","0","1","1","0","0","0","0","0","0","0","0","0","0","0","0","0","0","0","0","0","0","0","0","1","0","0","0","0","0","0","0","0","0","0","0","0","0","0","0","0","0","0","0","0","0","0","0","0","0","0","0","0","0","0","0","0","0","0","0","0","0","0","0","0","0","1","202204","202204","1023"
"9774122","530010","72610301","22501918000157","3","1","00000000000000","","","","0130","","0","E","","","04","","01","39","03","","99","","","","","","","","","20190211","1","","","","","","0","0","1","0","0","0","1","0","0","0","0","0","0","0",0,0,0,"0",0,0,0,0,0,0,0,0,0,0,0,0,0,0,"0",0,0,0,0,0,0,0,0,0,0,0,0,0,0,0,0,"0",0,0,0,"0",0,0,0,0,"0",0,0,0,0,0,0,0,0,0,0,0,0,0,0,0,"0","0","1","0","0","0","0","0","0","0","0","0","0","0","0","0","0","0","0","0","0","0","0","0","1","0","0","0","1","1","0","0","0","0","0","0","0","0","0","0","0","0","0","0","0","0","0","0","0","0","0","0","0","0","0","0","0","0","1","0","0","0","0","0","0","0","0","0","0","0","0","0","0","0","0","0","0","0","0","0","0","0","0","0","0","0","0","0","0","0","0","0","1","201904","202204","2305"
"9774912","530010","71953000","32385731000199","3","1","00000000000000","","","","","","0","E","","","04","","03","36","04","","99","","","","","","","","EAS-00282-14","20201214","1","","","","","","0","0","1","0","0","0","1","0","0","0","0","0","0","0",0,0,0,"0",0,0,0,0,0,0,0,0,0,0,0,0,0,0,"0",0,6,0,0,0,0,0,0,0,0,0,0,0,0,0,0,"1",0,0,0,"0",0,0,0,0,"0",0,0,0,0,0,0,0,0,0,0,0,0,0,0,0,"0","0","1","0","0","0","0","0","0","1","0","0","0","0","0","0","0","0","0","0","0","0","0","0","1","1","0","0","1","1","0","0","0","0","0","0","0","0","0","0","0","0","0","0","0","0","0","0","0","0","0","1","0","0","0","1","0","0","0","0","0","0","0","0","0","0","0","0","0","0","0","0","0","0","0","0","0","0","0","0","0","0","0","0","0","0","0","0","0","0","0","0","1","202106","202204","2062"
"9774947","530010","70340901","23313733000181","3","1","00000000000000","","","","0015","","0","E","","","04","","03","22","03","","99","","","","","","","","DC00001","20190101","1","","","","","","0","0","1","0","0","0","1","0","0","0","0","0","0","0",0,0,0,"0",0,0,0,0,0,0,0,0,0,0,0,0,0,0,"0",0,1,0,0,0,0,0,0,0,0,0,0,0,0,0,0,"1",0,0,0,"0",0,0,0,0,"0",0,0,0,0,0,0,0,0,0,0,0,0,0,0,0,"0","0","1","0","0","0","0","0","0","0","0","0","0","0","0","0","0","0","0","0","0","0","0","0","1","0","0","0","1","1","0","0","0","0","0","0","1","0","0","0","0","0","1","0","0","0","0","0","0","0","0","1","0","0","0","0","0","0","0","0","0","0","0","0","0","0","0","0","0","0","0","0","0","0","0","0","0","0","0","0","0","0","0","0","0","0","0","0","0","0","0","0","1","201904","202204","2313"
"9776613","530010","70390906","11429182000307","3","1","00000000000000","","","","","","0","E","","","04","","03","04","04","","99","","","","","","","","DFP1800","20190504","1","","","","","","0","0","1","0","0","0","1","0","0","0","0","0","0","0",0,0,0,"0",0,0,0,0,0,0,0,0,0,0,0,0,0,0,"0",1,1,0,0,0,0,0,0,0,0,0,0,0,0,0,0,"1",0,0,0,"0",0,0,0,0,"0",0,0,0,0,0,0,0,0,0,0,0,0,0,0,0,"0","0","1","0","0","0","0","0","0","0","0","0","0","0","0","0","0","0","0","0","0","0","0","0","1","0","0","0","1","1","0","0","0","0","0","0","0","0","0","0","0","0","0","0","0","0","0","0","0","0","0","1","0","0","1","1","0","0","0","0","0","0","0","0","0","0","0","0","0","0","0","0","0","0","0","0","0","0","0","0","0","0","0","0","0","0","0","0","0","0","0","0","1","202111","202204","2054"
"9777385","530010","70077900","26985168000197","3","1","00000000000000","","","","","","0","E","","","04","","03","22","03","","99","","","","","","","","RAD.00011-02/2021","20210422","1","","","","","","0","0","1","0","0","0","1","0","0","0","0","0","0","0",0,0,0,"0",0,0,0,0,0,0,0,0,0,0,0,0,0,0,"0",0,0,0,1,0,0,0,0,0,0,0,0,0,0,0,0,"1",0,0,0,"0",0,0,0,0,"0",0,0,0,0,0,0,0,0,0,0,0,0,0,0,0,"0","0","0","0","0","0","0","0","0","0","0","0","0","0","0","0","0","0","0","0","0","0","0","0","0","0","0","0","1","1","0","0","0","0","0","0","0","0","0","0","0","0","0","0","0","0","0","0","0","0","0","1","0","0","1","1","0","0","0","0","0","0","0","0","0","0","0","0","0","0","0","0","0","0","0","0","0","0","0","0","0","0","0","0","0","0","0","0","0","0","0","0","1","202106","202204","2062"
"9778136","530010","70710100","00000000000000","3","3","00394700000108","","","","","","1","E","","","04","","02","36","03","","99","","","","","","","","","","1","","","","","","0","0","1","0","0","0","1","0","0","0","0","0","0","0",0,0,0,"0",0,0,0,0,0,0,0,0,0,0,0,0,0,0,"0",0,0,0,0,0,0,0,0,3,0,0,0,0,0,0,0,"1",0,0,0,"0",0,0,0,0,"0",0,0,0,0,0,0,0,0,0,0,0,0,0,0,0,"0","0","0","0","0","0","0","0","0","0","0","0","0","0","0","0","0","0","0","0","0","0","0","0","0","1","0","0","1","1","0","0","0","0","0","0","0","0","0","0","0","0","0","0","0","0","0","0","0","0","1","0","0","0","0","0","0","0","0","0","0","0","0","0","0","0","0","0","0","0","0","0","0","0","0","0","0","0","0","0","0","0","0","0","0","0","0","0","0","0","0","0","1","202204","202204","1023"
"9778144","530010","70710100","00000000000000","3","3","00394700000108","","1","","0010","","1","E","","","03","","03","04","03","","99","","","","","","","","","","1","","","","","","0","0","1","0","0","0","1","0","0","0","0","0","0","0",0,0,0,"0",0,0,0,0,0,0,0,0,0,0,0,0,0,0,"0",5,2,0,2,0,0,0,0,0,0,0,0,0,0,0,0,"1",0,0,0,"0",0,0,0,0,"0",0,0,0,0,0,0,0,0,0,0,0,0,0,0,0,"0","0","0","0","0","0","0","0","0","0","0","0","0","0","0","0","0","0","0","0","0","0","0","0","0","1","0","0","1","1","0","0","0","0","0","0","0","0","0","0","0","0","0","0","0","0","0","0","0","0","1","0","0","0","0","0","0","0","0","0","0","0","0","0","0","0","0","0","0","0","0","0","0","0","0","0","0","0","0","0","0","0","0","0","0","1","0","0","0","0","0","0","1","202204","202204","1023"
"9779337","530010","70390100","28246370000122","3","1","00000000000000","","","","","","0","E","","","04","","03","22","03","","99","","","","","","","","EAS 2044501","20190208","1","","","","","","0","0","1","0","0","0","1","0","0","0","0","0","0","0",0,0,0,"0",0,0,0,0,0,0,0,0,0,0,0,0,0,0,"0",0,1,0,0,0,0,0,0,0,0,0,0,0,0,0,0,"1",0,0,0,"0",0,0,0,0,"0",0,0,0,0,0,0,0,0,0,0,0,0,0,0,0,"0","0","0","1","0","0","0","0","0","0","0","0","0","0","0","0","0","0","0","0","0","0","0","0","1","1","1","0","1","1","0","0","0","0","0","0","0","0","0","0","0","0","0","0","0","0","0","0","0","0","0","1","0","0","0","1","0","0","0","0","0","0","0","0","0","0","0","0","0","0","0","0","0","0","0","0","0","0","0","0","0","0","0","0","0","0","0","0","0","0","0","0","1","201904","202204","2062"
"9779701","530010","71936250","31569364000110","3","1","00000000000000","","","","","","0","E","","","04","","01","22","04","","99","","","","","","","","","","","","","","","","0","0","1","0","0","0","1","0","0","0","0","0","0","0",0,0,0,"0",0,0,0,0,0,0,0,0,0,0,0,0,0,0,"0",1,0,0,0,0,0,0,0,0,0,0,0,0,0,0,0,"1",0,0,0,"0",0,0,0,0,"0",0,0,0,0,0,0,0,0,0,0,0,0,0,0,0,"0","0","1","0","0","0","0","0","0","0","0","0","0","0","0","0","0","0","0","0","0","0","0","0","1","0","0","0","1","1","0","0","0","0","0","0","0","0","0","0","0","0","0","0","0","0","0","0","0","0","0","1","0","0","0","0","0","0","0","0","0","0","0","0","0","0","0","0","0","0","0","0","0","0","0","0","0","0","0","0","0","0","0","0","0","0","0","0","0","0","0","0","1","202008","202204","2062"
"9779752","530010","71570201","26615984000109","3","1","00000000000000","","","","0110","","0","E","","","04","","03","04","03","","99","","","","","","","","EAS.0021-05/2020","20201222","1","","","","","","0","0","1","0","0","0","1","0","0","0","0","0","0","0",0,0,0,"0",0,0,0,0,0,0,0,0,0,0,0,0,0,0,"0",2,0,0,0,0,0,0,0,0,0,0,0,0,0,0,0,"1",0,0,0,"0",0,0,0,0,"0",0,0,0,0,0,0,0,0,0,0,0,0,0,0,0,"0","0","1","0","0","0","0","0","0","1","0","0","0","0","0","0","0","0","0","0","0","0","0","0","1","1","0","0","1","1","0","0","0","0","0","0","0","0","0","0","0","0","0","0","0","0","0","0","0","0","0","1","0","0","1","1","0","0","0","0","0","0","0","0","0","0","0","0","0","0","0","0","0","0","0","0","0","0","0","0","0","0","0","0","0","0","0","0","0","0","0","0","1","202203","202204","2062"
"9780572","530010","72215018","27449497000186","3","1","00000000000000","","","","","","0","E","","","04","","01","36","03","","99","","","","","","","","CERT DE LICENCIAMENTO","20201214","1","","","","","","0","0","1","0","0","0","1","0","0","0","0","0","0","0",0,0,0,"0",0,0,0,0,0,0,0,0,0,0,0,0,0,0,"0",0,0,0,0,0,0,0,0,2,0,0,0,0,0,0,0,"1",0,0,0,"0",0,0,0,0,"0",0,0,0,0,0,0,0,0,0,0,0,0,0,0,0,"0","0","1","0","0","0","0","0","0","0","0","0","0","0","0","0","0","0","0","0","0","0","0","0","1","1","0","0","1","1","0","0","0","0","0","0","0","0","0","0","0","0","0","0","0","0","0","0","0","0","0","1","0","0","0","0","0","0","0","0","0","0","0","0","0","0","0","0","0","0","0","0","0","0","0","0","0","0","0","0","0","0","0","0","0","0","0","0","0","0","0","0","1","202202","202204","2062"
"9780858","530010","70390095","12600010000228","3","1","00000000000000","","","","","","0","E","","","04","","03","36","03","","99","","","","","","","","53900392073","20210429","","","","","","","0","0","1","0","0","0","1","0","0","0","0","0","0","0",0,0,0,"0",0,0,0,0,0,0,0,0,0,0,0,0,0,0,"0",3,2,0,0,0,0,0,0,0,0,0,0,0,0,0,0,"1",0,0,0,"0",0,0,0,0,"0",0,0,0,0,0,0,0,0,0,0,0,0,0,0,0,"0","0","1","0","0","0","0","0","0","0","0","0","0","0","0","0","0","0","0","0","0","0","0","0","1","1","1","0","1","1","0","0","0","0","0","0","0","0","0","0","0","0","0","0","0","0","0","0","0","0","0","1","0","0","0","1","0","0","0","0","0","0","0","0","0","0","0","0","0","0","0","0","0","0","0","0","0","0","0","0","0","0","0","0","0","0","0","0","0","0","0","0","1","202105","202204","2062"
"9781056","530010","72115700","22968806000100","3","1","00000000000000","","","","0180","","0","E","","","04","","01","04","03","","99","","","","","","","","LICENCA SANITARIA","20201007","1","","","","","","0","0","1","0","0","0","1","0","0","0","0","0","0","0",0,0,0,"0",0,0,0,0,0,0,0,0,0,0,0,0,0,0,"0",3,1,0,2,0,0,0,0,0,0,0,0,0,0,0,0,"1",0,0,0,"0",0,0,0,0,"0",0,0,0,0,0,0,0,0,0,0,0,0,0,0,0,"0","0","1","0","0","0","0","0","0","0","0","0","0","0","0","0","0","0","0","0","0","0","0","0","1","1","0","0","1","1","0","0","0","0","0","0","0","0","0","0","0","0","0","0","0","0","0","0","0","0","0","1","0","0","0","0","0","0","0","0","0","0","0","0","0","0","0","0","0","0","0","0","0","0","0","0","0","0","0","0","0","0","0","0","0","0","0","0","0","0","0","0","1","202111","202204","2062"
"9782125","530010","70200740","14731066000166","3","1","00000000000000","","","","","","0","E","","","04","","02","36","03","","99","","","","","","","","RLE","20211123","1","","","","","","0","0","1","0","0","0","1","0","0","0","0","0","0","0",0,0,0,"0",0,0,0,0,0,0,0,0,0,0,0,0,0,0,"0",3,1,0,1,0,0,0,0,0,0,0,0,0,0,0,0,"1",0,0,0,"0",0,0,0,0,"0",0,0,0,0,0,0,0,0,0,0,0,0,0,0,0,"0","0","0","1","0","0","0","0","0","1","0","0","0","0","0","0","0","0","0","0","0","0","0","0","1","0","0","0","1","1","0","0","0","0","0","0","0","0","0","0","0","0","0","0","0","0","0","0","0","0","0","0","0","0","0","1","0","0","0","0","0","0","0","0","0","0","0","0","0","0","0","0","0","0","0","0","0","0","0","0","0","0","0","0","0","0","0","0","0","0","0","0","1","202112","202204","2062"
"9782419","530010","71020001","10282463000147","3","1","00000000000000","","001","RA X","0070","","0","E","","","04","","03","36","03","","99","","","","","","","","EAS.00079-10","20180810","1","","","","","","0","0","1","0","0","0","1","0","0","0","0","0","0","0",0,0,0,"0",0,0,0,0,0,0,0,0,0,0,0,0,0,0,"0",0,1,0,0,0,0,0,0,0,0,0,0,0,0,0,0,"1",0,0,0,"0",0,0,0,0,"0",0,0,0,0,0,0,0,0,0,0,0,0,0,0,0,"0","0","1","0","0","0","0","0","0","0","0","0","0","0","0","0","0","0","0","0","0","0","0","0","1","0","0","0","1","1","0","0","0","0","0","0","0","0","0","0","0","0","0","0","0","0","0","0","0","0","0","1","0","0","0","1","0","0","0","0","0","0","0","0","0","0","0","0","0","0","0","0","0","0","0","0","0","0","0","0","0","0","0","0","0","0","0","0","0","0","0","0","1","201905","202204","2240"
"9783903","530010","70719903","33156716000131","3","1","00000000000000","","","","","","0","E","","","04","","01","22","03","","99","","","","","","","","LICENCIAMENTO","20190403","1","","","","","","0","0","1","0","0","0","1","0","0","0","0","0","0","0",0,0,0,"0",0,0,0,0,0,0,0,0,0,0,0,0,0,0,"0",0,0,0,1,0,0,0,0,0,0,0,0,0,0,0,0,"1",0,0,0,"0",0,0,0,0,"0",0,0,0,0,0,0,0,0,0,0,0,0,0,0,0,"0","0","0","0","0","0","0","0","0","0","0","0","0","0","0","0","0","0","0","0","0","0","0","0","0","0","0","0","1","1","0","0","0","0","0","0","0","0","0","0","0","0","0","0","0","0","0","0","0","0","0","1","0","0","0","0","0","0","0","0","0","0","0","0","0","0","0","0","0","0","0","0","0","0","0","0","0","0","0","0","0","0","0","0","0","0","0","0","0","0","0","0","1","202202","202204","2135"
"9783946","530010","72015565","25178814000141","3","1","00000000000000","","","","","","0","E","","","04","","03","36","03","","99","","","","","","","","RLE DIGITAL 53600342551","20190226","1","","","","","","0","0","1","0","0","0","1","0","0","0","0","0","0","0",0,0,0,"0",0,0,0,0,0,0,0,0,0,0,0,0,0,0,"0",1,0,0,0,0,0,0,0,0,0,0,0,0,0,0,0,"1",0,0,0,"0",0,0,0,0,"0",0,0,0,0,0,0,0,0,0,0,0,0,0,0,0,"0","0","1","0","0","0","0","0","0","0","0","0","0","0","0","0","0","0","0","0","0","0","0","0","1","1","0","0","1","1","0","0","0","0","0","0","0","0","0","0","0","0","0","0","0","0","0","0","0","0","0","1","0","0","0","1","0","0","0","0","0","0","0","0","0","0","0","0","0","0","0","0","0","0","0","0","0","0","0","0","0","0","0","0","0","0","0","0","0","0","0","0","1","202202","202204","2305"
"9785671","530010","72215013","29079984000120","3","1","00000000000000","","","","","","0","E","","","04","","03","04","04","","99","","","","","","","","EAS 00549-16","20200417","1","","","","","","0","0","1","0","0","0","1","0","0","0","0","0","0","0",0,0,0,"0",0,0,0,0,0,0,0,0,0,0,0,0,0,0,"0",0,1,0,0,0,0,0,0,2,0,0,0,0,0,0,0,"1",0,0,0,"0",0,0,0,0,"0",0,0,0,0,0,0,0,0,0,0,0,0,0,0,0,"0","0","1","0","0","0","0","0","0","0","0","0","0","0","0","0","0","0","0","1","0","0","0","0","1","1","0","0","1","1","0","0","0","0","0","0","0","0","0","0","0","0","0","0","0","0","0","0","0","0","0","1","0","0","0","1","0","0","0","0","0","0","0","0","0","0","0","0","0","0","0","0","0","0","0","0","0","0","0","0","0","0","0","0","0","0","0","0","0","0","0","0","1","202010","202204","2062"
"9785833","530010","71936970","10859143000107","3","1","00000000000000","","","","","","0","E","","","04","","03","36","03","","99","","","","","","","","53201554376","20190417","2","","","","","","0","0","1","0","0","0","1","0","0","0","0","0","0","0",0,0,0,"0",0,0,0,0,0,0,0,0,0,0,0,0,0,0,"0",0,0,0,8,0,0,0,0,0,0,0,0,0,0,0,0,"1",0,0,0,"0",0,0,0,0,"0",0,0,0,0,0,0,0,0,0,0,0,0,0,0,0,"0","0","1","0","0","0","0","0","0","0","0","0","0","0","0","0","0","0","0","0","0","0","0","0","1","1","0","0","1","1","0","0","0","0","0","0","0","0","0","0","0","0","0","0","0","0","0","0","0","0","0","1","0","0","0","1","0","0","0","0","0","0","0","0","0","0","0","0","0","0","0","0","0","0","0","0","0","0","0","0","0","0","0","0","0","0","0","0","0","0","0","0","1","202111","202204","2062"
"9787313","530010","70324900","19438427000102","3","1","00000000000000","","","","0015","","0","E","","","04","","01","22","03","","99","","","","","","","","ODO0180001","20210401","1","","","","","","0","0","1","0","0","0","1","0","0","0","0","0","0","0",0,0,0,"0",0,0,0,0,0,0,0,0,0,0,0,0,0,0,"0",0,0,0,0,0,0,0,0,2,0,0,0,0,0,0,0,"1",0,0,0,"0",0,0,0,0,"0",0,0,0,0,0,0,0,0,0,0,0,0,0,0,0,"0","0","1","0","0","0","0","0","0","0","0","0","0","0","0","0","0","0","0","0","1","0","0","0","1","0","0","0","1","1","0","0","0","0","0","0","0","0","0","0","0","0","0","0","0","0","0","0","0","0","0","1","0","0","0","0","0","0","0","0","0","0","0","0","0","0","0","0","0","0","0","0","0","0","0","0","0","0","0","0","0","0","0","0","0","0","0","0","0","0","0","0","1","202110","202204","2305"
"9788328","530010","70391900","31882914000157","3","1","00000000000000","","","","0015","","0","E","","","04","","03","04","03","","99","","","","","","","","RLE","20191030","1","","","","","","0","0","1","0","0","0","1","0","0","0","0","0","0","0",0,0,0,"0",0,0,0,0,0,0,0,0,0,0,0,0,0,0,"0",1,0,0,1,0,0,0,0,0,0,0,0,0,0,0,0,"1",0,0,0,"0",0,0,0,0,"0",0,0,0,0,0,0,0,0,0,0,0,0,0,0,0,"0","0","1","0","0","0","0","0","0","0","0","0","0","0","0","0","0","0","0","0","0","0","0","0","1","0","0","0","1","1","0","0","0","0","0","0","0","0","0","0","0","0","0","0","0","0","0","0","0","0","0","1","0","0","0","1","0","0","0","0","0","0","0","0","0","0","0","0","0","0","0","0","0","0","0","0","0","0","0","0","0","0","0","0","0","0","0","0","0","0","0","0","1","202110","202204","2305"
"9789197","530010","72215178","61486650098132","3","1","00000000000000","","","","","","0","E","","","04","","03","39","03","","99","","","","","","","","","","","","","","","","0","0","1","0","0","0","1","0","0","0","0","0","0","0",0,0,0,"0",0,0,0,0,0,0,0,0,0,0,0,0,0,0,"0",0,0,0,0,0,0,0,0,0,0,0,0,0,0,0,0,"0",0,0,0,"0",0,0,0,0,"0",0,0,0,0,0,0,0,0,0,0,0,0,0,0,0,"0","0","0","0","0","0","0","0","0","0","0","0","0","0","0","0","0","0","1","0","0","0","0","0","1","1","0","0","1","1","0","0","0","0","0","0","0","0","0","0","0","0","0","0","0","0","0","0","0","0","0","0","0","0","0","0","0","0","1","0","0","0","1","0","0","0","0","0","0","0","0","0","0","0","0","0","0","0","0","0","0","0","0","0","0","0","0","0","0","0","0","0","1","202010","202204","2046"
"9789367","530010","70390135","33389391000137","3","1","00000000000000","","","","0015","","0","E","","","04","","03","04","03","","99","","","","","","","","","20190417","1","","","","","","0","0","1","0","0","0","1","0","0","0","0","0","0","0",0,0,0,"0",0,0,0,0,0,0,0,0,0,0,0,0,0,0,"0",2,0,0,0,0,0,0,0,0,0,0,0,0,0,0,0,"1",0,0,0,"0",0,0,0,0,"0",0,0,0,0,0,0,0,0,0,0,0,0,0,0,0,"0","0","1","0","0","0","0","0","0","0","0","0","0","0","0","0","0","0","1","0","0","0","0","0","1","1","0","0","1","1","0","0","0","0","0","0","0","0","0","0","0","0","0","0","0","0","0","0","0","0","0","1","0","0","0","1","0","0","0","0","0","0","0","0","0","0","0","0","0","0","0","0","0","0","0","0","0","0","0","0","0","0","0","0","0","0","0","0","0","0","0","0","1","202009","202204","2062"
"9790357","530010","70340906","31380925000139","3","1","00000000000000","","","","0015","","0","E","","","04","","01","04","04","","99","","","","","","","","EAS 30153-01","20190408","1","","","","","","0","0","1","0","0","0","1","0","0","0","0","0","0","0",0,0,0,"0",0,0,0,0,0,0,0,0,0,0,0,0,0,0,"0",1,0,0,1,0,0,0,0,0,0,0,0,0,0,0,0,"1",0,0,0,"0",0,0,0,0,"0",0,0,0,0,0,0,0,0,0,0,0,0,0,0,0,"0","0","1","0","0","0","0","0","0","0","0","0","0","0","0","0","0","0","0","0","0","0","0","0","1","1","0","0","1","1","0","0","0","0","0","0","0","0","0","0","0","0","0","0","0","0","0","0","0","0","0","1","0","0","0","1","0","0","0","0","0","0","0","0","0","0","0","0","0","0","0","0","0","0","0","0","0","0","0","0","0","0","0","0","0","0","0","0","0","0","0","0","1","201905","202204","2135"
"9790616","530010","70338400","26072345000144","3","1","00000000000000","","","","0015","","0","E","","","04","","01","36","04","","99","","","","","","","","RLE DIGITAL","20190429","1","","","","","","0","0","1","0","0","0","1","0","0","0","0","0","0","0",0,0,0,"0",0,0,0,0,0,0,0,0,0,0,0,0,0,0,"0",0,0,0,2,0,0,0,0,0,0,0,0,0,0,0,0,"1",0,0,0,"0",0,0,0,0,"0",0,0,0,0,0,0,0,0,0,0,0,0,0,0,0,"0","0","1","0","0","0","0","0","0","0","0","0","0","0","0","0","0","0","0","0","0","0","0","0","1","0","0","0","1","1","0","0","0","0","0","0","0","0","0","0","0","0","0","0","0","0","0","0","0","0","0","1","0","0","0","1","0","0","0","0","0","0","0","0","0","0","0","0","0","0","0","0","0","0","0","0","0","0","0","0","0","0","0","0","0","0","0","0","0","0","0","0","1","201905","202204","2305"
"9790640","530010","72115060","28824194000169","3","1","00000000000000","","","","0180","","0","E","","","04","","01","36","03","","99","","","","","","","","20171401628358","20171020","1","","","","","","0","0","1","0","0","0","1","0","0","0","0","0","0","0",0,0,0,"0",0,0,0,0,0,0,0,0,0,0,0,0,0,0,"0",0,0,0,1,0,0,0,0,0,0,0,0,0,0,0,0,"1",0,0,0,"0",0,0,0,0,"0",0,0,0,0,0,0,0,0,0,0,0,0,0,0,0,"0","0","1","0","0","0","0","0","0","0","0","0","0","0","0","0","0","0","0","0","0","0","0","0","1","0","0","0","1","1","0","0","0","0","0","0","0","0","0","0","0","0","0","0","0","0","0","0","0","0","0","1","0","0","0","0","0","0","0","0","0","0","0","0","0","0","0","0","0","0","0","0","0","0","0","0","0","0","0","0","0","0","0","0","0","0","0","0","0","0","0","0","1","201905","202204","2135"
"9790675","530010","70390150","26697659000132","3","1","00000000000000","","","","","","0","E","","","04","","03","22","03","","99","","","","","","","","RLE","20200218","1","","","","","","0","0","1","0","0","0","1","0","0","0","0","0","0","0",0,0,0,"0",0,0,0,0,0,0,0,0,0,0,0,0,0,0,"0",0,1,0,0,0,0,0,0,0,0,0,0,0,0,0,0,"1",0,0,0,"0",0,0,0,0,"0",0,0,0,0,0,0,0,0,0,0,0,0,0,0,0,"0","0","1","0","0","0","0","0","0","0","0","0","0","0","0","0","0","0","0","0","0","0","0","0","1","0","0","0","1","1","0","0","0","0","0","0","0","0","0","0","0","0","0","0","0","0","0","0","0","0","0","1","0","0","0","0","0","0","0","0","0","0","0","0","0","0","0","0","0","0","0","0","0","0","0","0","0","0","0","0","0","0","0","0","0","0","0","0","0","0","0","0","1","202111","202204","2305"
"9791108","530010","70304911","17588668000102","3","1","00000000000000","","","","0005","","0","E","","","04","","03","22","03","","99","","","","","","","","CERT. DE LICENCIAMENTO","20210528","1","","","","","","0","0","1","0","0","0","1","0","0","0","0","0","0","0",0,0,0,"0",0,0,0,0,0,0,0,0,0,0,0,0,0,0,"0",0,0,0,1,0,0,0,0,0,0,0,0,0,0,0,0,"1",0,0,0,"0",0,0,0,0,"0",0,0,0,0,0,0,0,0,0,0,0,0,0,0,0,"0","0","1","0","0","0","0","0","0","0","0","0","0","0","0","0","0","0","0","0","0","0","0","0","1","0","0","0","1","1","0","0","0","0","0","0","0","0","0","0","0","0","0","0","0","0","0","0","0","0","0","1","0","0","0","0","0","0","0","0","0","0","0","0","0","0","0","0","0","0","0","0","0","0","0","0","0","0","0","0","0","0","0","0","0","0","0","0","0","0","0","0","1","202111","202204","2062"
"9791159","530010","70719903","00661250000172","3","1","00000000000000","","","","","","0","E","","","04","","03","36","03","","99","","","","","","","","CERT DE LICENCIAMENTO","20200217","1","","","","","","0","0","1","0","0","0","1","0","0","0","0","0","0","0",0,0,0,"0",0,0,0,0,0,0,0,0,0,0,0,0,0,0,"0",0,0,0,1,0,0,0,0,0,0,0,0,0,0,0,0,"1",0,0,0,"0",0,0,0,0,"0",0,0,0,0,0,0,0,0,0,0,0,0,0,0,0,"0","0","1","0","0","0","0","0","0","0","0","0","0","0","0","0","0","0","0","0","0","0","0","0","1","0","0","0","1","1","0","0","0","0","0","0","0","0","0","0","0","0","0","0","0","0","0","0","0","0","0","1","0","0","0","0","0","0","0","0","0","0","0","0","0","0","0","0","0","0","0","0","0","0","0","0","0","0","0","0","0","0","0","0","0","0","0","0","0","0","0","0","1","202106","202204","2240"
"9791167","530010","70770574","20300474000166","3","1","00000000000000","","","","0010","","0","E","","","04","","03","22","03","","99","","","","","","","","CERT. DE LICENCIAMENTO","20210217","1","","","","","","0","0","1","0","0","0","1","0","0","0","0","0","0","0",0,0,0,"0",0,0,0,0,0,0,0,0,0,0,0,0,0,0,"0",0,0,0,1,0,0,0,0,0,0,0,0,0,0,0,0,"1",0,0,0,"0",0,0,0,0,"0",0,0,0,0,0,0,0,0,0,0,0,0,0,0,0,"0","0","1","0","0","0","0","0","0","0","0","0","0","0","0","0","0","0","0","0","0","0","0","0","1","0","0","0","1","1","0","0","0","0","0","0","0","0","0","0","0","0","0","0","0","0","0","0","0","0","0","1","0","0","0","0","0","0","0","0","0","0","0","0","0","0","0","0","0","0","0","0","0","0","0","0","0","0","0","0","0","0","0","0","0","0","0","0","0","0","0","0","1","202111","202204","2305"
"9791337","530010","70830300","13737801000186","3","1","00000000000000","","","","","","0","E","","","04","","01","36","03","","99","","","","","","","","53600267915","20210327","1","","","","","","0","0","1","0","0","0","1","0","0","0","0","0","0","0",0,0,0,"0",0,0,0,0,0,0,0,0,0,0,0,0,0,0,"0",0,0,0,2,0,0,0,0,0,0,0,0,0,0,0,0,"1",0,0,0,"0",0,0,0,0,"0",0,0,0,0,0,0,0,0,0,0,0,0,0,0,0,"0","0","1","0","0","0","0","0","0","0","1","0","0","0","0","0","0","0","0","0","0","0","0","0","1","0","0","0","1","1","0","0","0","0","0","0","0","0","0","0","0","0","0","0","0","0","0","0","0","0","0","1","0","0","0","0","0","0","0","0","0","0","0","0","0","0","0","0","0","0","0","0","0","0","0","0","0","0","0","0","0","0","0","0","0","0","0","0","0","0","0","0","1","202108","202204","2305"
"9791663","530010","70670521","24218482000208","3","1","00000000000000","","","","9931","","0","E","","","04","","01","22","06","","99","","","","","","","","","","","","","","","","0","0","1","0","0","0","1","0","0","0","0","0","0","0",0,0,0,"0",0,0,0,0,0,0,0,0,0,0,0,0,0,0,"0",0,0,0,1,0,0,0,0,0,0,0,0,0,0,0,0,"1",0,0,0,"0",0,0,0,0,"0",0,0,0,0,0,0,0,0,0,0,0,0,0,0,0,"0","0","1","0","0","0","0","0","0","0","0","0","0","0","0","0","0","0","0","0","0","0","0","0","1","0","0","0","1","1","0","0","0","0","0","0","0","0","0","0","0","0","0","0","0","0","0","0","0","0","0","1","0","0","0","1","0","0","0","0","0","0","0","0","0","0","0","0","0","0","0","0","0","0","0","0","0","0","0","0","0","0","0","0","0","0","0","0","0","0","0","0","1","201905","202204","2062"
"9792007","530010","70790160","10894579000137","3","1","00000000000000","","","","0010","","0","E","","","04","","03","36","03","","99","","","","","","","","RLE","20210123","1","","","","","","0","0","1","0","0","0","1","0","0","0","0","0","0","0",0,0,0,"0",0,0,0,0,0,0,0,0,0,0,0,0,0,0,"0",0,0,0,1,0,0,0,0,0,0,0,0,0,0,0,0,"1",0,0,0,"0",0,0,0,0,"0",0,0,0,0,0,0,0,0,0,0,0,0,0,0,0,"0","0","1","0","0","0","0","0","0","0","0","0","0","0","0","0","0","0","0","0","0","0","0","0","1","0","0","0","1","1","0","0","0","0","0","0","0","0","0","0","0","0","0","0","0","0","0","0","0","0","0","1","0","0","0","0","0","0","0","0","0","0","0","0","0","0","0","0","0","0","0","0","0","0","0","0","0","0","0","0","0","0","0","0","0","0","0","0","0","0","0","0","1","202111","202204","2062"
"9793852","530010","70390907","33098470000199","3","1","00000000000000","","","","0010","","0","E","","","04","","03","39","03","","99","","","","","","","","EAS 005320-LAB","20210514","1","","","","","","0","0","1","0","0","0","1","0","0","0","0","0","0","0",0,0,0,"0",0,0,0,0,0,0,0,0,0,0,0,0,0,0,"0",0,0,0,0,0,0,0,0,0,0,0,0,0,0,0,0,"0",0,0,0,"0",0,0,0,0,"0",0,0,0,0,0,0,0,0,0,0,0,0,0,0,0,"0","0","1","0","0","0","0","0","0","0","0","0","0","0","0","0","0","0","0","0","0","0","0","0","1","1","0","0","1","1","0","0","0","0","0","0","0","0","0","0","0","0","0","0","0","0","0","0","0","0","0","0","0","0","0","0","0","0","1","0","0","0","1","0","0","0","0","0","0","0","0","0","0","0","0","0","0","0","0","0","0","0","0","0","0","0","0","0","0","0","0","0","1","202202","202204","2062"
"9794948","530010","71979970","31598362000150","3","1","00000000000000","","","","0180","61","0","E","","","04","","03","36","04","","99","","","","","","","","RLE","20190424","1","","","","","","0","0","1","0","0","0","1","0","0","0","0","0","0","0",0,0,0,"0",0,0,0,0,0,0,0,0,0,0,0,0,0,0,"0",0,4,0,2,0,0,0,0,0,0,0,0,0,0,0,0,"1",0,0,0,"0",0,0,0,0,"0",0,0,0,0,0,0,0,0,0,0,0,0,0,0,0,"0","0","1","0","0","0","0","0","0","0","0","0","0","0","0","0","0","0","0","0","0","0","0","0","1","0","0","0","1","1","0","0","0","0","0","0","0","0","0","0","0","0","0","0","0","0","0","0","0","0","0","1","0","0","0","1","0","0","0","0","0","0","0","0","0","0","0","0","0","0","0","0","0","0","0","0","0","0","0","0","0","0","0","0","0","0","0","0","0","0","0","0","1","202002","202204","2062"
"9795189","530010","70390095","22468994000108","3","1","00000000000000","","","","0015","","0","E","","","04","","03","22","03","","99","","","","","","","","CERT. DE LICENCIAMENTO","20211019","1","","","","","","0","0","1","0","0","0","1","0","0","0","0","0","0","0",0,0,0,"0",0,0,0,0,0,0,0,0,0,0,0,0,0,0,"0",0,0,0,2,0,0,0,0,0,0,0,0,0,0,0,0,"1",0,0,0,"0",0,0,0,0,"0",0,0,0,0,0,0,0,0,0,0,0,0,0,0,0,"0","0","1","0","0","0","0","0","0","0","0","0","0","0","0","0","0","0","0","0","0","0","0","0","1","0","0","0","1","1","0","0","0","0","0","0","0","0","0","0","0","0","0","0","0","0","0","0","0","0","0","1","0","0","0","0","0","0","0","0","0","0","0","0","0","0","0","0","0","0","0","0","0","0","0","0","0","0","0","0","0","0","0","0","0","0","0","0","0","0","0","0","1","202204","202204","2062"
"9796010","530010","70200700","25308698000138","3","1","00000000000000","","","","0015","","0","E","","","04","","01","04","03","","99","","","","","","","","201714011409621","20171204","1","","","","","","0","0","1","0","0","0","1","0","0","0","0","0","0","0",0,0,0,"0",0,0,0,0,0,0,0,0,0,0,0,0,0,0,"0",0,5,0,3,0,0,0,1,0,0,0,0,0,0,0,1,"1",0,0,0,"0",0,0,0,0,"0",0,0,0,0,0,0,0,0,0,0,0,0,0,0,0,"0","0","1","0","0","0","0","0","1","0","0","0","0","0","0","0","0","0","0","0","0","0","0","0","1","0","0","0","1","1","0","0","0","0","0","0","0","0","0","0","0","0","0","0","0","0","0","0","0","0","0","1","0","0","1","1","0","0","0","0","0","0","0","0","0","0","0","0","0","0","0","0","0","0","0","0","0","0","0","0","0","0","0","0","0","0","0","0","0","0","0","0","1","201905","202204","2062"
"9796541","530010","70390095","28411727000180","3","1","00000000000000","","","","","","0","E","","","04","","03","22","03","","99","","","","","","","","EAS 20572-01","20181008","1","","","","","","0","0","1","0","0","0","1","0","0","0","0","0","0","0",0,0,0,"0",0,0,0,0,0,0,0,0,0,0,0,0,0,0,"0",1,0,0,0,0,0,0,0,0,0,0,0,0,0,0,0,"1",0,0,0,"0",0,0,0,0,"0",0,0,0,0,0,0,0,0,0,0,0,0,0,0,0,"0","0","1","0","0","0","0","0","0","0","0","0","0","0","0","0","0","0","0","0","0","0","0","0","1","1","1","0","1","1","0","0","0","0","0","0","0","0","0","0","0","0","0","0","0","0","0","0","0","0","0","1","0","0","0","0","0","0","0","0","0","0","0","0","0","0","0","0","0","0","0","0","0","0","0","0","0","0","0","0","0","0","0","0","0","0","0","0","0","0","0","0","1","201905","202204","2062"
"9796916","530010","72015901","04020358000137","3","1","00000000000000","","","","0180","","0","E","","","03","","03","36","04","","99","","","","","","","","LICENCA SANIATRIA","20170721","2","","","","","","0","0","1","0","0","0","1","0","0","0","0","0","0","0",0,0,0,"0",0,0,0,0,0,0,0,0,0,0,0,0,0,0,"0",0,1,0,0,0,0,0,0,0,0,0,0,0,0,0,0,"1",0,0,0,"0",0,0,0,0,"0",0,0,0,0,0,0,0,0,0,0,0,0,0,0,0,"0","0","1","0","0","0","0","0","0","0","0","0","0","0","0","0","0","0","0","0","0","0","0","0","1","0","0","0","1","1","0","0","0","0","0","0","0","0","0","0","0","0","0","0","0","0","0","0","0","0","0","1","0","0","0","1","0","0","0","0","0","0","0","0","0","0","0","0","0","0","0","0","0","0","0","0","0","0","0","0","0","0","0","0","0","0","0","0","0","0","0","0","1","201905","202204","2135"
"9798013","530010","70390100","32568356000112","3","1","00000000000000","","","","0015","","0","E","","","04","","03","36","03","","99","","","","","","","","EAS 2062901","20200318","1","","","","","","0","0","1","0","0","0","1","0","0","0","0","0","0","0",0,0,0,"0",0,0,0,0,0,0,0,0,0,0,0,0,0,0,"0",0,2,0,0,0,0,0,0,0,0,0,0,0,0,0,0,"1",0,0,0,"0",0,0,0,0,"0",0,0,0,0,0,0,0,0,0,0,0,0,0,0,0,"0","0","0","1","0","0","0","0","0","0","0","0","0","0","0","0","0","0","0","0","0","0","0","0","1","0","0","0","1","1","0","0","0","0","0","0","0","0","0","0","0","0","0","0","0","0","0","0","0","0","0","1","0","0","0","0","0","0","0","0","0","0","0","0","0","0","0","0","0","0","0","0","0","0","0","0","0","0","0","0","0","0","0","0","0","0","0","0","0","0","0","0","1","202004","202204","2062"
"9798153","530010","71060263","03727091000150","3","1","00000000000000","","","","0070","","0","E","","","04","","01","22","03","","99","","","","","","","","53201019942","20180110","1","","","","","","0","0","1","0","0","0","1","0","0","0","0","0","0","0",0,0,0,"0",0,0,0,0,0,0,0,0,0,0,0,0,0,0,"0",0,0,0,0,0,0,0,0,1,0,0,0,0,0,0,0,"1",0,0,0,"0",0,0,0,0,"0",0,0,0,0,0,0,0,0,0,0,0,0,0,0,0,"0","0","1","0","0","0","0","0","0","0","0","0","0","0","0","0","0","0","0","0","0","0","0","0","1","1","1","1","1","1","0","0","0","0","0","0","0","0","0","0","0","0","0","0","0","0","0","0","0","0","0","1","0","0","0","0","0","0","0","0","0","0","0","0","0","0","0","0","0","0","0","0","0","0","0","0","0","0","0","0","0","0","0","0","0","0","0","0","0","0","0","0","1","201906","202204","2062"
"9798161","530010","70770100","13597580000198","3","1","00000000000000","","","","0005","","0","E","","","04","","01","22","03","","99","","","","","","","","000073746","20190306","1","","","","","","0","0","1","0","0","0","1","0","0","0","0","0","0","0",0,0,0,"0",0,0,0,0,0,0,0,0,0,0,0,0,0,0,"0",0,0,0,0,0,0,0,0,1,0,0,0,0,0,0,0,"1",0,0,0,"0",0,0,0,0,"0",0,0,0,0,0,0,0,0,0,0,0,0,0,0,0,"0","0","1","0","0","0","0","0","0","0","0","0","0","0","0","0","0","0","0","0","0","0","0","0","1","0","0","0","1","1","0","0","0","0","0","0","0","0","0","0","0","0","0","0","0","0","0","0","0","0","0","1","0","0","0","0","0","0","0","0","0","0","0","0","0","0","0","0","0","0","0","0","0","0","0","0","0","0","0","0","0","0","0","0","0","0","0","0","0","0","0","0","1","201905","202204","2240"
"9798447","530010","70710904","32180154000107","3","1","00000000000000","","","","0005","","0","E","","","04","","01","04","03","","99","","","","","","","","RLE DIGITAL","20190506","1","","","","","","0","0","1","0","0","0","1","0","0","0","0","0","0","0",0,0,0,"0",0,0,0,0,0,0,0,0,0,0,0,0,0,0,"0",1,0,0,0,0,0,0,0,0,0,0,0,0,0,0,0,"1",0,0,0,"0",0,0,0,0,"0",0,0,0,0,0,0,0,0,0,0,0,0,0,0,0,"0","0","1","0","0","0","0","0","0","0","0","0","0","0","0","0","0","0","0","0","0","0","0","0","1","0","0","0","1","1","0","0","0","0","0","0","0","0","0","0","0","0","0","0","0","0","0","0","0","0","0","0","0","0","0","1","0","0","0","0","0","0","0","0","0","0","0","0","0","0","0","0","0","0","0","0","0","0","0","0","0","0","0","0","0","0","0","0","0","0","0","0","1","201905","202204","2305"
"9798838","530010","70719903","33619045000106","3","1","00000000000000","","","","","","0","E","","","04","","03","22","03","","99","","","","","","","","","","","","","","","","0","0","1","0","0","0","1","0","0","0","0","0","0","0",0,0,0,"0",0,0,0,0,0,0,0,0,0,0,0,0,0,0,"0",0,0,0,0,0,0,0,0,1,0,0,0,0,0,0,0,"1",0,0,0,"0",0,0,0,0,"0",0,0,0,0,0,0,0,0,0,0,0,0,0,0,0,"0","0","1","0","0","0","0","0","0","0","0","0","0","0","0","0","0","0","0","0","0","0","0","0","1","0","0","0","1","1","0","0","0","0","0","0","0","0","0","0","0","0","0","0","0","0","0","0","0","0","0","1","0","0","0","0","0","0","0","0","0","0","0","0","0","0","0","0","0","0","0","0","0","0","0","0","0","0","0","0","0","0","0","0","0","0","0","0","0","0","0","0","1","202010","202204","2062"
"9798854","530010","70790157","33630576000191","3","1","00000000000000","","","","","","0","E","","","04","","03","22","03","","99","","","","","","","","RLE","20190521","1","","","","","","0","0","1","0","0","0","1","0","0","0","0","0","0","0",0,0,0,"0",0,0,0,0,0,0,0,0,0,0,0,0,0,0,"0",0,1,0,0,0,0,0,0,0,0,0,0,0,0,0,0,"1",0,0,0,"0",0,0,0,0,"0",0,0,0,0,0,0,0,0,0,0,0,0,0,0,0,"0","0","1","0","0","0","0","0","0","0","0","0","0","0","0","0","0","0","0","0","0","0","0","0","1","0","0","0","1","1","0","0","0","0","0","0","0","0","0","0","0","0","0","0","0","0","0","0","0","0","0","1","0","0","0","0","0","0","0","0","0","0","0","0","0","0","0","0","0","0","0","0","0","0","0","0","0","0","0","0","0","0","0","0","0","0","0","0","0","0","0","0","1","202111","202204","2135"
"9799540","530010","70390150","20441039000151","3","1","00000000000000","","","","","","0","E","","","04","","03","61","04","","99","","","","","","","","EAS.20684-01","20210803","1","","","","","","0","0","1","0","0","0","1","0","0","0","0","0","0","0",0,0,0,"0",0,0,0,0,0,0,0,0,0,0,0,0,0,0,"0",0,0,0,0,0,0,0,0,0,0,2,0,0,0,0,0,"1",0,0,0,"0",0,2,0,0,"1",0,0,0,0,0,0,0,0,0,0,0,0,0,0,0,"0","1","1","0","0","0","0","0","0","0","0","0","0","0","0","0","0","0","0","0","1","0","0","0","1","1","0","0","1","1","0","0","0","0","0","0","0","0","0","0","0","0","0","0","0","0","0","0","0","0","0","1","0","0","0","1","0","0","0","0","0","0","0","0","0","0","0","0","0","0","0","0","0","0","0","0","0","0","0","0","0","0","0","0","0","0","0","0","0","0","0","0","1","202204","202204","2062"
"9799826","530010","70712903","18253664000128","3","1","00000000000000","","","","","","0","E","","","04","","03","22","03","","99","","","","","","","","RLE 53202218124","20210325","1","","","","","","0","0","1","0","0","0","1","0","0","0","0","0","0","0",0,0,0,"0",0,0,0,0,0,0,0,0,0,0,0,0,0,0,"0",0,0,0,0,0,0,0,0,2,0,0,0,0,0,0,0,"1",0,0,0,"0",0,0,0,0,"0",0,0,0,0,0,0,0,0,0,0,0,0,0,0,0,"0","0","1","0","0","0","0","0","0","0","0","0","0","0","0","0","0","0","0","0","0","0","0","0","1","1","0","0","1","1","0","0","0","0","0","0","0","0","0","0","0","0","0","0","0","0","0","0","0","0","0","1","0","0","0","1","0","0","0","0","0","0","0","0","0","0","0","0","0","0","0","0","0","0","0","0","0","0","0","0","0","0","0","0","0","0","0","0","0","0","0","0","1","202112","202204","2062"
"9800069","530010","71720520","30381121000191","3","1","00000000000000","","","","","","0","E","","","04","","03","36","03","","99","","","","","","","","ODO-00020-11","20180528","","","","","","","0","0","1","0","0","0","1","0","0","0","0","0","0","0",0,0,0,"0",0,0,0,0,0,0,0,0,0,0,0,0,0,0,"0",0,0,0,0,0,0,0,0,2,0,0,0,0,0,0,0,"1",0,0,0,"0",0,0,0,0,"0",0,0,0,0,0,0,0,0,0,0,0,0,0,0,0,"0","0","1","0","0","0","0","0","0","0","0","0","0","0","0","0","0","0","0","1","0","0","0","0","1","1","0","0","1","1","0","0","0","0","0","0","0","0","0","0","0","0","0","0","0","0","0","0","0","0","0","1","0","0","0","1","0","0","0","0","0","0","0","0","0","0","0","0","0","0","0","0","0","0","0","0","0","0","0","0","0","0","0","0","0","0","0","0","0","0","0","0","1","201905","202204","2062"
"9800719","530010","70719903","32341320000100","3","1","00000000000000","","","","0005","","0","E","","","04","","01","22","04","","99","","","","","","","","","20190114","1","","","","","","0","0","1","0","0","0","1","0","0","0","0","0","0","0",0,0,0,"0",0,0,0,0,0,0,0,0,0,0,0,0,0,0,"0",0,0,0,1,0,0,0,0,0,0,0,0,0,0,0,0,"1",0,0,0,"0",0,0,0,0,"0",0,0,0,0,0,0,0,0,0,0,0,0,0,0,0,"0","0","0","0","0","0","0","0","0","0","0","0","0","0","0","0","0","0","0","0","0","0","0","0","0","0","0","0","1","1","0","0","0","0","0","0","0","0","0","0","0","0","0","0","0","0","0","0","0","0","0","0","0","0","0","1","0","0","0","0","0","0","0","0","0","0","0","0","0","0","0","0","0","0","0","0","0","0","0","0","0","0","0","0","0","0","0","0","0","0","0","0","1","201905","202204","2135"
"9801006","530010","72215178","05021025000608","3","1","00000000000000","","","","0040","","0","E","","","04","","01","39","03","","99","","","","","","","","LAB.00608-16","20210415","1","","","","","","0","0","1","0","0","0","1","0","0","0","0","0","0","0",0,0,0,"0",0,0,0,0,0,0,0,0,0,0,0,0,0,0,"0",0,0,0,0,0,0,0,0,0,0,0,0,0,0,0,0,"0",0,0,0,"0",0,0,0,0,"0",0,0,0,0,0,0,0,0,0,0,0,0,0,0,0,"0","0","0","0","0","0","0","0","0","0","0","0","0","0","0","0","0","0","0","0","0","0","0","0","0","1","0","0","0","1","0","0","0","0","0","0","0","0","0","0","0","0","0","0","0","0","0","0","0","0","0","0","0","0","0","0","0","0","1","0","0","0","1","0","0","0","0","0","0","0","0","0","0","0","0","0","0","0","0","0","0","0","0","0","0","0","0","0","0","0","0","0","1","202104","202204","2062"
"9801022","530010","72215206","05021025001248","3","1","00000000000000","","","","0040","","0","E","","","04","","01","39","03","","99","","","","","","","","LAB.00595-16","20210415","1","","","","","","0","0","1","0","0","0","1","0","0","0","0","0","0","0",0,0,0,"0",0,0,0,0,0,0,0,0,0,0,0,0,0,0,"0",0,0,0,0,0,0,0,0,0,0,0,0,0,0,0,0,"0",0,0,0,"0",0,0,0,0,"0",0,0,0,0,0,0,0,0,0,0,0,0,0,0,0,"0","0","0","0","0","0","0","0","0","0","0","0","0","0","0","0","0","0","0","0","0","0","0","0","0","1","0","0","0","1","0","0","0","0","0","0","0","0","0","0","0","0","0","0","0","0","0","0","0","0","0","0","0","0","0","0","0","0","1","0","0","0","1","0","0","0","0","0","0","0","0","0","0","0","0","0","0","0","0","0","0","0","0","0","0","0","0","0","0","0","0","0","1","202104","202204","2062"
"9801030","530010","72410101","05021025000780","3","1","00000000000000","","","","0060","","0","E","","","04","","01","39","03","","99","","","","","","","","","","","","","","","","0","0","1","0","0","0","1","0","0","0","0","0","0","0",0,0,0,"0",0,0,0,0,0,0,0,0,0,0,0,0,0,0,"0",0,0,0,0,0,0,0,0,0,0,0,0,0,0,0,0,"0",0,0,0,"0",0,0,0,0,"0",0,0,0,0,0,0,0,0,0,0,0,0,0,0,0,"0","0","0","0","0","0","0","0","0","0","0","0","0","0","0","0","0","0","0","0","0","0","0","0","0","1","0","0","1","1","0","0","0","0","0","0","0","0","0","0","0","0","0","0","0","0","0","0","0","0","0","0","0","0","0","0","0","0","1","0","0","0","1","0","0","0","0","0","0","0","0","0","0","0","0","0","0","0","0","0","0","0","0","0","0","0","0","0","0","0","0","0","1","202105","202204","2062"
"9801138","530010","70673416","31724927000106","3","1","00000000000000","","","","9931","","0","E","","","04","","01","36","03","","99","","","","","","","","","","","","","","","","0","0","1","0","0","0","1","0","0","0","0","0","0","0",0,0,0,"0",0,0,0,0,0,0,0,0,0,0,0,0,0,0,"0",0,1,0,0,0,0,0,0,0,0,0,0,0,0,0,0,"1",0,0,0,"0",0,0,0,0,"0",0,0,0,0,0,0,0,0,0,0,0,0,0,0,0,"0","0","1","0","0","0","0","0","0","0","0","0","0","0","0","0","0","0","0","0","0","0","0","0","1","0","0","0","1","1","0","0","0","0","0","0","0","0","0","0","0","0","0","0","0","0","0","0","0","0","0","1","0","0","0","0","0","0","0","0","0","0","0","0","0","0","0","0","0","0","0","0","0","0","0","0","0","0","0","0","0","0","0","0","0","0","0","0","0","0","0","0","1","202005","202204","2062"
"9801219","530010","70390095","21447778000113","3","1","00000000000000","","","","","","0","E","","","04","","","22","05","","99","","","","","","","","VISADF","20190424","1","","","","","","0","0","1","0","0","0","1","0","0","0","0","0","0","0",0,0,0,"0",0,0,0,0,0,0,0,0,0,0,0,0,0,0,"0",1,0,0,0,0,0,0,0,0,0,0,0,0,0,0,0,"1",0,0,0,"0",0,0,0,0,"0",0,0,0,0,0,0,0,0,0,0,0,0,0,0,0,"0","0","0","0","0","0","0","0","1","0","0","0","0","0","0","0","0","0","0","0","0","0","0","0","1","0","0","0","1","1","0","0","0","0","0","0","0","0","0","0","0","0","0","0","0","0","0","0","0","0","0","1","0","0","0","0","0","0","0","0","0","0","0","0","0","0","0","0","0","0","0","0","0","0","0","0","0","0","0","0","0","0","0","0","0","0","0","0","0","0","0","0","1","201905","202204","2062"
"9801847","530010","70340000","33269881000108","3","1","00000000000000","","","","0015","","0","E","","","04","","03","22","05","","99","","","","","","","","53202228111","20190411","1","","","","","","0","0","1","0","0","0","1","0","0","0","0","0","0","0",0,0,0,"0",0,0,0,0,0,0,0,0,0,0,0,0,0,0,"0",0,0,0,1,0,0,0,0,0,0,0,0,0,0,0,0,"1",0,0,0,"0",0,0,0,0,"0",0,0,0,0,0,0,0,0,0,0,0,0,0,0,0,"0","0","0","1","0","0","0","0","0","0","0","0","0","0","0","0","0","0","0","0","0","0","0","0","1","0","0","0","1","1","0","0","0","0","0","0","0","0","0","0","0","0","0","0","0","0","0","0","0","0","0","1","0","0","0","0","0","0","0","0","0","0","0","0","0","0","0","0","0","0","0","0","0","0","0","0","0","0","0","0","0","0","0","0","0","0","0","0","0","0","0","0","1","201905","202204","2062"
"9802657","530010","72544224","33217382000169","3","1","00000000000000","","","","","","0","E","","","04","","03","22","03","","99","","","","","","","","RAD.0004-19","20190513","1","","","","","","0","0","1","0","0","0","1","0","0","0","0","0","0","0",0,0,0,"0",0,0,0,0,0,0,0,0,0,0,0,0,0,0,"0",0,3,0,0,0,0,0,0,0,0,0,0,0,0,0,0,"1",0,0,0,"0",0,0,0,0,"0",0,0,0,0,0,0,0,0,0,0,0,0,0,0,0,"0","0","1","0","0","0","0","0","0","0","0","0","0","0","0","0","0","0","0","1","0","0","0","0","1","0","0","0","1","1","0","0","0","0","0","0","0","0","0","0","0","0","0","0","0","0","0","0","0","0","0","1","0","0","0","1","0","0","0","0","0","0","0","0","0","0","0","0","0","0","0","0","0","0","0","0","0","0","0","0","0","0","0","0","0","0","0","0","0","0","0","0","1","201905","202204","2062"
"9802967","530010","70842520","05756294000108","3","1","00000000000000","","","","","","0","E","","","04","","01","22","03","","99","","","","","","","","037202019","20190430","1","","","","","","0","0","1","0","0","0","1","0","0","0","0","0","0","0",0,0,0,"0",0,0,0,0,0,0,0,0,0,0,0,0,0,0,"0",0,0,0,1,0,0,0,0,0,0,0,0,0,0,0,0,"1",0,0,0,"0",0,0,0,0,"0",0,0,0,0,0,0,0,0,0,0,0,0,0,0,0,"0","0","0","0","0","0","0","0","0","0","0","0","0","0","0","0","0","0","0","0","0","0","0","0","0","0","0","0","1","1","0","0","0","0","0","0","0","0","0","0","0","0","0","0","0","0","0","0","0","0","0","1","0","0","0","1","0","0","0","0","0","0","0","0","0","0","0","0","0","0","0","0","0","0","0","0","0","0","0","0","0","0","0","0","0","0","0","0","0","0","0","0","1","201905","202204","2062"
"9803025","530010","70200700","28128515000190","3","1","00000000000000","","","","","","0","E","","","04","","03","36","03","","99","","","","","","","","EAS.20620-01","20190225","1","","","","","","0","0","1","0","0","0","1","0","0","0","0","0","0","0",0,0,0,"0",0,0,0,0,0,0,0,0,0,0,0,0,0,0,"0",0,1,0,0,0,0,0,0,0,0,0,0,0,0,0,0,"1",0,0,0,"0",0,0,0,0,"0",0,0,0,0,0,0,0,0,0,0,0,0,0,0,0,"0","0","1","0","0","0","0","0","0","0","0","0","0","0","0","0","0","0","0","0","0","0","0","0","1","1","0","0","1","1","0","0","0","0","0","0","0","0","0","0","0","0","0","0","0","0","0","0","0","0","0","1","0","0","0","0","0","0","0","0","0","0","0","0","0","0","0","0","0","0","0","0","0","0","0","0","0","0","0","0","0","0","0","0","0","0","0","0","0","0","0","0","1","201905","202204","2240"
"9804544","530010","71680349","27486138000280","3","1","00000000000000","","","","9930","61","0","E","","","04","","01","36","03","","99","","","","","","","","LICENCA DE FUNCIONAMENTO","20190425","1","","","","","","0","0","1","0","0","0","1","0","0","0","0","0","0","0",0,0,0,"0",0,0,0,0,0,0,0,0,0,0,0,0,0,0,"0",0,0,0,1,0,0,0,0,0,0,0,0,0,0,0,0,"1",0,0,0,"0",0,0,0,0,"0",0,0,0,0,0,0,0,0,0,0,0,0,0,0,0,"0","0","1","0","0","0","0","0","0","0","0","0","0","0","0","0","0","0","0","0","0","0","0","0","1","0","0","0","1","1","0","0","0","0","0","0","0","0","0","0","0","0","0","0","0","0","0","0","0","0","0","1","0","0","0","0","0","0","0","0","0","0","0","0","0","0","0","0","0","0","0","0","0","0","0","0","0","0","0","0","0","0","0","0","0","0","0","0","0","0","0","0","1","201905","202204","2062"
"9805311","530010","71573406","23161554000176","3","1","00000000000000","","","","","","0","E","","","04","","01","22","03","","99","","","","","","","","ODO.00036-05","20180522","1","","","","","","0","0","1","0","0","0","1","0","0","0","0","0","0","0",0,0,0,"0",0,0,0,0,0,0,0,0,0,0,0,0,0,0,"0",0,0,0,0,0,0,0,0,1,0,0,0,0,0,0,0,"1",0,0,0,"0",0,0,0,0,"0",0,0,0,0,0,0,0,0,0,0,0,0,0,0,0,"0","0","0","0","0","0","0","0","0","0","0","0","0","0","0","0","0","0","0","0","0","0","0","0","0","1","1","0","1","1","0","0","0","0","0","0","0","0","0","0","0","0","0","0","0","0","0","0","0","0","0","1","0","0","0","1","0","0","0","0","0","0","0","0","0","0","0","0","0","0","0","0","0","0","0","0","0","0","0","0","0","0","0","0","0","0","0","0","0","0","0","0","1","201905","202204","2062"
"9806709","530010","70200740","32842123000166","3","1","00000000000000","","","","0015","","0","E","","","04","","03","04","03","","99","","","","","","","","EAS 20755-01","20210923","1","","","","","","0","0","1","0","0","0","1","0","0","0","0","0","0","0",0,0,0,"0",0,0,0,0,0,0,0,0,0,0,0,0,0,0,"0",0,1,0,0,0,0,0,0,0,0,0,0,0,0,0,0,"1",0,0,0,"0",0,0,0,0,"0",0,0,0,0,0,0,0,0,0,0,0,0,0,0,0,"0","0","1","0","0","0","0","0","0","0","0","0","0","0","0","0","0","0","0","0","0","0","0","0","1","0","0","0","1","1","0","0","0","0","0","0","0","0","0","0","0","0","0","0","0","0","0","0","0","0","0","1","0","0","0","1","0","0","0","0","0","0","0","0","0","0","0","0","0","0","0","0","0","0","0","0","0","0","0","0","0","0","0","0","0","0","0","0","0","0","0","0","1","202111","202204","2062"
"9807624","530010","73026664","31807538000136","3","1","00000000000000","","","","0170","","0","E","","","04","","03","22","03","","99","","","","","","","","VISADF","20190128","1","","","","","","0","0","1","0","0","0","1","0","0","0","0","0","0","0",0,0,0,"0",0,0,0,0,0,0,0,0,0,0,0,0,0,0,"0",0,0,0,1,0,0,0,0,0,0,0,0,0,0,0,0,"1",0,0,0,"0",0,0,0,0,"0",0,0,0,0,0,0,0,0,0,0,0,0,0,0,0,"0","0","1","0","0","0","0","0","0","0","0","0","0","0","0","0","0","0","0","0","0","0","0","0","1","0","0","0","1","1","0","0","0","0","0","0","0","0","0","0","0","0","0","0","0","0","0","0","0","0","0","1","0","0","0","1","0","0","0","0","0","0","0","0","0","0","0","0","0","0","0","0","0","0","0","0","0","0","0","0","0","0","0","0","0","0","0","0","0","0","0","0","1","201905","202204","2135"
"9808108","530010","72120190","00969594000143","3","1","00000000000000","","","","0180","","0","E","","","04","","03","04","03","","99","","","","","","","","","","","","","","","","0","0","1","0","0","0","1","0","0","0","0","0","0","0",0,0,0,"0",0,0,0,0,0,0,0,0,0,0,0,0,0,0,"0",1,0,0,0,0,0,0,0,0,0,0,0,0,0,0,0,"1",0,0,0,"0",0,0,0,0,"0",0,0,0,0,0,0,0,0,0,0,0,0,0,0,0,"0","0","1","0","0","0","0","0","0","0","0","0","0","0","0","0","0","0","0","0","0","0","0","0","1","0","0","0","1","1","0","0","0","0","0","0","0","0","0","0","0","0","0","0","0","0","0","0","0","0","0","1","0","0","0","0","0","0","0","0","0","0","0","0","0","0","0","0","0","0","0","0","0","0","0","0","0","0","0","0","0","0","0","0","0","0","0","0","0","0","0","0","1","202002","202204","2062"
"9808876","530010","70390095","33246868000125","3","1","00000000000000","","","","0015","","0","E","","","04","","03","36","03","","99","","","","","","","","EAS.56409-01","20200814","1","","","","","","0","0","1","0","0","0","1","0","0","0","0","0","0","0",0,0,0,"0",0,0,0,0,0,0,0,0,0,0,0,0,0,0,"0",0,1,0,0,0,0,0,0,0,0,0,0,0,0,0,0,"1",0,0,0,"0",0,0,0,0,"0",0,0,0,0,0,0,0,0,0,0,0,0,0,0,0,"0","0","0","0","0","0","0","0","1","0","0","0","0","0","0","0","0","1","0","1","0","0","0","0","1","0","1","0","1","1","0","0","0","0","0","0","0","0","0","0","0","0","0","0","0","0","0","0","0","0","0","1","0","0","0","1","0","0","0","0","0","0","0","0","0","0","0","0","0","0","0","0","0","0","0","0","0","0","0","0","0","0","0","0","0","0","0","0","0","0","0","0","1","202010","202204","2062"
"9809872","530010","71919900","30894627000102","3","1","00000000000000","","","","","","0","E","","","04","","03","22","03","","99","","","","","","","","RLE DIGITAL 5320218123","20190516","1","","","","","","0","0","1","0","0","0","1","0","0","0","0","0","0","0",0,0,0,"0",0,0,0,0,0,0,0,0,0,0,0,0,0,0,"0",1,0,0,0,0,0,0,0,0,0,0,0,0,0,0,0,"1",0,0,0,"0",0,0,0,0,"0",0,0,0,0,0,0,0,0,0,0,0,0,0,0,0,"0","0","1","0","0","0","0","0","0","0","0","0","0","0","0","0","0","0","0","0","0","0","0","0","1","0","0","0","1","1","0","0","0","0","0","0","0","0","0","0","0","0","0","0","0","0","0","0","0","0","0","1","0","0","0","0","0","0","0","0","0","0","0","0","0","0","0","0","0","0","0","0","0","0","0","0","0","0","0","0","0","0","0","0","0","0","0","0","0","0","0","0","1","201905","202204","2062"
"9810226","530010","70200730","32045797000130","3","1","00000000000000","","","","","","0","E","","","04","","03","22","03","","99","","","","","","","","","20220223","1","","","","","","0","0","1","0","0","0","1","0","0","0","0","0","0","0",0,0,0,"0",0,0,0,0,0,0,0,0,0,0,0,0,0,0,"0",0,1,0,0,0,0,0,0,0,0,0,0,0,0,0,0,"1",0,0,0,"0",0,0,0,0,"0",0,0,0,0,0,0,0,0,0,0,0,0,0,0,0,"0","0","0","0","0","0","0","0","0","0","0","0","0","0","0","0","0","0","0","0","0","0","0","0","0","0","0","0","1","1","0","0","0","0","0","0","0","0","0","0","0","0","0","0","0","0","0","0","0","0","0","1","0","0","0","0","0","0","0","0","0","0","0","0","0","0","0","0","0","0","0","0","0","0","0","0","0","0","0","0","0","0","0","0","0","0","0","0","0","0","0","0","1","202204","202204","2062"
"9812008","530010","70200740","31910178000101","3","1","00000000000000","","","","","","0","E","","","04","","01","36","04","","99","","","","","","","","TERMO DE VISTORIA","20181015","1","","","","","","0","0","1","0","0","0","1","0","0","0","0","0","0","0",0,0,0,"0",0,0,0,0,0,0,0,0,0,0,0,0,0,0,"0",0,0,0,2,0,0,0,0,0,0,0,0,0,0,0,0,"1",0,0,0,"0",0,0,0,0,"0",0,0,0,0,0,0,0,0,0,0,0,0,0,0,0,"0","0","1","0","0","0","0","0","0","0","0","0","0","0","0","0","0","0","0","0","0","0","0","0","1","0","0","0","1","1","0","0","0","0","0","0","0","0","0","0","0","0","0","0","0","0","0","0","0","0","0","1","0","0","0","0","0","0","0","0","0","0","0","0","0","0","0","0","0","0","0","0","0","0","0","0","0","0","0","0","0","0","0","0","0","0","0","0","0","0","0","0","1","201906","202204","2062"
"9812377","530010","70710100","11126549000143","3","1","00000000000000","","","","","","0","E","","","04","","03","84","03","","99","","","","","","","","LICENCIAMENTO SANITARIO","20190520","1","","","","","","0","0","1","0","0","0","1","0","0","0","0","0","0","0",0,0,0,"0",0,0,0,0,0,0,0,0,0,0,0,0,0,0,"0",0,1,0,0,0,0,0,0,0,0,0,0,0,0,0,0,"1",0,0,0,"0",0,0,0,0,"0",0,0,0,0,0,0,0,0,0,0,0,0,0,0,0,"0","0","0","0","0","0","0","0","0","1","0","0","0","0","0","0","0","0","0","0","0","0","0","0","1","0","0","0","1","1","0","0","0","0","0","0","0","0","0","0","0","0","0","0","0","0","0","0","0","0","0","1","0","0","0","0","0","0","0","0","0","0","0","0","0","0","0","0","0","0","0","0","0","0","0","0","0","0","0","0","0","0","0","0","0","0","0","0","0","0","0","0","1","201906","202204","2062"
"9812830","530010","71880051","32920600000164","3","1","00000000000000","","","","","","0","E","","","04","","01","22","03","","99","","","","","","","","","","","","","","","","0","0","1","0","0","0","1","0","0","0","0","0","0","0",0,0,0,"0",0,0,0,0,0,0,0,0,0,0,0,0,0,0,"0",0,0,0,0,0,0,0,0,1,0,0,0,0,0,0,0,"1",0,0,0,"0",0,0,0,0,"0",0,0,0,0,0,0,0,0,0,0,0,0,0,0,0,"0","0","0","0","0","0","0","0","0","0","0","0","0","0","0","0","0","0","0","0","0","0","0","0","0","0","0","0","1","1","0","0","0","0","0","0","0","0","0","0","0","0","0","0","0","0","0","0","0","0","0","1","0","0","0","1","0","0","0","0","0","0","0","0","0","0","0","0","0","0","0","0","0","0","0","0","0","0","0","0","0","0","0","0","0","0","0","0","0","0","0","0","1","201906","202204","2062"
"9813047","530010","72415101","00063263001464","3","1","00000000000000","","","","0060","","0","E","","","04","","03","39","03","","99","","","","","","","","LAB.00019-20","20220106","1","","","","","","0","0","1","0","0","0","1","0","0","0","0","0","0","0",0,0,0,"0",0,0,0,0,0,0,0,0,0,0,0,0,0,0,"0",0,0,0,0,0,0,0,0,0,0,0,0,0,0,0,0,"0",0,0,0,"0",0,0,0,0,"0",0,0,0,0,0,0,0,0,0,0,0,0,0,0,0,"0","0","0","0","0","0","0","0","0","0","0","0","0","0","0","0","0","0","0","0","0","0","0","0","0","1","0","0","1","1","0","0","0","0","0","0","0","0","0","0","0","0","0","0","0","0","0","0","0","0","0","0","0","0","0","0","0","0","1","0","0","0","1","0","0","0","0","0","0","0","0","0","0","0","0","0","0","0","0","0","0","0","0","0","0","0","0","0","0","0","0","0","1","202203","202204","2054"
"9814566","530010","70390108","33771284000179","3","1","00000000000000","","","","0015","","0","E","","","03","","01","22","04","","99","","","","","","","","CERTIF. DE LICENCIAMENTO","20190531","1","","","","","","0","0","1","0","0","0","1","0","0","0","0","0","0","0",0,0,0,"0",0,0,0,0,0,0,0,0,0,0,0,0,0,0,"0",0,0,0,1,0,0,0,0,0,0,0,0,0,0,0,0,"1",0,0,0,"0",0,0,0,0,"0",0,0,0,0,0,0,0,0,0,0,0,0,0,0,0,"0","0","1","0","0","0","0","0","0","0","0","0","0","0","0","0","0","0","0","0","0","0","0","0","1","0","0","0","1","1","0","0","0","0","0","0","0","0","0","0","0","0","0","0","0","0","0","0","0","0","0","1","0","0","0","0","0","0","0","0","0","0","0","0","0","0","0","0","0","0","0","0","0","0","0","0","0","0","0","0","0","0","0","0","0","0","0","0","0","0","0","0","1","202006","202204","2062"
"9814876","530010","70200700","30835606000108","3","1","00000000000000","","","","0015","","0","E","","","04","","01","22","03","","99","","","","","","","","ODO.01796-01","20190301","1","","","","","","0","0","1","0","0","0","1","0","0","0","0","0","0","0",0,0,0,"0",0,0,0,0,0,0,0,0,0,0,0,0,0,0,"0",0,0,0,0,0,0,0,0,1,0,0,0,0,0,0,0,"1",0,0,0,"0",0,0,0,0,"0",0,0,0,0,0,0,0,0,0,0,0,0,0,0,0,"0","0","1","0","0","0","0","0","0","0","0","0","0","0","0","0","0","0","0","0","0","0","0","0","1","1","0","0","1","1","0","0","0","0","0","0","0","0","0","0","0","0","0","0","0","0","0","0","0","0","0","1","0","0","0","1","0","0","0","0","0","0","0","0","0","0","0","0","0","0","0","0","0","0","0","0","0","0","0","0","0","0","0","0","0","0","0","0","0","0","0","0","1","201906","202204","2305"
"9816860","530010","71635610","33114696000136","3","1","00000000000000","","","","0090","","0","E","","","04","","03","04","03","","99","","","","","","","","EAS.0017203","20200909","1","","","","","","0","0","1","0","0","0","1","0","0","0","0","0","0","0",0,0,0,"0",0,0,0,0,0,0,0,0,0,0,0,0,0,0,"0",0,3,0,0,0,0,0,0,0,0,0,0,0,0,0,0,"1",0,0,0,"0",0,0,0,0,"0",0,0,0,0,0,0,0,0,0,0,0,0,0,0,0,"0","0","1","0","0","0","0","0","1","0","0","0","0","0","0","0","0","0","0","0","0","0","0","0","1","1","0","0","1","1","0","0","0","0","0","0","0","0","0","0","0","0","0","0","0","0","0","0","0","0","0","1","0","0","0","1","0","0","0","0","0","0","0","0","0","0","0","0","0","0","0","0","0","0","0","0","0","0","0","0","0","0","0","0","0","0","0","0","0","0","0","0","1","202108","202204","2062"
"9816992","530010","70710146","33249735000102","3","1","00000000000000","","","","0005","","0","E","","","04","","03","22","03","","99","","","","","","","","RLE - VISADF","20190517","1","","","","","","0","0","1","0","0","0","1","0","0","0","0","0","0","0",0,0,0,"0",0,0,0,0,0,0,0,0,0,0,0,0,0,0,"0",0,1,0,0,0,0,0,0,0,0,0,0,0,0,0,0,"1",0,0,0,"0",0,0,0,0,"0",0,0,0,0,0,0,0,0,0,0,0,0,0,0,0,"0","0","1","0","0","0","0","0","0","0","0","0","0","0","0","0","0","0","0","0","0","0","0","0","1","0","0","0","1","1","0","0","0","0","0","0","0","0","0","0","0","0","0","0","0","0","0","0","0","0","0","1","0","0","0","1","0","0","0","0","0","0","0","0","0","0","0","0","0","0","0","0","0","0","0","0","0","0","0","0","0","0","0","0","0","0","0","0","0","0","0","0","1","202111","202204","2305"
"9817212","530010","72110160","08329752000293","3","1","00000000000000","","","","0180","","0","E","","","04","","01","04","03","","99","","","","","","","","EAS 0010101","20210210","1","","","","","","0","0","1","0","0","0","1","0","0","0","0","0","0","0",0,0,0,"0",0,0,0,0,0,0,0,0,0,0,0,0,0,0,"0",0,7,0,0,0,0,0,0,0,0,0,0,0,0,0,0,"1",0,0,0,"0",0,0,0,0,"0",0,0,0,0,0,0,0,0,0,0,0,0,0,0,0,"0","0","1","0","0","0","0","0","0","0","0","0","0","0","0","0","0","0","0","1","0","0","0","0","1","1","0","0","1","1","0","0","0","0","0","0","0","0","0","0","0","0","0","0","0","0","0","0","0","0","0","1","0","0","0","1","0","0","0","0","0","0","0","0","0","0","0","0","0","0","0","0","0","0","0","0","0","0","0","0","0","0","0","0","0","0","0","0","0","0","0","0","1","202203","202204","2062"
"9818693","530010","73036115","30745260000157","3","1","00000000000000","","","","","","0","E","","","04","","01","04","03","","99","","","","","","","","EAS-1155-09","20181109","1","","","","","","0","0","1","0","0","0","1","0","0","0","0","0","0","0",0,0,0,"0",0,0,0,0,0,0,0,0,0,0,0,0,0,0,"0",3,5,0,2,0,0,0,0,0,0,0,0,0,0,0,0,"1",0,0,0,"0",0,0,0,0,"0",0,0,0,0,0,0,0,0,0,0,0,0,0,0,0,"0","0","1","0","0","0","0","0","1","0","0","0","0","0","0","0","0","0","0","0","0","0","0","0","1","1","0","0","1","1","0","0","0","0","0","0","0","0","0","0","0","0","0","0","0","0","0","0","0","0","0","1","0","0","0","1","0","0","0","0","0","0","0","0","0","0","0","0","0","0","0","0","0","0","0","0","0","0","0","0","0","0","0","0","0","0","0","0","0","0","0","0","1","201906","202204","2062"
"9818707","530010","70390095","06250832000223","3","1","00000000000000","","","","0015","","0","E","","","04","","03","62","03","","99","","","","","","","","LICENCA SANITARIA","20190513","1","","","","","","0","0","1","0","0","0","1","0","0","1","0","1","0","1",0,2,0,"1",0,0,0,0,0,0,0,0,0,0,0,0,0,0,"0",0,2,0,0,0,0,0,1,0,2,0,0,0,0,0,1,"1",0,0,0,"0",0,0,0,0,"0",0,0,0,0,0,0,0,0,1,0,0,0,0,0,0,"0","0","1","0","0","0","0","0","0","0","0","0","0","0","0","0","0","0","0","0","0","0","0","0","1","1","0","0","1","1","0","0","0","0","0","0","0","0","0","0","0","0","0","0","1","0","0","1","1","0","0","1","0","0","1","1","0","0","0","0","0","0","0","0","0","0","0","0","0","0","0","0","0","0","0","0","0","0","0","0","0","0","0","0","0","0","0","0","0","0","0","0","1","202004","202204","2062"
"9819045","530010","70200700","33342608000153","3","1","00000000000000","","","","","","0","E","","","04","","03","22","03","","99","","","","","","","","LICENCA DE FUNCIONAMENTO","20190429","1","","","","","","0","0","1","0","0","0","1","0","0","0","0","0","0","0",0,0,0,"0",0,0,0,0,0,0,0,0,0,0,0,0,0,0,"0",1,0,0,0,0,0,0,0,0,0,0,0,0,0,0,0,"1",0,0,0,"0",0,0,0,0,"0",0,0,0,0,0,0,0,0,0,0,0,0,0,0,0,"0","0","0","0","0","0","0","0","0","0","0","0","0","0","0","0","0","0","0","0","0","0","0","0","0","1","0","0","1","1","0","0","0","0","0","0","0","0","0","0","0","0","0","0","0","0","0","0","0","0","0","1","0","0","0","0","0","0","0","0","0","0","0","0","0","0","0","0","0","0","0","0","0","0","0","0","0","0","0","0","0","0","0","0","0","0","0","0","0","0","0","0","1","201906","202204","2062"
"9819509","530010","71735720","03047139000189","3","1","00000000000000","","","","","","0","E","","","04","","01","22","03","","99","001","4346X","129135","","","","","AES 00028-11","20180901","2","","","","","","0","0","1","0","0","0","1","0","0","0","0","0","0","0",0,0,0,"0",0,0,0,0,0,0,0,0,0,0,0,0,0,0,"0",1,0,0,0,0,0,0,0,0,0,0,0,0,0,0,0,"1",0,0,0,"0",0,0,0,0,"0",0,0,0,0,0,0,0,0,0,0,0,0,0,0,0,"0","0","0","1","0","0","0","0","0","0","0","0","0","0","0","0","0","0","0","0","0","0","0","0","1","0","0","0","1","1","0","0","0","0","0","0","0","0","0","0","0","0","0","0","0","0","0","0","0","0","0","1","0","0","0","0","0","0","0","0","0","0","0","0","0","0","0","0","0","0","0","0","0","0","0","0","0","0","0","0","0","0","0","0","0","0","0","0","0","0","0","0","1","201906","202204","2135"
"9819762","530010","70330530","30128515000132","3","1","00000000000000","","","","0015","","0","E","","","04","","01","36","03","","99","","","","","","","","CERTIFICADO LICENCIAMENTO","20200626","1","","","","","","0","0","1","0","0","0","1","0","0","0","0","0","0","0",0,0,0,"0",0,0,0,0,0,0,0,0,0,0,0,0,0,0,"0",0,1,0,0,0,0,0,0,0,0,0,0,0,0,0,0,"1",0,0,0,"0",0,0,0,0,"0",0,0,0,0,0,0,0,0,0,0,0,0,0,0,0,"0","0","1","0","0","0","0","0","0","0","0","0","0","0","0","0","0","0","0","0","0","0","0","0","1","0","0","0","1","1","0","0","0","0","0","0","0","0","0","0","0","0","0","0","0","0","0","0","0","0","0","1","0","0","0","0","0","0","0","0","0","0","0","0","0","0","0","0","0","0","0","0","0","0","0","0","0","0","0","0","0","0","0","0","0","0","0","0","0","0","0","0","1","202008","202204","2062"
"9821031","530010","70200760","21809718000284","3","1","00000000000000","","","","0015","","0","E","","","04","","03","04","03","","99","","","","","","","","EAS 2066501","20190527","1","","","","","","0","0","1","0","0","0","1","0","0","0","0","0","0","0",0,0,0,"0",0,0,0,0,0,0,0,0,0,0,0,0,0,0,"0",0,4,0,0,0,0,0,0,0,4,0,0,0,0,0,0,"1",0,0,0,"0",0,0,0,0,"0",0,0,0,0,0,0,0,0,0,0,0,0,0,0,0,"0","0","1","0","0","0","0","0","1","0","0","0","0","0","0","0","0","0","0","0","0","0","0","0","1","1","0","0","1","1","0","0","0","0","0","0","0","0","0","0","0","0","0","0","0","0","0","0","0","0","0","1","0","0","0","1","0","0","0","0","0","0","0","0","0","0","0","0","0","0","0","0","0","0","0","0","0","0","0","0","0","0","0","0","0","0","0","0","0","0","0","0","1","202002","202204","2062"
"9822275","530010","73017015","18346154000103","3","1","00000000000000","","","","","","0","E","","","04","","01","39","03","","99","","","","","","","","Nº ODO-01171-09","20181127","1","","","","","","0","0","1","0","0","0","1","0","0","0","0","0","0","0",0,0,0,"0",0,0,0,0,0,0,0,0,0,0,0,0,0,0,"0",0,0,0,0,0,0,0,0,1,0,0,0,0,0,0,0,"1",0,0,0,"0",0,0,0,0,"0",0,0,0,0,0,0,0,0,0,0,0,0,0,0,0,"0","0","1","0","0","0","0","0","0","0","0","0","0","0","0","0","0","0","0","0","0","0","0","0","1","0","0","0","1","1","0","0","0","0","0","0","0","0","0","0","0","0","0","0","0","0","0","0","0","0","0","0","0","0","0","0","0","0","1","0","0","0","0","0","0","0","0","0","0","0","0","0","0","0","0","0","0","0","0","0","0","0","0","0","0","0","0","0","0","0","0","0","1","201909","202204","2062"
"9822933","530010","70377400","27399869000107","3","1","00000000000000","","","","","","0","E","","","04","","03","36","03","","99","","","","","","","","2018003541","20180312","1","","","","","","0","0","1","0","0","0","1","0","0","0","0","0","0","0",0,0,0,"0",0,0,0,0,0,0,0,0,0,0,0,0,0,0,"0",0,0,0,2,0,0,0,0,0,0,0,0,0,0,0,0,"1",0,0,0,"0",0,0,0,0,"0",0,0,0,0,0,0,0,0,0,0,0,0,0,0,0,"0","0","1","0","0","0","0","0","0","0","0","0","0","0","0","0","0","0","0","0","0","0","0","0","1","0","0","0","1","1","0","0","0","0","0","0","0","0","0","0","0","0","0","0","0","0","0","0","0","0","0","1","0","0","0","0","0","0","0","0","0","0","0","0","0","0","0","0","0","0","0","0","0","0","0","0","0","0","0","0","0","0","0","0","0","0","0","0","0","0","0","0","1","201906","202204","2062"
"9823662","530010","70712904","27039917000156","3","1","00000000000000","","","","","","0","E","","","04","","03","22","03","","99","","","","","","","","2021800145","20210507","1","","","","","","0","0","1","0","0","0","1","0","0","0","0","0","0","0",0,0,0,"0",0,0,0,0,0,0,0,0,0,0,0,0,0,0,"0",0,0,0,1,0,0,0,0,0,0,0,0,0,0,0,0,"1",0,0,0,"0",0,0,0,0,"0",0,0,0,0,0,0,0,0,0,0,0,0,0,0,0,"0","0","1","0","0","0","0","0","0","0","0","0","0","0","0","0","0","0","0","0","0","0","0","0","1","0","0","0","1","1","0","0","0","0","0","0","0","0","0","0","0","0","0","0","0","0","0","0","0","0","0","1","0","0","0","0","0","0","0","0","0","0","0","0","0","0","0","0","0","0","0","0","0","0","0","0","0","0","0","0","0","0","0","0","0","0","0","0","0","0","0","0","1","202203","202204","2305"
"9823735","530010","70390095","31733417000197","3","1","00000000000000","","","","","","0","E","","","04","","03","36","03","","99","","","","","","","","EAS 20652-01","20190613","1","","","","","","0","0","1","0","0","0","1","0","0","0","0","0","0","0",0,0,0,"0",0,0,0,0,0,0,0,0,0,0,0,0,0,0,"0",0,1,0,0,0,0,0,0,0,0,0,0,0,0,0,0,"1",0,0,0,"0",0,0,0,0,"0",0,0,0,0,0,0,0,0,0,0,0,0,0,0,0,"0","0","1","0","0","0","0","0","0","0","0","0","0","0","0","0","0","0","0","0","0","0","0","0","1","0","0","1","1","1","0","0","0","0","0","0","0","0","0","0","0","0","0","0","0","0","0","0","0","0","0","1","0","0","0","1","0","0","0","0","0","0","0","0","0","0","0","0","0","0","0","0","0","0","0","0","0","0","0","0","0","0","0","0","0","0","0","0","0","0","0","0","1","201906","202204","2062"
"9824006","530010","70300902","32159205000100","3","1","00000000000000","","","","0015","","0","E","","","04","","02","04","03","","99","","","","","","","","","","","","","","","","0","0","1","0","0","0","1","0","0","0","0","0","0","0",0,0,0,"0",0,0,0,0,0,0,0,0,0,0,0,0,0,0,"0",0,1,0,0,0,0,0,0,0,0,0,0,0,0,0,0,"1",0,0,0,"0",0,0,0,0,"0",0,0,0,0,0,0,0,0,0,0,0,0,0,0,0,"0","0","1","0","0","0","0","0","0","0","0","0","0","0","0","0","0","0","0","0","0","0","0","0","1","0","0","0","1","1","0","0","0","0","0","0","0","0","0","0","0","0","0","0","0","0","0","0","0","0","0","1","0","0","0","0","0","0","0","0","0","0","0","0","0","0","0","0","0","0","0","0","0","0","0","0","0","0","0","0","0","0","0","0","0","0","0","0","0","0","0","0","1","201906","202204","2062"
"9825126","530010","70711000","20922411000141","3","1","00000000000000","","","","","","0","E","","","04","","03","04","03","","99","","","","","","","","EAS 00017-02","20210512","1","","","","","","0","0","1","0","0","0","1","0","0","0","0","0","0","0",0,0,0,"0",0,0,0,0,0,0,0,0,0,0,0,0,0,0,"0",0,6,0,0,0,0,0,0,0,0,0,0,0,0,0,0,"1",0,0,0,"0",0,0,0,0,"0",0,0,0,0,0,0,0,0,0,0,0,0,0,0,0,"0","0","1","0","0","0","0","0","0","0","0","0","0","0","0","0","0","0","0","1","0","0","0","0","1","0","0","0","1","1","0","0","0","0","0","0","0","0","0","0","0","0","0","0","0","0","0","0","0","0","0","1","0","0","0","1","0","0","0","0","0","0","0","0","0","0","0","0","0","0","0","0","0","0","0","0","0","0","0","0","0","0","0","0","0","0","0","0","0","0","0","0","1","202106","202204","2062"
"9825134","530010","72115085","33819125000105","3","1","00000000000000","","","","0180","","0","E","","","04","","03","36","03","","99","","","","","","","","CERTIFICADO DE LICENCIAME","20190605","1","","","","","","0","0","1","0","0","0","1","0","0","0","0","0","0","0",0,0,0,"0",0,0,0,0,0,0,0,0,0,0,0,0,0,0,"0",1,0,0,0,0,0,0,0,0,0,0,0,0,0,0,0,"1",0,0,0,"0",0,0,0,0,"0",0,0,0,0,0,0,0,0,0,0,0,0,0,0,0,"0","0","1","0","0","0","0","0","0","0","0","0","0","0","0","0","0","0","0","0","0","0","0","0","1","0","0","0","1","1","0","0","0","0","0","0","0","0","0","0","0","0","0","0","0","0","0","0","0","0","0","1","0","0","1","1","0","0","0","0","0","0","0","0","0","0","0","0","0","0","0","0","0","0","0","0","0","0","0","0","0","0","0","0","0","0","0","0","0","0","0","0","1","201906","202204","2062"
"9825703","530010","72006200","33283040000147","3","1","00000000000000","","","","9934","","0","E","","","04","","01","36","03","","99","","","","","","","","RLE","20191129","1","","","","","","0","0","1","0","0","0","1","0","0","0","0","0","0","0",0,0,0,"0",0,0,0,0,0,0,0,0,0,0,0,0,0,0,"0",0,0,0,0,0,0,0,0,2,0,0,0,0,0,0,0,"1",0,0,0,"0",0,0,0,0,"0",0,0,0,0,0,0,0,0,0,0,0,0,0,0,0,"0","0","1","1","0","0","0","0","0","0","0","0","0","0","0","0","0","0","0","0","0","0","0","0","1","1","0","0","1","1","0","0","0","0","0","0","0","0","0","0","0","0","0","0","0","0","0","0","0","0","0","1","0","0","0","1","0","0","0","0","0","0","0","0","0","0","0","0","0","0","0","0","0","0","0","0","0","0","0","0","0","0","0","0","0","0","0","0","0","0","0","0","1","202008","202204","2062"
"9826297","530010","72430109","27566099000140","3","1","00000000000000","","","","0060","","0","E","","","04","","03","36","03","","99","","","","","","","","EAS.00026-20","20210326","1","","","","","","0","0","1","0","0","0","1","0","0","0","0","0","0","0",0,0,0,"0",0,0,0,0,0,0,0,0,0,0,0,0,0,0,"0",0,5,0,0,0,0,0,0,0,0,0,0,0,0,0,0,"1",0,0,0,"0",0,0,0,0,"0",0,0,0,0,0,0,0,0,0,0,0,0,0,0,0,"0","0","1","0","0","0","0","0","0","1","0","0","0","0","0","0","0","0","0","0","0","0","0","0","1","1","0","0","1","1","0","0","0","0","0","0","0","0","0","0","0","0","0","0","0","0","0","0","0","0","0","1","0","0","0","1","0","0","0","0","0","0","0","0","0","0","0","0","0","0","0","0","0","0","0","0","0","0","0","0","0","0","0","0","0","0","0","0","0","0","0","0","1","202108","202204","2062"
"9827757","530010","70330530","22562019000164","3","1","00000000000000","","","","0010","","0","E","","","04","","01","22","03","","99","","","","","","","","","20181009","1","","","","","","0","0","1","0","0","0","1","0","0","0","0","0","0","0",0,0,0,"0",0,0,0,0,0,0,0,0,0,0,0,0,0,0,"0",0,1,0,0,0,0,0,0,0,0,0,0,0,0,0,0,"1",0,0,0,"0",0,0,0,0,"0",0,0,0,0,0,0,0,0,0,0,0,0,0,0,0,"0","0","0","0","0","0","0","0","0","0","0","0","0","0","0","0","0","0","0","0","1","1","0","0","1","0","0","0","1","1","0","0","0","0","0","0","0","0","0","0","0","0","0","0","0","0","0","0","0","0","0","1","0","0","0","0","0","0","0","0","0","0","0","0","0","0","0","0","0","0","0","0","0","0","0","0","0","0","0","0","0","0","0","0","0","0","0","0","0","0","0","0","1","201906","202204","2062"
"9827811","530010","70390150","09104513000460","3","1","00000000000000","","","","","","0","E","","","04","","03","36","03","","99","","","","","","","","EAS20501-01","20211027","1","","","","","","0","0","1","0","0","0","1","0","0","0","0","0","0","0",0,0,0,"0",0,0,0,0,0,0,0,0,0,0,0,0,0,0,"1",0,5,0,1,0,0,0,0,0,0,1,0,0,0,0,0,"1",0,0,0,"0",0,0,0,0,"0",0,1,1,0,0,0,0,0,0,0,0,0,0,0,0,"0","0","1","0","0","0","1","0","0","1","0","0","0","0","0","0","0","1","0","1","0","1","0","0","1","1","1","0","1","1","0","0","0","0","0","0","0","0","0","0","0","0","0","0","0","0","0","0","0","0","0","1","0","0","1","1","0","0","0","0","0","0","0","0","0","0","0","0","0","0","0","0","0","0","0","0","0","0","0","0","0","0","0","0","0","0","0","0","0","0","0","0","1","202204","202204","2054"
"9828508","530010","71974000","31608464000109","3","1","00000000000000","","","","","","0","E","","","04","","01","36","03","","99","","","","","","","","ODO 0010022","20190327","1","","","","","","0","0","1","0","0","0","1","0","0","0","0","0","0","0",0,0,0,"0",0,0,0,0,0,0,0,0,0,0,0,0,0,0,"0",0,0,0,0,0,0,0,0,2,0,0,0,0,0,0,0,"1",0,0,0,"0",0,0,0,0,"0",0,0,0,0,0,0,0,0,0,0,0,0,0,0,0,"0","0","1","0","0","0","0","0","0","0","0","0","0","0","0","0","0","0","0","0","0","0","0","0","1","1","0","0","1","1","0","0","0","0","0","0","0","0","0","0","0","0","0","0","0","0","0","0","0","0","0","1","0","0","0","1","0","0","0","0","0","0","0","0","0","0","0","0","0","0","0","0","0","0","0","0","0","0","0","0","0","0","0","0","0","0","0","0","0","0","0","0","1","201906","202204","2062"
"9828524","530010","71909720","32950691000180","3","1","00000000000000","","","","","","0","E","","","04","","01","22","03","","99","","","","","","","","LICENCIAMENTO","20190311","2","","","","","","0","0","1","0","0","0","1","0","0","0","0","0","0","0",0,0,0,"0",0,0,0,0,0,0,0,0,0,0,0,0,0,0,"0",0,0,0,1,0,0,0,0,0,0,0,0,0,0,0,0,"1",0,0,0,"0",0,0,0,0,"0",0,0,0,0,0,0,0,0,0,0,0,0,0,0,0,"0","0","0","0","0","0","0","0","0","0","0","0","0","0","0","0","0","0","0","0","0","0","0","0","0","0","0","0","1","1","0","0","0","0","0","0","0","0","0","0","0","0","0","0","0","0","0","0","0","0","0","1","0","0","1","1","0","0","0","0","0","0","0","0","0","0","0","0","0","0","0","0","0","0","0","0","0","0","0","0","0","0","0","0","0","0","0","0","0","0","0","0","1","201906","202204","2305"
"9828583","530010","70390108","25217412000109","3","1","00000000000000","","","","","","0","E","","","04","","01","22","03","","99","","","","","","","","EAS.20647-01","20210205","1","","","","","","0","0","1","0","0","0","1","0","0","0","0","0","0","0",0,0,0,"0",0,0,0,0,0,0,0,0,0,0,0,0,0,0,"0",1,0,0,0,0,0,0,0,0,0,0,0,0,0,0,0,"1",0,0,0,"0",0,0,0,0,"0",0,0,0,0,0,0,0,0,0,0,0,0,0,0,0,"0","0","1","0","0","0","0","0","0","0","0","0","0","0","0","0","0","0","0","0","0","0","0","0","1","0","0","0","1","1","0","0","0","0","0","0","0","0","0","0","0","0","0","0","0","0","0","0","0","0","0","1","0","0","0","0","0","0","0","0","0","0","0","0","0","0","0","0","0","0","0","0","0","0","0","0","0","0","0","0","0","0","0","0","0","0","0","0","0","0","0","0","1","202111","202204","2062"
"9828907","530010","71915750","26746397000159","3","1","00000000000000","","","","","","0","E","","","04","","01","22","04","","99","","","","","","","","CERTIFICADO LICENCIAMENTO","20180227","1","","","","","","0","0","1","0","0","0","1","0","0","0","0","0","0","0",0,0,0,"0",0,0,0,0,0,0,0,0,0,0,0,0,0,0,"0",0,0,0,1,0,0,0,0,0,0,0,0,0,0,0,0,"1",0,0,0,"0",0,0,0,0,"0",0,0,0,0,0,0,0,0,0,0,0,0,0,0,0,"0","0","0","0","0","0","0","0","0","0","0","0","0","0","0","0","0","0","0","0","0","0","0","0","0","0","0","0","1","1","0","0","0","0","0","0","0","0","0","0","0","0","0","0","0","0","0","0","0","0","0","0","0","0","0","1","0","0","0","0","0","0","0","0","0","0","0","0","0","0","0","0","0","0","0","0","0","0","0","0","0","0","0","0","0","0","0","0","0","0","0","0","1","201906","202204","2062"
"9829318","530010","71625560","15676650000129","3","1","00000000000000","","","","0090","","0","E","","","04","","01","36","03","","99","","","","","","","","EAS 320-03","20181106","1","","","","","","0","0","1","0","0","0","1","0","0","0","0","0","0","0",0,0,0,"0",0,0,0,0,0,0,0,0,0,0,0,0,0,0,"0",0,1,0,0,0,0,0,0,0,0,0,0,0,0,0,0,"1",0,0,0,"0",0,0,0,0,"0",0,0,0,0,0,0,0,0,0,0,0,0,0,0,0,"0","0","1","0","0","0","0","0","0","0","0","0","0","0","0","0","0","0","0","0","0","0","0","0","1","0","0","0","1","1","0","0","0","0","0","0","0","0","0","0","0","0","0","0","0","0","0","0","0","0","0","1","0","0","0","0","0","0","0","0","0","0","0","0","0","0","0","0","0","0","0","0","0","0","0","0","0","0","0","0","0","0","0","0","0","0","0","0","0","0","0","0","1","201906","202204","2062"
"9829458","530010","71919900","32192040000179","3","1","00000000000000","","","","9901","","0","E","","","04","","03","36","04","","99","","","","","","","","RLE","20190501","1","","","","","","0","0","1","0","0","0","1","0","0","0","0","0","0","0",0,0,0,"0",0,0,0,0,0,0,0,0,0,0,0,0,0,0,"0",0,0,0,0,0,0,0,0,1,0,0,0,0,0,0,0,"1",0,0,0,"0",0,0,0,0,"0",0,0,0,0,0,0,0,0,0,0,0,0,0,0,0,"0","0","1","0","0","0","0","0","0","0","0","0","0","0","0","0","0","0","0","0","0","0","0","0","1","0","1","0","1","1","0","0","0","0","0","0","0","0","0","0","0","0","0","0","0","0","0","0","0","0","0","1","0","0","1","1","0","0","0","0","0","0","0","0","0","0","0","0","0","0","0","0","0","0","0","0","0","0","0","0","0","0","0","0","0","0","0","0","0","0","0","0","1","201906","202204","2135"
"9830235","530010","72250541","33833515000121","3","1","00000000000000","","","","0040","","0","E","","","04","","01","22","03","","99","","","","","","","","RLE","20190607","1","","","","","","0","0","1","0","0","0","1","0","0","0","0","0","0","0",0,0,0,"0",0,0,0,0,0,0,0,0,0,0,0,0,0,0,"0",0,0,0,0,0,0,0,0,1,0,0,0,0,0,0,0,"1",0,0,0,"0",0,0,0,0,"0",0,0,0,0,0,0,0,0,0,0,0,0,0,0,0,"0","0","0","0","0","0","0","0","0","0","0","0","0","0","0","0","1","0","0","0","0","0","0","0","1","0","0","0","1","1","0","0","0","0","0","0","0","0","0","0","0","0","0","0","0","0","0","0","0","0","0","1","0","0","0","0","0","0","0","0","0","0","0","0","0","0","0","0","0","0","0","0","0","0","0","0","0","0","0","0","0","0","0","0","0","0","0","0","0","0","0","0","1","201906","202204","2305"
"9830359","530010","70386100","33661445000171","3","1","00000000000000","","","","","","0","E","","","04","","02","22","06","","99","","","","","","","","","","1","","","","","","0","0","1","0","0","0","1","0","0","0","0","0","0","0",0,0,0,"0",0,0,0,0,0,0,0,0,0,0,0,0,0,0,"0",1,0,0,0,0,0,0,0,0,0,0,0,0,0,0,0,"1",0,0,0,"0",0,0,0,0,"0",0,0,0,0,0,0,0,0,0,0,0,0,0,0,0,"0","0","0","0","0","0","0","0","0","0","0","0","0","0","0","0","0","0","0","0","0","0","0","0","0","0","0","0","1","1","0","0","0","0","0","0","0","0","0","0","0","0","0","0","0","0","0","0","0","0","0","1","0","0","1","1","0","0","0","0","0","0","0","0","0","0","0","0","0","0","0","0","0","0","0","0","0","0","0","0","0","0","0","0","0","0","0","0","0","0","0","0","1","201906","202204","2062"
"9830626","530010","72231423","33693901000165","3","1","00000000000000","","","","","","0","E","","","04","","03","36","03","","99","","","","","","","","DF1511136/2019 PROTOCOLO","20190601","1","","","","","","0","0","1","0","0","0","1","0","0","0","0","0","0","0",0,0,0,"0",0,0,0,0,0,0,0,0,0,0,0,0,0,0,"0",0,0,0,0,0,0,0,0,2,0,0,0,0,0,0,0,"1",0,0,0,"0",0,0,0,0,"0",0,0,0,0,0,0,0,0,0,0,0,0,0,0,0,"0","0","1","0","0","0","0","0","0","0","0","0","0","0","0","0","0","0","0","1","0","0","0","0","1","1","0","0","1","1","0","0","0","0","0","0","0","0","0","0","0","0","0","0","0","0","0","0","0","0","0","1","0","0","0","1","0","0","0","0","0","0","0","0","0","0","0","0","0","0","0","0","0","0","0","0","0","0","0","0","0","0","0","0","0","0","0","0","0","0","0","0","1","201906","202204","2305"
"9830782","530010","70390145","23835043000192","3","1","00000000000000","","","","","","0","E","","","04","","01","36","03","","99","","","","","","","","","","","","","","","","0","0","1","0","0","0","1","0","0","0","0","0","0","0",0,0,0,"0",0,0,0,0,0,0,0,0,0,0,0,0,0,0,"0",0,0,0,1,0,0,0,0,0,0,0,0,0,0,0,0,"1",0,0,0,"0",0,0,0,0,"0",0,0,0,0,0,0,0,0,0,0,0,0,0,0,0,"0","0","0","0","0","0","0","0","0","0","0","0","0","0","0","0","0","0","0","0","0","0","0","0","0","0","0","0","1","1","0","0","0","0","0","0","0","0","0","0","0","0","0","0","0","0","0","0","0","0","0","1","0","0","0","0","0","0","0","0","0","0","0","0","0","0","0","0","0","0","0","0","0","0","0","0","0","0","0","0","0","0","0","0","0","0","0","0","0","0","0","0","1","201906","202204","2062"
"9831983","530010","71015068","26463236000158","3","1","00000000000000","","","","","","0","E","","","04","","03","36","03","","99","","","","","","","","EAS00032","20190107","1","","","","","","0","0","1","0","0","0","1","0","0","0","0","0","0","0",0,0,0,"0",0,0,0,0,0,0,0,0,0,0,0,0,0,0,"0",0,1,0,0,0,0,0,0,0,0,0,0,0,0,0,0,"1",0,0,0,"0",0,0,0,0,"0",0,0,0,0,0,0,0,0,0,0,0,0,0,0,0,"0","0","1","0","0","0","0","0","0","0","0","0","0","0","0","0","0","0","0","0","0","0","0","0","1","0","0","0","1","1","0","0","0","0","0","0","0","0","0","0","0","0","0","0","0","0","0","0","0","0","0","1","0","0","0","0","0","0","0","0","0","0","0","0","0","0","0","0","0","0","0","0","0","0","0","0","0","0","0","0","0","0","0","0","0","0","0","0","0","0","0","0","1","201906","202204","2135"
"9832009","530010","73360408","09331272000149","3","1","00000000000000","","","","","","0","E","","","04","","03","39","03","","99","","","","","","","","RLE@DIGITAL","20210801","1","","","","","","0","0","1","0","0","0","1","0","0","0","0","0","0","0",0,0,0,"0",0,0,0,0,0,0,0,0,0,0,0,0,0,0,"0",0,0,0,0,0,0,0,0,0,0,0,0,0,0,0,0,"0",0,0,0,"0",0,0,0,0,"0",0,0,0,0,0,0,0,0,0,0,0,0,0,0,0,"0","0","0","0","0","0","0","0","0","0","0","0","0","0","0","0","0","0","0","0","0","0","0","0","0","0","0","0","1","1","0","0","0","0","0","0","0","0","0","0","0","0","0","0","0","0","0","0","0","0","0","1","0","0","0","1","0","0","0","0","0","0","0","0","0","0","0","0","0","0","0","0","0","0","0","0","0","0","0","0","0","0","0","0","0","0","0","0","0","0","0","0","1","202108","202204","2062"
"9832017","530010","72115700","11739121000176","3","1","00000000000000","","","","0180","","0","E","","","04","","01","36","03","","99","","","","","","","","EAS - 0038","20210219","1","","","","","","0","0","1","0","0","0","1","0","0","0","0","0","0","0",0,0,0,"0",0,0,0,0,0,0,0,0,0,0,0,0,0,0,"0",0,2,0,0,0,0,0,0,0,0,0,0,0,0,0,0,"1",0,0,0,"0",0,0,0,0,"0",0,0,0,0,0,0,0,0,0,0,0,0,0,0,0,"0","0","1","0","0","0","0","0","0","0","0","0","0","0","0","0","0","0","0","0","0","0","0","0","1","1","0","0","1","1","0","0","0","0","0","0","0","0","0","0","0","0","0","0","0","0","0","0","0","0","0","1","0","0","0","1","0","0","0","0","0","0","0","0","0","0","0","0","0","0","0","0","0","0","0","0","0","0","0","0","0","0","0","0","0","0","0","0","0","0","0","0","1","202202","202204","2062"
"9833331","530010","71919900","32863486000188","3","1","00000000000000","","","","9901","","0","E","","","04","","03","22","04","","99","","","","","","","","RLE - LICENCA FUNCIONAMEN","20200713","1","","","","","","0","0","1","0","0","0","1","0","0","0","0","0","0","0",0,0,0,"0",0,0,0,0,0,0,0,0,0,0,0,0,0,0,"0",0,0,0,1,0,0,0,0,0,0,0,0,0,0,0,0,"1",0,0,0,"0",0,0,0,0,"0",0,0,0,0,0,0,0,0,0,0,0,0,0,0,0,"0","0","1","0","0","0","0","0","0","0","0","0","0","0","0","0","0","0","0","0","0","0","0","0","1","0","0","0","1","1","0","0","0","0","0","0","0","0","0","0","0","0","0","0","0","0","0","0","0","0","0","1","0","0","0","1","0","0","0","0","0","0","0","0","0","0","0","0","0","0","0","0","0","0","0","0","0","0","0","0","0","0","0","0","0","0","0","0","0","0","0","0","1","202012","202204","2305"
"9834508","530010","70381530","30560420000193","3","1","00000000000000","","","","","","0","E","","","04","","01","36","03","","99","","","","","","","","ODO.01958-01","20180813","1","","","","","","0","0","1","0","0","0","1","0","0","0","0","0","0","0",0,0,0,"0",0,0,0,0,0,0,0,0,0,0,0,0,0,0,"0",0,0,0,1,0,0,0,0,0,0,0,0,0,0,0,0,"1",0,0,0,"0",0,0,0,0,"0",0,0,0,0,0,0,0,0,0,0,0,0,0,0,0,"0","0","0","0","0","0","0","0","0","0","0","0","0","0","0","0","0","0","0","0","0","0","0","0","0","0","0","0","1","1","0","0","0","0","0","0","0","0","0","0","0","0","0","0","0","0","0","0","0","0","0","1","0","0","0","0","0","0","0","0","0","0","0","0","0","0","0","0","0","0","0","0","0","0","0","0","0","0","0","0","0","0","0","0","0","0","0","0","0","0","0","0","1","201906","202204","2062"
"9834729","530010","70390095","29999654000152","3","1","00000000000000","","","","0015","","0","E","","","04","","03","04","03","","99","","","","","","","","","","","","","","","","0","0","1","0","0","0","1","0","0","0","0","0","0","0",0,0,0,"0",0,0,0,0,0,0,0,0,0,0,0,0,0,0,"0",1,0,0,0,0,0,0,0,0,0,0,0,0,0,0,0,"1",0,0,0,"0",0,0,0,0,"0",0,0,0,0,0,0,0,0,0,0,0,0,0,0,0,"0","0","1","0","0","0","0","0","0","0","0","0","0","0","0","0","0","0","0","0","0","0","0","0","1","0","0","0","1","1","0","0","0","0","0","0","0","0","0","0","0","0","0","0","0","0","0","0","0","0","0","1","0","0","0","0","0","0","0","0","0","0","0","0","0","0","0","0","0","0","0","0","0","0","0","0","0","0","0","0","0","0","0","0","0","0","0","0","0","0","0","0","1","202103","202204","2305"
"9834737","530010","71065200","25422237000191","3","1","00000000000000","","","","0070","","0","E","","","04","","03","36","03","","99","","","","","","","","","","","","","","","","0","0","1","0","0","0","1","0","0","0","0","0","0","0",0,0,0,"0",0,0,0,0,0,0,0,0,0,0,0,0,0,0,"0",0,0,0,0,0,0,0,0,2,0,0,0,0,0,0,0,"1",0,0,0,"0",0,0,0,0,"0",0,0,0,0,0,0,0,0,0,0,0,0,0,0,0,"0","0","1","0","0","0","0","0","0","0","0","0","0","0","0","0","0","0","0","0","0","0","0","0","1","0","0","0","1","1","0","0","0","0","0","0","0","0","0","0","0","0","0","0","0","0","0","0","0","0","0","1","0","0","0","0","0","0","0","0","0","0","0","0","0","0","0","0","0","0","0","0","0","0","0","0","0","0","0","0","0","0","0","0","0","0","0","0","0","0","0","0","1","202106","202204","2062"
"9835709","530010","73026664","32018777000170","3","1","00000000000000","","","","0170","","0","E","","","04","","01","22","04","","99","","","","","","","","EAS-01185-09","20190429","1","","","","","","0","0","1","0","0","0","1","0","0","0","0","0","0","0",0,0,0,"0",0,0,0,0,0,0,0,0,0,0,0,0,0,0,"0",0,0,0,1,0,0,0,0,0,0,0,0,0,0,0,0,"1",0,0,0,"0",0,0,0,0,"0",0,0,0,0,0,0,0,0,0,0,0,0,0,0,0,"0","0","1","0","0","0","0","0","0","0","0","0","0","0","0","0","0","0","0","0","0","0","0","0","1","0","0","0","1","1","0","0","0","0","0","0","0","0","0","0","0","0","0","0","0","0","0","0","0","0","0","1","0","0","0","1","0","0","0","0","0","0","0","0","0","0","0","0","0","0","0","0","0","0","0","0","0","0","0","0","0","0","0","0","0","0","0","0","0","0","0","0","1","201907","202204","2062"
"9837353","530010","70200740","13550325000190","3","1","00000000000000","","","","0015","","0","E","","","04","","01","04","03","","99","","","","","","","","53201716422","20180724","1","","","","","","0","0","1","0","0","0","1","0","0","0","0","0","0","0",0,0,0,"0",0,0,0,0,0,0,0,0,0,0,0,0,0,0,"0",0,1,0,1,0,0,0,0,0,0,0,0,0,0,0,0,"1",0,0,0,"0",0,0,0,0,"0",0,0,0,0,0,0,0,0,0,0,0,0,0,0,0,"0","0","0","0","0","0","0","0","0","0","0","0","0","0","0","0","0","0","0","0","0","0","0","0","0","0","0","0","1","1","0","0","0","0","0","0","0","0","0","0","0","0","0","0","0","0","0","0","0","0","0","1","0","0","0","1","0","0","0","0","0","0","0","0","0","0","0","0","0","0","0","0","0","0","0","0","0","0","0","0","0","0","0","0","0","0","0","0","0","0","0","0","1","201907","202204","2062"
"9838627","530010","72316523","30610409000190","3","1","00000000000000","","","","0140","","0","E","","","04","","01","36","03","","99","","","","","","","","EAS00058182020","20200819","1","","","","","","0","0","1","0","0","0","1","0","0","0","0","0","0","0",0,0,0,"0",0,0,0,0,0,0,0,0,0,0,0,0,0,0,"0",0,0,0,0,0,0,0,0,2,0,0,0,0,0,0,0,"1",0,0,0,"0",0,0,0,0,"0",0,0,0,0,0,0,0,0,0,0,0,0,0,0,0,"0","0","1","0","0","0","0","0","1","0","0","0","0","0","0","0","0","0","0","0","0","0","0","0","1","0","0","0","1","1","0","0","0","0","0","0","0","0","0","0","0","0","0","0","0","0","0","0","0","0","0","1","0","0","0","1","0","0","0","0","0","0","0","0","0","0","0","0","0","0","0","0","0","0","0","0","0","0","0","0","0","0","0","0","0","0","0","0","0","0","0","0","1","202008","202204","2062"
"9838821","530010","70200760","10702242000261","3","1","00000000000000","","","","0015","","0","E","","","04","","01","22","03","","99","","","","","","","","","20200715","1","","","","","","0","0","1","0","0","0","1","0","0","0","0","0","0","0",0,0,0,"0",0,0,0,0,0,0,0,0,0,0,0,0,0,0,"0",1,0,0,2,0,0,0,0,2,0,0,0,0,0,0,0,"1",0,0,0,"0",0,0,0,0,"0",0,0,0,0,0,0,0,0,0,0,0,0,0,0,0,"0","0","0","0","0","0","0","0","1","0","0","0","0","0","0","0","0","0","0","0","0","0","0","0","1","1","1","0","1","1","0","0","0","0","0","0","0","0","0","0","0","0","0","0","0","0","0","0","0","0","0","1","0","0","0","0","0","0","0","0","0","0","0","0","0","0","0","0","0","0","0","0","0","0","0","0","0","0","0","0","0","0","0","0","0","0","0","0","0","0","0","0","1","202007","202204","2232"
"9839011","530010","70710149","02464179000325","3","1","00000000000000","","","","0005","","0","E","","","04","","01","36","03","","99","","","","","","","","00838-02/2021","20210202","2","","","","","","0","0","1","0","0","0","1","0","0","0","0","0","0","0",0,0,0,"0",0,0,0,0,0,0,0,0,0,0,0,0,0,0,"0",0,6,0,6,0,0,0,0,0,0,0,0,0,0,0,0,"1",0,0,0,"0",0,0,0,0,"0",0,0,0,0,0,0,0,0,0,0,0,0,0,0,0,"0","0","1","0","0","0","1","0","0","0","0","0","0","0","0","0","0","0","0","0","0","0","0","0","1","0","1","0","1","1","0","0","1","0","0","0","0","0","0","0","0","0","1","0","0","0","0","0","0","0","0","1","0","0","0","1","0","0","0","0","0","0","0","0","0","0","0","0","0","0","0","0","0","0","0","0","0","0","0","0","0","0","0","0","0","0","0","0","0","0","0","0","1","202203","202204","2062"
"9839046","530010","72215178","02464179000406","3","1","00000000000000","","","","","","0","E","","","04","","01","22","03","","99","","","","","","","","QR CODE","20190626","1","","","","","","0","0","1","0","0","0","1","0","0","0","0","0","0","0",0,0,0,"0",0,0,0,0,0,0,0,0,0,0,0,0,0,0,"0",1,0,0,0,0,0,0,0,0,0,0,0,0,0,0,0,"1",0,0,0,"0",0,0,0,0,"0",0,0,0,0,0,0,0,0,0,0,0,0,0,0,0,"0","0","1","0","0","0","0","0","0","0","0","0","0","0","0","0","0","0","0","0","0","0","0","0","1","0","0","0","1","1","0","0","0","0","0","0","0","0","0","0","0","0","0","0","0","0","0","0","0","0","0","0","0","0","0","1","0","0","0","0","0","0","0","0","0","0","0","0","0","0","0","0","0","0","0","0","0","0","0","0","0","0","0","0","0","0","0","0","0","0","0","0","1","201907","202204","2062"
"9839321","530010","70340000","33323370000119","3","1","00000000000000","","","","0010","","0","E","","","04","","03","04","03","","99","","","","","","","","DFP1900029713","20190423","1","","","","","","0","0","1","0","0","0","1","0","0","0","0","0","0","0",0,0,0,"0",0,0,0,0,0,0,0,0,0,0,0,0,0,0,"0",0,1,0,0,0,0,0,0,0,0,0,0,0,0,0,0,"1",0,0,0,"0",0,0,0,0,"0",0,0,0,0,0,0,0,0,0,0,0,0,0,0,0,"0","0","1","0","0","0","0","0","0","0","0","0","0","0","0","0","0","0","0","0","0","0","0","0","1","0","0","0","1","1","0","0","0","0","0","0","0","0","0","0","0","0","0","0","0","0","0","0","0","0","0","1","0","0","0","0","0","0","0","0","0","0","0","0","0","0","0","0","0","0","0","0","0","0","0","0","0","0","0","0","0","0","0","0","0","0","0","0","0","0","0","0","1","201907","202204","2062"
"9839461","530010","70390700","07929687000193","3","1","00000000000000","","","","0010","","0","E","","","04","","03","04","03","","99","","","","","","","","EAS.20307-01","20210401","1","","","","","","0","0","1","0","1","0","1","0","0","0","0","0","0","0",0,0,0,"0",1,0,0,0,0,0,0,0,0,0,0,0,0,0,"1",10,2,0,0,0,0,0,0,0,0,0,0,0,0,0,0,"1",0,0,0,"0",0,0,0,0,"0",0,0,0,0,0,0,0,0,0,0,0,0,0,0,0,"0","0","1","0","0","0","0","0","0","1","0","0","0","0","0","0","0","1","0","0","0","0","0","0","1","1","0","0","1","1","0","0","0","0","0","0","0","0","0","0","0","0","0","0","0","0","0","0","0","0","0","1","0","0","0","1","0","0","0","0","0","0","0","0","0","1","0","0","0","1","0","0","0","0","0","0","0","0","0","0","0","0","0","0","0","0","0","0","0","0","0","0","1","202108","202204","2062"
"9839747","530010","70660900","33135782000125","3","1","00000000000000","","","","9931","","0","E","","","04","","01","36","04","","99","","","","","","","","CERTIFICADO LICENCIAMENTO","20190402","1","","","","","","0","0","1","0","0","0","1","0","0","0","0","0","0","0",0,0,0,"0",0,0,0,0,0,0,0,0,0,0,0,0,0,0,"0",1,3,0,1,0,0,0,0,0,0,0,0,0,0,0,0,"1",0,0,0,"0",0,0,0,0,"0",0,0,0,0,0,0,0,0,0,0,0,0,0,0,0,"0","0","1","0","0","0","0","0","0","0","0","0","0","0","0","0","0","0","0","0","0","0","0","0","1","0","0","0","1","1","0","0","0","0","0","0","0","0","0","0","0","0","0","0","0","0","0","0","0","0","0","1","0","0","0","1","0","0","0","0","0","0","0","0","0","0","0","0","0","0","0","0","0","0","0","0","0","0","0","0","0","0","0","0","0","0","0","0","0","0","0","0","1","202012","202204","2062"
"9840419","530010","70390055","33251491000100","3","1","00000000000000","","","","0015","","0","E","","","03","","03","22","04","","99","","","","","","","","LICENCA","20190207","1","","","","","","0","0","1","0","0","0","1","0","0","0","0","0","0","0",0,0,0,"0",0,0,0,0,0,0,0,0,0,0,0,0,0,0,"0",0,0,0,1,0,0,0,0,0,0,0,0,0,0,0,0,"1",0,0,0,"0",0,0,0,0,"0",0,0,0,0,0,0,0,0,0,0,0,0,0,0,0,"0","0","1","0","0","0","0","0","0","0","0","0","0","0","0","0","0","0","0","0","0","0","0","0","1","0","0","0","1","1","0","0","0","0","0","0","0","0","0","0","0","0","0","0","0","0","0","0","0","0","0","1","0","0","0","1","0","0","0","0","0","0","0","0","0","0","0","0","0","0","0","0","0","0","0","0","0","0","0","0","0","0","0","0","0","0","0","0","0","0","0","0","1","201907","202204","2062"
"9840877","530010","71625009","32903361000134","3","1","00000000000000","","","","","","0","E","","","04","","03","22","03","","99","","","","","","","","EAS 00096-03","20190514","1","","","","","","1","0","0","0","0","0","1","0","0","0","0","0","0","0",0,0,0,"0",0,0,0,0,0,0,0,0,0,0,0,0,0,0,"0",0,0,0,1,0,0,0,0,0,0,0,0,0,0,0,0,"1",0,0,0,"0",0,0,0,0,"0",0,0,0,0,0,0,0,0,0,0,0,0,0,0,0,"0","0","0","0","0","0","0","0","1","0","0","0","0","0","0","0","0","0","0","0","0","0","0","0","1","1","0","0","1","1","0","0","0","0","0","0","0","0","0","0","0","0","0","0","0","0","0","0","0","0","0","1","0","0","0","1","0","0","0","0","0","0","0","0","0","0","0","0","0","0","0","0","0","0","0","0","0","0","0","0","0","0","0","0","0","0","0","0","0","0","0","0","1","201907","202204","2240"
"9841067","530010","70710140","33280922000159","3","1","00000000000000","","","","","","0","E","","","04","","03","22","03","","99","","","","","","","","","","","","","","","","0","0","1","0","0","0","1","0","0","0","0","0","0","0",0,0,0,"0",0,0,0,0,0,0,0,0,0,0,0,0,0,0,"0",1,0,0,0,0,0,0,0,0,1,0,0,0,0,1,0,"1",0,0,0,"0",0,0,0,0,"0",0,0,0,0,0,0,0,0,0,0,0,0,0,0,0,"0","0","1","0","0","0","0","0","1","0","0","0","0","0","0","0","0","0","0","0","0","0","0","0","1","1","0","0","1","1","0","0","0","0","0","0","0","0","0","0","0","0","0","0","0","0","0","0","0","0","0","1","0","0","0","1","0","0","0","0","0","0","0","0","0","0","0","0","0","0","0","0","0","0","0","0","0","0","0","0","0","0","0","0","0","0","0","0","0","0","0","0","1","202107","202204","2305"
"9841091","530010","70390700","13405737000136","3","1","00000000000000","","","","0015","","0","E","","","04","","01","36","03","","99","","","","","","","","EAS.20379-01","20181212","1","","","","","","0","0","1","0","0","0","1","0","0","0","0","0","0","0",0,0,0,"0",0,0,0,0,0,0,0,0,0,0,0,0,0,0,"0",0,2,0,0,0,0,0,0,0,0,0,0,0,0,0,0,"1",0,0,0,"0",0,0,0,0,"0",0,0,0,0,0,0,0,0,0,0,0,0,0,0,0,"0","0","1","0","0","0","0","0","0","0","0","0","0","0","0","0","0","0","0","0","0","0","0","0","1","0","0","0","1","1","0","0","0","0","0","0","0","0","0","0","0","0","0","0","0","0","0","0","0","0","0","1","0","0","0","1","0","0","0","0","0","0","0","0","0","0","0","0","0","0","0","0","0","0","0","0","0","0","0","0","0","0","0","0","0","0","0","0","0","0","0","0","1","201907","202204","2062"
"9841660","530010","71906750","33156305000146","3","1","00000000000000","","","","9901","","0","E","","","04","","03","04","03","","99","","","","","","","","EAS 00166-22","20200924","1","","","","","","0","0","1","0","0","0","1","0","0","0","0","0","0","0",0,0,0,"0",0,0,0,0,0,0,0,0,0,0,0,0,0,0,"0",1,2,0,0,0,0,0,0,0,0,0,0,0,0,0,0,"1",0,0,0,"0",0,0,0,0,"0",0,0,0,0,0,0,0,0,0,0,0,0,0,0,0,"0","0","1","0","0","0","0","0","0","0","0","0","0","0","0","0","0","0","0","0","0","0","0","0","1","1","0","0","1","1","0","0","0","0","0","0","0","0","0","0","0","0","0","0","0","0","0","0","0","0","0","1","0","0","0","1","0","0","0","0","0","0","0","0","0","0","0","0","0","0","0","0","0","0","0","0","0","0","0","0","0","0","0","0","0","0","0","0","0","0","0","0","1","202106","202204","2062"
"9841792","530010","72241322","12803757000100","3","1","00000000000000","","","","0040","","0","E","","","04","","03","22","03","","99","","","","","","","","ODO.00498-16","20190813","1","","","","","","0","0","1","0","0","0","1","0","0","0","0","0","0","0",0,0,0,"0",0,0,0,0,0,0,0,0,0,0,0,0,0,0,"0",0,0,0,0,0,0,0,0,1,0,0,0,0,0,0,0,"1",0,0,0,"0",0,0,0,0,"0",0,0,0,0,0,0,0,0,0,0,0,0,0,0,0,"0","0","1","0","0","0","0","0","1","0","0","0","0","0","0","0","0","0","0","0","0","0","0","0","1","1","0","0","1","1","0","0","0","0","0","0","0","0","0","0","0","0","0","0","0","0","0","0","0","0","0","1","0","0","0","1","0","0","0","0","0","0","0","0","0","0","0","0","0","0","0","0","0","0","0","0","0","0","0","0","0","0","0","0","0","0","0","0","0","0","0","0","1","202003","202204","2062"
"9842101","530010","71925000","03589729000133","3","1","00000000000000","","","","9901","","0","E","","","04","","01","36","03","","99","","","","","","","","NIAC22","20180417","2","","","","","","0","0","1","0","0","0","1","0","0","0","0","0","0","0",0,0,0,"0",0,0,0,0,0,0,0,0,0,0,0,0,0,0,"0",0,0,0,2,0,0,0,0,0,0,0,0,0,0,0,0,"1",0,0,0,"0",0,0,0,0,"0",0,0,0,0,0,0,0,0,0,0,0,0,0,0,0,"0","0","1","0","0","0","0","0","1","0","0","0","0","0","0","0","0","0","0","0","0","0","0","0","1","0","0","0","1","1","0","0","0","0","0","0","0","0","0","0","0","0","0","0","0","0","0","0","0","0","0","1","0","0","0","1","0","0","0","0","0","0","0","0","0","0","0","0","0","0","0","0","0","0","0","0","0","0","0","0","0","0","0","0","0","0","0","0","0","0","0","0","1","201907","202204","2305"
"9842195","530010","72015912","01102578000111","3","1","00000000000000","","","","0180","","0","E","","","04","","01","36","03","","99","","","","","","","","","","","","","","","","0","0","1","0","0","0","1","0","0","0","0","0","0","0",0,0,0,"0",0,0,0,0,0,0,0,0,0,0,0,0,0,0,"0",0,2,0,0,0,0,0,0,0,0,0,0,0,0,0,0,"1",0,0,0,"0",0,0,0,0,"0",0,0,0,0,0,0,0,0,0,0,0,0,0,0,0,"0","0","1","0","0","0","0","0","1","0","0","0","0","0","0","0","0","0","0","0","0","0","0","0","1","0","0","0","1","1","0","0","0","0","0","0","0","0","0","0","0","0","0","0","0","0","0","0","0","0","0","1","0","0","1","1","0","0","0","0","0","0","0","0","0","0","0","0","0","0","0","0","0","0","0","0","0","0","0","0","0","0","0","0","0","0","0","0","0","0","0","0","1","201907","202204","2062"
"9842470","530010","70390100","28329606000194","3","1","00000000000000","","","","","","0","E","","","04","","03","22","03","","99","","","","","","","","EAS 2054201","20180820","","","","","","","0","0","1","0","0","0","1","0","0","0","0","0","0","0",0,0,0,"0",0,0,0,0,0,0,0,0,0,0,0,0,0,0,"0",0,1,0,0,0,0,0,0,0,0,0,0,0,0,0,0,"1",0,0,0,"0",0,0,0,0,"0",0,0,0,0,0,0,0,0,0,0,0,0,0,0,0,"0","0","1","0","0","0","0","0","0","0","0","0","0","0","0","0","0","0","0","0","0","0","0","0","1","1","0","0","1","1","0","0","0","0","0","0","0","0","0","0","0","0","0","0","0","0","0","0","0","0","0","1","0","0","0","1","0","0","0","0","0","0","0","0","0","0","0","0","0","0","0","0","0","0","0","0","0","0","0","0","0","0","0","0","0","0","0","0","0","0","0","0","1","201907","202204","2305"
"9842489","530010","70390100","33161293000148","3","1","00000000000000","","","","","","0","E","","","04","","03","36","03","","99","","","","","","","","EAS 2065901","20190513","1","","","","","","0","0","1","0","0","0","1","0","0","0","0","0","0","0",0,0,0,"0",0,0,0,0,0,0,0,0,0,0,0,0,0,0,"0",1,0,0,0,0,0,0,0,0,0,0,0,0,0,0,0,"1",0,0,0,"0",0,0,0,0,"0",0,0,0,0,0,0,0,0,0,0,0,0,0,0,0,"0","0","0","1","0","0","0","0","0","0","0","0","0","0","0","0","0","0","0","0","0","0","0","0","1","1","1","0","1","1","0","0","0","0","0","0","0","0","0","0","0","0","0","0","0","0","0","0","0","0","0","1","0","0","0","1","0","0","0","0","0","0","0","0","0","0","0","0","0","0","0","0","0","0","0","0","0","0","0","0","0","0","0","0","0","0","0","0","0","0","0","0","1","201907","202204","2305"
"9842497","530010","72015901","18198904000139","3","1","00000000000000","","","","0180","","0","E","","","04","","03","36","03","","99","","","","","","","","LICENCA SANITARIA","20190402","1","","","","","","0","0","1","0","0","0","1","0","0","0","0","0","0","0",0,0,0,"0",0,0,0,0,0,0,0,0,0,0,0,0,0,0,"0",0,0,0,0,0,0,0,0,2,0,0,0,0,0,0,0,"1",0,0,0,"0",0,0,0,0,"0",0,0,0,0,0,0,0,0,0,0,0,0,0,0,0,"0","0","1","0","0","0","0","0","1","0","0","0","0","0","0","0","0","0","0","0","0","0","0","0","1","1","0","0","1","1","0","0","0","0","0","0","0","0","0","0","0","0","0","0","0","0","0","0","0","0","0","1","0","0","0","1","0","0","0","0","0","0","0","0","0","0","0","0","0","0","0","0","0","0","0","0","0","0","0","0","0","0","0","0","0","0","0","0","0","0","0","0","1","201907","202204","2305"
"9842837","530010","72120470","13516496000100","3","1","00000000000000","","","","0180","","0","E","","","04","","03","39","03","","99","","","","","","","","LAB 00018-15","20190307","1","","","","","","0","0","1","0","0","0","1","0","0","0","0","0","0","0",0,0,0,"0",0,0,0,0,0,0,0,0,0,0,0,0,0,0,"0",0,0,0,0,0,0,0,0,0,0,0,0,0,0,0,0,"0",0,0,0,"0",0,0,0,0,"0",0,0,0,0,0,0,0,0,0,0,0,0,0,0,0,"0","0","0","0","0","0","0","0","0","0","0","0","0","0","0","0","0","0","0","0","0","0","0","0","0","1","0","0","1","1","0","0","0","0","0","0","0","0","0","0","0","0","0","0","0","0","0","0","0","0","0","0","0","0","0","0","0","0","1","0","0","0","1","0","0","0","0","0","0","0","0","0","0","0","0","0","0","0","0","0","0","0","0","0","0","0","0","0","0","0","0","0","1","201907","202204","2062"
"9843167","530010","71691010","09051473000192","3","1","00000000000000","","","","","","0","E","","","04","","03","36","03","","99","","","","","","","","LICENCA SANITARIA","20200325","1","","","","","","0","0","1","0","0","0","1","0","0","0","0","0","0","0",0,0,0,"0",0,0,0,0,0,0,0,0,0,0,0,0,0,0,"0",0,0,0,0,0,0,0,0,2,0,0,0,0,0,0,0,"1",0,0,0,"0",0,0,0,0,"0",0,0,0,0,0,0,0,0,0,0,0,0,0,0,0,"0","0","1","0","0","0","0","0","0","0","0","0","0","0","0","0","0","0","0","0","0","0","0","0","1","1","0","0","1","1","0","0","0","0","0","0","0","0","0","0","0","0","0","0","0","0","0","0","0","0","0","1","0","0","0","1","0","0","0","0","0","0","0","0","0","0","0","0","0","0","0","0","0","0","0","0","0","0","0","0","0","0","0","0","0","0","0","0","0","0","0","0","1","202102","202204","2062"
"9843337","530010","71720500","32754918000112","3","1","00000000000000","","","","","","0","E","","","04","","03","22","03","","99","","","","","","","","ODO00003-11","20190318","1","","","","","","0","0","1","0","0","0","1","0","0","0","0","0","0","0",0,0,0,"0",0,0,0,0,0,0,0,0,0,0,0,0,0,0,"0",0,0,0,0,0,0,0,0,1,0,0,0,0,0,0,0,"1",0,0,0,"0",0,0,0,0,"0",0,0,0,0,0,0,0,0,0,0,0,0,0,0,0,"0","0","0","0","0","0","0","0","0","0","0","0","0","0","0","0","0","0","0","0","0","0","0","0","0","1","0","0","1","1","0","0","0","0","0","0","0","0","0","0","0","0","0","0","0","0","0","0","0","0","0","1","0","0","0","0","0","0","0","0","0","0","0","0","0","0","0","0","0","0","0","0","0","0","0","0","0","0","0","0","0","0","0","0","0","0","0","0","0","0","0","0","1","201907","202204","2305"
"9843701","530010","70735510","26248863000176","3","1","00000000000000","","","","","","0","E","","","04","","03","77","03","","99","","","","","","","","EAS 00007-02","20190430","1","","","","","","0","0","1","0","0","0","1","0","0","0","0","0","0","0",0,0,0,"0",0,0,0,0,0,0,0,0,0,0,0,0,0,0,"0",0,0,0,0,0,0,0,0,0,0,0,0,0,0,0,0,"0",0,0,0,"0",0,0,0,0,"0",0,0,0,0,0,0,0,0,0,0,0,0,0,0,0,"0","0","1","0","0","0","1","0","0","0","0","0","0","0","0","0","0","0","0","1","0","1","0","0","1","1","0","0","1","1","0","0","0","0","0","0","0","0","0","0","0","0","0","0","0","0","0","0","0","0","0","1","0","0","0","1","0","0","0","0","0","0","0","0","0","0","0","0","0","0","0","0","0","0","0","0","0","0","0","0","0","0","0","0","0","0","0","0","0","0","0","0","1","201907","202204","2305"
"9843744","530010","70390700","32239574000103","3","1","00000000000000","","","","","","0","E","","","04","","03","36","04","","99","","","","","","","","LICENCA SANITARIA","20210622","1","","","","","","0","0","1","0","0","0","1","0","0","0","0","0","0","0",0,0,0,"0",0,0,0,0,0,0,0,0,0,0,0,0,0,0,"0",0,1,0,1,0,0,0,1,0,0,2,1,1,0,1,0,"1",0,0,0,"0",0,0,0,0,"0",0,0,0,0,0,0,0,0,0,0,0,0,0,0,0,"0","0","1","0","0","0","0","0","0","0","0","0","0","0","0","0","0","0","0","0","0","0","0","0","1","0","0","0","1","1","0","0","0","0","0","0","0","0","0","0","0","0","0","0","0","0","0","0","0","0","0","1","0","0","1","1","0","0","0","0","0","0","0","0","0","0","0","0","0","0","0","0","0","0","0","0","0","0","0","0","0","0","0","0","0","0","0","0","0","0","0","0","1","202107","202204","2062"
"9844872","530010","70390055","34046487000165","3","1","00000000000000","","","","0015","","0","E","","","04","","03","22","04","","99","","","","","","","","","20190702","1","","","","","","0","0","1","0","0","0","1","0","0","0","0","0","0","0",0,0,0,"0",0,0,0,0,0,0,0,0,0,0,0,0,0,0,"0",0,0,0,1,0,0,0,0,0,0,0,0,0,0,0,0,"1",0,0,0,"0",0,0,0,0,"0",0,0,0,0,0,0,0,0,0,0,0,0,0,0,0,"0","0","0","0","0","0","0","0","0","0","0","0","0","0","0","0","0","0","0","0","0","0","0","0","0","0","0","0","1","1","0","0","0","0","0","0","0","0","0","0","0","0","0","0","0","0","0","0","0","0","0","1","0","0","0","1","0","0","0","0","0","0","0","0","0","0","0","0","0","0","0","0","0","0","0","0","0","0","0","0","0","0","0","0","0","0","0","0","0","0","0","0","1","201907","202204","2135"
"9845011","530010","70200700","33860364000109","3","1","00000000000000","","","","0015","","0","E","","","04","","03","36","03","","99","","","","","","","","LICENCA SANITARIA","20190624","1","","","","","","0","0","1","0","0","0","1","0","0","0","0","0","0","0",0,0,0,"0",0,0,0,0,0,0,0,0,0,0,0,0,0,0,"0",0,0,0,0,0,0,0,0,2,0,0,0,0,0,0,0,"1",0,0,0,"0",0,0,0,0,"0",0,0,0,0,0,0,0,0,0,0,0,0,0,0,0,"0","0","1","0","0","0","0","0","0","0","0","0","0","0","0","0","0","0","0","0","0","0","0","0","1","1","0","0","1","1","0","0","0","0","0","0","0","0","0","0","0","0","0","0","0","0","0","0","0","0","0","1","0","0","0","1","0","0","0","0","0","0","0","0","0","0","0","0","0","0","0","0","0","0","0","0","0","0","0","0","0","0","0","0","0","0","0","0","0","0","0","0","1","201907","202204","2240"
"9845534","530010","70390140","00718528014746","3","1","00000000000000","","","","0015","","0","E","","","04","","01","39","03","","99","","","","","","","","EAS 5733-01","20210622","1","","","","","","0","0","1","0","0","0","1","0","0","0","0","0","0","0",0,0,0,"0",0,0,0,0,0,0,0,0,0,0,0,0,0,0,"0",0,0,0,0,0,0,0,0,0,0,0,0,0,0,0,0,"0",0,0,0,"0",0,0,0,0,"0",0,0,0,0,0,0,0,0,0,0,0,0,0,0,0,"0","0","1","0","0","0","0","0","0","0","0","0","0","0","0","0","0","0","0","0","0","0","0","0","1","1","0","0","1","1","0","0","0","0","0","0","0","0","0","0","0","0","0","0","0","0","0","0","0","0","0","0","0","0","0","0","0","0","1","0","0","1","1","0","0","0","0","0","0","0","0","0","0","0","0","0","0","0","0","0","0","0","0","0","0","0","0","0","0","0","0","0","1","202108","202204","2054"
"9846107","530010","72110150","33874088000120","3","1","00000000000000","","","","0180","","0","E","","","04","","01","04","03","","99","","","","","","","","QR CODE","20190611","1","","","","","","0","0","1","0","0","0","1","0","0","0","0","0","0","0",0,0,0,"0",0,0,0,0,0,0,0,0,0,0,0,0,0,0,"0",0,1,0,0,0,0,0,0,0,0,0,0,0,0,0,0,"1",0,0,0,"0",0,0,0,0,"0",0,0,0,0,0,0,0,0,0,0,0,0,0,0,0,"0","0","1","0","0","0","0","0","0","0","0","0","0","0","0","0","0","0","0","0","0","0","0","0","1","0","0","0","1","1","0","0","0","0","0","0","0","0","0","0","1","0","1","0","0","0","0","0","0","0","0","1","0","0","0","1","0","0","0","0","0","0","0","0","0","0","0","0","0","0","0","0","0","0","0","0","0","0","0","0","0","0","0","0","0","0","0","0","0","0","0","0","1","201907","202204","2062"
"9846948","530010","71927180","29707275000141","3","1","00000000000000","","-","-","9901","","0","E","","","04","","03","04","04","","99","001","47333","00000000290262","","","","","RLE DIGITAL 53202155173","20180511","1","","","","","","0","0","1","0","0","0","1","0","0","0","0","0","0","0",0,0,0,"0",0,0,0,0,0,0,0,0,0,0,0,0,0,0,"0",0,1,0,1,0,0,0,0,0,0,0,0,0,0,0,0,"1",0,0,0,"0",0,0,0,0,"0",0,0,0,0,0,0,0,0,0,0,0,0,0,0,0,"0","0","1","0","0","0","0","0","0","0","0","0","0","0","0","0","0","0","0","0","0","0","0","0","1","1","0","0","1","1","0","0","0","0","0","0","0","0","0","0","0","0","0","0","0","0","0","0","0","0","0","1","0","0","0","1","0","0","0","0","0","0","0","0","0","0","0","0","0","0","0","0","0","0","0","0","0","0","0","0","0","0","0","0","0","0","0","0","0","0","0","0","1","201907","202204","2062"
"9847650","530010","70710146","26983098000219","3","1","00000000000000","","","","0005","","0","E","","","04","","03","39","03","","99","","","","","","","","EAS000980-02","20190504","1","","","","","","0","0","1","0","0","0","1","0","0","0","0","0","0","0",0,0,0,"0",0,0,0,0,0,0,0,0,0,0,0,0,0,0,"0",0,0,0,0,0,0,0,0,0,0,0,0,0,0,0,0,"0",0,0,0,"0",0,0,0,0,"0",0,0,0,0,0,0,0,0,0,0,0,0,0,0,0,"0","0","0","0","0","0","0","0","0","0","0","0","0","0","0","0","0","0","0","0","0","0","0","0","0","0","1","1","1","1","0","0","0","0","0","0","0","0","0","0","0","0","0","0","0","0","0","0","0","0","0","0","0","0","0","0","0","0","1","0","0","1","1","0","0","0","0","0","0","0","0","0","0","0","0","0","0","0","0","0","0","0","0","0","0","0","0","0","0","0","0","0","1","201907","202204","2062"
"9847898","530010","70390150","19107854000280","3","1","00000000000000","","","","","","0","E","","","04","","03","36","03","","99","","","","","","","","EAS 20599012020","20200605","1","","","","","","0","0","1","0","0","0","1","0","0","0","0","0","0","0",0,0,0,"0",0,0,0,0,0,0,0,0,0,0,0,0,0,0,"0",0,1,0,0,0,0,0,0,0,0,0,0,0,0,0,0,"1",0,0,0,"0",0,0,0,0,"0",0,0,0,0,0,0,0,0,0,0,0,0,0,0,0,"0","0","1","0","0","0","0","0","0","0","0","0","0","0","0","0","0","0","0","0","0","0","0","0","1","1","1","0","1","1","0","0","0","0","0","0","0","0","0","0","0","0","0","0","0","0","0","0","0","0","0","1","0","0","0","1","0","0","0","0","0","0","0","0","0","0","0","0","0","0","0","0","0","0","0","0","0","0","0","0","0","0","0","0","0","0","0","0","0","0","0","0","1","202009","202204","2062"
"9847901","530010","71910360","33678872000162","3","1","00000000000000","","","","","","0","E","","","04","","01","22","03","","99","","","","","","","","REGISTRO 53202236441","20190524","1","","","","","","0","0","1","0","0","0","1","0","0","0","0","0","0","0",0,0,0,"0",0,0,0,0,0,0,0,0,0,0,0,0,0,0,"0",1,0,0,0,0,0,0,0,0,0,0,0,0,0,0,0,"1",0,0,0,"0",0,0,0,0,"0",0,0,0,0,0,0,0,0,0,0,0,0,0,0,0,"0","0","0","0","0","0","0","0","0","0","0","0","0","0","0","0","0","0","0","0","0","0","0","0","0","0","0","0","1","1","0","0","0","0","0","0","0","0","0","0","0","0","0","0","0","0","0","0","0","0","0","1","0","0","0","0","0","0","0","0","0","0","0","0","0","0","0","0","0","0","0","0","0","0","0","0","0","0","0","0","0","0","0","0","0","0","0","0","0","0","0","0","1","202010","202204","2062"
"9849556","530010","72120470","33803293000102","3","1","00000000000000","","","","0180","","0","E","","","04","","03","04","04","","99","","","","","","","","53202238770","20190618","1","","","","","","0","0","1","0","0","0","1","0","0","0","0","0","0","0",0,0,0,"0",0,0,0,0,0,0,0,0,0,0,0,0,0,0,"0",3,0,0,0,0,0,0,0,0,0,0,0,0,0,0,0,"1",0,0,0,"0",0,0,0,0,"0",0,0,0,0,0,0,0,0,0,0,0,0,0,0,0,"0","0","1","0","0","0","0","0","0","0","0","0","0","0","0","0","0","0","0","0","0","0","0","0","1","0","0","0","1","1","0","0","0","0","0","0","0","0","0","0","0","0","0","0","0","0","0","0","0","0","0","1","0","0","0","1","0","0","0","0","0","0","0","0","0","0","0","0","0","0","0","0","0","0","0","0","0","0","0","0","0","0","0","0","0","0","0","0","0","0","0","0","1","201907","202204","2062"
"9849645","530010","70200740","33958721000168","3","1","00000000000000","","","","","","0","E","","","04","","03","36","03","","99","","","","","","","","53202241711","20190703","1","","","","","","0","0","1","0","0","0","1","0","0","0","0","0","0","0",0,0,0,"0",0,0,0,0,0,0,0,0,0,0,0,0,0,0,"0",0,3,0,0,0,0,0,0,0,0,0,0,0,0,0,0,"1",0,0,0,"0",0,0,0,0,"0",0,0,0,0,0,0,0,0,0,0,0,0,0,0,0,"0","0","1","0","0","0","0","0","0","0","0","0","0","0","0","0","0","0","0","0","0","0","0","0","1","0","0","0","1","1","0","0","0","0","0","0","0","0","0","0","0","0","0","0","0","0","0","0","0","0","0","1","0","0","0","0","0","0","0","0","0","0","0","0","0","0","0","0","0","0","0","0","0","0","0","0","0","0","0","0","0","0","0","0","0","0","0","0","0","0","0","0","1","201907","202204","2062"
"9849718","530010","70390100","34019743000125","3","1","00000000000000","","","","0015","","0","E","","","04","","01","22","04","","99","","","","","","","","RLE DIGITAL","20190703","1","","","","","","0","0","1","0","0","0","1","0","0","0","0","0","0","0",0,0,0,"0",0,0,0,0,0,0,0,0,0,0,0,0,0,0,"0",0,0,0,1,0,0,0,0,0,0,0,0,0,0,0,0,"1",0,0,0,"0",0,0,0,0,"0",0,0,0,0,0,0,0,0,0,0,0,0,0,0,0,"0","0","1","0","0","0","0","0","0","0","0","0","0","0","0","0","0","0","0","0","0","0","0","0","1","0","0","0","1","1","0","0","0","0","0","0","0","0","0","0","0","0","0","0","0","0","0","0","0","0","0","1","0","0","0","1","0","0","0","0","0","0","0","0","0","0","0","0","0","0","0","0","0","0","0","0","0","0","0","0","0","0","0","0","0","0","0","0","0","0","0","0","1","201907","202204","2135"
"9850325","530010","70340000","34069551000123","3","1","00000000000000","","","","0015","","0","E","","","04","","01","22","04","","99","","","","","","","","RLE DIGITAL","20190702","1","","","","","","0","0","1","0","0","0","1","0","0","0","0","0","0","0",0,0,0,"0",0,0,0,0,0,0,0,0,0,0,0,0,0,0,"0",0,0,0,1,0,0,0,0,0,0,0,0,0,0,0,0,"1",0,0,0,"0",0,0,0,0,"0",0,0,0,0,0,0,0,0,0,0,0,0,0,0,0,"0","0","1","0","0","0","0","0","0","0","0","0","0","0","0","0","0","0","0","0","0","0","0","0","1","0","0","0","1","1","0","0","0","0","0","0","0","0","0","0","0","0","0","0","0","0","0","0","0","0","0","1","0","0","0","1","0","0","0","0","0","0","0","0","0","0","0","0","0","0","0","0","0","0","0","0","0","0","0","0","0","0","0","0","0","0","0","0","0","0","0","0","1","201907","202204","2062"
"9852883","530010","70390125","28286170000365","3","1","00000000000000","","","","","","0","E","","","04","","03","85","03","","99","","","","","","","","ALVARA","20190215","1","","","","","","0","0","1","0","0","0","1","0","0","0","0","0","0","0",0,0,0,"0",0,0,0,0,0,0,0,0,0,0,0,0,0,0,"0",0,0,0,0,0,0,0,0,0,0,0,1,0,0,0,0,"1",0,0,0,"0",0,0,0,0,"0",0,0,0,0,0,0,0,0,0,0,0,0,0,0,0,"0","0","0","0","0","0","0","0","0","0","0","0","0","0","0","0","0","0","0","0","0","0","0","0","0","1","0","0","1","1","0","0","0","0","0","0","0","0","0","0","0","0","0","0","0","0","0","0","0","0","0","1","0","0","0","0","0","0","0","0","0","0","0","0","0","0","0","0","0","0","0","0","0","0","0","0","0","0","0","0","0","0","0","0","0","0","0","0","0","0","0","0","1","201907","202204","2062"
"9853839","530010","72215178","33202461000104","3","1","00000000000000","","","","0040","","0","E","","","04","","03","22","03","","99","","","","","","","","LICENCA SANITARIA","20211109","1","","","","","","0","0","1","0","0","0","1","0","0","0","0","0","0","0",0,0,0,"0",0,0,0,0,0,0,0,0,0,0,0,0,0,0,"0",0,0,0,0,0,0,0,0,1,0,0,0,0,0,0,0,"1",0,0,0,"0",0,0,0,0,"0",0,0,0,0,0,0,0,0,0,0,0,0,0,0,0,"0","0","0","0","0","0","0","0","0","0","0","0","0","0","0","0","0","0","0","0","0","0","0","0","0","1","1","0","1","1","0","0","0","0","0","0","0","0","0","0","0","0","0","0","0","0","0","0","0","0","0","1","0","0","0","0","0","0","0","0","0","0","0","0","0","0","0","0","0","0","0","0","0","0","0","0","0","0","0","0","0","0","0","0","0","0","0","0","0","0","0","0","1","202111","202204","2062"
"9854150","530010","72302566","00454686001162","3","1","00000000000000","","","","0140","","0","E","","","04","","01","39","03","","99","","","","","","","","LAB 000000","20210301","1","","","","","","0","0","1","0","0","0","1","0","0","0","0","0","0","0",0,0,0,"0",0,0,0,0,0,0,0,0,0,0,0,0,0,0,"0",0,1,0,0,0,0,0,0,0,0,0,0,0,0,0,0,"1",0,0,0,"0",0,0,0,0,"0",0,0,0,0,0,0,0,0,0,0,0,0,0,0,0,"0","0","1","0","0","0","0","0","0","0","0","0","0","0","0","0","0","0","1","1","0","0","0","0","1","1","1","0","1","1","0","0","0","0","0","0","0","0","0","0","0","0","0","0","0","0","0","0","0","0","0","1","0","0","0","1","0","0","1","0","0","0","1","0","0","0","0","0","0","0","0","0","0","0","0","0","0","0","0","0","0","0","0","0","0","0","0","0","0","0","0","0","1","202204","202204","2062"
"9854169","530010","70390150","00454686001243","3","1","00000000000000","","","","0015","","0","E","","","04","","01","39","03","","99","","","","","","","","LAB 00005684/2021","20211228","1","","","","","","0","0","1","0","0","0","1","0","0","0","0","0","0","0",0,0,0,"0",0,0,0,0,0,0,0,0,0,0,0,0,0,0,"0",1,0,0,0,0,0,0,0,0,0,0,0,0,0,0,0,"1",0,0,0,"0",0,0,0,0,"0",0,0,0,0,0,0,0,0,0,0,0,0,0,0,0,"0","0","1","0","0","0","0","0","0","0","0","0","0","0","0","0","0","0","1","1","0","0","0","0","1","1","1","0","1","1","0","0","0","0","0","0","0","0","0","0","0","0","0","0","0","0","0","0","0","0","0","1","0","0","0","1","0","0","1","0","0","0","1","0","0","0","0","0","0","0","0","0","0","0","0","0","0","0","0","0","0","0","0","0","0","0","0","0","0","0","0","0","1","202204","202204","2062"
"9856781","530010","71691086","15829358000280","3","1","00000000000000","","","","0160","","0","E","","","04","","03","22","03","","99","","","","","","","","ODO 00004-06","20190122","1","","","","","","0","0","1","0","0","0","1","0","0","0","0","0","0","0",0,0,0,"0",0,0,0,0,0,0,0,0,0,0,0,0,0,0,"0",0,0,0,0,0,0,0,0,1,0,0,0,0,0,0,0,"1",0,0,0,"0",0,0,0,0,"0",0,0,0,0,0,0,0,0,0,0,0,0,0,0,0,"0","0","1","0","0","0","0","0","0","0","0","0","0","0","0","0","0","0","0","0","0","0","0","0","1","1","0","0","1","1","0","0","0","0","0","0","0","0","0","0","0","0","0","0","0","0","0","0","0","0","0","1","0","0","0","0","0","0","0","0","0","0","0","0","0","0","0","0","0","0","0","0","0","0","0","0","0","0","0","0","0","0","0","0","0","0","0","0","0","0","0","0","1","201907","202204","2062"
"9858156","530010","70719000","33671211000105","3","1","00000000000000","","","","0005","","0","E","","","04","","01","22","04","","99","","","","","","","","RLE DIGITAL","20190527","1","","","","","","0","0","1","0","0","0","1","0","0","0","0","0","0","0",0,0,0,"0",0,0,0,0,0,0,0,0,0,0,0,0,0,0,"0",0,0,0,1,0,0,0,0,0,0,0,0,0,0,0,0,"1",0,0,0,"0",0,0,0,0,"0",0,0,0,0,0,0,0,0,0,0,0,0,0,0,0,"0","0","1","0","0","0","0","0","0","0","0","0","0","0","0","0","0","0","0","0","0","0","0","0","1","0","0","0","1","1","0","0","0","0","0","0","0","0","0","0","0","0","0","0","0","0","0","0","0","0","0","1","0","0","0","1","0","0","0","0","0","0","0","0","0","0","0","0","0","0","0","0","0","0","0","0","0","0","0","0","0","0","0","0","0","0","0","0","0","0","0","0","1","201907","202204","2062"
"9858172","530010","70390145","33874921000132","3","1","00000000000000","","","","0015","","0","E","","","04","","03","36","03","","99","","","","","","","","EAS 000530-0","20190624","1","","","","","","0","0","1","0","0","0","1","0","0","0","0","0","0","0",0,0,0,"0",0,0,0,0,0,0,0,0,0,0,0,0,0,0,"0",0,0,0,2,0,0,0,0,0,0,0,0,0,0,0,0,"1",0,0,0,"0",0,0,0,0,"0",0,0,0,0,0,0,0,0,0,0,0,0,0,0,0,"0","0","1","0","0","0","0","0","0","0","0","0","0","0","0","0","0","0","0","0","0","0","0","0","1","0","0","0","1","1","0","0","0","0","0","0","0","0","0","0","0","0","0","0","0","0","0","0","0","0","0","1","0","0","0","1","0","0","0","0","0","0","0","0","0","0","0","0","0","0","0","0","0","0","0","0","0","0","0","0","0","0","0","0","0","0","0","0","0","0","0","0","1","201907","202204","2062"
"9858199","530010","70330530","34185953000193","3","1","00000000000000","","","","","","0","E","","","04","","02","22","03","","99","","","","","","","","EAS-0000-00","20190717","1","","","","","","0","0","1","0","0","0","1","0","0","0","0","0","0","0",0,0,0,"0",0,0,0,0,0,0,0,0,0,0,0,0,0,0,"0",1,0,0,0,0,0,0,0,0,0,0,0,0,0,0,0,"1",0,0,0,"0",0,0,0,0,"0",0,0,0,0,0,0,0,0,0,0,0,0,0,0,0,"0","0","1","0","0","0","0","0","0","0","0","0","0","0","0","0","0","0","0","0","0","0","0","0","1","0","0","0","1","1","0","0","0","0","0","0","0","0","0","0","0","0","0","0","0","0","0","0","0","0","0","1","0","0","0","1","0","0","0","0","0","0","0","0","0","0","0","0","0","0","0","0","0","0","0","0","0","0","0","0","0","0","0","0","0","0","0","0","0","0","0","0","1","202010","202204","2305"
"9858261","530010","70200700","32706594000147","3","1","00000000000000","","","","0015","","0","E","","","04","","01","36","03","","99","","","","","","","","EAS 20653-01","20190506","1","","","","","","0","0","1","0","0","0","1","0","0","0","0","0","0","0",0,0,0,"0",0,0,0,0,0,0,0,0,0,0,0,0,0,0,"0",0,2,0,0,0,0,0,0,0,0,0,0,0,0,0,1,"1",0,0,0,"0",0,0,0,0,"0",0,0,0,0,0,0,0,0,0,0,0,0,0,0,0,"0","0","1","0","0","0","0","0","0","0","0","0","0","0","0","0","0","0","0","0","0","0","0","0","1","1","0","0","1","1","0","0","0","0","0","0","0","0","0","0","0","0","0","0","0","0","0","0","0","0","0","1","0","0","0","1","0","0","0","0","0","0","0","0","0","0","0","0","0","0","0","0","0","0","0","0","0","0","0","0","0","0","0","0","0","0","0","0","0","0","0","0","1","201907","202204","2062"
"9859632","530010","72306701","33286617000174","3","1","00000000000000","","","","","","0","E","","","04","","01","04","03","","99","","","","","","","","ODO.00087-18","20200727","1","","","","","","0","0","1","0","0","0","1","0","0","0","0","0","0","0",0,0,0,"0",0,0,0,0,0,0,0,0,0,0,0,0,0,0,"0",0,1,0,2,0,0,0,0,2,0,0,0,0,0,0,0,"1",0,0,0,"0",0,0,0,0,"0",0,0,0,0,0,0,0,0,0,0,0,0,0,0,0,"0","0","0","1","0","0","0","0","1","0","0","0","0","0","0","0","0","0","0","0","0","0","0","0","1","1","0","0","1","1","0","0","0","0","0","0","0","0","0","0","0","0","0","0","0","0","0","0","0","0","0","1","0","0","0","0","0","0","0","0","0","0","0","0","0","0","0","0","0","0","0","0","0","0","0","0","0","0","0","0","0","0","0","0","0","0","0","0","0","0","0","0","1","202110","202204","2305"
"9859721","530010","71900100","27514888000137","3","1","00000000000000","","","","","","0","E","","","04","","03","22","03","","99","","","","","","","","","","","","","","","","0","0","1","0","0","0","1","0","0","0","0","0","0","0",0,0,0,"0",0,0,0,0,0,0,0,0,0,0,0,0,0,0,"0",0,0,0,1,0,0,0,0,0,0,0,0,0,0,0,0,"1",0,0,0,"0",0,0,0,0,"0",0,0,0,0,0,0,0,0,0,0,0,0,0,0,0,"0","0","0","0","0","0","0","0","0","0","0","0","0","0","0","0","0","0","0","0","0","0","0","0","0","0","0","0","1","1","0","0","0","0","0","0","0","0","0","0","0","0","0","0","0","0","0","0","0","0","0","1","0","0","0","0","0","0","0","0","0","0","0","0","0","0","0","0","0","0","0","0","0","0","0","0","0","0","0","0","0","0","0","0","0","0","0","0","0","0","0","0","1","201907","202204","2305"
"9859950","530010","71953000","15613440000434","3","1","00000000000000","","","","9901","","0","E","","","04","","03","04","03","","99","","","","","","","","EAS 00026-14","20210629","1","","","","","","0","0","1","0","0","0","1","0","0","0","0","0","0","0",0,0,0,"0",0,0,0,0,0,0,0,0,0,0,0,0,0,0,"0",0,5,0,0,0,0,0,0,0,0,2,0,0,0,0,0,"1",0,0,0,"0",0,0,0,0,"0",0,0,0,0,0,0,0,0,0,0,0,0,0,0,0,"0","0","1","0","0","0","0","0","1","0","0","0","0","0","0","0","0","0","0","1","0","0","0","0","1","1","1","0","1","1","0","0","0","0","0","0","0","0","0","0","0","0","0","0","0","0","0","0","0","0","0","1","0","0","1","1","0","0","0","0","0","0","0","0","0","0","0","0","0","0","0","0","0","0","0","0","0","0","0","0","0","0","0","0","0","0","0","0","0","0","0","0","1","202202","202204","2062"
"9860924","530010","71635600","33710033000184","3","1","00000000000000","","","","0010","","0","E","","","04","","03","36","07","","99","","","","","","","","DFP1900056539","20210325","1","","","","","","0","0","1","0","0","0","1","0","0","0","0","0","0","0",0,0,0,"0",0,0,0,0,0,0,0,0,0,0,0,0,0,0,"0",0,1,0,0,0,0,0,0,0,0,0,0,0,0,0,0,"1",0,0,0,"0",0,0,0,0,"0",0,0,0,0,0,0,0,0,0,0,0,0,0,0,0,"0","0","1","0","0","0","0","0","0","0","0","0","0","0","0","0","0","0","0","0","0","0","0","0","1","1","0","0","1","1","0","0","0","0","0","0","0","0","0","0","0","0","0","0","0","0","0","0","0","0","0","1","0","0","0","1","0","0","0","0","0","0","0","0","0","0","0","0","0","0","0","0","0","0","0","0","0","0","0","0","0","0","0","0","0","0","0","0","0","0","0","0","1","202111","202204","2062"
"9860983","530010","70670433","34176022000129","3","1","00000000000000","","","","","","0","E","","","04","","03","22","03","","99","","","","","","","","CERTIFICADO DE LICENCIAME","20190712","1","","","","","","0","0","1","0","0","0","1","0","0","0","0","0","0","0",0,0,0,"0",0,0,0,0,0,0,0,0,0,0,0,0,0,0,"0",0,0,0,1,0,0,0,0,0,0,0,0,0,0,0,0,"1",0,0,0,"0",0,0,0,0,"0",0,0,0,0,0,0,0,0,0,0,0,0,0,0,0,"0","0","1","0","0","0","0","0","0","0","0","0","0","0","0","0","0","0","0","0","0","0","0","0","1","0","0","0","1","1","0","0","0","0","0","0","0","0","0","0","0","0","0","0","0","0","0","0","0","0","0","1","0","0","1","1","0","0","0","0","0","0","0","0","0","0","0","0","0","0","0","0","0","0","0","0","0","0","0","0","0","0","0","0","0","0","0","0","0","0","0","0","1","201907","202204","2135"
"9862706","530010","70390145","18669110000297","3","1","00000000000000","","","","0010","","0","E","","","04","","03","36","03","","99","","","","","","","","","20180927","1","","","","","","0","0","1","0","0","0","1","0","0","0","0","0","0","0",0,0,0,"0",0,0,0,0,0,0,0,0,0,0,0,0,0,0,"0",0,0,0,2,0,0,0,0,0,0,0,0,0,0,0,0,"1",0,0,0,"0",0,0,0,0,"0",0,0,0,0,0,0,0,0,0,0,0,0,0,0,0,"0","0","0","0","0","0","0","0","0","0","0","0","0","0","0","0","0","0","0","0","0","0","0","0","0","0","0","0","1","1","0","0","0","0","0","0","0","0","0","0","0","0","0","0","0","0","0","0","0","0","0","1","0","0","0","0","0","0","0","0","0","0","0","0","0","0","0","0","0","0","0","0","0","0","0","0","0","0","0","0","0","0","0","0","0","0","0","0","0","0","0","0","1","201907","202204","2062"
"9864245","530010","72110410","12006694000153","3","1","00000000000000","","","","0180","","0","E","","","04","","01","04","03","","99","","","","","","","","EM FASE DE RENOVACAO","20191224","1","","","","","","0","0","1","0","0","0","1","0","0","0","0","0","0","0",0,0,0,"0",0,0,0,0,0,0,0,0,0,0,0,0,0,0,"0",1,5,0,1,0,0,0,0,0,0,0,0,0,0,0,0,"1",0,0,0,"0",0,0,0,0,"0",0,0,0,0,0,0,0,0,0,0,0,0,0,0,0,"0","0","1","0","0","0","0","0","0","0","0","0","0","0","0","0","0","0","0","0","0","0","0","0","1","0","0","0","1","1","0","0","0","0","0","0","0","0","0","0","0","0","0","0","0","0","0","0","0","0","0","1","0","0","1","1","0","0","0","0","0","0","0","0","0","0","0","0","0","0","0","0","0","0","0","0","0","0","0","0","0","0","0","0","0","0","0","0","0","0","0","0","1","202007","202204","2305"
"9865713","530010","70872510","30405505000105","3","1","00000000000000","","","","0005","","0","E","","","04","","01","36","04","","99","001","55603","274607","","","","","EAS 00379-02","20200727","1","","","","","","0","0","1","0","0","0","1","0","0","0","0","0","0","0",0,0,0,"0",0,0,0,0,0,0,0,0,0,0,0,0,0,0,"0",0,0,0,4,0,0,0,0,0,0,0,0,0,0,0,0,"1",0,0,0,"0",0,0,0,0,"0",0,0,0,0,0,0,0,0,0,0,0,0,0,0,0,"0","0","1","0","0","0","0","0","0","0","0","0","0","0","0","0","0","0","0","0","0","0","0","0","1","0","0","0","1","1","0","0","0","0","0","0","0","0","0","0","0","0","0","0","0","0","0","0","0","0","0","0","0","0","0","1","0","0","0","0","0","0","0","0","0","0","0","0","0","0","0","0","0","0","0","0","0","0","0","0","0","0","0","0","0","0","0","0","0","0","0","0","1","202112","202204","2062"
"9866507","530010","71907720","33535664000104","3","1","00000000000000","","","","","","0","E","","","04","","03","04","03","","99","","","","","","","","53202233735","20210127","1","","","","","","0","0","1","0","0","0","1","0","0","0","0","0","0","0",0,0,0,"0",0,0,0,0,0,0,0,0,0,0,0,0,0,0,"0",0,1,0,1,0,0,0,0,0,0,0,0,0,0,0,0,"1",0,0,0,"0",0,0,0,0,"0",0,0,0,0,0,0,0,0,0,0,0,0,0,0,0,"0","0","1","0","0","0","0","0","0","0","0","0","0","0","0","0","0","0","0","0","0","0","0","0","1","0","0","0","1","1","0","0","0","0","0","0","0","0","0","0","0","0","0","0","0","0","0","0","0","0","0","1","0","0","0","0","0","0","0","0","0","0","0","0","0","0","0","0","0","0","0","0","0","0","0","0","0","0","0","0","0","0","0","0","0","0","0","0","0","0","0","0","1","202204","202204","2062"
"9866558","530010","73006605","30999511000120","3","1","00000000000000","","","","","","0","E","","","02","","03","22","03","","99","","","","","","","","RLE","20190718","1","","","","","","0","0","1","0","0","0","1","0","0","0","0","0","0","0",0,0,0,"0",0,0,0,0,0,0,0,0,0,0,0,0,0,0,"0",0,0,0,1,0,0,0,0,0,0,0,0,0,0,0,0,"1",0,0,0,"0",0,0,0,0,"0",0,0,0,0,0,0,0,0,0,0,0,0,0,0,0,"0","0","0","0","0","0","0","0","0","0","0","0","0","0","0","0","0","0","0","0","0","0","0","0","0","0","0","0","1","1","0","0","0","0","0","0","0","0","0","0","0","0","0","0","0","0","0","0","0","0","0","1","0","0","0","0","0","0","0","0","0","0","0","0","0","0","0","0","0","0","0","0","0","0","0","0","0","0","0","0","0","0","0","0","0","0","0","0","0","0","0","0","1","201907","202204","2135"
"9866655","530010","70390100","04185601000177","3","1","00000000000000","","","","0015","","0","E","","","04","","01","22","04","","99","","","","","","","","RLE DIGITAL","20190222","1","","","","","","0","0","1","0","0","0","1","0","0","0","0","0","0","0",0,0,0,"0",0,0,0,0,0,0,0,0,0,0,0,0,0,0,"0",0,0,0,1,0,0,0,0,0,0,0,0,0,0,0,0,"1",0,0,0,"0",0,0,0,0,"0",0,0,0,0,0,0,0,0,0,0,0,0,0,0,0,"0","0","1","0","0","0","0","0","0","0","0","0","0","0","0","0","0","0","0","0","0","0","0","0","1","0","0","0","1","1","0","0","0","0","0","0","0","0","0","0","0","0","0","0","0","0","0","0","0","0","0","1","0","0","0","1","0","0","0","0","0","0","0","0","0","0","0","0","0","0","0","0","0","0","0","0","0","0","0","0","0","0","0","0","0","0","0","0","0","0","0","0","1","201907","202204","2135"
"9866671","530010","70711040","33571122000197","3","1","00000000000000","","","","0005","","0","E","","","04","","01","22","04","","99","","","","","","","","RLE DIGITAL","20190515","1","","","","","","0","0","1","0","0","0","1","0","0","0","0","0","0","0",0,0,0,"0",0,0,0,0,0,0,0,0,0,0,0,0,0,0,"0",1,0,0,0,0,0,0,0,0,0,0,0,0,0,0,0,"1",0,0,0,"0",0,0,0,0,"0",0,0,0,0,0,0,0,0,0,0,0,0,0,0,0,"0","0","0","1","0","0","0","0","0","0","0","0","0","0","0","0","0","0","0","0","0","0","0","0","1","1","0","0","1","1","0","0","0","0","0","0","0","0","0","0","0","0","0","0","0","0","0","0","0","0","0","1","0","0","0","1","0","0","0","0","0","0","0","0","0","0","0","0","0","0","0","0","0","0","0","0","0","0","0","0","0","0","0","0","0","0","0","0","0","0","0","0","1","201907","202204","2062"
"9866752","530010","70390150","30834497000104","3","1","00000000000000","","","","0015","","0","E","","","04","","01","36","04","","99","","","","","","","","CERT. DE LICENCIAMENTO","20180717","1","","","","","","0","0","1","0","0","0","1","0","0","0","0","0","0","0",0,0,0,"0",0,0,0,0,0,0,0,0,0,0,0,0,0,0,"0",0,0,0,1,0,0,0,0,0,0,0,0,0,0,0,0,"1",0,0,0,"0",0,0,0,0,"0",0,0,0,0,0,0,0,0,0,0,0,0,0,0,0,"0","0","1","0","0","0","0","0","0","0","0","0","0","0","0","0","0","0","0","0","0","0","0","0","1","0","0","0","1","1","0","0","0","0","0","0","0","0","0","0","0","0","0","0","0","0","0","0","0","0","0","1","0","0","0","1","0","0","0","0","0","0","0","0","0","0","0","0","0","0","0","0","0","0","0","0","0","0","0","0","0","0","0","0","0","0","0","0","0","0","0","0","1","202204","202204","2062"
"9868356","530010","70300902","33176471000104","3","1","00000000000000","","","","","","0","E","","","04","","03","22","03","","99","","","","","","","","EAS.20696-01","20210729","1","","","","","","0","0","1","0","0","0","1","0","0","0","0","0","0","0",0,0,0,"0",0,0,0,0,0,0,0,0,0,0,0,0,0,0,"0",0,1,0,0,0,0,0,0,0,0,0,0,0,0,0,0,"1",0,0,0,"0",0,0,0,0,"0",0,0,0,0,0,0,0,0,0,0,0,0,0,0,0,"0","0","1","1","0","0","0","0","0","0","0","0","0","0","0","0","0","0","0","0","0","0","0","0","1","1","0","0","1","1","0","0","0","0","0","0","0","0","0","0","0","0","0","0","0","0","0","0","0","0","0","1","0","0","0","0","0","0","0","0","0","0","0","0","0","0","0","0","0","0","0","0","0","0","0","0","0","0","0","0","0","0","0","0","0","0","0","0","0","0","0","0","1","202112","202204","2062"
"9869271","530010","70673416","10695205000192","3","1","00000000000000","","","","9931","","0","E","","","04","","01","22","03","","99","","","","","","","","RLE 20171501578662","20171017","1","","","","","","0","0","1","0","0","0","1","0","0","0","0","0","0","0",0,0,0,"0",0,0,0,0,0,0,0,0,0,0,0,0,0,0,"0",1,0,0,0,0,0,0,0,0,0,0,0,0,0,0,0,"1",0,0,0,"0",0,0,0,0,"0",0,0,0,0,0,0,0,0,0,0,0,0,0,0,0,"0","0","1","0","0","0","0","0","0","0","0","0","0","0","0","0","0","0","0","0","0","0","0","0","1","0","0","0","1","1","0","0","0","0","0","0","0","0","0","0","0","0","0","0","0","0","0","0","0","0","0","1","0","0","0","0","0","0","0","0","0","0","0","0","0","0","0","0","0","0","0","0","0","0","0","0","0","0","0","0","0","0","0","0","0","0","0","0","0","0","0","0","1","202103","202204","2062"
"9869522","530010","71503511","23244035000171","3","1","00000000000000","","","","","","0","E","","","04","","03","22","03","","99","","","","","","","","EAS-45-04","20180905","1","","","","","","0","0","1","0","0","0","1","0","0","0","0","0","0","0",0,0,0,"0",0,0,0,0,0,0,0,0,0,0,0,0,0,0,"0",0,0,0,1,0,0,0,0,0,0,0,0,0,0,0,0,"1",0,0,0,"0",0,0,0,0,"0",0,0,0,0,0,0,0,0,0,0,0,0,0,0,0,"0","0","0","0","0","0","0","0","0","0","0","0","0","0","0","0","0","0","0","0","0","0","0","0","0","0","0","0","1","1","0","0","0","0","0","0","0","0","0","0","0","0","0","0","0","0","0","0","0","0","0","1","0","0","1","1","0","0","0","0","0","0","0","0","0","0","0","0","0","0","0","0","0","0","0","0","0","0","0","0","0","0","0","0","0","0","0","0","0","0","0","0","1","202106","202204","2062"
"9869689","530010","70390100","19687249000145","3","1","00000000000000","","","","0015","","0","E","","","04","","03","36","04","","99","","","","","","","","53201926613","20200904","1","","","","","","0","0","1","0","0","0","1","0","0","0","0","0","0","0",0,0,0,"0",0,0,0,0,0,0,0,0,0,0,0,0,0,0,"0",0,0,0,2,0,0,0,0,0,0,0,0,0,0,0,0,"1",0,0,0,"0",0,0,0,0,"0",0,0,0,0,0,0,0,0,0,0,0,0,0,0,0,"0","0","1","0","0","0","0","0","0","0","0","0","0","0","0","0","0","0","0","0","0","0","0","0","1","0","0","0","1","1","0","0","0","0","0","0","0","0","0","0","0","0","0","0","0","0","0","0","0","0","0","0","0","0","0","1","0","0","0","0","0","0","0","0","0","0","0","0","0","0","0","0","0","0","0","0","0","0","0","0","0","0","0","0","0","0","0","0","0","0","0","0","1","202108","202204","2062"
"9869735","530010","72415101","04663262000197","3","1","00000000000000","","","","0060","","0","E","","","04","","02","36","03","","99","","","","","","","","NCVS","20190726","1","","","","","","0","0","1","0","0","0","1","0","0","0","0","0","0","0",0,0,0,"0",0,0,0,0,0,0,0,0,0,0,0,0,0,0,"0",0,7,0,0,0,0,0,0,0,0,0,0,0,0,0,0,"1",0,0,0,"0",0,0,0,0,"0",0,0,0,0,0,0,0,0,0,0,0,0,0,0,0,"0","0","0","1","0","0","0","0","0","0","0","0","0","0","0","0","0","0","0","0","0","0","0","0","1","0","0","0","1","1","1","0","0","0","0","0","0","0","0","0","0","0","1","0","0","0","0","0","0","0","0","1","0","0","0","0","0","0","0","0","0","0","0","0","0","0","0","0","0","0","0","0","0","0","0","0","0","0","0","0","0","0","0","0","0","0","0","0","0","0","0","0","1","201908","202204","2062"
"9870164","530010","70390907","15425890000231","3","1","00000000000000","","","","0015","","0","E","","","04","","03","36","03","","99","","","","","","","","EAS 20681-01","20210610","1","","","","","","0","0","1","0","0","0","1","0","0","0","0","0","0","0",0,0,0,"0",0,0,0,0,0,0,0,0,0,0,0,0,0,0,"0",0,2,0,0,0,0,0,0,0,0,0,0,0,0,0,0,"1",0,0,0,"0",0,0,0,0,"0",0,0,0,0,0,0,0,0,0,0,0,0,0,0,0,"0","0","1","0","0","0","0","0","0","0","0","0","0","0","0","0","0","0","0","0","0","0","0","0","1","1","0","0","1","1","0","0","0","0","0","0","0","0","0","0","0","0","0","0","0","0","0","0","0","0","0","1","0","0","0","1","0","0","0","0","0","0","0","0","0","0","0","0","0","0","0","0","0","0","0","0","0","0","0","0","0","0","0","0","0","0","0","0","0","0","0","0","1","202202","202204","2062"
"9870350","530010","70200700","17777374000110","3","1","00000000000000","","","","","","0","E","","","04","","03","22","03","","99","","","","","","","","RLE","20210731","1","","","","","","0","0","1","0","0","0","1","0","0","0","0","0","0","0",0,0,0,"0",0,0,0,0,0,0,0,0,0,0,0,0,0,0,"0",0,0,0,1,0,0,0,0,0,0,0,0,0,0,0,0,"1",0,0,0,"0",0,0,0,0,"0",0,0,0,0,0,0,0,0,0,0,0,0,0,0,0,"0","0","1","0","0","0","0","0","0","0","0","0","0","0","0","0","0","0","0","0","0","0","0","0","1","0","0","0","1","1","0","0","0","0","0","0","0","0","0","0","0","0","0","0","0","0","0","0","0","0","0","1","0","0","0","1","0","0","0","0","0","0","0","0","0","0","0","0","0","0","0","0","0","0","0","0","0","0","0","0","0","0","0","0","0","0","0","0","0","0","0","0","1","202204","202204","2062"
"9871136","530010","71919180","33962918000170","3","1","00000000000000","","","","","","0","E","","","04","","03","36","03","","99","","","","","","","","2019-345500076","20190615","2","","","","","","0","0","1","0","0","0","1","0","0","0","0","0","0","0",0,0,0,"0",0,0,0,0,0,0,0,0,0,0,0,0,0,0,"0",0,0,0,0,0,0,0,0,4,0,0,0,0,0,0,0,"1",0,0,0,"0",0,0,0,0,"0",0,0,0,0,0,0,0,0,0,0,0,0,0,0,0,"0","0","1","0","0","0","0","0","0","0","0","0","0","0","0","0","0","0","0","1","0","0","0","0","1","1","0","0","1","1","0","0","0","0","0","0","0","0","0","0","0","0","0","0","0","0","0","0","0","0","0","1","0","0","0","1","0","0","0","0","0","0","0","0","0","0","0","0","0","0","0","0","0","0","0","0","0","0","0","0","0","0","0","0","0","0","0","0","0","0","0","0","1","201908","202204","2062"
"9871330","530010","72460180","29079214000187","3","1","00000000000000","","","","0060","","0","E","","","04","","01","22","03","","99","","","","","","","","","","","","","","","","0","0","1","0","0","0","1","0","0","0","0","0","0","0",0,0,0,"0",0,0,0,0,0,0,0,0,0,0,0,0,0,0,"0",0,0,0,0,0,0,0,0,1,0,0,0,0,0,0,0,"1",0,0,0,"0",0,0,0,0,"0",0,0,0,0,0,0,0,0,0,0,0,0,0,0,0,"0","0","0","0","0","0","0","0","1","0","0","0","0","0","0","0","0","0","0","0","0","0","0","0","1","0","0","0","1","1","0","0","0","0","0","0","0","0","0","0","0","0","0","0","0","0","0","0","0","0","0","1","0","0","0","0","0","0","0","0","0","0","0","0","0","0","0","0","0","0","0","0","0","0","0","0","0","0","0","0","0","0","0","0","0","0","0","0","0","0","0","0","1","201908","202204","2062"
"9871438","530010","72310011","34290572000174","3","1","00000000000000","","","","","","0","E","","","04","","01","22","03","","99","","","","","","","","","","","","","","","","0","0","1","0","0","0","1","0","0","0","0","0","0","0",0,0,0,"0",0,0,0,0,0,0,0,0,0,0,0,0,0,0,"0",1,0,0,0,0,0,0,0,0,0,0,0,0,0,0,0,"1",0,0,0,"0",0,0,0,0,"0",0,0,0,0,0,0,0,0,0,0,0,0,0,0,0,"0","0","1","0","0","0","0","0","0","0","0","0","0","0","0","0","0","0","0","0","0","0","0","0","1","0","0","0","1","1","0","0","0","0","0","0","0","0","0","0","0","0","0","0","0","0","0","0","0","0","0","1","0","0","0","0","0","0","0","0","0","0","0","0","0","0","0","0","0","0","0","0","0","0","0","0","0","0","0","0","0","0","0","0","0","0","0","0","0","0","0","0","1","201908","202204","2062"
"9871756","530010","73330001","09331272000300","3","1","00000000000000","","","","","","0","E","","","04","","03","39","03","","99","","","","","","","","","","","","","","","","0","0","1","0","0","0","1","0","0","0","0","0","0","0",0,0,0,"0",0,0,0,0,0,0,0,0,0,0,0,0,0,0,"0",0,0,0,0,0,0,0,0,0,0,0,0,0,0,0,0,"0",0,0,0,"0",0,0,0,0,"0",0,0,0,0,0,0,0,0,0,0,0,0,0,0,0,"0","0","0","0","0","0","0","0","0","0","0","0","0","0","0","0","0","0","0","0","0","0","0","0","0","1","1","0","1","1","0","0","0","0","0","0","0","0","0","0","0","0","0","0","0","0","0","0","0","0","0","1","0","0","0","1","0","0","1","0","0","0","1","0","0","0","0","0","0","0","0","0","0","0","0","0","0","0","0","0","0","0","0","0","0","0","0","0","0","0","0","0","1","202108","202204","2062"
"9871845","530010","72318592","33602164000148","3","1","00000000000000","","","","0140","","0","E","","","04","","03","39","03","","99","","","","","","","","LAB 00022.18","20190728","1","","","","","","0","0","1","0","0","0","1","0","0","0","0","0","0","0",0,0,0,"0",0,0,0,0,0,0,0,0,0,0,0,0,0,0,"0",0,1,0,0,0,0,0,0,0,0,0,0,0,0,0,0,"1",0,0,0,"0",0,0,0,0,"0",0,0,0,0,0,0,0,0,0,0,0,0,0,0,0,"0","0","1","0","0","0","0","0","1","0","0","0","0","0","0","0","0","0","0","0","0","0","0","0","1","1","0","0","1","1","0","0","0","0","0","0","0","0","0","0","0","0","0","0","0","0","0","0","0","0","0","0","0","0","0","0","0","0","1","0","0","0","0","0","0","0","0","0","0","0","0","0","0","0","0","0","0","0","0","0","0","0","0","0","0","0","0","0","0","0","0","0","1","201908","202204","2062"
"9872566","530010","72215011","10363980000140","3","1","00000000000000","","","","","","0","E","","","04","","03","22","03","","99","","","","","","","","532083755221","20210829","","","","","","","0","0","1","0","0","0","1","0","0","0","0","0","0","0",0,0,0,"0",0,0,0,0,0,0,0,0,0,0,0,0,0,0,"0",0,0,0,0,0,0,0,0,1,0,0,0,0,0,0,0,"1",0,0,0,"0",0,0,0,0,"0",0,0,0,0,0,0,0,0,0,0,0,0,0,0,0,"0","0","1","0","0","0","0","0","0","0","0","0","0","0","0","0","0","0","0","1","0","0","0","0","1","1","0","0","1","1","0","0","0","0","0","0","0","0","0","0","0","0","0","0","0","0","0","0","0","0","0","1","0","0","0","1","0","0","0","0","0","0","0","0","0","0","0","0","0","0","0","0","0","0","0","0","0","0","0","0","0","0","0","0","0","0","0","0","0","0","0","0","1","202202","202204","2062"
"9873813","530010","70070120","18017339000166","3","1","00000000000000","","","","0010","","0","E","","","04","","03","22","03","","99","","","","","","","","DFP1900081269","20190624","1","","","","","","0","0","1","0","0","0","1","0","0","0","0","0","0","0",0,0,0,"0",0,0,0,0,0,0,0,0,0,0,0,0,0,0,"0",0,1,0,0,0,0,0,0,0,0,0,0,0,0,0,0,"1",0,0,0,"0",0,0,0,0,"0",0,0,0,0,0,0,0,0,0,0,0,0,0,0,0,"0","0","1","0","0","0","0","0","0","0","0","0","0","0","0","0","0","0","0","0","0","0","0","0","1","0","0","0","1","1","0","0","0","0","0","0","0","0","0","0","0","0","0","0","0","0","0","0","0","0","0","1","0","0","0","0","0","0","0","0","0","0","0","0","0","0","0","0","0","0","0","0","0","0","0","0","0","0","0","0","0","0","0","0","0","0","0","0","0","0","0","0","1","201908","202204","2135"
"9876960","530010","71950904","31267069000100","3","1","00000000000000","","","","","","0","E","","","04","","03","36","04","","99","","","","","","","","RLE","20200706","1","","","","","","0","0","1","0","0","0","1","0","0","0","0","0","0","0",0,0,0,"0",0,0,0,0,0,0,0,0,0,0,0,0,0,0,"0",7,0,0,0,0,0,0,0,5,0,0,0,0,0,0,0,"1",0,0,0,"0",0,0,0,0,"0",0,0,0,0,0,0,0,0,0,0,0,0,0,0,0,"0","0","1","0","0","0","0","0","0","0","0","0","0","0","0","0","0","0","0","0","0","0","0","0","1","1","0","0","1","1","0","0","0","0","0","0","0","0","0","0","0","0","0","0","0","0","0","0","0","0","0","1","0","0","0","1","0","0","0","0","0","0","0","0","0","0","0","0","0","0","0","0","0","0","0","0","0","0","0","0","0","0","0","0","0","0","0","0","0","0","0","0","1","202008","202204","2062"
"9877185","530010","71625009","31831766000141","3","1","00000000000000","","","","","","0","E","","","04","","03","22","03","","99","","","","","","","","","","1","","","","","","0","0","1","0","0","0","1","0","0","0","0","0","0","0",0,0,0,"0",0,0,0,0,0,0,0,0,0,0,0,0,0,0,"0",1,0,0,0,0,0,0,0,0,0,0,0,0,0,0,0,"1",0,0,0,"0",0,0,0,0,"0",0,0,0,0,0,0,0,0,0,0,0,0,0,0,0,"0","0","0","0","0","0","0","0","0","0","0","0","0","0","0","0","0","0","0","0","0","0","0","0","0","0","0","0","1","1","0","0","0","0","0","0","0","0","0","0","0","0","0","0","0","0","0","0","0","0","0","1","0","0","0","1","0","0","0","0","0","0","0","0","0","0","0","0","0","0","0","0","0","0","0","0","0","0","0","0","0","0","0","0","0","0","0","0","0","0","0","0","1","201908","202204","2305"
"9877231","530010","70770130","28760174000171","3","1","00000000000000","","","","","","0","E","","","04","","03","36","03","","99","","","","","","","","","","","","","","","","0","0","1","0","0","0","1","0","0","0","0","0","0","0",0,0,0,"0",0,0,0,0,0,0,0,0,0,0,0,0,0,0,"0",0,1,0,0,0,0,0,0,0,0,0,0,0,0,0,0,"1",0,0,0,"0",0,0,0,0,"0",0,0,0,0,0,0,0,0,0,0,0,0,0,0,0,"0","0","1","0","0","0","0","0","0","0","0","0","0","0","0","0","0","0","0","0","0","0","0","0","1","0","0","0","1","1","0","0","0","0","0","0","0","0","0","0","0","0","0","0","0","0","0","0","0","0","0","1","0","0","1","1","0","0","0","0","0","0","0","0","0","0","0","0","0","0","0","0","0","0","0","0","0","0","0","0","0","0","0","0","0","0","0","0","0","0","0","0","1","202107","202204","2062"
"9877282","530010","72015901","08893666000128","3","1","00000000000000","","","","0180","","0","E","","","04","","03","36","03","","99","","","","","","","","ODO.00028-14","20190212","1","","","","","","0","0","1","0","0","0","1","0","0","0","0","0","0","0",0,0,0,"0",0,0,0,0,0,0,0,0,0,0,0,0,0,0,"0",0,0,0,0,0,0,0,0,2,0,0,0,0,0,0,0,"1",0,0,0,"0",0,0,0,0,"0",0,0,0,0,0,0,0,0,0,0,0,0,0,0,0,"0","0","1","0","0","0","0","0","1","0","0","0","0","0","0","0","0","0","0","0","0","0","0","0","1","1","0","1","1","1","0","0","0","0","0","0","0","0","0","0","0","0","0","0","0","0","0","0","0","0","0","1","0","0","1","0","0","0","0","0","0","0","0","0","0","0","0","0","0","0","0","0","0","0","0","0","0","0","0","0","0","0","0","0","0","0","0","0","0","0","0","0","1","201908","202204","2062"
"9878254","530010","71215100","15175424000164","3","1","00000000000000","","","","0070","","0","E","","","04","","03","04","03","","99","","","","","","","","23.997","20190129","1","","","","","","0","0","1","0","0","0","1","0","0","0","0","0","0","0",0,0,0,"0",0,0,0,0,0,0,0,0,0,0,0,0,0,0,"0",0,2,0,0,0,0,0,0,0,0,0,0,0,0,0,0,"1",0,0,0,"0",0,0,0,0,"0",0,0,0,0,0,0,0,0,0,0,0,0,0,0,0,"0","0","1","0","0","0","0","0","0","0","0","0","0","0","0","0","0","0","0","0","0","0","0","0","1","0","0","0","1","1","1","0","0","0","0","0","0","0","0","0","0","0","1","0","0","0","0","0","0","0","0","0","0","0","0","1","0","0","0","0","0","0","0","0","0","0","0","0","0","0","0","0","0","0","0","0","0","0","0","0","0","0","0","0","0","0","0","0","0","0","0","0","1","201908","202204","2240"
"9878386","530010","71907720","24618213000140","3","1","00000000000000","","","","9901","","0","E","","","04","","01","36","03","","99","","","","","","","","8650-0/06","20190805","1","","","","","","0","0","1","0","0","0","1","0","0","0","0","0","0","0",0,0,0,"0",0,0,0,0,0,0,0,0,0,0,0,0,0,0,"0",0,1,0,0,0,0,0,0,0,0,0,0,0,0,0,0,"1",0,0,0,"0",0,0,0,0,"0",0,0,0,0,0,0,0,0,0,0,0,0,0,0,0,"0","0","1","0","0","0","0","0","0","0","0","0","0","0","0","0","0","0","0","0","0","0","0","0","1","0","0","0","1","1","0","0","0","0","0","0","0","0","0","0","0","0","0","0","0","0","0","0","0","0","0","1","0","0","0","1","0","0","0","0","0","0","0","0","0","0","0","0","0","0","0","0","0","0","0","0","0","0","0","0","0","0","0","0","0","0","0","0","0","0","0","0","1","201908","202204","2305"
"9878882","530010","72150106","18285062000152","3","1","00000000000000","","","","0180","","0","E","","","02","","01","22","03","","99","","","","","","","","","","","","","","","","0","0","1","0","0","0","1","0","0","0","0","0","0","0",0,0,0,"0",0,0,0,0,0,0,0,0,0,0,0,0,0,0,"0",0,0,0,1,0,0,0,0,0,0,0,0,0,0,0,0,"1",0,0,0,"0",0,0,0,0,"0",0,0,0,0,0,0,0,0,0,0,0,0,0,0,0,"0","0","0","0","0","0","0","0","0","0","0","0","0","0","0","0","0","0","0","0","0","0","0","0","0","0","0","0","1","1","0","0","0","0","0","0","0","0","0","0","0","0","0","0","0","0","0","0","0","0","0","1","0","0","0","0","0","0","0","0","0","0","0","0","0","0","0","0","0","0","0","0","0","0","0","0","0","0","0","0","0","0","0","0","0","0","0","0","0","0","0","0","1","201908","202204","2062"
"9879447","530010","70307901","33222325000178","3","1","00000000000000","","","","","","0","E","","","04","","01","04","03","","99","","","","","","","","EAS.30165-01","20190716","1","","","","","","0","0","1","0","0","0","1","0","0","0","0","0","0","0",0,0,0,"0",0,0,0,0,0,0,0,0,0,0,0,0,0,0,"0",0,2,0,1,0,0,0,0,2,0,0,0,0,0,0,0,"1",0,0,0,"0",0,0,0,0,"0",0,0,0,0,0,0,0,0,0,0,0,0,0,0,0,"0","0","1","0","0","0","0","0","1","0","1","0","0","0","0","0","0","0","0","1","0","0","0","0","1","1","0","0","1","1","0","0","0","0","0","0","0","0","0","0","0","0","0","0","0","0","0","0","0","0","0","1","0","0","0","0","0","0","0","0","0","0","0","0","0","0","0","0","0","0","0","0","0","0","0","0","0","0","0","0","0","0","0","0","0","0","0","0","0","0","0","0","1","202003","202204","2062"
"9879498","530010","71906750","34333265000123","3","1","00000000000000","","","","9901","","0","E","","","04","","01","22","04","","99","","","","","","","","RLE DIGITAL","20190729","1","","","","","","0","0","1","0","0","0","1","0","0","0","0","0","0","0",0,0,0,"0",0,0,0,0,0,0,0,0,0,0,0,0,0,0,"0",0,0,0,1,0,0,0,0,0,0,0,0,0,0,0,0,"1",0,0,0,"0",0,0,0,0,"0",0,0,0,0,0,0,0,0,0,0,0,0,0,0,0,"0","0","1","0","0","0","0","0","0","0","0","0","0","0","0","0","0","0","0","0","0","0","0","0","1","0","0","0","1","1","0","0","0","0","0","0","0","0","0","0","0","0","0","0","0","0","0","0","0","0","0","1","0","0","0","1","0","0","0","0","0","0","0","0","0","0","0","0","0","0","0","0","0","0","0","0","0","0","0","0","0","0","0","0","0","0","0","0","0","0","0","0","1","201908","202204","2062"
"9879854","530010","70390108","33912198000139","3","1","00000000000000","","","","0015","","0","E","","","04","","01","22","04","","99","","","","","","","","CERT. DE LICENCIAMENTO","20190624","1","","","","","","0","0","1","0","0","0","1","0","0","0","0","0","0","0",0,0,0,"0",0,0,0,0,0,0,0,0,0,0,0,0,0,0,"0",0,0,0,1,0,0,0,0,0,0,0,0,0,0,0,0,"1",0,0,0,"0",0,0,0,0,"0",0,0,0,0,0,0,0,0,0,0,0,0,0,0,0,"0","0","1","0","0","0","0","0","0","0","0","0","0","0","0","0","0","0","0","0","0","0","0","0","1","0","0","0","1","1","0","0","0","0","0","0","0","0","0","0","0","0","0","0","0","0","0","0","0","0","0","1","0","0","0","1","0","0","0","0","0","0","0","0","0","0","0","0","0","0","0","0","0","0","0","0","0","0","0","0","0","0","0","0","0","0","0","0","0","0","0","0","1","202006","202204","2135"
"9880097","530010","70673416","33880164000100","3","1","00000000000000","","","","9931","","0","E","","","04","","01","22","03","","99","","","","","","","","ODO.00059-07","20190722","1","","","","","","0","0","1","0","0","0","1","0","0","0","0","0","0","0",0,0,0,"0",0,0,0,0,0,0,0,0,0,0,0,0,0,0,"0",0,0,0,0,0,0,0,0,1,0,0,0,0,0,0,0,"1",0,0,0,"0",0,0,0,0,"0",0,0,0,0,0,0,0,0,0,0,0,0,0,0,0,"0","0","0","0","0","0","0","0","0","0","0","0","0","0","0","0","0","0","0","0","0","0","0","0","0","0","0","0","1","1","0","0","0","0","0","0","0","0","0","0","0","0","0","0","0","0","0","0","0","0","0","1","0","0","0","0","0","0","0","0","0","0","0","0","0","0","0","0","0","0","0","0","0","0","0","0","0","0","0","0","0","0","0","0","0","0","0","0","0","0","0","0","1","201908","202204","2305"
"9880275","530010","70200700","30177537000192","3","1","00000000000000","","","","","","0","E","","","04","","01","22","03","","99","","","","","","","","20688-01","20201002","1","","","","","","0","0","1","0","0","0","1","0","0","0","0","0","0","0",0,0,0,"0",0,0,0,0,0,0,0,0,0,0,0,0,0,0,"0",0,1,0,0,0,0,0,0,0,0,0,0,0,0,0,0,"1",0,0,0,"0",0,0,0,0,"0",0,0,0,0,0,0,0,0,0,0,0,0,0,0,0,"0","0","1","0","0","0","0","0","0","0","0","0","0","0","0","0","0","0","0","0","0","0","0","0","1","0","0","0","1","1","0","0","0","0","0","0","0","0","0","0","0","0","0","0","0","0","0","0","0","0","0","1","0","0","0","1","0","0","0","0","0","0","0","0","0","0","0","0","0","0","0","0","0","0","0","0","0","0","0","0","0","0","0","0","0","0","0","0","0","0","0","0","1","202101","202204","2062"
"9881417","530010","72260701","20095149000109","3","1","00000000000000","","","","","","0","E","","","04","","01","36","03","","99","","","","","","","","53600251458","20190615","1","","","","","","0","0","1","0","0","0","1","0","0","0","0","0","0","0",0,0,0,"0",0,0,0,0,0,0,0,0,0,0,0,0,0,0,"0",0,0,0,0,0,0,0,0,3,0,0,0,0,0,0,0,"1",0,0,0,"0",0,0,0,0,"0",0,0,0,0,0,0,0,0,0,0,0,0,0,0,0,"0","0","1","0","0","0","0","0","1","0","0","0","0","0","0","0","0","0","0","1","0","0","0","0","1","1","0","0","1","1","0","0","0","0","0","0","0","0","0","0","0","0","0","0","0","0","0","0","0","0","0","1","0","0","0","0","0","0","0","0","0","0","0","0","0","0","0","0","0","0","0","0","0","0","0","0","0","0","0","0","0","0","0","0","0","0","0","0","0","0","0","0","1","201908","202204","2305"
"9881433","530010","72215509","33447422000169","3","1","00000000000000","","","","","","0","E","","","04","","03","36","03","","99","","","","","","","","53001030588","20201008","1","","","","","","0","0","1","0","0","0","1","0","0","0","0","0","0","0",0,0,0,"0",0,0,0,0,0,0,0,0,0,0,0,0,0,0,"0",0,4,0,0,0,0,0,0,0,0,0,0,0,0,0,0,"1",0,0,0,"0",0,0,0,0,"0",0,0,0,0,0,0,0,0,0,0,0,0,0,0,0,"0","0","1","0","0","0","0","0","0","0","0","0","0","0","0","0","0","0","0","0","0","0","0","0","1","0","0","0","1","1","0","0","0","0","0","0","0","0","0","0","0","0","0","0","0","0","0","0","0","0","0","1","0","0","0","1","0","0","0","0","0","0","0","0","0","0","0","0","0","0","0","0","0","0","0","0","0","0","0","0","0","0","0","0","0","0","0","0","0","0","0","0","1","202011","202204","2062"
"9881468","530010","73006045","33649643000110","3","1","00000000000000","","","","","","0","E","","","04","","03","22","03","","99","","","","","","","","5330501046","20210307","1","","","","","","0","0","1","0","0","0","1","0","0","0","0","0","0","0",0,0,0,"0",0,0,0,0,0,0,0,0,0,0,0,0,0,0,"0",0,0,0,1,0,0,0,0,0,0,0,0,0,0,0,0,"1",0,0,0,"0",0,0,0,0,"0",0,0,0,0,0,0,0,0,0,0,0,0,0,0,0,"0","0","1","0","0","0","0","0","0","0","0","0","0","0","0","0","0","0","0","1","0","0","0","0","1","0","0","0","1","1","0","0","0","0","0","0","0","0","0","0","0","0","0","0","0","0","0","0","0","0","0","1","0","0","0","1","0","0","0","0","0","0","0","0","0","0","0","0","0","0","0","0","0","0","0","0","0","0","0","0","0","0","0","0","0","0","0","0","0","0","0","0","1","202105","202204","2062"
"9881867","530010","71929180","34320092000109","3","1","00000000000000","","","","9901","","0","E","","","04","","03","22","03","","99","","","","","","","","CERT DE LICENCIAMENTO RLE","20190730","1","","","","","","0","0","1","0","0","0","1","0","0","0","0","0","0","0",0,0,0,"0",0,0,0,0,0,0,0,0,0,0,0,0,0,0,"0",0,0,0,1,0,0,0,0,0,0,0,0,0,0,0,0,"1",0,0,0,"0",0,0,0,0,"0",0,0,0,0,0,0,0,0,0,0,0,0,0,0,0,"0","0","1","0","0","0","0","0","0","0","0","0","0","0","0","0","0","0","0","0","0","0","0","0","1","0","0","0","1","1","0","0","0","0","0","0","0","0","0","0","0","0","0","0","0","0","0","0","0","0","0","1","0","0","0","0","0","0","0","0","0","0","0","0","0","0","0","0","0","0","0","0","0","0","0","0","0","0","0","0","0","0","0","0","0","0","0","0","0","0","0","0","1","201908","202204","2062"
"9882219","530010","70390095","61486650098213","3","1","00000000000000","","","","","","0","E","","","04","","03","39","04","","99","","","","","","","","","","","","","","","","0","0","1","0","0","0","1","0","0","0","0","0","0","0",0,0,0,"0",0,0,0,0,0,0,0,0,0,0,0,0,0,0,"0",0,0,0,0,0,0,0,0,0,0,0,0,0,0,0,0,"0",0,0,0,"0",0,0,0,0,"0",0,0,0,0,0,0,0,0,0,0,0,0,0,0,0,"0","0","0","0","0","0","0","0","0","0","0","0","0","0","0","0","0","0","1","0","0","0","0","0","1","1","0","0","1","1","0","0","0","0","0","0","0","0","0","0","0","0","0","0","0","0","0","0","0","0","0","0","0","0","0","0","0","0","1","0","0","0","1","0","0","0","0","0","0","0","0","0","0","0","0","0","0","0","0","0","0","0","0","0","0","0","0","0","0","0","0","0","1","202010","202204","2046"
"9882375","530010","70238400","61585865140832","3","1","00000000000000","","","","","","0","E","","","04","","03","43","06","","99","","","","","","","","FAR.06389-01","20210621","2","","","","","","0","0","1","0","0","0","1","0","0","0","0","0","0","0",0,0,0,"0",0,0,0,0,0,0,0,0,0,0,0,0,0,0,"0",0,0,0,0,0,0,0,0,0,0,0,1,0,0,0,0,"1",0,0,0,"0",0,0,0,0,"0",0,0,0,0,0,0,0,0,0,0,0,0,0,0,0,"0","0","0","0","0","0","0","0","0","0","0","0","0","0","0","0","0","0","0","0","0","0","0","0","0","1","0","0","1","1","0","0","0","0","0","0","0","0","0","0","0","0","0","0","0","0","0","0","0","0","0","1","0","0","0","0","0","0","0","0","0","0","0","0","0","0","0","0","0","0","0","0","0","0","0","0","0","0","0","0","0","0","0","0","0","0","0","0","0","0","0","0","1","202109","202204","2046"
"9882448","530010","72115700","09418841000198","3","1","00000000000000","","","","0180","","0","E","","","04","","03","04","03","","99","","","","","","","","EAS 00041-15","20201201","1","","","","","","0","0","1","0","0","0","1","0","0","0","0","0","0","0",0,0,0,"0",0,0,0,0,0,0,0,0,0,0,0,0,0,0,"0",1,1,0,0,0,0,0,0,0,0,0,0,0,0,0,0,"1",0,0,0,"0",0,0,0,0,"0",0,0,0,0,0,0,0,0,0,0,0,0,0,0,0,"0","0","1","0","0","0","0","0","0","0","0","0","0","0","0","0","0","0","0","0","0","0","0","0","1","1","0","0","1","1","0","0","0","0","0","0","0","0","0","0","0","0","0","0","0","0","0","0","0","0","0","1","0","0","0","1","0","0","0","0","0","0","0","0","0","0","0","0","0","0","0","0","0","0","0","0","0","0","0","0","0","0","0","0","0","0","0","0","0","0","0","0","1","202111","202204","2062"
"9882669","530010","71900100","13369502000136","3","1","00000000000000","","","","0010","","0","E","","","04","","03","04","03","","99","","","","","","","","EAS.000193-22","20210305","1","","","","","","0","0","1","0","0","0","1","0","0","0","0","0","0","0",0,0,0,"0",0,0,0,0,0,0,0,0,0,0,0,0,0,0,"0",0,8,0,0,0,0,0,0,0,0,0,0,0,0,0,0,"1",0,0,0,"0",0,0,0,0,"0",0,0,0,0,0,0,0,0,0,0,0,0,0,0,0,"0","0","1","0","0","0","0","0","0","0","0","0","0","0","0","0","0","0","0","0","0","0","0","0","1","1","0","0","1","1","0","0","0","0","0","0","0","0","0","0","0","0","0","0","0","0","0","0","0","0","0","1","0","0","0","1","0","0","0","0","0","0","0","0","0","0","0","0","0","0","0","0","0","0","0","0","0","0","0","0","0","0","0","0","0","0","0","0","0","0","0","0","1","202108","202204","2062"
"9882707","530010","70640515","32795834000127","3","1","00000000000000","","","","0050","","0","E","","","04","","01","36","03","","99","","","","","","","","ODO.000066-07","20190507","1","","","","","","0","0","1","0","0","0","1","0","0","0","0","0","0","0",0,0,0,"0",0,0,0,0,0,0,0,0,0,0,0,0,0,0,"0",0,0,0,0,0,0,0,0,1,0,0,0,0,0,0,0,"1",0,0,0,"0",0,0,0,0,"0",0,0,0,0,0,0,0,0,0,0,0,0,0,0,0,"0","0","1","0","0","0","0","0","1","0","0","0","0","0","0","0","0","0","0","0","0","0","0","0","1","1","0","0","1","1","0","0","0","0","0","0","0","0","0","0","0","0","0","0","0","0","0","0","0","0","0","1","0","0","0","0","0","0","0","0","0","0","0","0","0","0","0","0","0","0","0","0","0","0","0","0","0","0","0","0","0","0","0","0","0","0","0","0","0","0","0","0","1","201908","202204","2135"
"9882790","530010","70340000","32691703000108","3","1","00000000000000","","","","0015","","0","E","","","04","","01","36","03","","99","","","","","","","","ODO.01799-01","20190425","1","","","","","","0","0","1","0","0","0","1","0","0","0","0","0","0","0",0,0,0,"0",0,0,0,0,0,0,0,0,0,0,0,0,0,0,"0",0,0,0,0,0,0,0,0,1,0,0,0,0,0,0,0,"1",0,0,0,"0",0,0,0,0,"0",0,0,0,0,0,0,0,0,0,0,0,0,0,0,0,"0","0","1","0","0","0","0","0","1","0","0","0","0","0","0","0","0","0","0","0","0","0","0","0","1","1","0","0","1","1","0","0","0","0","0","0","0","0","0","0","0","0","0","0","0","0","0","0","0","0","0","1","0","0","0","0","0","0","0","0","0","0","0","0","0","0","0","0","0","0","0","0","0","0","0","0","0","0","0","0","0","0","0","0","0","0","0","0","0","0","0","0","1","201908","202204","2305"
"9882804","530010","70390095","33023719000105","3","1","00000000000000","","","","","","0","E","","","04","","03","22","03","","99","","","","","","","","53101416630","20190318","1","","","","","","0","0","1","0","0","0","1","0","0","0","0","0","0","0",0,0,0,"0",0,0,0,0,0,0,0,0,0,0,0,0,0,0,"0",0,0,0,1,0,0,0,0,0,0,0,0,0,0,0,0,"1",0,0,0,"0",0,0,0,0,"0",0,0,0,0,0,0,0,0,0,0,0,0,0,0,0,"0","0","1","0","0","0","0","0","0","0","0","0","0","0","0","0","0","0","0","0","0","0","0","0","1","0","0","0","1","1","0","0","0","0","0","0","0","0","0","0","0","0","0","0","0","0","0","0","0","0","0","1","0","0","0","0","0","0","0","0","0","0","0","0","0","0","0","0","0","0","0","0","0","0","0","0","0","0","0","0","0","0","0","0","0","0","0","0","0","0","0","0","1","202101","202204","2135"
"9883428","530010","70200740","33584527000160","3","1","00000000000000","","","","","","0","E","","","04","","01","22","03","","99","","","","","","","","","20190807","1","","","","","","0","0","1","0","0","0","1","0","0","0","0","0","0","0",0,0,0,"0",0,0,0,0,0,0,0,0,0,0,0,0,0,0,"0",1,0,0,0,0,0,0,0,0,0,0,0,0,0,0,0,"1",0,0,0,"0",0,0,0,0,"0",0,0,0,0,0,0,0,0,0,0,0,0,0,0,0,"0","0","0","0","0","0","0","0","0","0","0","0","0","0","0","0","0","0","0","0","0","0","0","0","0","0","0","0","1","1","0","0","0","0","0","0","0","0","0","0","0","0","0","0","0","0","0","0","0","0","0","1","0","0","0","0","0","0","0","0","0","0","0","0","0","0","0","0","0","0","0","0","0","0","0","0","0","0","0","0","0","0","0","0","0","0","0","0","0","0","0","0","1","201908","202204","2062"
"9883827","530010","72404904","18414567000170","3","1","00000000000000","","","","0060","","0","E","","","04","","02","39","03","","99","","","","","","","","","","","","","","","","0","0","1","0","0","0","1","0","0","0","0","0","0","0",0,0,0,"0",0,0,0,0,0,0,0,0,0,0,0,0,0,0,"0",0,0,0,0,0,0,0,0,1,0,0,0,0,0,0,0,"1",0,0,0,"0",0,0,0,0,"0",0,0,0,0,0,0,0,0,0,0,0,0,0,0,0,"0","0","0","0","0","0","0","0","0","0","0","0","0","0","0","0","0","0","0","0","0","0","0","0","0","0","0","0","1","1","0","0","0","0","0","0","0","0","0","0","0","0","0","0","0","0","0","0","0","0","0","0","0","0","0","0","0","0","1","0","0","0","0","0","0","0","0","0","0","0","0","0","0","0","0","0","0","0","0","0","0","0","0","0","0","0","0","0","0","0","0","0","1","201909","202204","2062"
"9885013","530010","70715900","53252219000144","3","1","00000000000000","","","","0005","","0","E","","","04","","01","36","03","","99","","","","","","","","LICENCA SANITARIA","20180906","1","","","","","","0","0","1","0","0","0","1","0","0","0","0","0","0","0",0,0,0,"0",0,0,0,0,0,0,0,0,0,0,0,0,0,0,"0",0,0,0,0,0,0,0,0,1,0,0,0,0,0,0,0,"1",0,0,0,"0",0,0,0,0,"0",0,0,0,0,0,0,0,0,0,0,0,0,0,0,0,"0","0","1","0","0","0","0","0","0","0","0","0","0","0","0","0","0","0","0","0","0","0","0","0","1","1","0","0","1","1","0","0","0","0","0","0","0","0","0","0","0","0","0","0","0","0","0","0","0","0","0","0","0","0","0","1","0","0","0","0","0","0","0","0","0","0","0","0","0","0","0","0","0","0","0","0","0","0","0","0","0","0","0","0","0","0","0","0","0","0","0","0","1","201908","202204","2240"
"9885676","530010","71950550","30582885000145","3","1","00000000000000","","","","","","0","E","","","04","","01","22","03","","99","","","","","","","","EAS.000.0217-14","20200804","1","","","","","","0","0","1","0","0","0","1","0","0","0","0","0","0","0",0,0,0,"0",0,0,0,0,0,0,0,0,0,0,0,0,0,0,"0",2,0,0,0,0,0,0,0,0,1,0,0,0,0,0,0,"1",0,0,0,"0",0,0,0,0,"0",0,0,0,0,0,0,0,0,0,0,0,0,0,0,0,"0","0","0","0","0","0","0","0","0","0","0","0","0","0","0","0","0","0","0","0","0","0","0","0","0","1","0","0","1","1","0","0","0","0","0","0","0","0","0","0","0","0","0","0","0","0","0","0","0","0","0","1","0","0","0","1","0","0","0","0","0","0","0","0","0","0","0","0","0","0","0","0","0","0","0","0","0","0","0","0","0","0","0","0","0","0","0","0","0","0","0","0","1","202011","202204","2305"
"9886680","530010","72405052","22548271000119","3","1","00000000000000","","","","","","0","E","","","04","","01","22","04","","99","","","","","","","","","","","","","","","","0","0","1","0","0","0","1","0","0","0","0","0","0","0",0,0,0,"0",0,0,0,0,0,0,0,0,0,0,0,0,0,0,"0",1,0,0,0,0,0,0,0,0,0,0,0,0,0,0,0,"1",0,0,0,"0",0,0,0,0,"0",0,0,0,0,0,0,0,0,0,0,0,0,0,0,0,"0","0","0","0","0","0","0","0","0","0","0","0","0","0","0","0","0","0","0","0","0","0","0","0","0","0","0","0","1","1","0","0","0","0","0","0","0","0","0","0","0","0","0","0","0","0","0","0","0","0","0","1","0","0","0","0","0","0","0","0","0","0","0","0","0","0","0","0","0","0","0","0","0","0","0","0","0","0","0","0","0","0","0","0","0","0","0","0","0","0","0","0","1","202008","202204","2062"
"9887172","530010","70200700","32871898000160","3","1","00000000000000","","","","","","0","E","","","04","","03","36","03","","99","","","","","","","","EAS20680-01","20190718","1","","","","","","0","0","1","0","0","0","1","0","0","0","0","0","0","0",0,0,0,"0",0,0,0,0,0,0,0,0,0,0,0,0,0,0,"0",0,1,0,0,0,0,0,0,0,0,0,0,0,0,0,0,"1",0,0,0,"0",0,0,0,0,"0",0,0,0,0,0,0,0,0,0,0,0,0,0,0,0,"0","0","1","0","0","0","0","0","0","0","0","0","0","0","0","0","0","0","0","0","0","0","0","0","1","0","0","0","1","1","0","0","0","0","0","0","0","0","0","0","0","0","0","0","0","0","0","0","0","0","0","1","0","0","0","1","0","0","0","0","0","0","0","0","0","0","0","0","0","0","0","0","0","0","0","0","0","0","0","0","0","0","0","0","0","0","0","0","0","0","0","0","1","201908","202204","2062"
"9887571","530010","71950550","34032505000150","3","1","00000000000000","","","","","","0","E","","","04","","03","36","03","","99","","","","","","","","ATIVIDADE LICENCIADA","20190708","1","","","","","","0","0","1","0","0","0","1","0","0","0","0","0","0","0",0,0,0,"0",0,0,0,0,0,0,0,0,0,0,0,0,0,0,"0",0,0,0,1,0,0,0,0,0,0,0,0,0,0,0,0,"1",0,0,0,"0",0,0,0,0,"0",0,0,0,0,0,0,0,0,0,0,0,0,0,0,0,"0","0","1","0","0","0","0","0","0","0","0","0","0","0","0","0","0","0","0","0","0","0","0","0","1","0","0","0","1","1","0","0","0","0","0","0","0","0","0","0","0","0","0","0","0","0","0","0","0","0","0","1","0","0","1","1","0","0","0","0","0","0","0","0","0","0","0","0","0","0","0","0","0","0","0","0","0","0","0","0","0","0","0","0","0","0","0","0","0","0","0","0","1","201908","202204","2062"
"9887954","530010","71953000","22513542000281","3","1","00000000000000","","","","9901","","0","E","","","04","","03","36","03","","99","","","","","","","","CERTIFICADO RLE","20190703","1","","","","","","0","0","1","0","0","0","1","0","0","0","0","0","0","0",0,0,0,"0",0,0,0,0,0,0,0,0,0,0,0,0,0,0,"0",0,4,0,0,0,0,0,0,0,0,0,0,0,0,0,0,"1",0,0,0,"0",0,0,0,0,"0",0,0,0,0,0,0,0,0,0,0,0,0,0,0,0,"0","0","1","0","0","0","0","0","0","0","0","0","0","0","0","0","0","0","0","0","0","0","0","0","1","0","0","0","1","1","0","0","0","0","0","0","0","0","0","0","0","0","0","0","0","0","0","0","0","0","0","1","0","0","0","1","0","0","0","0","0","0","0","0","0","0","0","0","0","0","0","0","0","0","0","0","0","0","0","0","0","0","0","0","0","0","0","0","0","0","0","0","1","201908","202204","2062"
"9887962","530010","70390020","32666962000170","3","1","00000000000000","","DF","ASASUL","0015","","0","E","","","04","","01","22","05","","99","","","","","","","","RLE DIGITAL","20190805","2","","","","","","0","0","1","0","0","0","1","0","0","0","0","0","0","0",0,0,0,"0",0,0,0,0,0,0,0,0,0,0,0,0,0,0,"0",0,1,0,0,0,0,0,0,0,0,0,0,0,0,0,0,"1",0,0,0,"0",0,0,0,0,"0",0,0,0,0,0,0,0,0,0,0,0,0,0,0,0,"0","0","0","0","0","0","0","0","0","0","0","0","0","0","0","0","0","0","0","0","0","0","0","0","0","0","0","0","1","1","0","0","0","0","0","0","0","0","0","0","0","0","0","0","0","0","0","0","0","0","0","1","0","0","0","0","0","0","0","0","0","0","0","0","0","0","0","0","0","0","0","0","0","0","0","0","0","0","0","0","0","0","0","0","0","0","0","0","0","0","0","0","1","201908","202204","2305"
"9888780","530010","70070904","30078575000198","3","1","00000000000000","","","","","","0","E","","","04","","03","22","03","","99","","","","","","","","","20190612","1","","","","","","0","0","1","0","0","0","1","0","0","0","0","0","0","0",0,0,0,"0",0,0,0,0,0,0,0,0,0,0,0,0,0,0,"0",1,0,0,0,0,0,0,0,0,0,0,0,0,0,0,0,"1",0,0,0,"0",0,0,0,0,"0",0,0,0,0,0,0,0,0,0,0,0,0,0,0,0,"0","0","0","0","0","0","0","0","0","0","0","0","0","0","0","0","0","0","0","0","0","0","0","0","0","0","0","0","1","1","0","0","0","0","0","0","0","0","0","0","0","0","0","0","0","0","0","0","0","0","0","0","0","0","1","0","0","0","0","0","0","0","0","0","0","0","0","0","0","0","0","0","0","0","0","0","0","0","0","0","0","0","0","0","0","0","0","0","0","0","0","0","1","201908","202204","2062"
"9888802","530010","71020627","34438872000158","3","1","00000000000000","","","","0070","","0","E","","","04","","01","36","04","","99","","","","","","","","DFP1900109245","20190815","1","","","","","","0","0","1","0","0","0","1","0","0","0","0","0","0","0",0,0,0,"0",0,0,0,0,0,0,0,0,0,0,0,0,0,0,"0",0,1,0,0,0,0,0,0,0,0,0,0,0,0,0,0,"1",0,0,0,"0",0,0,0,0,"0",0,0,0,0,0,0,0,0,0,0,0,0,0,0,0,"0","0","1","0","0","0","0","0","0","0","0","0","0","0","0","0","0","0","0","0","0","0","0","0","1","0","0","0","1","1","0","0","0","0","0","0","0","0","0","0","0","0","0","0","0","0","0","0","0","0","0","1","0","0","0","0","0","0","0","0","0","0","0","0","0","0","0","0","0","0","0","0","0","0","0","0","0","0","0","0","0","0","0","0","0","0","0","0","0","0","0","0","1","201908","202204","2062"
"9889930","530010","70390700","19498921000154","3","1","00000000000000","","","","0015","","0","E","","","04","","01","36","03","","99","","","","","","","","ES-05010-01","20180820","1","","","","","","0","0","1","0","0","0","1","0","0","0","0","0","0","0",0,0,0,"0",0,0,0,0,0,0,0,0,0,0,0,0,0,0,"0",0,1,0,0,0,0,0,0,0,0,0,0,0,0,0,0,"1",0,0,0,"0",0,0,0,0,"0",0,0,0,0,0,0,0,0,0,0,0,0,0,0,0,"0","0","1","0","0","0","0","0","0","0","0","0","0","0","0","0","0","0","0","0","0","0","0","0","1","0","0","0","1","1","0","0","0","0","0","0","0","0","0","0","0","0","0","0","0","0","0","0","0","0","0","1","0","0","0","1","0","0","0","0","0","0","0","0","0","0","0","0","0","0","0","0","0","0","0","0","0","0","0","0","0","0","0","0","0","0","0","0","0","0","0","0","1","201908","202204","2062"
"9890076","530010","72145450","34541498000111","3","1","00000000000000","","","","","","0","E","","","04","","03","22","04","","99","","","","","","","","53202253051","20190815","1","","","","","","0","0","1","0","0","0","1","0","0","0","0","0","0","0",0,0,0,"0",0,0,0,0,0,0,0,0,0,0,0,0,0,0,"0",0,0,0,3,0,0,0,0,0,0,0,0,0,0,0,0,"1",0,0,0,"0",0,0,0,0,"0",0,0,0,0,0,0,0,0,0,0,0,0,0,0,0,"0","0","0","0","0","0","0","0","0","0","0","0","0","0","0","0","0","0","0","0","0","0","0","0","0","0","0","0","1","1","0","0","0","0","0","0","0","0","0","0","0","0","0","0","0","0","0","0","0","0","0","1","0","0","1","1","1","0","0","0","0","0","0","0","0","0","0","0","0","0","0","0","0","0","0","0","0","0","0","0","0","0","0","0","0","0","0","0","0","0","0","0","1","202008","202204","2062"
"9890939","530010","73330023","31995466000106","3","1","00000000000000","","","","","","0","E","","","04","","01","36","03","","99","","","","","","","","","","","","","","","","0","0","1","0","0","0","1","0","0","0","0","0","0","0",0,0,0,"0",0,0,0,0,0,0,0,0,0,0,0,0,0,0,"0",0,0,0,0,0,0,0,0,3,0,0,0,0,0,0,1,"1",0,0,0,"0",0,0,0,0,"0",0,0,0,0,0,0,0,0,0,0,0,0,0,0,0,"0","0","1","0","0","0","0","0","1","0","0","0","0","0","0","0","0","0","0","0","0","0","0","0","1","1","0","0","1","1","0","0","0","0","0","0","0","0","0","0","0","0","0","0","0","0","0","0","0","0","0","1","0","0","0","0","0","0","0","0","0","0","0","0","0","0","0","0","0","0","0","0","0","0","0","0","0","0","0","0","0","0","0","0","0","0","0","0","0","0","0","0","1","201908","202204","2062"
"9891021","530010","70710146","34405954000104","3","1","00000000000000","","","","","","0","E","","","04","","03","36","04","","99","","","","","","","","CERTIFICADO LICENCIAMENTO","20190812","1","","","","","","0","0","1","0","0","0","1","0","0","0","0","0","0","0",0,0,0,"0",0,0,0,0,0,0,0,0,0,0,0,0,0,0,"0",0,0,0,2,0,0,0,0,0,0,0,0,0,0,0,0,"1",0,0,0,"0",0,0,0,0,"0",0,0,0,0,0,0,0,0,0,0,0,0,0,0,0,"0","0","0","0","0","0","0","0","0","0","0","0","0","0","0","0","0","0","0","0","0","0","0","0","0","0","0","0","1","1","0","0","0","0","0","0","0","0","0","0","0","0","0","0","0","0","0","0","0","0","0","1","0","0","1","1","0","0","0","0","0","0","0","0","0","0","0","0","0","0","0","0","0","0","0","0","0","0","0","0","0","0","0","0","0","0","0","0","0","0","0","0","1","201908","202204","2062"
"9891730","530010","72210055","33148055000100","3","1","00000000000000","","","","","","0","E","","","04","","01","22","03","","99","","","","","","","","LICENCA DE FUNCIONAMENTO","20190809","1","","","","","","0","0","1","0","0","0","1","0","0","0","0","0","0","0",0,0,0,"0",0,0,0,0,0,0,0,0,0,0,0,0,0,0,"0",0,0,0,0,0,0,0,0,1,0,0,0,0,0,0,0,"1",0,0,0,"0",0,0,0,0,"0",0,0,0,0,0,0,0,0,0,0,0,0,0,0,0,"0","0","1","0","0","0","0","0","1","0","0","0","0","0","0","0","0","0","0","0","0","0","0","0","1","0","0","0","1","1","0","0","0","0","0","0","0","0","0","0","0","0","0","0","0","0","0","0","0","0","0","1","0","0","0","0","0","0","0","0","0","0","0","0","0","0","0","0","0","0","0","0","0","0","0","0","0","0","0","0","0","0","0","0","0","0","0","0","0","0","0","0","1","201908","202204","2135"
"9891943","530010","70610600","00000000000000","3","3","00394700000108","","09","","0010","","1","E","","","04","","03","42","06","","99","","","","","","","","","","","","","","","","0","0","1","0","0","0","1","0","0","0","0","0","0","0",0,0,0,"0",0,0,0,0,0,0,0,0,0,0,0,0,0,0,"0",0,0,0,0,0,0,0,0,0,0,0,0,0,0,0,0,"0",0,0,0,"0",0,0,0,0,"0",0,0,0,0,0,0,0,0,0,0,0,0,0,0,0,"0","0","0","0","0","0","0","0","0","0","0","0","0","0","0","0","0","0","0","0","0","0","0","0","0","1","0","0","1","1","0","0","0","0","0","0","0","0","0","0","0","0","0","0","0","0","0","0","0","0","0","0","0","0","0","0","0","0","0","0","0","0","0","0","1","0","0","0","0","0","0","0","0","0","0","0","0","0","0","0","0","0","0","0","0","1","0","0","0","0","0","0","1","202204","202204","1023"
"9892508","530010","70390108","33823700000135","3","1","00000000000000","","","","0015","","0","E","","","04","","03","36","03","","99","","","","","","","","","","1","","","","","","0","0","1","0","0","0","1","0","0","0","0","0","0","0",0,0,0,"0",0,0,0,0,0,0,0,0,0,0,0,0,0,0,"0",0,0,0,3,0,0,0,0,0,0,0,0,0,0,0,0,"1",0,0,0,"0",0,0,0,0,"0",0,0,0,0,0,0,0,0,0,0,0,0,0,0,0,"0","0","1","0","0","0","0","0","0","0","0","0","0","0","0","0","0","0","0","0","0","0","0","0","1","0","0","0","1","1","0","0","0","0","0","0","0","0","0","0","0","0","0","0","0","0","0","0","0","0","0","1","0","0","1","1","0","0","0","0","0","0","0","0","0","0","0","0","0","0","0","0","0","0","0","0","0","0","0","0","0","0","0","0","0","0","0","0","0","0","0","0","1","202011","202204","2062"
"9892729","530010","71916500","34379189000197","3","1","00000000000000","","","","9901","","0","E","","","04","","01","22","04","","99","","","","","","","","53101428964","20190821","1","","","","","","0","0","1","0","0","0","1","0","0","0","0","0","0","0",0,0,0,"0",0,0,0,0,0,0,0,0,0,0,0,0,0,0,"0",0,0,0,1,0,0,0,0,0,0,0,0,0,0,0,0,"1",0,0,0,"0",0,0,0,0,"0",0,0,0,0,0,0,0,0,0,0,0,0,0,0,0,"0","0","0","0","0","0","0","0","0","0","0","0","0","0","0","0","0","0","0","0","0","0","0","0","0","0","0","0","1","1","0","0","0","0","0","0","0","0","0","0","0","0","0","0","0","0","0","0","0","0","0","1","0","0","0","0","0","0","0","0","0","0","0","0","0","0","0","0","0","0","0","0","0","0","0","0","0","0","0","0","0","0","0","0","0","0","0","0","0","0","0","0","1","201908","202204","2135"
"9892737","530010","70673612","13224260000192","3","1","00000000000000","","","","0050","","0","E","","","04","","03","36","04","","99","001","33804","366897","","","","","","","","","","","","","0","0","1","0","0","0","1","0","0","0","0","0","0","0",0,0,0,"0",0,0,0,0,0,0,0,0,0,0,0,0,0,0,"0",0,0,0,0,0,0,0,0,3,0,0,0,0,0,0,0,"1",0,0,0,"0",0,0,0,0,"0",0,0,0,0,0,0,0,0,0,0,0,0,0,0,0,"0","0","0","0","0","0","0","0","1","0","0","0","0","0","0","0","0","0","0","0","0","0","0","0","1","1","0","0","1","1","0","0","0","0","0","0","0","0","0","0","0","0","0","0","0","0","0","0","0","0","0","0","0","0","0","1","0","0","0","0","0","0","0","0","0","0","0","0","0","0","0","0","0","0","0","0","0","0","0","0","0","0","0","0","0","0","0","0","0","0","0","0","1","201908","202204","2062"
"9894802","530010","71929540","24218482000119","3","1","00000000000000","","","","9901","","0","E","","","04","","01","04","04","","99","","","","","","","","RLE","20190724","1","","","","","","0","0","1","0","0","0","1","0","0","0","0","0","0","0",0,0,0,"0",0,0,0,0,0,0,0,0,0,0,0,0,0,0,"0",0,0,0,2,0,0,0,0,0,0,0,0,0,0,0,0,"1",0,0,0,"0",0,0,0,0,"0",0,0,0,0,0,0,0,0,0,0,0,0,0,0,0,"0","0","1","0","0","0","0","0","0","0","0","0","0","0","0","0","0","0","0","0","0","0","0","0","1","0","0","0","1","1","0","0","0","0","0","0","0","0","0","0","0","0","0","0","0","0","0","0","0","0","0","1","0","0","0","1","0","0","0","0","0","0","0","0","0","0","0","0","0","0","0","0","0","0","0","0","0","0","0","0","0","0","0","0","0","0","0","0","0","0","0","0","1","201908","202204","2062"
"9895159","530010","99999999","09331272000220","3","1","00000000000000","","","","","","0","E","","","04","","03","39","03","","99","","","","","","","","","","","","","","","","0","0","1","0","0","0","1","0","0","0","0","0","0","0",0,0,0,"0",0,0,0,0,0,0,0,0,0,0,0,0,0,0,"0",0,0,0,0,0,0,0,0,0,0,0,0,0,0,0,0,"0",0,0,0,"0",0,0,0,0,"0",0,0,0,0,0,0,0,0,0,0,0,0,0,0,0,"0","0","0","0","0","0","0","0","0","0","0","0","0","0","0","0","0","0","0","0","0","0","0","0","0","1","1","0","1","1","0","0","0","0","0","0","0","0","0","0","0","0","0","0","0","0","0","0","0","0","0","1","0","0","0","1","0","0","1","0","0","0","1","0","0","0","0","0","0","0","0","0","0","0","0","0","0","0","0","0","0","0","0","0","0","0","0","0","0","0","0","0","1","202108","202204","2062"
"9895183","530010","70702000","16064313000658","3","1","00000000000000","","","","","","0","E","","","04","","03","77","04","","99","","","","","","","","EAS 0017102","20190722","1","","","","","","0","0","1","0","0","0","1","0","0","0","0","0","0","0",0,0,0,"0",0,0,0,0,0,0,0,0,0,0,0,0,0,0,"0",0,0,0,0,0,0,0,0,0,0,0,0,0,0,0,0,"0",0,0,0,"0",0,0,0,0,"0",0,0,0,0,0,0,0,0,0,0,0,0,0,0,0,"0","0","1","0","1","0","0","0","0","1","0","1","0","0","0","0","0","0","1","1","1","0","0","0","1","1","0","0","1","1","0","0","0","0","0","0","0","0","0","0","0","0","0","0","0","0","0","0","0","0","0","1","0","0","0","1","0","0","0","0","0","0","0","0","0","0","0","0","0","0","0","0","0","0","0","0","0","0","0","0","0","0","0","0","0","0","0","0","0","0","0","0","1","201908","202204","2062"
"9895566","530010","72600100","27252098000120","3","1","00000000000000","","","","","","0","E","","","04","","01","22","03","","99","","","","","","","","","","1","","","","","","0","0","1","0","0","0","1","0","0","0","0","0","0","0",0,0,0,"0",0,0,0,0,0,0,0,0,0,0,0,0,0,0,"0",0,0,0,0,0,0,0,0,1,0,0,0,0,0,0,0,"1",0,0,0,"0",0,0,0,0,"0",0,0,0,0,0,0,0,0,0,0,0,0,0,0,0,"0","0","0","0","0","0","0","0","0","0","0","0","0","0","0","0","0","0","0","0","0","0","0","0","0","1","0","0","1","1","0","0","0","0","0","0","0","0","0","0","0","0","0","0","0","0","0","0","0","0","0","1","0","0","0","0","0","0","0","0","0","0","0","0","0","0","0","0","0","0","0","0","0","0","0","0","0","0","0","0","0","0","0","0","0","0","0","0","0","0","0","0","1","201908","202204","2062"
"9895663","530010","71625182","22528729000178","3","1","00000000000000","","","","","","0","E","","","04","","03","22","03","","99","","","","","","","","","","","","","","","","0","0","1","0","0","0","1","0","0","0","0","0","0","0",0,0,0,"0",0,0,0,0,0,0,0,0,0,0,0,0,0,0,"0",1,0,0,0,0,0,0,0,0,0,0,0,0,0,0,0,"1",0,0,0,"0",0,0,0,0,"0",0,0,0,0,0,0,0,0,0,0,0,0,0,0,0,"0","0","0","0","0","0","0","0","0","0","0","0","0","0","0","0","0","0","0","0","0","0","0","0","0","0","0","0","1","1","0","0","0","0","0","0","0","0","0","0","0","0","0","0","0","0","0","0","0","0","0","1","0","0","1","1","0","0","0","0","0","0","0","0","0","0","0","0","0","0","0","0","0","0","0","0","0","0","0","0","0","0","0","0","0","0","0","0","0","0","0","0","1","201908","202204","2062"
"9895752","530010","72610100","18046820000180","3","1","00000000000000","","","","0130","","0","E","","","04","","01","22","03","","99","","","","","","","","RLE","20190826","1","","","","","","0","0","1","0","0","0","1","0","0","0","0","0","0","0",0,0,0,"0",0,0,0,0,0,0,0,0,0,0,0,0,0,0,"0",1,0,0,0,0,0,0,0,0,0,0,0,0,0,0,0,"1",0,0,0,"0",0,0,0,0,"0",0,0,0,0,0,0,0,0,0,0,0,0,0,0,0,"0","0","0","0","0","0","0","0","0","0","0","0","0","0","0","0","0","0","0","0","0","0","0","0","0","0","0","0","1","1","0","0","0","0","0","0","0","0","0","0","0","0","0","0","0","0","0","0","0","0","0","1","0","0","0","0","0","0","0","0","0","0","0","0","0","0","0","0","0","0","0","0","0","0","0","0","0","0","0","0","0","0","0","0","0","0","0","0","0","0","0","0","1","201908","202204","2062"
"9896155","530010","71571710","17917353000153","3","1","00000000000000","","","","0110","","0","E","","","04","","01","22","03","","99","","","","","","","","RLN","20190823","1","","","","","","0","0","1","0","0","0","1","0","0","0","0","0","0","0",0,0,0,"0",0,0,0,0,0,0,0,0,0,0,0,0,0,0,"0",0,0,0,1,0,0,0,0,0,0,0,0,0,0,0,0,"1",0,0,0,"0",0,0,0,0,"0",0,0,0,0,0,0,0,0,0,0,0,0,0,0,0,"0","0","0","0","0","0","0","0","0","0","0","0","0","0","0","0","0","0","0","0","0","0","0","0","0","0","0","0","1","1","0","0","0","0","0","0","0","0","0","0","0","0","0","0","0","0","0","0","0","0","0","1","0","0","0","0","0","0","0","0","0","0","0","0","0","0","0","0","0","0","0","0","0","0","0","0","0","0","0","0","0","0","0","0","0","0","0","0","0","0","0","0","1","201908","202204","2062"
"9896198","530010","72006180","34469939000111","3","1","00000000000000","","","","","","0","E","","","04","","03","22","03","","99","","","","","","","","0D0.00198-15","20200716","1","","","","","","0","0","1","0","0","0","1","0","0","0","0","0","0","0",0,0,0,"0",0,0,0,0,0,0,0,0,0,0,0,0,0,0,"0",0,0,0,0,0,0,0,0,1,0,0,0,0,0,0,0,"1",0,0,0,"0",0,0,0,0,"0",0,0,0,0,0,0,0,0,0,0,0,0,0,0,0,"0","0","1","0","0","0","0","0","0","0","0","0","0","0","0","0","0","0","0","1","0","0","0","0","1","0","0","0","1","1","0","0","0","0","0","0","0","0","0","0","0","0","0","0","0","0","0","0","0","0","0","1","0","0","0","1","0","0","0","0","0","0","0","0","0","0","0","0","0","0","0","0","0","0","0","0","0","0","0","0","0","0","0","0","0","0","0","0","0","0","0","0","1","202010","202204","2305"
"9896643","530010","71953000","00417089000277","3","1","00000000000000","","","","9901","","0","E","","","04","","03","62","03","","99","","","","","","","","EAS.00013-14","20210505","1","","","","","","1","0","1","0","0","0","1","0","0","0","0","1","0","1",0,0,0,"0",0,0,0,0,0,0,0,0,0,0,0,0,0,2,"1",0,2,0,0,0,0,0,0,0,0,0,0,0,0,0,0,"1",0,6,0,"1",0,0,0,0,"0",0,0,0,0,0,0,0,0,0,0,6,0,0,0,0,"0","1","1","0","0","0","1","0","1","0","0","0","0","0","0","0","1","0","0","1","0","1","0","0","1","1","1","0","1","1","0","0","0","0","0","0","0","0","0","0","0","0","0","0","0","0","0","0","0","0","0","1","0","0","1","1","0","0","0","0","0","0","0","0","0","1","0","0","1","1","0","0","0","0","0","0","0","0","0","0","0","0","0","0","0","0","0","0","0","0","0","0","1","202105","202204","2062"
"9896791","530010","71953000","37992740000242","3","1","00000000000000","","","","","","0","E","","","04","","03","36","03","","99","001","34789","2005247","","","","","EAS0018614","20190116","1","","","","","","0","0","1","0","0","0","1","0","0","0","0","0","0","0",0,0,0,"0",0,0,0,0,0,0,0,0,0,0,0,0,0,0,"0",0,6,0,0,0,0,0,0,0,0,0,0,0,0,0,0,"1",0,0,0,"0",0,0,0,0,"0",0,0,0,0,0,0,0,0,0,0,0,0,0,0,0,"0","0","1","0","0","0","0","0","0","0","0","0","0","0","0","0","0","0","0","0","0","0","0","0","1","0","0","0","1","1","0","0","0","0","0","0","0","0","0","0","0","0","0","0","0","0","0","0","0","0","0","1","0","0","1","1","0","0","0","0","0","0","0","0","0","0","0","0","0","0","0","0","0","0","0","0","0","0","0","0","0","0","0","0","0","0","0","0","0","0","0","0","1","201908","202204","2062"
"9896872","530010","72318592","21104342000121","3","1","00000000000000","","","","","","0","E","","","04","","03","22","04","","99","","","","","","","","0004018","20190807","1","","","","","","0","0","1","0","0","0","1","0","0","0","0","0","0","0",0,0,0,"0",0,0,0,0,0,0,0,0,0,0,0,0,0,0,"0",1,0,0,0,0,0,0,0,0,0,0,0,0,0,0,0,"1",0,0,0,"0",0,0,0,0,"0",0,0,0,0,0,0,0,0,0,0,0,0,0,0,0,"0","0","0","0","0","0","0","0","0","0","0","0","0","0","0","0","0","0","0","0","0","0","0","0","0","0","0","0","1","1","0","0","0","0","0","0","0","0","0","0","0","0","0","0","0","0","0","0","0","0","0","1","0","0","0","1","0","0","0","0","0","0","0","0","0","0","0","0","0","0","0","0","0","0","0","0","0","0","0","0","0","0","0","0","0","0","0","0","0","0","0","0","1","201909","202204","2062"
"9897836","530010","70340901","32651980000189","3","1","00000000000000","","","","0015","","0","E","","","04","","03","04","03","","99","","","","","","","","53202215443","20190717","1","","","","","","0","0","1","0","0","0","1","0","0","0","0","0","0","0",0,0,0,"0",0,0,0,0,0,0,0,0,0,0,0,0,0,0,"0",1,0,0,0,0,0,0,0,0,0,0,0,0,0,0,0,"1",0,0,0,"0",0,0,0,0,"0",0,0,0,0,0,0,0,0,0,0,0,0,0,0,0,"0","0","1","0","0","0","0","0","0","0","0","0","0","0","0","0","0","0","0","0","0","0","0","0","1","0","0","0","1","1","0","0","0","0","0","0","0","0","0","0","0","0","0","0","0","0","0","0","0","0","0","1","0","0","0","0","0","0","0","0","0","0","0","0","0","0","0","0","0","0","0","0","0","0","0","0","0","0","0","0","0","0","0","0","0","0","0","0","0","0","0","0","1","201909","202204","2062"
"9899421","530010","70200670","22851655000106","3","1","00000000000000","","","","0015","","0","E","","","04","","03","22","03","","99","","","","","","","","EAS.20489-01","20190607","1","","","","","","0","0","1","0","0","0","1","0","0","0","0","0","0","0",0,0,0,"0",0,0,0,0,0,0,0,0,0,0,0,0,0,0,"0",1,0,0,0,0,0,0,0,0,0,0,0,0,0,0,0,"1",0,0,0,"0",0,0,0,0,"0",0,0,0,0,0,0,0,0,0,0,0,0,0,0,0,"0","0","1","0","0","0","0","0","0","0","0","0","0","0","0","0","0","0","0","0","0","0","0","0","1","0","0","0","1","1","0","0","0","0","0","0","0","0","0","0","0","0","0","0","0","0","0","0","0","0","0","1","0","0","1","1","0","0","0","0","0","0","0","0","0","0","0","0","0","0","0","0","0","0","0","0","0","0","0","0","0","0","0","0","0","0","0","0","0","0","0","0","1","201908","202204","2305"
"9900713","530010","71503501","34633083000178","3","1","00000000000000","","","","0080","","0","E","","","04","","03","36","03","","99","","","","","","","","RLE DIGITAL","20190814","1","","","","","","0","0","1","0","0","0","1","0","0","0","0","0","0","0",0,0,0,"0",0,0,0,0,0,0,0,0,0,0,0,0,0,0,"0",1,0,0,0,0,0,0,0,0,0,0,0,0,0,0,0,"1",0,0,0,"0",0,0,0,0,"0",0,0,0,0,0,0,0,0,0,0,0,0,0,0,0,"0","0","0","0","0","0","0","0","0","0","0","0","0","0","0","0","0","0","0","0","0","0","0","0","0","0","0","0","1","1","0","0","0","0","0","0","0","0","0","0","0","0","0","0","0","0","0","0","0","0","0","1","0","0","0","0","0","0","0","0","0","0","0","0","0","0","0","0","0","0","0","0","0","0","0","0","0","0","0","0","0","0","0","0","0","0","0","0","0","0","0","0","1","201909","202204","2062"
"9902007","530010","70340907","31845995000115","3","1","00000000000000","","","","","","0","E","","","04","","03","22","04","","99","","","","","","","","DFP1900065962","20190731","1","","","","","","0","0","1","0","0","0","1","0","0","0","0","0","0","0",0,0,0,"0",0,0,0,0,0,0,0,0,0,0,0,0,0,0,"0",0,0,0,1,0,0,0,0,0,0,0,0,0,0,0,0,"1",0,0,0,"0",0,0,0,0,"0",0,0,0,0,0,0,0,0,0,0,0,0,0,0,0,"0","0","0","0","0","0","0","0","0","0","0","0","0","0","0","0","0","0","0","0","0","0","0","0","0","0","0","0","1","1","0","0","0","0","0","0","0","0","0","0","0","0","0","0","0","0","0","0","0","0","0","1","0","0","0","1","0","0","0","0","0","0","0","0","0","0","0","0","0","0","0","0","0","0","0","0","0","0","0","0","0","0","0","0","0","0","0","0","0","0","0","0","1","201909","202204","2062"
"9902589","530010","70710100","32259675000146","3","1","00000000000000","","","","","","0","E","","","04","","03","22","03","","99","","","","","","","","LS2055/2019","20190605","1","","","","","","0","0","1","0","0","0","1","0","0","0","0","0","0","0",0,0,0,"0",0,0,0,0,0,0,0,0,0,0,0,0,0,0,"0",0,1,0,0,0,0,0,0,0,0,0,0,0,0,0,0,"1",0,0,0,"0",0,0,0,0,"0",0,0,0,0,0,0,0,0,0,0,0,0,0,0,0,"0","0","1","0","0","0","0","0","0","0","0","0","0","0","0","0","0","0","0","1","0","0","0","0","1","0","0","0","1","1","0","0","0","0","0","0","0","0","0","0","0","0","0","0","0","0","0","0","0","0","0","1","0","0","1","1","0","0","0","0","0","0","0","0","0","0","0","0","0","0","0","0","0","0","0","0","0","0","0","0","0","0","0","0","0","0","0","0","0","0","0","0","1","201909","202204","2062"
"9904034","530010","70710100","33880126000157","3","1","00000000000000","","","","0005","","0","E","","","04","","01","22","03","","99","","","","","","","","","","","","","","","","0","0","1","0","0","0","1","0","0","0","0","0","0","0",0,0,0,"0",0,0,0,0,0,0,0,0,0,0,0,0,0,0,"0",0,0,0,0,0,0,0,0,1,0,0,0,0,0,0,0,"1",0,0,0,"0",0,0,0,0,"0",0,0,0,0,0,0,0,0,0,0,0,0,0,0,0,"0","0","0","0","0","0","0","0","1","0","0","0","0","0","0","0","0","0","0","0","0","0","0","0","1","0","0","0","1","1","0","0","0","0","0","0","0","0","0","0","0","0","0","0","0","0","0","0","0","0","0","1","0","0","0","0","0","0","0","0","0","0","0","0","0","0","0","0","0","0","0","0","0","0","0","0","0","0","0","0","0","0","0","0","0","0","0","0","0","0","0","0","1","201909","202204","2062"
"9905189","530010","70390145","33492897000177","3","1","00000000000000","","","","","","0","E","","","04","","03","04","03","","99","","","","","","","","53202232836 RLE DIGITAL","20190903","1","","","","","","0","0","1","0","0","0","1","0","0","0","0","0","0","0",0,0,0,"0",0,0,0,0,0,0,0,0,0,0,0,0,0,0,"0",0,2,0,0,0,0,0,0,0,0,0,0,0,0,0,0,"1",0,0,0,"0",0,0,0,0,"0",0,0,0,0,0,0,0,0,0,0,0,0,0,0,0,"0","0","1","0","0","0","0","0","0","0","0","0","0","0","0","0","0","0","0","0","0","0","0","0","1","1","0","0","1","1","0","0","0","0","0","0","0","0","0","0","0","0","0","0","0","0","0","0","0","0","0","1","0","0","1","1","0","0","0","0","0","0","0","0","0","0","0","0","0","0","0","0","0","0","0","0","0","0","0","0","0","0","0","0","0","0","0","0","0","0","0","0","1","201909","202204","2062"
"9906185","530010","71907720","34424832000157","3","1","00000000000000","","","","","","0","E","","","04","","","22","02","","99","","","","","","","","CERT DE LICENCIAMENTO","20190830","1","","","","","","0","0","1","0","0","0","1","0","0","0","0","0","0","0",0,0,0,"0",0,0,0,0,0,0,0,0,0,0,0,0,0,0,"0",1,0,0,0,0,0,0,0,0,0,0,0,0,0,0,0,"1",0,0,0,"0",0,0,0,0,"0",0,0,0,0,0,0,0,0,0,0,0,0,0,0,0,"0","0","0","0","0","0","0","0","0","0","0","0","0","0","0","0","0","0","0","0","0","0","0","0","0","0","0","0","1","1","0","0","0","0","0","0","0","0","0","0","0","0","0","0","0","0","0","0","0","0","0","1","0","0","0","1","0","0","0","0","0","0","0","0","0","0","0","0","0","0","0","0","0","0","0","0","0","0","0","0","0","0","0","0","0","0","0","0","0","0","0","0","1","201909","202204","2062"
"9906215","530010","70686635","34072415000192","3","1","00000000000000","","","","","","0","E","","","04","","01","22","02","","99","","","","","","","","","20190704","1","","","","","","0","0","1","0","0","0","1","0","0","0","0","0","0","0",0,0,0,"0",0,0,0,0,0,0,0,0,0,0,0,0,0,0,"0",0,1,0,0,0,0,0,0,0,0,0,0,0,0,0,0,"1",0,0,0,"0",0,0,0,0,"0",0,0,0,0,0,0,0,0,0,0,0,0,0,0,0,"0","0","0","0","0","0","0","0","0","0","0","0","0","0","0","0","0","0","0","0","0","0","0","0","0","0","1","0","1","1","0","0","0","0","0","0","0","0","0","0","0","0","0","0","0","0","0","0","0","0","0","1","0","0","0","0","0","0","0","0","0","0","0","0","0","0","0","0","0","0","0","0","0","0","0","0","0","0","0","0","0","0","0","0","0","0","0","0","0","0","0","0","1","201909","202204","2305"
"9906312","530010","71906750","02649953000100","3","1","00000000000000","","","","9901","","0","E","","","04","","03","04","03","","99","","","","","","","","EAS - 00061-22","20190905","1","","","","","","0","0","1","0","0","0","1","0","0","0","0","0","0","0",0,0,0,"0",0,0,0,0,0,0,0,0,0,0,0,0,0,0,"0",0,2,0,0,0,0,0,0,0,0,0,0,0,0,0,0,"1",0,0,0,"0",0,0,0,0,"0",0,0,0,0,0,0,0,0,0,0,0,0,0,0,0,"0","0","1","0","0","0","0","0","0","0","0","0","0","0","0","0","0","0","0","0","0","0","0","0","1","0","0","0","1","1","0","0","0","0","0","0","0","0","0","0","0","0","0","0","0","0","0","0","0","0","0","1","0","0","0","1","0","0","0","0","0","0","0","0","0","0","0","0","0","0","0","0","0","0","0","0","0","0","0","0","0","0","0","0","0","0","0","0","0","0","0","0","1","201909","202204","2062"
"9906355","530010","73005080","00649756000913","3","1","00000000000000","","","DF","0170","","0","E","","","03","","03","22","03","","99","","","","","","","","EAS0001020","20210827","1","","","","","","0","0","1","0","0","0","1","0","0","0","0","0","0","0",0,0,0,"0",0,0,0,0,0,0,0,0,0,0,0,0,0,0,"1",0,1,0,0,0,0,0,0,0,0,0,0,0,0,0,0,"1",0,0,0,"0",0,0,0,0,"0",0,0,0,1,0,0,0,0,0,0,0,0,0,0,0,"0","0","1","0","0","0","0","0","0","0","0","0","0","0","0","0","0","0","1","0","0","0","0","0","1","1","0","0","1","1","0","0","0","0","0","0","0","0","0","0","0","0","0","0","0","0","0","0","0","0","0","1","0","0","0","1","0","0","0","0","0","0","0","0","0","0","0","0","0","0","0","0","0","0","0","0","0","0","0","0","0","0","0","0","0","0","0","0","0","0","0","0","1","202203","202204","2062"
"9906444","530010","70390055","34316024000176","3","1","00000000000000","","","","","","0","E","","","04","","03","22","04","","99","","","","","","","","LICENCIAMENTO","20190813","1","","","","","","0","0","1","0","0","0","1","0","0","0","0","0","0","0",0,0,0,"0",0,0,0,0,0,0,0,0,0,0,0,0,0,0,"0",0,0,0,1,0,0,0,0,0,0,0,0,0,0,0,0,"1",0,0,0,"0",0,0,0,0,"0",0,0,0,0,0,0,0,0,0,0,0,0,0,0,0,"0","0","0","0","0","0","0","0","0","0","0","0","0","0","0","0","0","0","0","0","0","0","0","0","0","0","0","0","1","1","0","0","0","0","0","0","0","0","0","0","0","0","0","0","0","0","0","0","0","0","0","1","0","0","1","1","0","0","0","0","0","0","0","0","0","0","0","0","0","0","0","0","0","0","0","0","0","0","0","0","0","0","0","0","0","0","0","0","0","0","0","0","1","201909","202204","2305"
"9906649","530010","71919540","33603230000102","3","1","00000000000000","","","","9901","","0","E","","","04","","01","36","03","","99","","","","","","","","RLE DIGITAL","20190808","1","","","","","","0","0","1","0","0","0","1","0","0","0","0","0","0","0",0,0,0,"0",0,0,0,0,0,0,0,0,0,0,0,0,0,0,"0",1,0,0,0,0,0,0,0,0,0,0,0,0,0,0,0,"1",0,0,0,"0",0,0,0,0,"0",0,0,0,0,0,0,0,0,0,0,0,0,0,0,0,"0","0","1","0","0","0","0","0","0","0","0","0","0","0","0","0","0","0","0","0","0","0","0","0","1","0","0","0","1","1","0","0","0","0","0","0","0","0","0","0","0","0","0","0","0","0","0","0","0","0","0","1","0","0","0","1","0","0","0","0","0","0","0","0","0","0","0","0","0","0","0","0","0","0","0","0","0","0","0","0","0","0","0","0","0","0","0","0","0","0","0","0","1","201909","202204","2062"
"9906657","530010","72115700","10339753000180","3","1","00000000000000","","","","0180","","0","E","","","04","","03","36","03","","99","","","","","","","","CERTIFICADO RLE","20200120","1","","","","","","0","0","1","0","0","0","1","0","0","0","0","0","0","0",0,0,0,"0",0,0,0,0,0,0,0,0,0,0,0,0,0,0,"0",0,9,0,0,0,0,0,0,0,0,0,0,0,0,0,0,"1",0,0,0,"0",0,0,0,0,"0",0,0,0,0,0,0,0,0,0,0,0,0,0,0,0,"0","0","0","1","0","0","0","0","0","0","0","0","0","0","0","0","0","0","0","0","0","0","0","0","1","0","0","0","1","1","0","0","0","0","0","0","0","0","0","0","0","0","0","0","0","0","0","0","0","0","0","1","0","0","0","1","0","0","0","0","0","0","0","0","0","0","0","0","0","0","0","0","0","0","0","0","0","0","0","0","0","0","0","0","0","0","0","0","0","0","0","0","1","202006","202204","2062"
"9907378","530010","70710100","34698196000151","3","1","00000000000000","","","","","","0","E","","","04","","03","36","03","","99","","","","","","","","(RLE) 53202257878","20211001","1","","","","","","0","0","1","0","0","0","1","0","0","0","0","0","0","0",0,0,0,"0",0,0,0,0,0,0,0,0,0,0,0,0,0,0,"0",4,5,0,2,0,0,0,0,0,0,2,1,0,0,0,0,"1",0,0,0,"0",0,0,0,0,"0",0,0,0,0,0,0,0,0,0,0,0,0,0,0,0,"0","0","1","0","0","0","0","0","0","0","0","0","0","0","0","0","0","0","0","1","0","0","0","0","1","1","0","0","1","1","0","0","0","0","0","0","0","0","0","0","0","0","0","0","0","0","0","0","0","0","0","1","0","0","0","1","0","0","0","0","0","0","0","0","0","0","0","0","0","0","0","0","0","0","0","0","0","0","0","0","0","0","0","0","0","0","0","0","0","0","0","0","1","202204","202204","2062"
"9907696","530010","71573000","00095654739387","1","1","00000000000000","","","","","","0","E","","","04","","01","22","03","","99","","","","","","","","","","","","","","","","0","0","1","0","0","0","1","0","0","0","0","0","0","0",0,0,0,"0",0,0,0,0,0,0,0,0,0,0,0,0,0,0,"0",0,0,0,0,0,0,0,0,1,0,0,0,0,0,0,0,"1",0,0,0,"0",0,0,0,0,"0",0,0,0,0,0,0,0,0,0,0,0,0,0,0,0,"0","0","0","0","0","0","0","0","0","0","0","0","0","0","0","0","0","0","0","0","0","0","0","0","0","0","0","0","1","1","0","0","0","0","0","0","0","0","0","0","0","0","0","0","0","0","0","0","0","0","0","1","0","0","1","1","0","0","0","0","0","0","0","0","0","0","0","0","0","0","0","0","0","0","0","0","0","0","0","0","0","0","0","0","0","0","0","0","0","0","0","0","1","201909","202204","4000"
"9908102","530010","70390100","30569782000145","3","1","00000000000000","","","","","","0","E","","","04","","02","36","03","","99","","","","","","","","EAS2069801","20190820","1","","","","","","0","0","1","0","0","0","1","0","0","0","0","0","0","0",0,0,0,"0",0,0,0,0,0,0,0,0,0,0,0,0,0,0,"0",0,1,0,0,0,0,0,0,0,0,0,0,0,0,0,0,"1",0,0,0,"0",0,0,0,0,"0",0,0,0,0,0,0,0,0,0,0,0,0,0,0,0,"0","0","1","0","0","0","0","0","0","0","0","0","0","0","0","0","0","0","0","0","0","0","0","0","1","1","0","0","1","1","0","0","0","0","0","0","0","0","0","0","0","0","0","0","0","0","0","0","0","0","0","1","0","0","0","0","0","0","0","0","0","0","0","0","0","0","0","0","0","0","0","0","0","0","0","0","0","0","0","0","0","0","0","0","0","0","0","0","0","0","0","0","1","201909","202204","2062"
"9908455","530010","71907720","29590827000184","3","1","00000000000000","","","","","","0","E","","","04","","03","22","03","","99","","","","","","","","ODO-00104-22/2020","20201201","1","","","","","","0","0","1","0","0","0","1","0","0","0","0","0","0","0",0,0,0,"0",0,0,0,0,0,0,0,0,0,0,0,0,0,0,"0",0,0,0,0,0,0,0,0,1,0,0,0,0,0,0,0,"1",0,0,0,"0",0,0,0,0,"0",0,0,0,0,0,0,0,0,0,0,0,0,0,0,0,"0","0","1","0","0","0","0","0","1","0","0","0","0","0","0","0","0","0","0","0","0","0","0","0","1","0","0","0","1","1","0","0","0","0","0","0","0","0","0","0","0","0","0","0","0","0","0","0","0","0","0","1","0","0","0","1","0","0","0","0","0","0","0","0","0","0","0","0","0","0","0","0","0","0","0","0","0","0","0","0","0","0","0","0","0","0","0","0","0","0","0","0","1","202111","202204","2062"
"9908498","530010","72015525","32880280000166","3","1","00000000000000","","","","0180","","0","E","","","04","","01","36","04","","99","","","","","","","","53600347129","20190903","1","","","","","","0","0","1","0","0","0","1","0","0","0","0","0","0","0",0,0,0,"0",0,0,0,0,0,0,0,0,0,0,0,0,0,0,"0",0,5,0,0,0,0,0,0,0,0,0,0,0,0,0,0,"1",0,0,0,"0",0,0,0,0,"0",0,0,0,0,0,0,0,0,0,0,0,0,0,0,0,"0","0","0","0","0","0","0","0","0","0","0","0","0","0","0","0","0","0","0","0","0","0","0","0","0","0","0","0","1","1","0","0","0","0","0","0","0","0","0","0","0","0","0","0","0","0","0","0","0","0","0","1","0","0","0","1","0","0","0","0","0","0","0","0","0","0","0","0","0","0","0","0","0","0","0","0","0","0","0","0","0","0","0","0","0","0","0","0","0","0","0","0","1","201909","202204","2305"
"9908943","530010","70390140","08397078002147","3","1","00000000000000","","","","0015","","0","E","","","04","","02","69","06","","99","","","","","","","","EAS.05030-01","20211027","1","","","","","","0","0","1","0","0","0","1","0","0","0","0","0","0","0",0,0,0,"0",0,0,0,0,0,0,0,0,0,0,0,0,0,0,"0",0,0,0,0,0,0,0,0,0,0,0,0,0,0,0,0,"0",0,0,0,"0",0,0,0,0,"0",0,0,0,0,0,0,0,0,0,0,0,0,0,0,0,"0","0","0","1","0","0","0","0","0","0","0","0","0","0","0","0","0","0","0","1","0","0","0","0","1","1","0","0","1","1","0","0","0","0","0","0","0","0","0","0","0","0","0","0","0","0","0","0","0","0","0","0","0","0","0","0","0","0","0","0","0","0","1","0","0","0","0","0","0","0","0","0","0","0","0","0","0","0","0","0","0","0","0","0","0","0","0","0","0","0","0","0","1","202201","202204","2054"
"9909338","530010","72145101","24942732001483","3","1","00000000000000","","","","0180","","0","E","","","04","","03","39","03","","99","","","","","","","","","","","","","","","","0","0","1","0","0","0","1","0","0","0","0","0","0","0",0,0,0,"0",0,0,0,0,0,0,0,0,0,0,0,0,0,0,"0",0,0,0,3,0,0,0,0,0,0,0,0,0,0,0,0,"1",0,0,0,"0",0,0,0,0,"0",0,0,0,0,0,0,0,0,0,0,0,0,0,0,0,"0","0","0","0","0","0","0","0","0","0","0","0","0","0","0","0","0","0","0","0","1","1","0","0","1","0","0","1","1","1","0","0","0","0","0","0","0","0","0","0","0","0","0","0","0","0","0","0","0","0","0","0","0","0","0","0","0","0","1","0","0","0","0","0","0","0","0","0","0","0","0","0","0","0","0","0","0","0","0","0","0","0","0","0","0","0","0","0","0","0","0","0","1","202001","202204","2062"
"9910573","530010","71919900","34015369000190","3","1","00000000000000","","","","9901","","0","E","","","04","","01","22","04","","99","","","","","","","","LICENCIAMENTO ANVISA-DF","20190704","1","","","","","","0","0","1","0","0","0","1","0","0","0","0","0","0","0",0,0,0,"0",0,0,0,0,0,0,0,0,0,0,0,0,0,0,"0",0,1,0,0,0,0,0,0,0,0,0,0,0,0,0,0,"1",0,0,0,"0",0,0,0,0,"0",0,0,0,0,0,0,0,0,0,0,0,0,0,0,0,"0","0","1","0","0","0","0","0","0","0","0","0","0","0","0","0","0","0","0","0","0","0","0","0","1","0","0","0","1","1","0","0","0","0","0","0","0","0","0","0","0","0","0","0","0","0","0","0","0","0","0","1","0","0","0","0","0","0","0","0","0","0","0","0","0","0","0","0","0","0","0","0","0","0","0","0","0","0","0","0","0","0","0","0","0","0","0","0","0","0","0","0","1","201909","202204","2062"
"9910662","530010","70610050","24931711000148","3","1","00000000000000","","","","","","0","E","","","04","","03","22","03","","99","","","","","","","","CERTIFICADO DE LICENCIAME","20190830","1","","","","","","0","0","1","0","0","0","1","0","0","0","0","0","0","0",0,0,0,"0",0,0,0,0,0,0,0,0,0,0,0,0,0,0,"0",1,0,0,1,0,0,0,0,0,0,0,0,0,0,0,0,"1",0,0,0,"0",0,0,0,0,"0",0,0,0,0,0,0,0,0,0,0,0,0,0,0,0,"0","0","0","0","0","0","0","0","0","0","0","0","0","0","0","0","0","0","0","0","0","0","0","0","0","1","0","0","1","1","0","0","0","0","0","0","0","0","0","0","0","0","0","0","0","0","0","0","0","0","0","1","0","0","0","0","0","0","0","0","0","0","0","0","0","0","0","0","0","0","0","0","0","0","0","0","0","0","0","0","0","0","0","0","0","0","0","0","0","0","0","0","1","201909","202204","2062"
"9911081","530010","70712903","16506657000165","3","1","00000000000000","","","","","","0","E","","","04","","03","85","03","","99","","","","","","","","EAS.00205-02","20211123","1","","","","","","0","0","1","0","0","0","1","0","0","0","0","0","0","0",0,0,0,"0",0,0,0,0,0,0,0,0,0,0,0,0,0,0,"0",2,0,0,0,0,0,0,0,0,0,0,1,0,0,0,0,"1",0,0,0,"0",0,0,0,0,"0",0,0,0,0,0,0,0,0,0,0,0,0,0,0,0,"0","0","1","0","0","0","0","0","0","0","0","0","0","0","0","0","0","0","0","0","0","0","0","0","1","1","0","0","1","1","0","0","0","0","0","0","0","0","0","0","0","0","0","0","0","0","0","0","0","0","0","1","0","0","0","1","0","0","0","0","0","0","0","0","0","0","0","0","0","0","0","0","0","0","0","0","0","0","0","0","0","0","0","0","0","0","0","0","0","0","0","0","1","202111","202204","2062"
"9911251","530010","70200760","00051260808149","1","1","00000000000000","","","","0010","","0","E","","","04","","02","22","03","","99","","","","","","","","","","","","","","","","0","0","1","0","0","0","1","0","0","0","0","0","0","0",0,0,0,"0",0,0,0,0,0,0,0,0,0,0,0,0,0,0,"0",0,1,0,0,0,0,0,0,0,0,0,0,0,0,0,0,"1",0,0,0,"0",0,0,0,0,"0",0,0,0,0,0,0,0,0,0,0,0,0,0,0,0,"0","0","0","0","0","0","0","0","0","0","0","0","0","0","0","0","0","0","0","0","0","0","0","0","0","0","0","0","1","1","0","0","0","0","0","0","0","0","0","0","0","0","0","0","0","0","0","0","0","0","0","0","0","0","0","1","0","0","0","0","0","0","0","0","0","0","0","0","0","0","0","0","0","0","0","0","0","0","0","0","0","0","0","0","0","0","0","0","0","0","0","0","1","201909","202204","4000"
"9911278","530010","73006050","34191679000165","3","1","00000000000000","","","","","","0","E","","","04","","03","04","03","","99","","","","","","","","EAS 0120109","20190830","1","","","","","","0","0","1","0","0","0","1","0","0","0","0","0","0","0",0,0,0,"0",0,0,0,0,0,0,0,0,0,0,0,0,0,0,"0",5,0,0,0,0,0,0,0,0,0,0,0,0,0,0,0,"1",0,0,0,"0",0,0,0,0,"0",0,0,0,0,0,0,0,0,0,0,0,0,0,0,0,"0","0","1","0","0","0","0","0","1","0","0","0","0","0","0","0","0","0","0","0","0","0","0","0","1","0","0","0","1","1","0","0","0","0","0","0","0","0","0","0","0","0","0","0","0","0","0","0","0","0","0","1","0","0","0","1","0","0","0","0","0","0","0","0","0","0","0","0","0","0","0","0","0","0","0","0","0","0","0","0","0","0","0","0","0","0","0","0","0","0","0","0","1","202004","202204","2062"
"9912444","530010","72215017","33415395000142","3","1","00000000000000","","","","0040","","0","E","","","04","","01","22","03","","99","","","","","","","","","20190422","1","","","","","","0","0","1","0","0","0","1","0","0","0","0","0","0","0",0,0,0,"0",0,0,0,0,0,0,0,0,0,0,0,0,0,0,"0",0,0,0,0,0,0,0,0,1,0,0,0,0,0,0,0,"1",0,0,0,"0",0,0,0,0,"0",0,0,0,0,0,0,0,0,0,0,0,0,0,0,0,"0","0","0","0","0","0","0","0","1","0","0","0","0","0","0","0","0","0","0","0","0","0","0","0","1","0","0","0","1","1","0","0","0","0","0","0","0","0","0","0","0","0","0","0","0","0","0","0","0","0","0","1","0","0","0","0","0","0","0","0","0","0","0","0","0","0","0","0","0","0","0","0","0","0","0","0","0","0","0","0","0","0","0","0","0","0","0","0","0","0","0","0","1","201909","202204","2305"
"9914234","530010","70200760","26308083000174","3","1","00000000000000","","","","0015","","0","E","","","04","","02","05","06","","99","","","","","","","","05029/2021","20211208","1","","","","","","0","0","1","0","0","0","1","0","0","1","0","0","0","1",13,0,0,"1",0,0,0,0,0,0,0,0,0,0,0,0,0,0,"0",0,2,0,0,0,0,0,0,0,0,0,0,0,0,0,0,"1",5,0,0,"1",0,0,0,0,"0",0,0,0,0,0,0,0,0,0,0,0,0,0,0,0,"0","1","1","0","0","0","1","0","1","0","1","0","0","0","0","0","0","1","0","0","0","1","0","0","1","1","1","0","1","1","0","0","0","0","0","0","0","0","0","0","0","0","0","0","0","0","0","0","1","0","0","0","0","0","0","1","0","0","0","0","0","0","1","0","0","0","0","0","0","0","0","0","0","0","0","0","0","0","0","0","0","0","0","0","0","0","0","0","0","0","0","0","1","202202","202204","2062"
"9914579","530010","72010010","34209812000163","3","1","00000000000000","","","","0180","","0","E","","","04","","01","77","05","","99","","","","","","","","RLE DIGITAL","20190731","1","","","","","","0","0","1","0","0","0","1","0","0","0","0","0","0","0",0,0,0,"0",0,0,0,0,0,0,0,0,0,0,0,0,0,0,"0",0,0,0,1,0,0,0,0,0,0,0,0,0,0,0,0,"1",0,0,0,"0",0,0,0,0,"0",0,0,0,0,0,0,0,0,0,0,0,0,0,0,0,"0","0","1","0","0","0","0","0","0","0","0","0","0","0","0","0","0","0","0","0","0","0","0","0","1","1","0","0","1","1","0","0","0","0","0","0","0","0","0","0","0","0","0","0","0","0","0","0","0","0","0","1","0","0","0","1","0","0","0","0","0","0","0","0","0","0","0","0","0","0","0","0","0","0","0","0","0","0","0","0","0","0","0","0","0","0","0","0","0","0","0","0","1","201909","202204","2062"
"9914609","530010","72161429","11108033000176","3","1","00000000000000","","","","0180","","0","E","","","04","","01","36","04","","99","","","","","","","","RLE DIGITAL","20190806","1","","","","","","0","0","1","0","0","0","1","0","0","0","0","0","0","0",0,0,0,"0",0,0,0,0,0,0,0,0,0,0,0,0,0,0,"0",0,0,0,0,0,0,0,0,2,0,0,0,0,0,0,0,"1",0,0,0,"0",0,0,0,0,"0",0,0,0,0,0,0,0,0,0,0,0,0,0,0,0,"0","0","1","0","0","0","0","0","0","0","0","0","0","0","0","0","0","0","0","0","0","0","0","0","1","1","0","0","1","1","0","0","0","0","0","0","0","0","0","0","0","0","0","0","0","0","0","0","0","0","0","1","0","0","0","1","0","0","0","0","0","0","0","0","0","0","0","0","0","0","0","0","0","0","0","0","0","0","0","0","0","0","0","0","0","0","0","0","0","0","0","0","1","201909","202204","2062"
"9914625","530010","71926000","34562126000171","3","1","00000000000000","","","","9901","","0","E","","","04","","01","04","03","","99","","","","","","","","RLE DIGITAL","20190829","1","","","","","","0","0","1","0","0","0","1","0","0","0","0","0","0","0",0,0,0,"0",0,0,0,0,0,0,0,0,0,0,0,0,0,0,"0",0,1,0,1,0,0,0,0,0,0,0,0,0,0,0,0,"1",0,0,0,"0",0,0,0,0,"0",0,0,0,0,0,0,0,0,0,0,0,0,0,0,0,"0","0","1","0","0","0","0","0","0","0","0","0","0","0","0","0","0","0","0","0","0","0","0","0","1","1","0","0","1","1","0","0","0","0","0","0","0","0","0","0","0","0","0","0","0","0","0","0","0","0","0","1","0","0","0","1","0","0","0","0","0","0","0","0","0","0","0","0","0","0","0","0","0","0","0","0","0","0","0","0","0","0","0","0","0","0","0","0","0","0","0","0","1","201909","202204","2062"
"9914633","530010","72430108","30952379000109","3","1","00000000000000","","","","0060","","0","E","","","04","","01","22","03","","99","","","","","","","","RLE DIGITAL","20190918","1","","","","","","0","0","1","0","0","0","1","0","0","0","0","0","0","0",0,0,0,"0",0,0,0,0,0,0,0,0,0,0,0,0,0,0,"0",0,0,0,0,0,0,0,0,1,0,0,0,0,0,0,0,"1",0,0,0,"0",0,0,0,0,"0",0,0,0,0,0,0,0,0,0,0,0,0,0,0,0,"0","0","1","0","0","0","0","0","0","0","0","0","0","0","0","0","0","0","0","0","0","0","0","0","1","1","0","0","0","1","0","0","0","0","0","0","0","0","0","0","0","0","0","0","0","0","0","0","0","0","0","1","0","0","0","1","0","0","0","0","0","0","0","0","0","0","0","0","0","0","0","0","0","0","0","0","0","0","0","0","0","0","0","0","0","0","0","0","0","0","0","0","1","201909","202204","2135"
"9914765","530010","70830300","26083769000104","3","1","00000000000000","","","","0005","","0","E","","","04","","01","22","03","","99","","","","","","","","EAS 00446-02","20190319","1","","","","","","0","0","1","0","0","0","1","0","0","0","0","0","0","0",0,0,0,"0",0,0,0,0,0,0,0,0,0,0,0,0,0,0,"0",0,1,0,0,0,0,0,0,0,0,0,0,0,0,0,0,"1",0,0,0,"0",0,0,0,0,"0",0,0,0,0,0,0,0,0,0,0,0,0,0,0,0,"0","0","1","0","0","0","0","0","0","0","0","0","0","0","0","0","0","0","0","0","0","0","0","0","1","0","0","0","1","1","0","0","0","0","0","0","0","0","0","0","0","0","0","0","0","0","0","0","0","0","0","1","0","0","0","0","0","0","0","0","0","0","0","0","0","0","0","0","0","0","0","0","0","0","0","0","0","0","0","0","0","0","0","0","0","0","0","0","0","0","0","0","1","201909","202204","2135"
"9914994","530010","71070400","28866256000103","3","1","00000000000000","","","","0070","","0","E","","","04","","01","22","03","","99","","","","","","","","CERT.LICENCIAMENTO","20180524","1","","","","","","0","0","1","0","0","0","1","0","0","0","0","0","0","0",0,0,0,"0",0,0,0,0,0,0,0,0,0,0,0,0,0,0,"0",0,0,0,0,0,0,0,0,1,0,0,0,0,0,0,0,"1",0,0,0,"0",0,0,0,0,"0",0,0,0,0,0,0,0,0,0,0,0,0,0,0,0,"0","0","1","0","0","0","0","0","0","0","0","0","0","0","0","0","0","0","0","0","0","0","0","0","1","1","0","0","1","1","0","0","0","0","0","0","0","0","0","0","0","0","0","0","0","0","0","0","0","0","0","1","0","0","0","0","0","0","0","0","0","0","0","0","0","0","0","0","0","0","0","0","0","0","0","0","0","0","0","0","0","0","0","0","0","0","0","0","0","0","0","0","1","202109","202204","2135"
"9915575","530010","70390095","17493232000121","3","1","00000000000000","","","","0015","","0","E","","","04","","01","22","03","","99","","","","","","","","","","","","","","","","0","0","1","0","0","0","1","0","0","0","0","0","0","0",0,0,0,"0",0,0,0,0,0,0,0,0,0,0,0,0,0,0,"0",0,1,0,0,0,0,0,0,0,0,0,0,0,0,0,0,"1",0,0,0,"0",0,0,0,0,"0",0,0,0,0,0,0,0,0,0,0,0,0,0,0,0,"0","0","0","0","0","0","0","0","0","0","0","0","0","0","0","0","0","0","0","0","0","0","0","0","0","0","0","0","1","1","0","0","0","0","0","0","0","0","0","0","0","0","0","0","0","0","0","0","0","0","0","1","0","0","0","0","0","0","0","0","0","0","0","0","0","0","0","0","0","0","0","0","0","0","0","0","0","0","0","0","0","0","0","0","0","0","0","0","0","0","0","0","1","201909","202204","2062"
"9915605","530010","70673416","05781115000184","3","1","00000000000000","","","","","","0","E","","","04","","01","04","03","","99","","","","","","","","EAS 00077-07","20191025","1","","","","","","0","0","1","0","0","0","1","0","0","0","0","0","0","0",0,0,0,"0",0,0,0,0,0,0,0,0,0,0,0,0,0,0,"0",1,1,0,1,0,0,0,0,0,0,0,0,0,0,0,0,"1",0,0,0,"0",0,0,0,0,"0",0,0,0,0,0,0,0,0,0,0,0,0,0,0,0,"0","0","0","1","0","0","0","0","0","0","0","0","0","0","0","0","0","0","0","0","0","0","0","0","1","1","0","0","1","1","0","0","0","0","0","0","0","0","0","0","0","0","0","0","0","0","0","0","0","0","0","1","0","0","0","1","0","0","0","0","0","0","0","0","0","0","0","0","0","0","0","0","0","0","0","0","0","0","0","0","0","0","0","0","0","0","0","0","0","0","0","0","1","202004","202204","2062"
"9916180","530010","72405474","37053147000230","3","1","00000000000000","","","","0060","0","0","E","","","04","","03","22","03","","99","","","","","","","","ODO 00088-20/2021","20210721","1","","","","","","0","0","1","0","0","0","1","0","0","0","0","0","0","0",0,0,0,"0",0,0,0,0,0,0,0,0,0,0,0,0,0,0,"0",0,0,0,0,0,0,0,0,7,0,0,0,0,0,0,0,"1",0,0,0,"0",0,0,0,0,"0",0,0,0,0,0,0,0,0,0,0,0,0,0,0,0,"0","0","1","0","0","0","0","0","1","0","0","0","0","0","0","0","0","1","0","1","0","0","0","0","1","1","1","0","1","1","0","0","0","0","0","0","0","0","0","0","0","0","0","0","0","0","0","0","0","0","0","1","0","0","0","1","0","0","0","0","0","0","0","0","0","0","0","0","0","0","0","0","0","0","0","0","0","0","0","0","0","0","0","0","0","0","0","0","0","0","0","0","1","202111","202204","2062"
"9916237","530010","70670512","11122403000120","3","1","00000000000000","","","","","","0","E","","","04","","01","22","03","","99","","","","","","","","EAS.00020-07","20200510","1","","","","","","0","0","1","0","0","0","1","0","0","0","0","0","0","0",0,0,0,"0",0,0,0,0,0,0,0,0,0,0,0,0,0,0,"0",1,0,0,0,0,0,0,0,0,0,0,0,0,0,0,0,"1",0,0,0,"0",0,0,0,0,"0",0,0,0,0,0,0,0,0,0,0,0,0,0,0,0,"0","0","1","0","0","0","0","0","0","0","0","0","0","0","0","0","0","0","0","1","0","0","0","0","1","1","0","0","1","1","0","0","0","0","0","0","0","0","0","0","0","0","0","0","0","0","0","0","0","0","0","1","0","0","0","0","0","0","0","0","0","0","0","0","0","0","0","0","0","0","0","0","0","0","0","0","0","0","0","0","0","0","0","0","0","0","0","0","0","0","0","0","1","202005","202204","2062"
"9916830","530010","70710149","31724432000179","3","1","00000000000000","","","","","","0","E","","","04","","01","36","04","","99","","","","","","","","EAS 0011","20190627","1","","","","","","0","0","1","0","0","0","1","0","0","0","0","0","0","0",0,0,0,"0",0,0,0,0,0,0,0,0,0,0,0,0,0,0,"0",0,1,0,0,0,0,0,0,0,0,0,0,0,0,0,0,"1",0,0,0,"0",0,0,0,0,"0",0,0,0,0,0,0,0,0,0,0,0,0,0,0,0,"0","0","0","0","0","0","0","0","0","0","0","0","0","0","0","0","0","0","0","0","0","0","0","0","0","1","0","0","1","1","0","0","0","0","0","0","0","0","0","0","0","0","0","0","0","0","0","0","0","0","0","1","0","0","0","1","0","0","0","0","0","0","0","0","0","0","0","0","0","0","0","0","0","0","0","0","0","0","0","0","0","0","0","0","0","0","0","0","0","0","0","0","1","201910","202204","2062"
"9916970","530010","71503511","34668278000153","3","1","00000000000000","","","","","","0","E","","","04","","03","36","04","","99","","","","","","","","","20190905","1","","","","","","0","0","1","0","0","0","1","0","0","0","0","0","0","0",0,0,0,"0",0,0,0,0,0,0,0,0,0,0,0,0,0,0,"0",0,1,0,0,0,0,0,0,0,0,0,0,0,0,0,0,"1",0,0,0,"0",0,0,0,0,"0",0,0,0,0,0,0,0,0,0,0,0,0,0,0,0,"0","0","0","0","0","0","0","0","0","0","0","0","0","0","0","0","0","0","0","0","0","0","0","0","0","0","0","0","1","1","0","0","0","0","0","0","0","0","0","0","0","0","0","0","0","0","0","0","0","0","0","0","0","0","0","1","0","0","0","0","0","0","0","0","0","0","0","0","0","0","0","0","0","0","0","0","0","0","0","0","0","0","0","0","0","0","0","0","0","0","0","0","1","201909","202204","2135"
"9917985","530010","70701000","12841848000980","3","1","00000000000000","","","","","","0","E","","","04","","01","39","03","","99","","","","","","","","00050-02","20190516","1","","","","","","0","0","1","0","0","0","1","0","0","0","0","0","0","0",0,0,0,"0",0,0,0,0,0,0,0,0,0,0,0,0,0,0,"0",0,0,0,0,0,0,0,0,0,0,0,0,0,0,0,0,"0",0,0,0,"0",0,0,0,0,"0",0,0,0,0,0,0,0,0,0,0,0,0,0,0,0,"0","0","1","0","0","0","0","0","0","0","0","0","0","0","0","0","0","0","0","0","0","0","0","0","1","1","0","0","1","1","0","0","0","0","0","0","0","0","0","0","0","0","0","0","0","0","0","0","0","0","0","1","0","0","0","0","0","0","0","0","0","0","0","0","0","0","0","0","0","0","0","0","0","0","0","0","0","0","0","0","0","0","0","0","0","0","0","0","0","0","0","0","1","201909","202204","2062"
"9918167","530010","72215044","34623284000194","3","1","00000000000000","","","","","","0","E","","","04","","03","36","03","","99","","","","","","","","RLE@DIGITAL","20190822","1","","","","","","0","0","1","0","0","0","1","0","0","0","0","0","0","0",0,0,0,"0",0,0,0,0,0,0,0,0,0,0,0,0,0,0,"0",1,0,0,0,0,0,0,0,0,0,0,0,0,0,0,0,"1",0,0,0,"0",0,0,0,0,"0",0,0,0,0,0,0,0,0,0,0,0,0,0,0,0,"0","0","1","0","0","0","0","0","0","0","0","0","0","0","0","0","0","0","0","0","0","0","0","0","1","0","0","0","1","1","0","0","0","0","0","0","0","0","0","0","0","0","0","0","0","0","0","0","0","0","0","1","0","0","0","1","0","0","0","0","0","0","0","0","0","0","0","0","0","0","0","0","0","0","0","0","0","0","0","0","0","0","0","0","0","0","0","0","0","0","0","0","1","201909","202204","2062"
"9918663","530010","71625009","27642781000174","3","1","00000000000000","","","","","","0","E","","","04","","03","85","03","","99","","","","","","","","RLE/2019","20190702","1","","","","","","0","0","1","0","0","0","1","0","0","0","0","0","0","0",0,0,0,"0",0,0,0,0,0,0,0,0,0,0,0,0,0,0,"0",0,0,0,0,0,0,0,0,0,0,0,1,0,0,0,0,"1",0,0,0,"0",0,0,0,0,"0",0,0,0,0,0,0,0,0,0,0,0,0,0,0,0,"0","0","0","0","0","0","0","0","1","0","0","0","0","0","0","0","0","0","0","0","0","0","0","0","1","1","0","0","1","1","0","0","0","0","0","0","0","0","0","0","0","0","0","0","0","0","0","0","0","0","0","0","0","0","0","0","0","0","1","0","0","0","1","0","0","0","0","0","0","0","0","0","0","0","0","0","0","0","0","0","0","0","0","0","0","0","0","0","0","0","0","0","1","201909","202204","2062"
"9918728","530010","71625009","11106067000121","3","1","00000000000000","","","","","","0","E","","","03","","03","22","03","","99","","","","","","","","ODO 00356-03","20190913","1","","","","","","0","0","1","0","0","0","1","0","0","0","0","0","0","0",0,0,0,"0",0,0,0,0,0,0,0,0,0,0,0,0,0,0,"0",0,0,0,0,0,0,0,0,1,0,0,0,0,0,0,0,"1",0,0,0,"0",0,0,0,0,"0",0,0,0,0,0,0,0,0,0,0,0,0,0,0,0,"0","0","1","0","0","0","0","0","0","0","0","0","0","0","0","0","0","0","0","0","0","0","0","0","1","1","0","0","1","1","0","0","0","0","0","0","0","0","0","0","0","0","0","0","0","0","0","0","0","0","0","1","0","0","0","1","0","0","0","0","0","0","0","0","0","0","0","0","0","0","0","0","0","0","0","0","0","0","0","0","0","0","0","0","0","0","0","0","0","0","0","0","1","201909","202204","2305"
"9918795","530010","70390055","34367397000176","3","1","00000000000000","","","","","","0","E","","","04","","03","22","03","","99","","","","","","","","","","","","","","","","0","0","1","0","0","0","1","0","0","0","0","0","0","0",0,0,0,"0",0,0,0,0,0,0,0,0,0,0,0,0,0,0,"0",0,0,0,1,0,0,0,0,0,0,0,0,0,0,0,0,"1",0,0,0,"0",0,0,0,0,"0",0,0,0,0,0,0,0,0,0,0,0,0,0,0,0,"0","0","0","0","1","0","0","0","0","0","0","0","0","0","0","0","0","0","0","0","0","0","0","0","1","0","0","0","1","1","0","0","0","0","0","0","0","0","0","0","0","0","0","0","0","0","0","0","0","0","0","1","0","0","1","1","0","0","0","0","0","0","0","0","0","0","0","0","0","0","0","0","0","0","0","0","0","0","0","0","0","0","0","0","0","0","0","0","0","0","0","0","1","201909","202204","2135"
"9920463","530010","70390700","05492999000238","3","1","00000000000000","","","","0005","","0","E","","","04","","03","36","03","","99","","","","","","","","EAS 00419-02","20211117","1","","","","","","0","0","1","0","0","0","1","0","0","0","0","0","0","0",0,0,0,"0",0,0,0,0,0,0,0,0,0,0,0,0,0,0,"0",0,5,0,0,0,0,0,0,0,0,0,0,0,0,0,0,"1",0,0,0,"0",0,0,0,0,"0",0,0,0,0,0,0,0,0,0,0,0,0,0,0,0,"0","0","1","0","0","0","0","0","1","0","0","0","0","0","0","0","0","0","0","0","0","0","0","0","1","1","0","0","1","1","0","0","0","0","0","0","0","0","0","0","0","0","0","0","0","0","0","0","0","0","0","1","0","0","0","1","0","0","0","0","0","0","0","0","0","0","0","0","0","0","0","0","0","0","0","0","0","0","0","0","0","0","0","0","0","0","0","0","0","0","0","0","1","202201","202204","2062"
"9920900","530010","72140460","34583769000100","3","1","00000000000000","","","","","","0","E","","","04","","01","36","03","","99","","","","","","","","0001/2019","20190822","1","","","","","","0","0","1","0","0","0","1","0","0","0","0","0","0","0",0,0,0,"0",0,0,0,0,0,0,0,0,0,0,0,0,0,0,"0",0,0,0,1,0,0,0,0,0,0,0,0,0,0,0,0,"1",0,0,0,"0",0,0,0,0,"0",0,0,0,0,0,0,0,0,0,0,0,0,0,0,0,"0","0","1","0","0","0","0","0","0","0","0","0","0","0","0","0","0","0","0","0","0","0","0","0","1","0","0","0","1","1","0","0","0","0","0","0","0","0","0","0","0","0","0","0","0","0","0","0","0","0","0","1","0","0","0","0","0","0","0","0","0","0","0","0","0","0","0","0","0","0","0","0","0","0","0","0","0","0","0","0","0","0","0","0","0","0","0","0","0","0","0","0","1","201909","202204","2062"
"9921036","530010","72115580","05780368000133","3","1","00000000000000","","","","0180","","0","E","","","04","","03","22","03","","99","","","","","","","","LAS 00054-09","20190506","1","","","","","","0","0","1","0","0","0","1","0","0","0","0","0","0","0",0,0,0,"0",0,0,0,0,0,0,0,0,0,0,0,0,0,0,"0",1,0,0,0,0,0,0,0,0,0,0,0,0,0,0,0,"1",0,0,0,"0",0,0,0,0,"0",0,0,0,0,0,0,0,0,0,0,0,0,0,0,0,"0","0","1","0","0","0","0","0","0","0","0","0","0","0","0","0","0","0","0","0","0","0","0","0","1","1","0","0","1","1","0","0","0","0","0","0","0","0","0","0","0","0","0","0","0","0","0","0","0","0","0","1","0","0","1","1","0","0","0","0","0","0","0","0","0","0","0","0","0","0","0","0","0","0","0","0","0","0","0","0","0","0","0","0","0","0","0","0","0","0","0","0","1","201909","202204","2062"
"9921079","530010","71215300","33283109000132","3","1","00000000000000","","","","","","0","E","","","04","","03","22","03","","99","","","","","","","","1","20190408","1","","","","","","0","0","1","0","0","0","1","0","0","0","0","0","0","0",0,0,0,"0",0,0,0,0,0,0,0,0,0,0,0,0,0,0,"0",1,0,0,0,0,0,0,0,0,0,0,0,0,0,0,0,"1",0,0,0,"0",0,0,0,0,"0",0,0,0,0,0,0,0,0,0,0,0,0,0,0,0,"0","0","1","0","0","0","0","0","0","0","0","0","0","0","0","0","0","0","0","0","0","0","0","0","1","0","0","0","1","1","0","0","0","0","0","0","0","0","0","0","0","0","0","0","0","0","0","0","0","0","0","1","0","0","1","1","0","0","0","0","0","0","0","0","0","0","0","0","0","0","0","0","0","0","0","0","0","0","0","0","0","0","0","0","0","0","0","0","0","0","0","0","1","201909","202204","2135"
"9921176","530010","70710149","32850606000102","3","1","00000000000000","","","","","","0","E","","","04","","03","22","04","","99","","","","","","","","00326-02","20190730","1","","","","","","0","0","1","0","0","0","1","0","0","0","0","0","0","0",0,0,0,"0",0,0,0,0,0,0,0,0,0,0,0,0,0,0,"0",0,0,0,0,0,0,0,0,1,0,0,0,0,0,0,0,"1",0,0,0,"0",0,0,0,0,"0",0,0,0,0,0,0,0,0,0,0,0,0,0,0,0,"0","0","0","0","0","0","0","0","0","0","0","0","0","0","0","0","0","0","0","0","0","0","0","0","0","1","0","0","1","1","0","0","0","0","0","0","0","0","0","0","0","0","0","0","0","0","0","0","0","0","0","1","0","0","0","1","0","0","0","0","0","0","0","0","0","0","0","0","0","0","0","0","0","0","0","0","0","0","0","0","0","0","0","0","0","0","0","0","0","0","0","0","1","201909","202204","2062"
"9921702","530010","70200700","34424273000185","3","1","00000000000000","","","","0015","","0","E","","","04","","03","39","03","","99","","","","","","","","LAB Nº 00064-03","20200924","1","","","","","","0","0","1","0","0","0","1","0","0","0","0","0","0","0",0,0,0,"0",0,0,0,0,0,0,0,0,0,0,0,0,0,0,"0",0,0,0,0,0,0,0,0,0,0,0,0,0,0,0,0,"0",0,0,0,"0",0,0,0,0,"0",0,0,0,0,0,0,0,0,0,0,0,0,0,0,0,"0","0","1","0","0","0","0","0","0","0","0","0","0","0","0","0","0","0","0","0","0","0","0","0","1","1","0","0","1","1","0","0","0","0","0","0","0","0","0","0","0","0","0","0","0","0","0","0","0","0","0","1","0","0","1","1","0","0","0","0","0","0","0","0","0","0","0","0","0","0","0","0","0","0","0","0","0","0","0","0","0","0","0","0","0","0","0","0","0","0","0","0","1","202107","202204","2062"
"9921753","530010","71680117","33907458000188","3","1","00000000000000","","","","0010","","0","E","","","04","","03","39","03","","99","","","","","","","","LAB. Nº 0029-04","20200731","1","","","","","","0","0","1","0","0","0","1","0","0","0","0","0","0","0",0,0,0,"0",0,0,0,0,0,0,0,0,0,0,0,0,0,0,"0",0,0,0,0,0,0,0,0,0,0,0,0,0,0,0,0,"0",0,0,0,"0",0,0,0,0,"0",0,0,0,0,0,0,0,0,0,0,0,0,0,0,0,"0","0","1","0","0","0","0","0","0","0","0","0","0","0","0","0","0","0","0","0","0","0","0","0","1","1","0","0","1","1","0","0","0","0","0","0","0","0","0","0","0","0","0","0","0","0","0","0","0","0","0","1","0","0","1","1","0","0","0","0","0","0","0","0","0","0","0","0","0","0","0","0","0","0","0","0","0","0","0","0","0","0","0","0","0","0","0","0","0","0","0","0","1","202107","202204","2062"
"9922628","530010","72304523","04330537000170","3","1","00000000000000","","","","0140","","0","E","","","04","","03","04","03","","99","","","","","","","","EAS-9922628","20210408","1","","","","","","0","0","1","0","0","0","1","0","0","0","0","0","0","0",0,0,0,"0",0,0,0,0,0,0,0,0,0,0,0,0,0,0,"0",5,8,0,2,0,0,0,0,0,0,0,0,0,0,0,0,"1",0,0,0,"0",0,0,0,0,"0",0,0,0,0,0,0,0,0,0,0,0,0,0,0,0,"0","0","1","0","0","0","0","0","0","0","0","0","0","0","0","0","0","0","0","0","0","0","0","0","1","1","0","0","1","1","0","0","0","0","0","0","0","0","0","0","0","0","0","0","0","0","0","0","0","0","0","1","0","0","1","1","0","0","0","0","0","0","0","0","0","0","0","0","0","0","0","0","0","0","0","0","0","0","0","0","0","0","0","0","0","0","0","0","0","0","0","0","1","202105","202204","2062"
"9923934","530010","71950904","32101684000104","3","1","00000000000000","","","","","","0","E","","","04","","01","36","03","","99","","","","","","","","0001/2018","20181207","1","","","","","","0","0","1","0","0","0","1","0","0","0","0","0","0","0",0,0,0,"0",0,0,0,0,0,0,0,0,0,0,0,0,0,0,"0",0,0,0,1,0,0,0,0,0,0,0,0,0,0,0,0,"1",0,0,0,"0",0,0,0,0,"0",0,0,0,0,0,0,0,0,0,0,0,0,0,0,0,"0","0","1","0","0","0","0","0","0","0","0","0","0","0","0","0","0","0","0","0","0","0","0","0","1","0","0","0","1","1","0","0","0","0","0","0","0","0","0","0","0","0","0","0","0","0","0","0","0","0","0","0","0","0","0","0","1","0","0","0","0","0","0","0","0","0","0","0","0","0","0","0","0","0","0","0","0","0","0","0","0","0","0","0","0","0","0","0","0","0","0","0","1","201909","202204","2062"
"9923993","530010","72460240","21058876000169","3","1","00000000000000","","","","0060","","0","E","","","04","","03","22","03","","99","","","","","","","","DRF","20190829","1","","","","","","0","0","1","0","0","0","1","0","0","0","0","0","0","0",0,0,0,"0",0,0,0,0,0,0,0,0,0,0,0,0,0,0,"0",0,0,0,1,0,0,0,0,0,0,0,0,0,0,0,0,"1",0,0,0,"0",0,0,0,0,"0",0,0,0,0,0,0,0,0,0,0,0,0,0,0,0,"0","0","0","0","0","0","0","0","0","0","0","0","0","0","0","0","0","0","0","0","0","0","0","0","0","0","0","0","1","1","0","0","0","0","0","0","0","0","0","0","0","0","0","0","0","0","0","0","0","0","0","1","0","0","0","0","0","0","0","0","0","0","0","0","0","0","0","0","0","0","0","0","0","0","0","0","0","0","0","0","0","0","0","0","0","0","0","0","0","0","0","0","1","201909","202204","2062"
"9924124","530010","70340000","33010563000110","3","1","00000000000000","","","","","","0","E","","","04","","01","36","03","","99","","","","","","","","ODO 0181301","20210622","1","","","","","","0","0","1","0","0","0","1","0","0","0","0","0","0","0",0,0,0,"0",0,0,0,0,0,0,0,0,0,0,0,0,0,0,"0",0,0,0,0,0,0,0,0,2,0,0,0,0,0,0,0,"1",0,0,0,"0",0,0,0,0,"0",0,0,0,0,0,0,0,0,0,0,0,0,0,0,0,"0","0","1","0","0","0","0","0","0","0","0","0","0","0","0","0","0","0","0","0","0","0","0","0","1","1","0","0","1","1","0","0","0","0","0","0","0","0","0","0","0","0","0","0","0","0","0","0","0","0","0","0","0","0","0","1","0","0","0","0","0","0","0","0","0","0","0","0","0","0","0","0","0","0","0","0","0","0","0","0","0","0","0","0","0","0","0","0","0","0","0","0","1","202107","202204","2062"
"9924191","530010","70770911","32417342000106","3","1","00000000000000","","","","0005","","0","E","","","04","","02","04","03","","99","","","","","","","","EAS056202","20210324","1","","","","","","0","0","1","0","0","0","1","0","0","0","0","0","0","0",0,0,0,"0",0,0,0,0,0,0,0,0,0,0,0,0,0,0,"0",0,1,0,0,0,0,0,0,0,0,0,0,0,0,0,0,"1",0,0,0,"0",0,0,0,0,"0",0,0,0,0,0,0,0,0,0,0,0,0,0,0,0,"0","0","1","0","0","0","0","0","0","0","0","0","0","0","0","0","0","0","0","0","0","0","0","0","1","0","0","0","1","1","0","0","0","0","0","0","0","0","0","0","0","0","0","0","0","0","0","0","0","0","0","1","0","0","0","1","0","0","0","0","0","0","0","0","0","0","0","0","0","0","0","0","0","0","0","0","0","0","0","0","0","0","0","0","0","0","0","0","0","0","0","0","1","202106","202204","2062"
"9924523","530010","73330003","07852190000114","3","1","00000000000000","","","","0120","61","0","E","","","04","","02","04","03","","99","","","","","","","","EAS0508","20190507","1","","","","","","0","0","1","0","0","0","1","0","0","0","0","0","0","0",0,0,0,"0",0,0,0,0,0,0,0,0,0,0,0,0,0,0,"0",1,0,0,0,0,0,0,0,0,0,0,0,0,0,0,0,"1",0,0,0,"0",0,0,0,0,"0",0,0,0,0,0,0,0,0,0,0,0,0,0,0,0,"0","0","1","0","0","0","0","0","0","0","0","0","0","0","0","0","0","0","0","0","0","0","0","0","1","0","0","0","1","1","0","0","0","0","0","0","0","0","0","0","0","0","0","0","0","0","0","0","0","0","0","1","0","0","0","0","0","0","0","0","0","0","0","0","0","0","0","0","0","0","0","0","0","0","0","0","0","0","0","0","0","0","0","0","0","0","0","0","0","0","0","0","1","201909","202204","2305"
"9924531","530010","70390055","29894650000100","3","1","00000000000000","","","","0015","","0","E","","","04","","03","36","04","","99","","","","","","","","","20190614","1","","","","","","0","0","1","0","0","0","1","0","0","0","0","0","0","0",0,0,0,"0",0,0,0,0,0,0,0,0,0,0,0,0,0,0,"0",0,0,0,1,0,0,0,0,0,0,0,0,0,0,0,0,"1",0,0,0,"0",0,0,0,0,"0",0,0,0,0,0,0,0,0,0,0,0,0,0,0,0,"0","0","0","0","0","0","0","0","0","0","0","0","0","0","0","0","0","0","0","0","0","0","0","0","0","0","0","0","1","1","0","0","0","0","0","0","0","0","0","0","0","0","0","0","0","0","0","0","0","0","0","1","0","0","0","1","0","0","0","0","0","0","0","0","0","0","0","0","0","0","0","0","0","0","0","0","0","0","0","0","0","0","0","0","0","0","0","0","0","0","0","0","1","201910","202204","2305"
"9925953","530010","73310317","33099609000119","3","1","00000000000000","","","","0120","","0","E","","","04","","01","04","03","","99","","","","","","","","EAS 00320-08","20201015","1","","","","","","0","0","1","0","0","0","1","0","0","0","0","0","0","0",0,0,0,"0",0,0,0,0,0,0,0,0,0,0,0,0,0,0,"0",2,0,0,0,0,0,0,0,0,0,0,0,0,0,0,0,"1",0,0,0,"0",0,0,0,0,"0",0,0,0,0,0,0,0,0,0,0,0,0,0,0,0,"0","0","1","0","0","0","0","0","0","0","0","0","0","0","0","0","0","0","0","0","0","0","0","0","1","0","0","0","1","1","0","0","0","0","0","0","0","0","0","0","0","0","0","0","0","0","0","0","0","0","0","1","0","0","0","1","0","0","0","0","0","0","0","0","0","0","0","0","0","0","0","0","0","0","0","0","0","0","0","0","0","0","0","0","0","0","0","0","0","0","0","0","1","202106","202204","2062"
"9926747","530010","70830018","32926046000122","3","1","00000000000000","","","","","","0","E","","","04","","01","22","03","","99","","","","","","","","ODO 00025-02","20190923","1","","","","","","0","0","1","0","0","0","1","0","0","0","0","0","0","0",0,0,0,"0",0,0,0,0,0,0,0,0,0,0,0,0,0,0,"0",0,0,0,0,0,0,0,0,1,0,0,0,0,0,0,0,"1",0,0,0,"0",0,0,0,0,"0",0,0,0,0,0,0,0,0,0,0,0,0,0,0,0,"0","0","0","0","0","0","0","0","0","0","0","0","0","0","0","0","0","0","0","0","0","0","0","0","0","0","0","0","1","1","0","0","0","0","0","0","0","0","0","0","0","0","0","0","0","0","0","0","0","0","0","0","0","0","0","1","0","0","0","0","0","0","0","0","0","0","0","0","0","0","0","0","0","0","0","0","0","0","0","0","0","0","0","0","0","0","0","0","0","0","0","0","1","201910","202204","2062"
"9927204","530010","71925000","11683479000124","3","1","00000000000000","","","","","","0","E","","","04","","01","22","03","","99","","","","","","","","","20180508","1","","","","","","0","0","1","0","0","0","1","0","0","0","0","0","0","0",0,0,0,"0",0,0,0,0,0,0,0,0,0,0,0,0,0,0,"0",0,0,0,1,0,0,0,0,0,0,0,0,0,0,0,0,"1",0,0,0,"0",0,0,0,0,"0",0,0,0,0,0,0,0,0,0,0,0,0,0,0,0,"0","0","0","0","0","0","0","0","0","0","0","0","0","0","0","0","0","0","0","0","0","0","0","0","0","0","0","0","1","1","0","0","0","0","0","0","0","0","0","0","0","0","0","0","0","0","0","0","0","0","0","1","0","0","0","0","0","0","0","0","0","0","0","0","0","0","0","0","0","0","0","0","0","0","0","0","0","0","0","0","0","0","0","0","0","0","0","0","0","0","0","0","1","201910","202204","2062"
"9928138","530010","70830010","34484916000186","3","1","00000000000000","","","","0005","","0","E","","","04","","03","22","03","","99","","","","","","","","EAS 12222","20191001","1","","","","","","0","0","1","0","0","0","1","0","0","0","0","0","0","0",0,0,0,"0",0,0,0,0,0,0,0,0,0,0,0,0,0,0,"0",0,1,0,0,0,0,0,0,0,0,0,0,0,0,0,0,"1",0,0,0,"0",0,0,0,0,"0",0,0,0,0,0,0,0,0,0,0,0,0,0,0,0,"0","0","1","0","0","0","0","0","0","0","0","0","0","0","0","0","0","0","0","0","0","0","0","0","1","0","0","0","1","1","0","0","0","0","0","0","0","0","0","0","0","0","0","0","0","0","0","0","0","0","0","1","0","0","0","1","0","0","0","0","0","0","0","0","0","0","0","0","0","0","0","0","0","0","0","0","0","0","0","0","0","0","0","0","0","0","0","0","0","0","0","0","1","201910","202204","2062"
"9928200","530010","72308702","34730711000133","3","1","00000000000000","","","","0140","","0","E","","","04","","03","36","03","","99","","","","","","","","LICENCIAMENTO","20190917","1","","","","","","0","0","1","0","0","0","1","0","0","0","0","0","0","0",0,0,0,"0",0,0,0,0,0,0,0,0,0,0,0,0,0,0,"0",1,0,0,0,0,0,0,0,0,0,0,0,0,0,0,0,"1",0,0,0,"0",0,0,0,0,"0",0,0,0,0,0,0,0,0,0,0,0,0,0,0,0,"0","0","1","0","0","0","0","0","0","0","0","0","0","0","0","0","0","0","0","0","0","0","0","0","1","0","0","0","1","1","0","0","0","0","0","0","0","0","0","0","0","0","0","0","0","0","0","0","0","0","0","1","0","0","0","0","0","0","0","0","0","0","0","0","0","0","0","0","0","0","0","0","0","0","0","0","0","0","0","0","0","0","0","0","0","0","0","0","0","0","0","0","1","202005","202204","2305"
"9928553","530010","72701997","19386748000100","3","1","00000000000000","","","","0020","","0","E","","","04","","","07","03","","99","","","","","","","","","","","","","","","","0","0","0","0","0","0","0","0","0","1","0","0","0","1",0,0,0,"0",0,0,0,0,0,0,0,0,0,0,0,0,0,0,"0",0,0,0,30,0,0,0,0,0,0,0,0,0,0,0,0,"1",0,0,0,"0",0,0,0,0,"0",0,0,0,0,0,0,0,0,0,0,0,0,0,0,0,"0","0","0","0","1","0","0","0","0","0","0","0","0","0","0","0","0","0","0","0","0","0","0","0","1","0","0","0","1","1","0","0","0","0","0","0","0","0","0","0","0","0","0","0","0","0","0","0","0","1","0","0","0","0","0","0","0","0","0","0","0","0","0","0","0","0","0","0","0","0","0","0","0","0","0","0","0","0","0","0","0","0","0","0","0","0","0","0","0","0","0","0","1","201910","202204","3999"
"9929401","530010","70719903","34976490000188","3","1","00000000000000","","","","0005","","0","E","","","04","","01","36","04","","99","","","","","","","","DFP1900146972","20190924","1","","","","","","0","0","1","0","0","0","1","0","0","0","0","0","0","0",0,0,0,"0",0,0,0,0,0,0,0,0,0,0,0,0,0,0,"0",0,1,0,0,0,0,0,0,0,0,0,0,0,0,0,0,"1",0,0,0,"0",0,0,0,0,"0",0,0,0,0,0,0,0,0,0,0,0,0,0,0,0,"0","0","1","0","0","0","0","0","0","0","0","0","0","0","0","0","0","0","0","0","0","0","0","0","1","0","0","0","1","1","0","0","0","0","0","0","0","0","0","0","0","0","0","0","0","0","0","0","0","0","0","1","0","0","0","0","0","0","0","0","0","0","0","0","0","0","0","0","0","0","0","0","0","0","0","0","0","0","0","0","0","0","0","0","0","0","0","0","0","0","0","0","1","201910","202204","2135"
"9931031","530010","73360410","28634073000154","3","1","00000000000000","","","","0120","","0","E","","","04","","01","36","03","","99","","","","","","","","ODO.00257.08","20181227","1","","","","","","0","0","1","0","0","0","1","0","0","0","0","0","0","0",0,0,0,"0",0,0,0,0,0,0,0,0,0,0,0,0,0,0,"0",0,0,0,0,0,0,0,0,7,0,0,0,0,0,0,0,"1",0,0,0,"0",0,0,0,0,"0",0,0,0,0,0,0,0,0,0,0,0,0,0,0,0,"0","0","1","0","0","0","0","0","0","0","0","0","0","0","0","0","0","0","0","0","0","0","0","0","1","1","0","0","1","1","0","0","0","0","0","0","0","0","0","0","0","0","0","0","0","0","0","0","0","0","0","1","0","0","1","1","1","0","0","0","0","0","0","0","0","0","0","0","0","0","0","0","0","0","0","0","0","0","0","0","0","0","0","0","0","0","0","0","0","0","0","0","1","201910","202204","2062"
"9932445","530010","70390150","01278470000265","3","1","00000000000000","","","","","","0","E","","","04","","","22","03","","99","","","","","","","","","20190718","1","","","","","","1","0","0","0","0","0","1","0","0","0","0","0","0","0",0,0,0,"0",0,0,0,0,0,0,0,0,0,0,0,0,0,0,"0",1,0,0,0,0,0,0,0,0,0,0,0,0,0,0,0,"1",0,0,0,"0",0,0,0,0,"0",0,0,0,0,0,0,0,0,0,0,0,0,0,0,0,"0","0","0","0","0","0","0","0","0","0","0","0","0","0","0","0","0","0","0","0","0","0","0","0","0","0","0","0","1","1","0","0","0","0","0","0","0","0","0","0","0","0","0","0","0","0","0","0","0","0","0","1","0","0","0","1","0","0","0","0","0","0","0","0","0","0","0","0","0","0","0","0","0","0","0","0","0","0","0","0","0","0","0","0","0","0","0","0","0","0","0","0","1","201910","202204","2062"
"9932690","530010","70770100","33387156000126","3","1","00000000000000","","","","","","0","E","","","04","","03","22","03","","99","","","","","","","","","20190902","1","","","","","","0","0","1","0","0","0","1","0","0","0","0","0","0","0",0,0,0,"0",0,0,0,0,0,0,0,0,0,0,0,0,0,0,"0",0,1,0,0,0,0,0,0,0,0,0,0,0,0,0,0,"1",0,0,0,"0",0,0,0,0,"0",0,0,0,0,0,0,0,0,0,0,0,0,0,0,0,"0","0","0","0","0","0","0","0","0","0","0","0","0","0","0","0","0","0","0","0","0","0","0","0","0","0","0","0","1","1","0","0","0","0","0","0","0","0","0","0","0","0","0","0","0","0","0","0","0","0","0","1","0","0","0","1","0","0","0","0","0","0","0","0","0","0","0","0","0","0","0","0","0","0","0","0","0","0","0","0","0","0","0","0","0","0","0","0","0","0","0","0","1","201910","202204","2062"
"9933999","530010","72025160","27793166000169","3","1","00000000000000","","","","","","0","E","","","04","","03","36","04","","99","","","","","","","","53202114710","20190903","1","","","","","","0","0","1","0","0","0","1","0","0","0","0","0","0","0",0,0,0,"0",0,0,0,0,0,0,0,0,0,0,0,0,0,0,"0",0,0,0,1,0,0,0,0,0,0,0,0,0,0,0,0,"1",0,0,0,"0",0,0,0,0,"0",0,0,0,0,0,0,0,0,0,0,0,0,0,0,0,"0","0","0","0","0","0","0","0","0","0","0","0","0","0","0","0","0","0","0","0","0","0","0","0","0","0","0","0","1","1","0","0","0","0","0","0","0","0","0","0","0","0","0","0","0","0","0","0","0","0","0","1","0","0","0","0","0","0","0","0","0","0","0","0","0","0","0","0","0","0","0","0","0","0","0","0","0","0","0","0","0","0","0","0","0","0","0","0","0","0","0","0","1","201910","202204","2062"
"9935010","530010","70200740","16584395000238","3","1","00000000000000","","","","0015","","0","E","","","04","","03","04","03","","99","","","","","","","","RLE","20200903","1","","","","","","0","0","1","0","0","0","1","0","0","0","0","0","0","0",0,0,0,"0",0,0,0,0,0,0,0,0,0,0,0,0,0,0,"0",0,4,0,0,0,0,0,0,0,0,0,0,0,0,0,0,"1",0,0,0,"0",0,0,0,0,"0",0,0,0,0,0,0,0,0,0,0,0,0,0,0,0,"0","0","1","0","0","0","0","0","0","0","0","0","0","0","0","0","0","0","0","0","0","0","0","0","1","1","0","0","1","1","0","0","0","0","0","0","0","0","0","0","0","0","0","0","0","0","0","0","0","0","0","0","0","0","0","1","0","0","0","0","0","0","0","0","0","0","0","0","0","0","0","0","0","0","0","0","0","0","0","0","0","0","0","0","0","0","0","0","0","0","0","0","1","202111","202204","2062"
"9935894","530010","71681480","34750607000100","3","1","00000000000000","","","","9930","","0","E","","","04","","01","22","03","","99","","","","","","","","","","","","","","","","0","0","1","0","0","0","1","0","0","0","0","0","0","0",0,0,0,"0",0,0,0,0,0,0,0,0,0,0,0,0,0,0,"0",0,0,0,1,0,0,0,0,0,0,0,0,0,0,0,0,"1",0,0,0,"0",0,0,0,0,"0",0,0,0,0,0,0,0,0,0,0,0,0,0,0,0,"0","0","0","0","0","0","0","0","0","0","0","0","0","0","0","0","0","0","0","0","0","0","0","0","0","0","0","0","1","1","0","0","0","0","0","0","0","0","0","0","0","0","0","0","0","0","0","0","0","0","0","1","0","0","0","1","0","0","0","0","0","0","0","0","0","0","0","0","0","0","0","0","0","0","0","0","0","0","0","0","0","0","0","0","0","0","0","0","0","0","0","0","1","201910","202204","2135"
"9936084","530010","72015010","34762202000192","3","1","00000000000000","","","","0180","","0","E","","","04","","03","36","03","","99","","","","","","","","EAS.00246-01","20190930","1","","","","","","0","0","1","0","0","0","1","0","0","0","0","0","0","0",0,0,0,"0",0,0,0,0,0,0,0,0,0,0,0,0,0,0,"0",0,1,0,0,0,0,0,0,0,0,0,0,0,0,0,0,"1",0,0,0,"0",0,0,0,0,"0",0,0,0,0,0,0,0,0,0,0,0,0,0,0,0,"0","0","0","0","0","0","0","0","1","0","0","0","0","0","0","0","0","1","0","1","0","0","0","0","1","1","1","0","1","1","0","0","0","0","0","0","0","0","0","0","0","0","0","0","0","0","0","0","0","0","0","1","0","0","0","1","0","0","0","0","0","0","0","0","0","0","0","0","0","0","0","0","0","0","0","0","0","0","0","0","0","0","0","0","0","0","0","0","0","0","0","0","1","201910","202204","2062"
"9936165","530010","70390108","27403842000140","3","1","00000000000000","","","","0010","","0","E","","","04","","03","36","03","","99","","","","","","","","EAS.91127-01","20200817","1","","","","","","0","0","1","0","0","0","1","0","0","0","0","0","0","0",0,0,0,"0",0,0,0,0,0,0,0,0,0,0,0,0,0,0,"0",0,1,0,0,0,0,0,0,0,0,0,0,0,0,0,0,"1",0,0,0,"0",0,0,0,0,"0",0,0,0,0,0,0,0,0,0,0,0,0,0,0,0,"0","0","0","0","0","0","0","0","1","0","0","0","0","0","0","0","0","1","0","1","0","0","0","0","1","0","1","0","1","1","0","0","0","0","0","0","0","0","0","0","0","0","0","0","0","0","0","0","0","0","0","1","0","0","0","1","0","0","0","0","0","0","0","0","0","0","0","0","0","0","0","0","0","0","0","0","0","0","0","0","0","0","0","0","0","0","0","0","0","0","0","0","1","202010","202204","2305"
"9936262","530010","70673623","30253293000180","3","1","00000000000000","","","","","","0","E","","","04","","03","04","03","","99","","","","","","","","","","","","","","","","0","0","1","0","0","0","1","0","0","0","0","0","0","0",0,0,0,"0",0,0,0,0,0,0,0,0,0,0,0,0,0,0,"0",0,4,0,0,0,0,0,0,0,0,0,0,0,0,0,0,"1",0,0,0,"0",0,0,0,0,"0",0,0,0,0,0,0,0,0,0,0,0,0,0,0,0,"0","0","1","0","0","0","0","0","0","0","0","0","0","0","0","0","0","0","0","0","0","0","0","0","1","0","0","0","1","1","0","0","0","0","0","0","0","0","0","0","0","0","0","0","0","0","0","0","0","0","0","1","0","0","0","0","0","0","0","0","0","0","0","0","0","0","0","0","0","0","0","0","0","0","0","0","0","0","0","0","0","0","0","0","0","0","0","0","0","0","0","0","1","201910","202204","2062"
"9936459","530010","70390108","27270754000118","3","1","00000000000000","","","","0010","","0","E","","","04","","03","36","03","","99","","","","","","","","EAS.80417-01","20200927","1","","","","","","0","0","1","0","0","0","1","0","0","0","0","0","0","0",0,0,0,"0",0,0,0,0,0,0,0,0,0,0,0,0,0,0,"0",0,1,0,0,0,0,0,0,0,0,0,0,0,0,0,0,"1",0,0,0,"0",0,0,0,0,"0",0,0,0,0,0,0,0,0,0,0,0,0,0,0,0,"0","0","0","0","0","0","0","0","1","1","0","0","0","0","0","0","0","1","0","1","0","0","0","0","1","0","1","0","1","1","0","0","0","0","0","0","0","0","0","0","0","0","0","0","0","0","0","0","0","0","0","1","0","0","0","1","0","0","0","0","0","0","0","0","0","0","0","0","0","0","0","0","0","0","0","0","0","0","0","0","0","0","0","0","0","0","0","0","0","0","0","0","1","202010","202204","2305"
"9936599","530010","70390055","34129685000192","3","1","00000000000000","","","","0015","","0","E","","","04","","03","36","04","","99","","","","","","","","JUNTO AO RLE","20190705","1","","","","","","0","0","1","0","0","0","1","0","0","0","0","0","0","0",0,0,0,"0",0,0,0,0,0,0,0,0,0,0,0,0,0,0,"0",0,2,0,0,0,0,0,0,0,0,0,0,0,0,0,0,"1",0,0,0,"0",0,0,0,0,"0",0,0,0,0,0,0,0,0,0,0,0,0,0,0,0,"0","0","1","0","0","0","0","0","0","0","0","0","0","0","0","0","0","0","0","0","0","0","0","0","1","0","0","0","1","1","0","0","0","0","0","0","0","0","0","0","0","0","0","0","0","0","0","0","0","0","0","1","0","0","0","1","0","0","0","0","0","0","0","0","0","0","0","0","0","0","0","0","0","0","0","0","0","0","0","0","0","0","0","0","0","0","0","0","0","0","0","0","1","201910","202204","2062"
"9936742","530010","70200740","32194196000199","3","1","00000000000000","","","","","","0","E","","","04","","03","22","03","","99","","","","","","","","53600332296","20190903","1","","","","","","0","0","1","0","0","0","1","0","0","0","0","0","0","0",0,0,0,"0",0,0,0,0,0,0,0,0,0,0,0,0,0,0,"0",0,0,0,1,0,0,0,0,0,0,0,0,0,0,0,0,"1",0,0,0,"0",0,0,0,0,"0",0,0,0,0,0,0,0,0,0,0,0,0,0,0,0,"0","0","1","0","0","0","0","0","0","0","0","0","0","0","0","0","0","0","0","0","0","0","0","0","1","0","0","0","1","1","0","0","0","0","0","0","0","0","0","0","0","0","0","0","0","0","0","0","0","0","0","1","0","0","0","1","0","0","0","0","0","0","0","0","0","0","0","0","0","0","0","0","0","0","0","0","0","0","0","0","0","0","0","0","0","0","0","0","0","0","0","0","1","202103","202204","2305"
"9936785","530010","72535040","31316588000110","3","1","00000000000000","","","","0150","","0","E","","","04","","01","36","03","","99","","","","","","","","RLE DIGITAL","20190626","1","","","","","","0","0","1","0","0","0","1","0","0","0","0","0","0","0",0,0,0,"0",0,0,0,0,0,0,0,0,0,0,0,0,0,0,"0",0,1,0,0,0,0,0,0,0,0,0,0,0,0,0,0,"1",0,0,0,"0",0,0,0,0,"0",0,0,0,0,0,0,0,0,0,0,0,0,0,0,0,"0","0","1","0","0","0","0","0","0","0","0","0","0","0","0","0","0","0","0","0","0","0","0","0","1","0","0","0","1","1","0","0","0","0","0","0","0","0","0","0","0","0","0","0","0","0","0","0","0","0","0","1","0","0","0","1","0","0","0","0","0","0","0","0","0","0","0","0","0","0","0","0","0","0","0","0","0","0","0","0","0","0","0","0","0","0","0","0","0","0","0","0","1","201910","202204","2135"
"9936793","530010","70390145","30317885000118","3","1","00000000000000","","","","0015","","0","E","","","04","","01","04","03","","99","","","","","","","","RLE DIGITAL","20180807","1","","","","","","0","0","1","0","0","0","1","0","0","0","0","0","0","0",0,0,0,"0",0,0,0,0,0,0,0,0,0,0,0,0,0,0,"0",0,3,0,0,0,0,0,0,0,0,0,0,0,0,0,0,"1",0,0,0,"0",0,0,0,0,"0",0,0,0,0,0,0,0,0,0,0,0,0,0,0,0,"0","0","1","0","0","0","0","0","0","0","0","0","0","0","0","0","0","0","0","0","0","0","0","0","1","0","0","0","1","1","0","0","0","0","0","0","0","0","0","0","0","0","0","0","0","0","0","0","0","0","0","1","0","0","0","1","0","0","0","0","0","0","0","0","0","0","0","0","0","0","0","0","0","0","0","0","0","0","0","0","0","0","0","0","0","0","0","0","0","0","0","0","1","201910","202204","2305"
"9936890","530010","71931720","00454686001324","3","1","00000000000000","","","","9901","","0","E","","","04","","01","39","03","","99","","","","","","","","LAB 00014/2019","20110909","1","","","","","","0","0","1","0","0","0","1","0","0","0","0","0","0","0",0,0,0,"0",0,0,0,0,0,0,0,0,0,0,0,0,0,0,"0",0,1,0,0,0,0,0,0,0,0,0,0,0,0,0,0,"1",0,0,0,"0",0,0,0,0,"0",0,0,0,0,0,0,0,0,0,0,0,0,0,0,0,"0","0","1","0","0","0","0","0","0","0","0","0","0","0","0","0","0","0","0","1","0","0","0","0","1","1","1","0","1","1","0","0","0","0","0","0","0","0","0","0","0","0","0","0","0","0","0","0","0","0","0","1","0","0","0","1","0","0","1","0","0","0","1","0","0","0","0","0","0","0","0","0","0","0","0","0","0","0","0","0","0","0","0","0","0","0","0","0","0","0","0","0","1","202204","202204","2062"
"9937110","530010","70200760","31505042000108","3","1","00000000000000","","","","0015","","0","E","","","04","","03","36","03","","99","","","","","","","","EAS 2064601","20200606","1","","","","","","0","0","1","0","0","0","1","0","0","0","0","0","0","0",0,0,0,"0",0,0,0,0,0,0,0,0,0,0,0,0,0,0,"0",0,1,0,0,0,0,0,0,0,0,0,0,0,0,0,0,"1",0,0,0,"0",0,0,0,0,"0",0,0,0,0,0,0,0,0,0,0,0,0,0,0,0,"0","0","1","0","0","0","0","0","0","0","0","0","0","0","0","0","0","1","0","1","0","0","0","0","1","1","0","0","1","1","0","0","0","0","0","0","0","0","0","0","0","0","0","0","0","0","0","0","0","0","0","1","0","0","0","1","0","0","0","0","0","0","0","0","0","0","0","0","0","0","0","0","0","0","0","0","0","0","0","0","0","0","0","0","0","0","0","0","0","0","0","0","1","202009","202204","2062"
"9937188","530010","71916500","33931318000145","3","1","00000000000000","","","","","","0","E","","","04","","01","22","03","","99","","","","","","","","53600372204","20190719","1","","","","","","0","0","1","0","0","0","1","0","0","0","0","0","0","0",0,0,0,"0",0,0,0,0,0,0,0,0,0,0,0,0,0,0,"0",1,0,0,0,0,0,0,0,0,0,0,0,0,0,0,0,"1",0,0,0,"0",0,0,0,0,"0",0,0,0,0,0,0,0,0,0,0,0,0,0,0,0,"0","0","0","0","0","0","0","0","0","0","0","0","0","0","0","0","0","0","0","0","0","0","0","0","0","0","0","0","1","1","0","0","0","0","0","0","0","0","0","0","0","0","0","0","0","0","0","0","0","0","0","1","0","0","0","0","0","0","0","0","0","0","0","0","0","0","0","0","0","0","0","0","0","0","0","0","0","0","0","0","0","0","0","0","0","0","0","0","0","0","0","0","1","201910","202204","2305"
"9937722","530010","72430202","22806976000199","3","1","00000000000000","","","","","","0","E","","","04","","01","22","04","","99","","","","","","","","RLE","20211220","1","","","","","","0","0","1","0","0","0","1","0","0","0","0","0","0","0",0,0,0,"0",0,0,0,0,0,0,0,0,0,0,0,0,0,0,"0",0,0,0,1,0,0,0,0,0,0,0,0,0,0,0,0,"1",0,0,0,"0",0,0,0,0,"0",0,0,0,0,0,0,0,0,0,0,0,0,0,0,0,"0","0","1","0","0","0","0","0","0","0","0","0","0","0","0","0","0","0","0","0","0","0","0","0","1","0","0","0","1","1","0","0","0","0","0","0","0","0","0","0","0","0","0","0","0","0","0","0","0","0","0","1","0","0","0","1","0","0","0","0","0","0","0","0","0","0","0","0","0","0","0","0","0","0","0","0","0","0","0","0","0","0","0","0","0","0","0","0","0","0","0","0","1","202203","202204","2062"
"9938222","530010","73360406","32310383000190","3","1","00000000000000","","","","0120","","0","E","","","04","","03","36","03","","99","","","","","","","","ODO 00329-08","20191011","1","","","","","","0","0","1","0","0","0","1","0","0","0","0","0","0","0",0,0,0,"0",0,0,0,0,0,0,0,0,0,0,0,0,0,0,"0",0,0,0,0,0,0,0,0,2,0,0,0,0,0,0,0,"1",0,0,0,"0",0,0,0,0,"0",0,0,0,0,0,0,0,0,0,0,0,0,0,0,0,"0","0","1","0","0","0","0","0","0","0","0","0","0","0","0","0","0","0","0","0","0","0","0","0","1","0","0","0","1","1","0","0","0","0","0","0","0","0","0","0","0","0","0","0","0","0","0","0","0","0","0","1","0","0","0","1","0","0","0","0","0","0","0","0","0","0","0","0","0","0","0","0","0","0","0","0","0","0","0","0","0","0","0","0","0","0","0","0","0","0","0","0","1","201910","202204","2062"
"9938265","530010","71720525","21313975000140","3","1","00000000000000","","","","","","0","E","","","04","","02","36","03","","99","","","","","","","","","20190430","1","","","","","","0","0","1","0","0","0","1","0","0","0","0","0","0","0",0,0,0,"0",0,0,0,0,0,0,0,0,0,0,0,0,0,0,"0",0,1,0,0,0,0,0,0,0,0,0,0,0,0,0,0,"1",0,0,0,"0",0,0,0,0,"0",0,0,0,0,0,0,0,0,0,0,0,0,0,0,0,"0","0","0","0","0","0","0","0","0","0","0","0","0","0","0","0","0","0","0","0","0","0","0","0","0","0","0","0","1","1","0","0","0","0","0","0","0","0","0","0","0","0","0","0","0","0","0","0","0","0","0","1","0","0","0","0","0","0","0","0","0","0","0","0","0","0","0","0","0","0","0","0","0","0","0","0","0","0","0","0","0","0","0","0","0","0","0","0","0","0","0","0","1","201910","202204","2062"
"9938281","530010","71936250","00454686001596","3","1","00000000000000","","","","9901","","0","E","","","04","","01","39","03","","99","","","","","","","","LAB 0013-22/2020","20220909","1","","","","","","0","0","1","0","0","0","1","0","0","0","0","0","0","0",0,0,0,"0",0,0,0,0,0,0,0,0,0,0,0,0,0,0,"0",0,0,0,1,0,0,0,0,0,0,0,0,0,0,0,0,"1",0,0,0,"0",0,0,0,0,"0",0,0,0,0,0,0,0,0,0,0,0,0,0,0,0,"0","0","1","0","0","0","0","0","0","0","0","0","0","0","0","0","0","0","1","0","0","0","0","0","1","1","1","0","1","1","0","0","0","0","0","0","0","0","0","0","0","0","0","0","0","0","0","0","0","0","0","1","0","0","0","1","0","0","1","0","0","0","1","0","0","0","0","0","0","0","0","0","0","0","0","0","0","0","0","0","0","0","0","0","0","0","0","0","0","0","0","0","1","202204","202204","2062"
"9938702","530010","72220215","00454686001405","3","1","00000000000000","","","","","","0","E","","","04","","01","39","03","","99","","","","","","","","LAB 0013","20190920","1","","","","","","0","0","1","0","0","0","1","0","0","0","0","0","0","0",0,0,0,"0",0,0,0,0,0,0,0,0,0,0,0,0,0,0,"0",0,1,0,0,0,0,0,0,0,0,0,0,0,0,0,0,"1",0,0,0,"0",0,0,0,0,"0",0,0,0,0,0,0,0,0,0,0,0,0,0,0,0,"0","0","1","0","0","0","0","0","0","0","0","0","0","0","0","0","0","0","1","1","0","0","0","0","1","1","1","0","1","1","0","0","0","0","0","0","0","0","0","0","0","0","0","0","0","0","0","0","0","0","0","1","0","0","0","1","0","0","1","0","0","0","1","0","0","0","0","0","0","0","0","0","0","0","0","0","0","0","0","0","0","0","0","0","0","0","0","0","0","0","0","0","1","202003","202204","2062"
"9938761","530010","71950770","24856706000118","3","1","00000000000000","","","","9901","","0","E","","","04","","03","36","03","","99","","","","","","","","EAS 0002814","20191119","1","","","","","","0","0","1","0","0","0","1","0","0","0","0","0","0","0",0,0,0,"0",0,0,0,0,0,0,0,0,0,0,0,0,0,0,"0",0,1,0,0,0,0,0,0,0,0,0,0,0,0,0,0,"1",0,0,0,"0",0,0,0,0,"0",0,0,0,0,0,0,0,0,0,0,0,0,0,0,0,"0","0","1","0","0","0","0","0","0","0","0","0","0","0","0","0","0","0","0","0","0","0","0","0","1","1","0","0","1","1","0","0","0","0","0","0","0","0","0","0","0","0","0","0","0","0","0","0","0","0","0","1","0","0","0","1","0","0","0","0","0","0","0","0","0","0","0","0","0","0","0","0","0","0","0","0","0","0","0","0","0","0","0","0","0","0","0","0","0","0","0","0","1","202009","202204","2305"
"9938877","530010","70711905","34698574000105","3","1","00000000000000","","","","0005","","0","E","","","04","","03","22","03","","99","","","","","","","","53202256654","20190829","1","","","","","","0","0","1","0","0","0","1","0","0","0","0","0","0","0",0,0,0,"0",0,0,0,0,0,0,0,0,0,0,0,0,0,0,"0",0,0,0,0,0,0,0,0,2,0,0,0,0,0,0,0,"1",0,0,0,"0",0,0,0,0,"0",0,0,0,0,0,0,0,0,0,0,0,0,0,0,0,"0","0","0","0","0","0","0","0","0","0","0","0","0","0","0","0","0","0","0","0","0","0","0","0","0","0","0","0","1","1","0","0","0","0","0","0","0","0","0","0","0","0","0","0","0","0","0","0","0","0","0","0","0","0","0","1","0","0","0","0","0","0","0","0","0","0","0","0","0","0","0","0","0","0","0","0","0","0","0","0","0","0","0","0","0","0","0","0","0","0","0","0","1","201910","202204","2062"
"9938885","530010","70710149","20395946000101","3","1","00000000000000","","","","0005","","0","E","","","04","","03","22","03","","99","","","","","","","","EAS-00856-02","10180607","1","","","","","","1","0","0","0","0","0","1","0","0","0","0","0","0","0",0,0,0,"0",0,0,0,0,0,0,0,0,0,0,0,0,0,0,"0",1,0,0,0,0,0,0,0,0,0,0,0,0,0,0,0,"1",0,0,0,"0",0,0,0,0,"0",0,0,0,0,0,0,0,0,0,0,0,0,0,0,0,"0","0","1","0","0","0","0","0","0","0","0","0","0","0","0","0","0","0","0","0","0","0","0","0","1","0","0","0","1","1","0","0","0","0","0","0","0","0","0","0","0","0","0","0","0","0","0","0","0","0","0","0","0","0","0","1","0","0","0","0","0","0","0","0","0","0","0","0","0","0","0","0","0","0","0","0","0","0","0","0","0","0","0","0","0","0","0","0","0","0","0","0","1","201910","202204","2062"
"9940421","530010","70390150","02387194000406","3","1","00000000000000","","","","","","0","E","","","04","","03","39","03","","99","","","","","","","","1519-000002-2019","20190620","1","","","","","","0","0","1","0","0","0","1","0","0","0","0","0","0","0",0,0,0,"0",0,0,0,0,0,0,0,0,0,0,0,0,0,0,"0",0,0,0,1,0,0,0,0,0,0,0,0,0,0,0,0,"1",0,0,0,"0",0,0,0,0,"0",0,0,0,0,0,0,0,0,0,0,0,0,0,0,0,"0","0","1","0","0","0","0","0","0","0","0","0","0","0","0","0","0","0","0","1","0","0","0","0","1","1","0","0","1","1","0","0","0","0","0","0","0","0","0","0","0","0","0","0","0","0","0","0","0","0","0","0","0","0","0","1","1","0","0","0","0","0","0","0","0","0","0","0","0","0","0","0","0","0","0","0","0","0","0","0","0","0","0","0","0","0","0","0","0","0","0","0","1","201910","202204","2062"
"9940456","530010","72465430","08490940000894","3","1","00000000000000","","","","","","0","E","","","04","","03","39","03","","99","","","","","","","","LAB.00016-20","20190617","1","","","","","","0","0","1","0","0","0","1","0","0","0","0","0","0","0",0,0,0,"0",0,0,0,0,0,0,0,0,0,0,0,0,0,0,"0",0,0,0,1,0,0,0,0,0,0,0,0,0,0,0,0,"1",0,0,0,"0",0,0,0,0,"0",0,0,0,0,0,0,0,0,0,0,0,0,0,0,0,"0","0","1","0","0","0","0","0","0","0","0","0","0","0","0","0","0","0","0","1","0","0","0","0","1","1","0","0","1","1","0","0","0","0","0","0","0","0","0","0","0","0","0","0","0","0","0","0","0","0","0","1","0","0","0","1","0","0","0","0","0","0","0","0","0","0","0","0","0","0","0","0","0","0","0","0","0","0","0","0","0","0","0","0","0","0","0","0","0","0","0","0","1","201910","202204","2062"
"9940464","530010","72306702","02387194000589","3","1","00000000000000","","","","","","0","E","","","04","","03","39","03","","99","","","","","","","","15444-00002-2019","20190720","1","","","","","","0","0","1","0","0","0","1","0","0","0","0","0","0","0",0,0,0,"0",0,0,0,0,0,0,0,0,0,0,0,0,0,0,"0",0,0,0,1,0,0,0,0,0,0,0,0,0,0,0,0,"1",0,0,0,"0",0,0,0,0,"0",0,0,0,0,0,0,0,0,0,0,0,0,0,0,0,"0","0","1","0","0","0","0","0","0","0","0","0","0","0","0","0","0","0","0","1","0","0","0","0","1","1","0","0","1","1","0","0","0","0","0","0","0","0","0","0","0","0","0","0","0","0","0","0","0","0","0","1","0","0","0","1","0","0","0","0","0","0","0","0","0","0","0","0","0","0","0","0","0","0","0","0","0","0","0","0","0","0","0","0","0","0","0","0","0","0","0","0","1","201910","202204","2062"
"9940472","530010","72542226","08490940000703","3","1","00000000000000","","","","","","0","E","","","04","","03","39","03","","99","","","","","","","","LS33444-00000-2019","20200909","1","","","","","","0","0","1","0","0","0","1","0","0","0","0","0","0","0",0,0,0,"0",0,0,0,0,0,0,0,0,0,0,0,0,0,0,"0",0,0,0,1,0,0,0,0,0,0,0,0,0,0,0,0,"1",0,0,0,"0",0,0,0,0,"0",0,0,0,0,0,0,0,0,0,0,0,0,0,0,0,"0","0","1","0","0","0","0","0","0","0","0","0","0","0","0","0","0","0","0","1","0","0","0","0","1","1","0","0","1","1","0","0","0","0","0","0","0","0","0","0","0","0","0","0","0","0","0","0","0","0","0","1","0","0","0","1","0","0","0","0","0","0","0","0","0","0","0","0","0","0","0","0","0","0","0","0","0","0","0","0","0","0","0","0","0","0","0","0","0","0","0","0","1","201910","202204","2062"
"9940634","530010","70340906","34301557000184","3","1","00000000000000","","","","","","0","E","","","04","","03","04","03","","99","","","","","","","","1","20190723","1","","","","","","0","0","1","0","0","0","1","0","0","0","0","0","0","0",0,0,0,"0",0,0,0,0,0,0,0,0,0,0,0,0,0,0,"0",0,1,0,0,0,0,0,0,0,0,0,0,0,0,0,0,"1",0,0,0,"0",0,0,0,0,"0",0,0,0,0,0,0,0,0,0,0,0,0,0,0,0,"0","0","1","0","0","0","0","0","0","0","0","0","0","0","0","0","0","0","0","0","0","0","0","0","1","0","0","0","1","1","0","0","0","0","0","0","0","0","0","0","0","0","0","0","0","0","0","0","0","0","0","1","0","0","1","1","0","0","0","0","0","0","0","0","0","0","0","0","0","0","0","0","0","0","0","0","0","0","0","0","0","0","0","0","0","0","0","0","0","0","0","0","1","201910","202204","2062"
"9940693","530010","72115700","24648282000104","3","1","00000000000000","","","","","","0","E","","","04","","03","22","03","","99","","","","","","","","EAS.00327-15/2021","20220103","1","","","","","","0","0","1","0","0","0","1","0","0","0","0","0","0","0",0,0,0,"0",0,0,0,0,0,0,0,0,0,0,0,0,0,0,"0",0,0,0,1,0,0,0,0,0,0,0,0,0,0,0,0,"1",0,0,0,"0",0,0,0,0,"0",0,0,0,0,0,0,0,0,0,0,0,0,0,0,0,"0","0","1","0","0","0","0","0","0","0","0","0","0","0","0","0","0","0","0","1","0","0","0","0","1","0","0","0","1","1","0","0","0","0","0","0","0","0","0","0","0","0","0","0","0","0","0","0","0","0","0","1","0","0","0","0","0","0","0","0","0","0","0","0","0","0","0","0","0","0","0","0","0","0","0","0","0","0","0","0","0","0","0","0","0","0","0","0","0","0","0","0","1","202201","202204","2062"
"9940790","530010","71503505","21130120000183","3","1","00000000000000","","","","0080","","0","E","","","04","","03","22","03","","99","","","","","","","","00022/2016","20160502","1","","","","","","0","0","1","0","0","0","1","0","0","0","0","0","0","0",0,0,0,"0",0,0,0,0,0,0,0,0,0,0,0,0,0,0,"0",0,1,0,0,0,0,0,0,0,0,0,0,0,0,0,0,"1",0,0,0,"0",0,0,0,0,"0",0,0,0,0,0,0,0,0,0,0,0,0,0,0,0,"0","0","0","0","0","0","0","0","0","0","0","0","0","0","0","0","0","0","0","0","0","0","0","0","0","0","0","0","1","1","0","0","0","0","0","0","0","0","0","0","0","0","0","0","0","0","0","0","0","0","0","1","0","0","0","0","0","0","0","0","0","0","0","0","0","0","0","0","0","0","0","0","0","0","0","0","0","0","0","0","0","0","0","0","0","0","0","0","0","0","0","0","1","201910","202204","2062"
"9940804","530010","70741640","22091711000151","3","1","00000000000000","","","","0005","","0","E","","","04","","03","22","03","","99","","","","","","","","02206/2010","20100910","1","","","","","","0","0","1","0","0","0","1","0","0","0","0","0","0","0",0,0,0,"0",0,0,0,0,0,0,0,0,0,0,0,0,0,0,"0",0,1,0,0,0,0,0,0,0,0,0,0,0,0,0,0,"1",0,0,0,"0",0,0,0,0,"0",0,0,0,0,0,0,0,0,0,0,0,0,0,0,0,"0","0","0","0","0","0","0","0","0","0","0","0","0","0","0","0","0","0","0","0","0","0","0","0","0","0","0","0","1","1","0","0","0","0","0","0","0","0","0","0","0","0","0","0","0","0","0","0","0","0","0","1","0","0","0","0","0","0","0","0","0","0","0","0","0","0","0","0","0","0","0","0","0","0","0","0","0","0","0","0","0","0","0","0","0","0","0","0","0","0","0","0","1","201910","202204","2062"
"9942165","530010","72243284","34720025000181","3","1","00000000000000","","","","0040","","0","E","","","04","","01","36","03","","99","","","","","","","","","20190902","1","","","","","","0","0","1","0","0","0","1","0","0","0","0","0","0","0",0,0,0,"0",0,0,0,0,0,0,0,0,0,0,0,0,0,0,"0",0,0,0,4,0,0,0,0,0,0,0,0,0,0,0,0,"1",0,0,0,"0",0,0,0,0,"0",0,0,0,0,0,0,0,0,0,0,0,0,0,0,0,"0","0","0","0","0","0","0","0","1","0","0","0","0","0","0","0","0","0","0","0","0","0","0","0","1","1","0","0","1","1","0","0","0","0","0","0","0","0","0","0","0","0","0","0","0","0","0","0","0","0","0","1","0","0","1","1","0","0","0","0","0","0","0","0","0","0","0","0","0","0","0","0","0","0","0","0","0","0","0","0","0","0","0","0","0","0","0","0","0","0","0","0","1","201910","202204","2305"
"9942491","530010","70737540","35120367000123","3","1","00000000000000","","","","0005","","0","E","","","04","","01","22","04","","99","","","","","","","","DFP1900151838","20191009","1","","","","","","0","0","1","0","0","0","1","0","0","0","0","0","0","0",0,0,0,"0",0,0,0,0,0,0,0,0,0,0,0,0,0,0,"0",0,1,0,0,0,0,0,0,0,0,0,0,0,0,0,0,"1",0,0,0,"0",0,0,0,0,"0",0,0,0,0,0,0,0,0,0,0,0,0,0,0,0,"0","0","1","0","0","0","0","0","0","0","0","0","0","0","0","0","0","0","0","0","0","0","0","0","1","0","0","0","1","1","0","0","0","0","0","0","0","0","0","0","0","0","0","0","0","0","0","0","0","0","0","1","0","0","0","0","0","0","0","0","0","0","0","0","0","0","0","0","0","0","0","0","0","0","0","0","0","0","0","0","0","0","0","0","0","0","0","0","0","0","0","0","1","201910","202204","2062"
"9942734","530010","72115700","31401725000115","3","1","00000000000000","","","","","","0","E","","","04","","03","36","04","","99","","","","","","","","EAS00315/2021","20210104","1","","","","","","0","0","1","0","0","0","1","0","0","0","0","0","0","0",0,0,0,"0",0,0,0,0,0,0,0,0,0,0,0,0,0,0,"0",0,4,0,0,0,0,0,0,0,0,0,0,0,0,0,0,"1",0,0,0,"0",0,0,0,0,"0",0,0,0,0,0,0,0,0,0,0,0,0,0,0,0,"0","0","1","0","0","0","0","0","0","0","0","0","0","0","0","0","0","0","0","0","0","0","0","0","1","0","0","0","1","1","0","0","0","0","0","0","0","0","0","0","0","0","0","0","0","0","0","0","0","0","0","1","0","0","0","1","0","0","0","0","0","0","0","0","0","0","0","0","0","0","0","0","0","0","0","0","0","0","0","0","0","0","0","0","0","0","0","0","0","0","0","0","1","202203","202204","2062"
"9942785","530010","72544200","27399870000131","3","1","00000000000000","","","","0150","","0","E","","","04","","01","22","03","","99","","","","","","","","RAD.00002-19","20190705","1","","","","","","0","0","1","0","0","0","1","0","0","0","0","0","0","0",0,0,0,"0",0,0,0,0,0,0,0,0,0,0,0,0,0,0,"0",0,1,0,0,0,0,0,0,0,0,0,0,0,0,0,0,"1",0,0,0,"0",0,0,0,0,"0",0,0,0,0,0,0,0,0,0,0,0,0,0,0,0,"0","0","0","0","0","0","0","0","0","0","0","0","0","0","0","0","0","0","0","0","0","0","0","0","0","0","0","1","1","1","0","0","0","0","0","0","0","0","0","0","0","0","0","0","0","0","0","0","0","0","0","1","0","0","0","0","0","0","0","0","0","0","0","0","0","0","0","0","0","0","0","0","0","0","0","0","0","0","0","0","0","0","0","0","0","0","0","0","0","0","0","0","1","201910","202204","2062"
"9943617","530010","70390095","33975073000158","3","1","00000000000000","","","","","","0","E","","","04","","01","04","03","","99","","","","","","","","RLE","20190711","1","","","","","","0","0","1","0","0","0","1","0","0","0","0","0","0","0",0,0,0,"0",0,0,0,0,0,0,0,0,0,0,0,0,0,0,"0",1,0,0,0,0,0,0,0,0,0,0,0,0,0,0,0,"1",0,0,0,"0",0,0,0,0,"0",0,0,0,0,0,0,0,0,0,0,0,0,0,0,0,"0","0","1","0","0","0","0","0","0","1","0","0","0","0","0","0","0","0","0","0","0","0","0","0","1","0","0","0","1","1","0","0","0","0","0","0","0","0","0","0","0","0","0","0","0","0","0","0","0","0","0","1","0","0","0","1","0","0","0","0","0","0","0","0","0","0","0","0","0","0","0","0","0","0","0","0","0","0","0","0","0","0","0","0","0","0","0","0","0","0","0","0","1","202008","202204","2305"
"9943749","530010","72465360","34115916000109","3","1","00000000000000","","","GAMA","0060","","0","E","","","04","","01","36","04","","99","","","","","","","","8650-0/03","20190704","1","","","","","","0","0","1","0","0","0","1","0","0","0","0","0","0","0",0,0,0,"0",0,0,0,0,0,0,0,0,0,0,0,0,0,0,"0",0,0,0,1,0,0,0,0,0,0,0,0,0,0,0,0,"1",0,0,0,"0",0,0,0,0,"0",0,0,0,0,0,0,0,0,0,0,0,0,0,0,0,"0","0","1","0","0","0","0","0","0","0","0","0","0","0","0","0","0","0","0","0","0","0","0","0","1","0","0","0","1","1","0","0","0","0","0","0","0","0","0","0","0","0","0","0","0","0","0","0","0","0","0","1","0","0","0","0","1","0","0","0","0","0","0","0","0","0","0","0","0","0","0","0","0","0","0","0","0","0","0","0","0","0","0","0","0","0","0","0","0","0","0","0","1","201910","202204","2135"
"9944427","530010","70340904","34255880000169","3","1","00000000000000","","","","","","0","E","","","04","","03","22","03","","99","","","","","","","","53101427879","20190731","1","","","","","","0","0","1","0","0","0","1","0","0","0","0","0","0","0",0,0,0,"0",0,0,0,0,0,0,0,0,0,0,0,0,0,0,"0",0,0,0,1,0,0,0,0,0,0,0,0,0,0,0,0,"1",0,0,0,"0",0,0,0,0,"0",0,0,0,0,0,0,0,0,0,0,0,0,0,0,0,"0","0","0","0","0","0","0","0","0","0","0","0","0","0","0","0","0","0","0","0","0","0","0","0","0","0","0","0","1","1","0","0","0","0","0","0","0","0","0","0","0","0","0","0","0","0","0","0","0","0","0","1","0","0","0","1","0","0","0","0","0","0","0","0","0","0","0","0","0","0","0","0","0","0","0","0","0","0","0","0","0","0","0","0","0","0","0","0","0","0","0","0","1","201910","202204","2135"
"9945237","530010","71939540","35190409000100","3","1","00000000000000","","","","9901","","0","E","","","04","","03","36","03","","99","","","","","","","","LICENCIAMENTO","20191015","1","","","","","","0","0","1","0","0","0","1","0","0","0","0","0","0","0",0,0,0,"0",0,0,0,0,0,0,0,0,0,0,0,0,0,0,"0",1,0,0,0,0,0,0,0,0,0,0,0,0,0,0,0,"1",0,0,0,"0",0,0,0,0,"0",0,0,0,0,0,0,0,0,0,0,0,0,0,0,0,"0","0","1","0","0","0","0","0","0","0","0","0","0","0","0","0","0","0","0","0","0","0","0","0","1","0","0","0","1","1","0","0","0","0","0","0","0","0","0","0","0","0","0","0","0","0","0","0","0","0","0","1","0","0","0","0","0","0","0","0","0","0","0","0","0","0","0","0","0","0","0","0","0","0","0","0","0","0","0","0","0","0","0","0","0","0","0","0","0","0","0","0","1","201910","202204","2062"
"9945679","530010","70390150","33966596000138","3","1","00000000000000","","","","0015","","0","E","","","04","","01","22","03","","99","","","","","","","","EAS.20712-01","20200917","1","","","","","","0","0","1","0","0","0","1","0","0","0","0","0","0","0",0,0,0,"0",0,0,0,0,0,0,0,0,0,0,0,0,0,0,"0",0,1,0,0,0,0,0,0,0,0,0,0,0,0,0,0,"1",0,0,0,"0",0,0,0,0,"0",0,0,0,0,0,0,0,0,0,0,0,0,0,0,0,"0","0","1","0","0","0","0","0","0","0","0","0","0","0","0","0","0","0","0","0","0","0","0","0","1","0","0","0","1","1","0","0","0","0","0","0","0","0","0","0","0","0","0","0","0","0","0","0","0","0","0","1","0","0","0","0","0","0","0","0","0","0","0","0","0","0","0","0","0","0","0","0","0","0","0","0","0","0","0","0","0","0","0","0","0","0","0","0","0","0","0","0","1","202108","202204","2305"
"9946721","530010","72548515","33967495000181","3","1","00000000000000","","","","0150","","0","E","","","04","","01","36","04","","99","","","","","","","","EAS.00032-19","20190924","1","","","","","","0","0","1","0","0","0","1","0","0","0","0","0","0","0",0,0,0,"0",0,0,0,0,0,0,0,0,0,0,0,0,0,0,"0",0,0,0,5,0,0,0,0,0,0,0,0,0,0,0,0,"1",0,0,0,"0",0,0,0,0,"0",0,0,0,0,0,0,0,0,0,0,0,0,0,0,0,"0","0","0","0","0","0","0","0","0","0","0","0","0","0","0","0","0","0","0","0","0","0","0","0","0","1","0","0","0","1","0","0","0","0","0","0","0","0","0","0","0","0","0","0","0","0","0","0","0","0","0","1","0","0","0","0","0","0","0","0","0","0","0","0","0","0","0","0","0","0","0","0","0","0","0","0","0","0","0","0","0","0","0","0","0","0","0","0","0","0","0","0","1","201910","202204","2135"
"9946748","530010","70770560","01689989000155","3","1","00000000000000","","","","","","0","E","","","04","","03","36","03","","99","","","","","","","","LAS Nº00032-1","20191021","1","","","","","","0","0","1","0","0","0","1","0","0","0","0","0","0","0",0,0,0,"0",0,0,0,0,0,0,0,0,0,0,0,0,0,0,"0",0,0,0,3,0,0,0,0,0,0,0,0,0,0,0,0,"1",0,0,0,"0",0,0,0,0,"0",0,0,0,0,0,0,0,0,0,0,0,0,0,0,0,"0","0","1","0","0","0","0","0","0","0","0","0","0","0","0","0","0","0","0","0","0","0","0","0","1","1","0","0","1","1","0","0","0","0","0","0","0","0","0","0","0","0","0","0","0","0","0","0","0","0","0","1","0","0","1","1","0","0","0","0","0","0","0","0","0","0","0","0","0","0","0","0","0","0","0","0","0","0","0","0","0","0","0","0","0","0","0","0","0","0","0","0","1","202007","202204","2062"
"9947914","530010","70380525","23818564000131","3","1","00000000000000","","","","0015","","0","E","","","04","","03","22","04","","99","","","","","","","","53202034741","20210326","1","","","","","","0","0","1","0","0","0","1","0","0","0","0","0","0","0",0,0,0,"0",0,0,0,0,0,0,0,0,0,0,0,0,0,0,"0",0,0,0,1,0,0,0,0,0,0,0,0,0,0,0,0,"1",0,0,0,"0",0,0,0,0,"0",0,0,0,0,0,0,0,0,0,0,0,0,0,0,0,"0","0","1","0","0","0","0","0","0","0","0","0","0","0","0","0","0","0","0","0","0","0","0","0","1","0","0","0","1","1","0","0","0","0","0","0","0","0","0","0","0","0","0","0","0","0","0","0","0","0","0","1","0","0","1","1","0","0","0","0","0","0","0","0","0","0","0","0","0","0","0","0","0","0","0","0","0","0","0","0","0","0","0","0","0","0","0","0","0","0","0","0","1","202204","202204","2062"
"9949380","530010","71919540","28251794000185","3","1","00000000000000","","","","9901","","0","E","","","04","","03","36","03","","99","","","","","","","","EAS- Nº00035-02","20210107","1","","","","","","0","0","1","0","0","0","1","0","0","0","0","0","0","0",0,0,0,"0",0,0,0,0,0,0,0,0,0,0,0,0,0,0,"0",0,2,0,2,0,0,0,0,0,0,0,0,0,0,0,0,"1",0,0,0,"0",0,0,0,0,"0",0,0,0,0,0,0,0,0,0,0,0,0,0,0,0,"0","0","1","0","0","0","0","0","0","0","0","0","0","0","0","0","0","0","0","0","0","0","0","0","1","1","0","0","1","1","0","0","0","0","0","0","0","0","0","0","0","0","0","0","0","0","0","0","0","0","0","1","0","0","1","1","0","0","0","0","0","0","0","0","0","0","0","0","0","0","0","0","0","0","0","0","0","0","0","0","0","0","0","0","0","0","0","0","0","0","0","0","1","202103","202204","2062"
"9949488","530010","71571219","33709776000134","3","1","00000000000000","","","","0110","","0","E","","","04","","01","36","04","","99","","","","","","","","RLE DIGITAL","20190723","1","","","","","","0","0","1","0","0","0","1","0","0","0","0","0","0","0",0,0,0,"0",0,0,0,0,0,0,0,0,0,0,0,0,0,0,"0",0,0,0,0,0,0,0,0,2,0,0,0,0,0,0,0,"1",0,0,0,"0",0,0,0,0,"0",0,0,0,0,0,0,0,0,0,0,0,0,0,0,0,"0","0","1","0","0","0","0","0","0","0","0","0","0","0","0","0","0","0","0","0","0","0","0","0","1","1","1","0","1","1","0","0","0","0","0","0","0","0","0","0","0","0","0","0","0","0","0","0","0","0","0","1","0","0","0","1","0","0","0","0","0","0","0","0","0","0","0","0","0","0","0","0","0","0","0","0","0","0","0","0","0","0","0","0","0","0","0","0","0","0","0","0","1","202007","202204","2062"
"9951822","530010","70390150","04403934000125","3","1","00000000000000","","","","","","0","E","","","04","","03","36","04","","99","","","","","","","","LICENCA SANITARIA","20211016","1","","","","","","0","0","1","0","0","0","1","0","0","0","0","0","0","0",0,0,0,"0",0,0,0,0,0,0,0,0,0,0,0,0,0,0,"0",0,1,0,0,0,0,0,0,0,0,0,0,0,0,0,0,"1",0,0,0,"0",0,0,0,0,"0",0,0,0,0,0,0,0,0,0,0,0,0,0,0,0,"0","0","1","0","0","0","0","0","0","0","0","0","0","0","0","0","0","0","0","0","0","0","0","0","1","0","0","1","1","1","0","0","0","0","0","0","0","0","0","0","0","0","0","0","0","0","0","0","0","0","0","1","0","0","0","0","0","0","0","0","0","0","0","0","0","0","0","0","0","0","0","0","0","0","0","0","0","0","0","0","0","0","0","0","0","0","0","0","0","0","0","0","1","202111","202204","2062"
"9951830","530010","71615205","10274528000293","3","1","00000000000000","","","","0090","","0","E","","","04","","03","36","03","","99","","","","","","","","LICENCIAMENTO","20191007","1","","","","","","0","0","1","0","0","0","1","0","0","0","0","0","0","0",0,0,0,"0",0,0,0,0,0,0,0,0,0,0,0,0,0,0,"0",1,0,0,0,0,0,0,0,0,0,0,0,0,0,0,0,"1",0,0,0,"0",0,0,0,0,"0",0,0,0,0,0,0,0,0,0,0,0,0,0,0,0,"0","0","1","0","0","0","0","0","0","0","0","0","0","0","0","0","0","0","0","0","0","0","0","0","1","0","0","0","1","1","0","0","0","0","0","0","0","0","0","0","0","0","0","0","0","0","0","0","0","0","0","1","0","0","0","0","0","0","0","0","0","0","0","0","0","0","0","0","0","0","0","0","0","0","0","0","0","0","0","0","0","0","0","0","0","0","0","0","0","0","0","0","1","201910","202204","2062"
"9951865","530010","70308900","33655414000108","3","1","00000000000000","","","","","","0","E","","","04","","03","39","03","","99","","","","","","","","LAB8640-2/02","20191001","1","","","","","","0","0","1","0","0","0","1","0","0","0","0","0","0","0",0,0,0,"0",0,0,0,0,0,0,0,0,0,0,0,0,0,0,"0",0,1,0,0,0,0,0,0,0,0,0,0,0,0,0,0,"1",0,0,0,"0",0,0,0,0,"0",0,0,0,0,0,0,0,0,0,0,0,0,0,0,0,"0","0","1","0","0","0","0","0","0","0","0","0","0","0","0","0","0","0","0","0","0","0","0","0","1","1","1","0","1","1","0","0","0","0","0","0","0","0","0","0","0","0","0","0","0","0","0","0","0","0","0","0","0","0","0","0","0","0","1","0","0","1","1","0","0","0","0","0","0","0","0","0","0","0","0","0","0","0","0","0","0","0","0","0","0","0","0","0","0","0","0","0","1","201910","202204","2062"
"9951954","530010","73330003","33571345000154","3","1","00000000000000","","","","0120","","0","E","","","04","","","04","03","","99","","","","","","","","CERTIFICADO DE LICENCIAME","20191009","1","","","","","","0","0","1","0","0","0","1","0","0","0","0","0","0","0",0,0,0,"0",0,0,0,0,0,0,0,0,0,0,0,0,0,0,"0",0,3,0,0,0,0,0,0,0,0,0,0,0,0,0,0,"1",0,0,0,"0",0,0,0,0,"0",0,0,0,0,0,0,0,0,0,0,0,0,0,0,0,"0","0","0","0","0","0","0","0","0","0","0","0","0","0","0","0","0","0","0","0","0","0","0","0","0","0","0","0","1","1","0","0","0","0","0","0","0","0","0","0","0","0","0","0","0","0","0","0","0","0","0","1","0","0","0","1","0","0","0","0","0","0","0","0","0","0","0","0","0","0","0","0","0","0","0","0","0","0","0","0","0","0","0","0","0","0","0","0","0","0","0","0","1","201910","202204","2135"
"9952195","530010","70710143","03826373000104","3","1","00000000000000","","","","0005","","0","E","","","04","","01","36","03","","99","","","","","","","","","20191028","1","","","","","","0","0","1","0","0","0","1","0","0","0","0","0","0","0",0,0,0,"0",0,0,0,0,0,0,0,0,0,0,0,0,0,0,"0",0,2,0,0,0,0,0,0,0,0,0,0,0,0,0,0,"1",0,0,0,"0",0,0,0,0,"0",0,0,0,0,0,0,0,0,0,0,0,0,0,0,0,"0","0","0","0","0","0","0","0","0","0","0","0","0","0","0","0","0","0","0","0","0","0","0","0","0","0","0","0","1","1","0","0","0","0","0","0","0","0","0","0","0","0","0","0","0","0","0","0","0","0","0","1","0","0","0","0","0","0","0","0","0","0","0","0","0","0","0","0","0","0","0","0","0","0","0","0","0","0","0","0","0","0","0","0","0","0","0","0","0","0","0","0","1","201910","202204","2062"
"9952314","530010","72006040","33294691000132","3","1","00000000000000","","","","9934","","0","E","","","04","","03","36","03","","99","","","","","","","","DFP1900026703","20190411","1","","","","","","0","0","1","0","0","0","1","0","0","0","0","0","0","0",0,0,0,"0",0,0,0,0,0,0,0,0,0,0,0,0,0,0,"0",0,0,0,0,0,0,0,0,1,0,0,0,0,0,0,0,"1",0,0,0,"0",0,0,0,0,"0",0,0,0,0,0,0,0,0,0,0,0,0,0,0,0,"0","0","1","0","0","0","0","0","0","0","0","0","0","0","0","0","0","0","0","0","0","0","0","0","1","1","0","0","1","1","0","0","0","0","0","0","0","0","0","0","0","0","0","0","0","0","0","0","0","0","0","1","0","0","0","0","0","0","0","0","0","0","0","0","0","0","0","0","0","0","0","0","0","0","0","0","0","0","0","0","0","0","0","0","0","0","0","0","0","0","0","0","1","201910","202204","2305"
"9953078","530010","70735090","35002251000190","3","1","00000000000000","","1","1","0005","","0","E","","","04","","03","36","06","","99","","","","","","","","RLE DIGITAL","20191003","1","","","","","","0","0","1","0","0","0","1","0","0","0","0","0","0","0",0,0,0,"0",0,0,0,0,0,0,0,0,0,0,0,0,0,0,"0",0,1,0,0,0,0,0,0,0,0,0,0,0,0,0,0,"1",0,0,0,"0",0,0,0,0,"0",0,0,0,0,0,0,0,0,0,0,0,0,0,0,0,"0","0","0","0","0","0","0","0","0","0","0","0","0","0","0","0","0","0","0","0","0","0","0","0","0","0","0","0","1","1","0","0","0","0","0","0","0","0","0","0","0","0","0","0","0","0","0","0","0","0","0","1","0","0","0","1","0","0","0","0","0","0","0","0","0","0","0","0","0","0","0","0","0","0","0","0","0","0","0","0","0","0","0","0","0","0","0","0","0","0","0","0","1","201911","202204","2062"
"9953248","530010","70390100","10632899000380","3","1","00000000000000","","","","0015","61","0","E","","","04","","01","36","03","","99","","","","","","","","","","","","","","","","0","0","1","0","0","0","1","0","0","0","0","0","0","0",0,0,0,"0",0,0,0,0,0,0,0,0,0,0,0,0,0,0,"0",1,0,0,0,0,0,0,0,0,0,0,0,0,0,0,0,"1",0,0,0,"0",0,0,0,0,"0",0,0,0,0,0,0,0,0,0,0,0,0,0,0,0,"0","0","1","0","0","0","0","0","0","0","0","0","0","0","0","0","0","0","0","0","0","0","0","0","1","0","0","0","1","1","0","0","0","0","0","0","0","0","0","0","0","0","0","0","0","0","0","0","0","0","0","1","0","0","0","1","0","0","0","0","0","0","0","0","0","0","0","0","0","0","0","0","0","0","0","0","0","0","0","0","0","0","0","0","0","0","0","0","0","0","0","0","1","201910","202204","2062"
"9953485","530010","72315020","10632899000461","3","1","00000000000000","","","","","61","0","E","","","04","","03","36","03","","99","","","","","","","","","","","","","","","","0","0","1","0","0","0","1","0","0","0","0","0","0","0",0,0,0,"0",0,0,0,0,0,0,0,0,0,0,0,0,0,0,"0",1,0,0,0,0,0,0,0,0,0,0,0,0,0,0,0,"1",0,0,0,"0",0,0,0,0,"0",0,0,0,0,0,0,0,0,0,0,0,0,0,0,0,"0","0","1","0","0","0","0","0","0","0","0","0","0","0","0","0","0","0","0","0","0","0","0","0","1","0","0","0","1","1","0","0","0","0","0","0","0","0","0","0","0","0","0","0","0","0","0","0","0","0","0","1","0","0","0","1","0","0","0","0","0","0","0","0","0","0","0","0","0","0","0","0","0","0","0","0","0","0","0","0","0","0","0","0","0","0","0","0","0","0","0","0","1","201911","202204","2062"
"9954937","530010","72318575","03628122001510","3","1","00000000000000","","","","0140","","0","E","","","04","","03","36","03","","99","","","","","","","","RAD 0005 - 19","20191031","1","","","","","","0","0","1","0","0","0","1","0","0","0","0","0","0","0",0,0,0,"0",0,0,0,0,0,0,0,0,0,0,0,0,0,0,"0",0,0,0,1,0,0,0,0,0,0,0,0,0,0,0,0,"1",0,0,0,"0",0,0,0,0,"0",0,0,0,0,0,0,0,0,0,0,0,0,0,0,0,"0","0","1","0","0","0","0","0","0","0","0","0","0","0","0","0","0","0","0","0","0","0","0","0","1","0","0","0","1","1","0","0","0","0","0","0","0","0","0","0","0","0","0","0","0","0","0","0","0","0","0","1","0","0","0","1","0","0","0","0","0","0","0","0","0","0","0","0","0","0","0","0","0","0","0","0","0","0","0","0","0","0","0","0","0","0","0","0","0","0","0","0","1","201911","202204","2062"
"9958231","530010","70200700","34461799000135","3","1","00000000000000","","","","0015","","0","E","","","04","","03","36","03","","99","","","","","","","","EAS 20710-01","20210813","1","","","","","","0","0","1","0","0","0","1","0","0","0","0","0","0","0",0,0,0,"0",0,0,0,0,0,0,0,0,0,0,0,0,0,0,"0",0,1,0,0,0,0,0,0,0,0,0,0,0,0,0,0,"1",0,0,0,"0",0,0,0,0,"0",0,0,0,0,0,0,0,0,0,0,0,0,0,0,0,"0","0","1","0","0","0","0","0","0","0","0","0","0","0","0","0","0","0","0","0","0","0","0","0","1","0","0","0","1","1","0","0","0","0","0","0","0","0","0","0","0","0","0","0","0","0","0","0","0","0","0","0","0","0","0","1","0","0","0","0","0","0","0","0","0","0","0","0","0","0","0","0","0","0","0","0","0","0","0","0","0","0","0","0","0","0","0","0","0","0","0","0","1","202111","202204","2305"
"9958258","530010","70390905","33718401000130","3","1","00000000000000","","","","0010","","0","E","","","04","","03","36","03","","99","","","","","","","","737/2021","20210930","1","","","","","","0","0","1","0","0","0","1","0","0","0","0","0","0","0",0,0,0,"0",0,0,0,0,0,0,0,0,0,0,0,0,0,0,"0",0,2,0,0,0,0,0,0,0,0,0,0,0,0,0,0,"1",0,0,0,"0",0,0,0,0,"0",0,0,0,0,0,0,0,0,0,0,0,0,0,0,0,"0","0","1","0","0","0","0","0","0","0","0","0","0","0","0","0","0","0","0","0","0","0","0","0","1","1","0","0","1","1","0","0","0","0","0","0","0","0","0","0","0","0","0","0","0","0","0","0","0","0","0","1","0","0","0","1","0","0","0","0","0","0","0","0","0","0","0","0","0","0","0","0","0","0","0","0","0","0","0","0","0","0","0","0","0","0","0","0","0","0","0","0","1","202111","202204","2062"
"9958290","530010","71907720","34471621000175","3","1","00000000000000","","","","9901","","0","E","","","04","","03","22","03","","99","","","","","","","","LICENCA","20191021","1","","","","","","0","0","1","0","0","0","1","0","0","0","0","0","0","0",0,0,0,"0",0,0,0,0,0,0,0,0,0,0,0,0,0,0,"0",0,0,0,1,0,0,0,0,0,0,0,0,0,0,0,0,"1",0,0,0,"0",0,0,0,0,"0",0,0,0,0,0,0,0,0,0,0,0,0,0,0,0,"0","0","0","0","0","0","0","0","0","0","0","0","0","0","0","0","0","0","0","0","0","0","0","0","0","0","0","0","1","1","0","0","0","0","0","0","0","0","0","0","0","0","0","0","0","0","0","0","0","0","0","1","0","0","0","0","0","0","0","0","0","0","0","0","0","0","0","0","0","0","0","0","0","0","0","0","0","0","0","0","0","0","0","0","0","0","0","0","0","0","0","0","1","201911","202204","2062"
"9958312","530010","70390150","34455300000187","3","1","00000000000000","","","","","","0","E","","","04","","01","22","03","","99","","","","","","","","","","1","","","","","","0","0","1","0","0","0","1","0","0","0","0","0","0","0",0,0,0,"0",0,0,0,0,0,0,0,0,0,0,0,0,0,0,"0",1,0,0,0,0,0,0,0,0,0,0,0,0,0,0,0,"1",0,0,0,"0",0,0,0,0,"0",0,0,0,0,0,0,0,0,0,0,0,0,0,0,0,"0","0","0","0","0","0","0","0","0","0","0","0","0","0","0","0","0","0","0","0","0","0","0","0","0","0","0","0","1","1","0","0","0","0","0","0","0","0","0","0","0","0","0","0","0","0","0","0","0","0","0","1","0","0","0","0","0","0","0","0","0","0","0","0","0","0","0","0","0","0","0","0","0","0","0","0","0","0","0","0","0","0","0","0","0","0","0","0","0","0","0","0","1","201911","202204","2062"
"9958428","530010","70340000","32965986000120","3","1","00000000000000","","","","0015","","0","E","","","04","","03","04","03","","99","","","","","","","","EAS 20706-01","20190917","1","","","","","","0","0","0","0","1","0","1","0","0","0","0","0","0","0",0,0,0,"0",0,0,0,0,0,0,0,0,0,0,0,0,0,0,"0",0,1,0,0,0,0,0,0,0,0,0,0,0,0,0,0,"1",0,0,0,"0",0,0,0,0,"0",0,0,0,0,0,0,0,0,0,0,0,0,0,0,0,"0","0","0","1","0","0","0","0","0","0","0","0","0","0","0","0","0","0","0","0","0","0","0","0","1","0","0","0","1","1","0","0","0","0","0","0","0","0","0","0","0","0","0","0","0","0","0","0","0","0","0","1","0","0","0","0","0","0","0","0","0","0","0","0","0","0","0","0","0","0","0","0","0","0","0","0","0","0","0","0","0","0","0","0","0","0","0","0","0","0","0","0","1","201911","202204","2062"
"9958460","530010","70390108","07842892000117","3","1","00000000000000","","","","0015","","0","E","","","04","","03","22","03","","99","","","","","","","","EAS 02700-01","20190705","1","","","","","","0","0","0","0","1","0","1","0","0","0","0","0","0","0",0,0,0,"0",0,0,0,0,0,0,0,0,0,0,0,0,0,0,"0",0,1,0,0,0,0,0,0,0,0,0,0,0,0,0,0,"1",0,0,0,"0",0,0,0,0,"0",0,0,0,0,0,0,0,0,0,0,0,0,0,0,0,"0","0","1","0","0","0","0","0","0","0","0","0","0","0","0","0","0","0","0","0","0","0","0","0","1","0","0","0","1","1","0","0","0","0","0","0","0","0","0","0","0","0","0","0","0","0","0","0","0","0","0","1","0","0","0","0","0","0","0","0","0","0","0","0","0","0","0","0","0","0","0","0","0","0","0","0","0","0","0","0","0","0","0","0","0","0","0","0","0","0","0","0","1","201911","202204","2062"
"9958533","530010","70340000","32889299000173","3","1","00000000000000","","","","0015","","0","E","","","04","","03","04","04","","99","","","","","","","","EAS 20705-01","20190909","1","","","","","","0","0","0","0","1","0","1","0","0","0","0","0","0","0",0,0,0,"0",0,0,0,0,0,0,0,0,0,0,0,0,0,0,"0",0,1,0,0,0,0,0,0,0,0,0,0,0,0,0,0,"1",0,0,0,"0",0,0,0,0,"0",0,0,0,0,0,0,0,0,0,0,0,0,0,0,0,"0","0","1","0","0","0","0","0","0","0","0","0","0","0","0","0","0","0","0","0","0","0","0","0","1","0","0","0","1","1","0","0","0","0","0","0","0","0","0","0","0","0","0","0","0","0","0","0","0","0","0","1","0","0","0","0","0","0","0","0","0","0","0","0","0","0","0","0","0","0","0","0","0","0","0","0","0","0","0","0","0","0","0","0","0","0","0","0","0","0","0","0","1","201911","202204","2062"
"9958738","530010","70200750","32810796000134","3","1","00000000000000","","","","0015","","0","E","","","04","","03","36","03","","99","","","","","","","","EAS 2071401","20191024","1","","","","","","0","0","1","0","0","0","1","0","0","0","0","0","0","0",0,0,0,"0",0,0,0,0,0,0,0,0,0,0,0,0,0,0,"0",0,1,0,0,0,0,0,0,0,0,0,0,0,0,0,0,"1",0,0,0,"0",0,0,0,0,"0",0,0,0,0,0,0,0,0,0,0,0,0,0,0,0,"0","0","0","0","0","0","0","0","0","0","0","0","0","0","0","0","0","0","0","0","0","0","0","0","0","0","0","0","1","1","0","0","0","0","0","0","0","0","0","0","0","0","0","0","0","0","0","0","0","0","0","1","0","0","0","0","0","0","0","0","0","0","0","0","0","0","0","0","0","0","0","0","0","0","0","0","0","0","0","0","0","0","0","0","0","0","0","0","0","0","0","0","1","201911","202204","2062"
"9958754","530010","71670750","10711824000123","3","1","00000000000000","","","","0090","","0","E","","","04","","03","83","06","","99","","","","","","","","EAS.00107-03","20190502","1","","","","","","0","0","1","0","0","0","1","0","0","0","0","0","0","0",0,0,0,"0",0,0,0,0,0,0,0,0,0,0,0,0,0,0,"0",0,0,0,0,0,0,0,0,0,0,6,0,0,0,0,0,"1",0,0,0,"0",0,0,0,0,"0",0,0,0,0,0,0,0,0,0,0,0,0,0,0,0,"0","0","1","0","1","0","0","0","0","0","0","0","0","0","0","0","1","0","0","0","0","0","0","0","1","1","0","0","1","1","0","0","0","0","0","0","0","0","0","0","0","0","0","0","0","0","0","0","0","0","0","0","0","0","0","0","0","0","0","0","0","0","0","0","0","0","0","0","0","0","0","0","0","0","0","0","0","1","0","0","0","0","0","0","0","0","0","0","0","0","0","0","1","202204","202204","3999"
"9959777","530010","70715900","34906988000174","3","1","00000000000000","","","","0005","","0","E","","","04","","01","22","03","","99","","","","","","","","ODO 00066-2","20191023","1","","","","","","0","0","1","0","0","0","1","0","0","0","0","0","0","0",0,0,0,"0",0,0,0,0,0,0,0,0,0,0,0,0,0,0,"0",0,0,0,0,0,0,0,0,1,0,0,0,0,0,0,0,"1",0,0,0,"0",0,0,0,0,"0",0,0,0,0,0,0,0,0,0,0,0,0,0,0,0,"0","0","0","0","0","0","0","0","1","0","0","0","0","0","0","0","0","0","0","0","0","0","0","0","1","1","1","0","1","1","0","0","0","0","0","0","0","0","0","0","0","0","0","0","0","0","0","0","0","0","0","1","0","0","0","0","0","0","0","0","0","0","0","0","0","0","0","0","0","0","0","0","0","0","0","0","0","0","0","0","0","0","0","0","0","0","0","0","0","0","0","0","1","201911","202204","2305"
"9959823","530010","72465420","28889953000171","3","1","00000000000000","","","","0060","61","0","E","","","04","","01","36","03","","99","","","","","","","","00096-20","20171218","1","","","","","","0","0","1","0","0","0","1","0","0","0","0","0","0","0",0,0,0,"0",0,0,0,0,0,0,0,0,0,0,0,0,0,0,"0",0,0,0,0,0,0,0,0,1,0,0,0,0,0,0,0,"1",0,0,0,"0",0,0,0,0,"0",0,0,0,0,0,0,0,0,0,0,0,0,0,0,0,"0","0","0","0","0","0","0","0","1","0","0","0","0","0","0","0","0","0","0","0","0","0","0","0","1","1","0","0","1","1","0","0","0","0","0","0","0","0","0","0","0","0","0","0","0","0","0","0","0","0","0","1","0","0","0","0","0","0","0","0","0","0","0","0","0","0","0","0","0","0","0","0","0","0","0","0","0","0","0","0","0","0","0","0","0","0","0","0","0","0","0","0","1","201911","202204","2305"
"9960139","530010","70340000","32829071000198","3","1","00000000000000","","","","0015","","0","E","","","04","","03","04","03","","99","","","","","","","","EAS 20686-01","20190725","1","","","","","","0","0","0","0","1","0","1","0","0","0","0","0","0","0",0,0,0,"0",0,0,0,0,0,0,0,0,0,0,0,0,0,0,"0",0,1,0,0,0,0,0,0,0,0,0,0,0,0,0,0,"1",0,0,0,"0",0,0,0,0,"0",0,0,0,0,0,0,0,0,0,0,0,0,0,0,0,"0","0","0","0","0","0","0","0","0","0","0","0","0","0","0","0","0","0","0","0","0","0","0","0","0","0","0","0","1","1","0","0","0","0","0","0","0","0","0","0","0","0","0","0","0","0","0","0","0","0","0","1","0","0","0","0","0","0","0","0","0","0","0","0","0","0","0","0","0","0","0","0","0","0","0","0","0","0","0","0","0","0","0","0","0","0","0","0","0","0","0","0","1","201911","202204","2062"
"9961178","530010","70390095","35234407000168","3","1","00000000000000","","","","0015","","0","E","","","04","","03","22","03","","99","","","","","","","","LICENCA RLE DIGITAL","20191021","1","","","","","","0","0","1","0","0","0","1","0","0","0","0","0","0","0",0,0,0,"0",0,0,0,0,0,0,0,0,0,0,0,0,0,0,"0",1,0,0,0,0,0,0,0,0,0,0,0,0,0,0,0,"1",0,0,0,"0",0,0,0,0,"0",0,0,0,0,0,0,0,0,0,0,0,0,0,0,0,"0","0","0","0","0","0","0","0","0","0","0","0","0","0","0","0","0","0","0","0","0","0","0","0","0","0","0","0","1","1","0","0","0","0","0","0","0","0","0","0","0","0","0","0","0","0","0","0","0","0","0","1","0","0","0","0","0","0","0","0","0","0","0","0","0","0","0","0","0","0","0","0","0","0","0","0","0","0","0","0","0","0","0","0","0","0","0","0","0","0","0","0","1","201911","202204","2062"
"9961240","530010","71906500","34763705000182","3","1","00000000000000","","","","9901","","0","E","","","04","","02","36","04","","99","","","","","","","","RLE DIGITAL","20190923","1","","","","","","0","0","1","0","0","0","1","0","0","0","0","0","0","0",0,0,0,"0",0,0,0,0,0,0,0,0,0,0,0,0,0,0,"0",0,0,0,1,0,0,0,0,0,0,0,0,0,0,0,0,"1",0,0,0,"0",0,0,0,0,"0",0,0,0,0,0,0,0,0,0,0,0,0,0,0,0,"0","0","0","0","0","0","0","0","0","0","0","0","0","0","0","0","0","0","0","0","0","0","0","0","0","0","0","0","1","1","0","0","0","0","0","0","0","0","0","0","0","0","0","0","0","0","0","0","0","0","0","1","0","0","0","1","0","0","0","0","0","0","0","0","0","0","0","0","0","0","0","0","0","0","0","0","0","0","0","0","0","0","0","0","0","0","0","0","0","0","0","0","1","201911","202204","2305"
"9961283","530010","71950550","29654169000147","3","1","00000000000000","","","","","","0","E","","","04","","03","36","03","","99","","","","","","","","EAS.00045-14","20191104","1","","","","","","0","0","1","0","0","0","1","0","0","0","0","0","0","0",0,0,0,"0",0,0,0,0,0,0,0,0,0,0,0,0,0,0,"0",0,1,0,0,0,0,0,0,0,0,0,0,0,0,0,0,"1",0,0,0,"0",0,0,0,0,"0",0,0,0,0,0,0,0,0,0,0,0,0,0,0,0,"0","0","1","0","0","0","0","0","0","0","0","0","0","0","0","0","0","0","0","1","0","0","0","0","1","0","0","0","1","1","0","0","0","0","0","0","0","0","0","0","0","0","0","0","0","0","0","0","0","0","0","1","0","0","0","1","0","0","0","0","0","0","0","0","0","0","0","0","0","0","0","0","0","0","0","0","0","0","0","0","0","0","0","0","0","0","0","0","0","0","0","0","1","201911","202204","2062"
"9962646","530010","71931720","01280128000208","3","1","00000000000000","","","","9901","","0","E","","","04","","03","22","03","","99","","","","","","","","EAS.00171-22","20191014","1","","","","","","0","0","1","0","0","0","1","0","0","0","0","0","0","0",0,0,0,"0",0,0,0,0,0,0,0,0,0,0,0,0,0,0,"0",1,0,0,0,0,0,0,0,0,0,0,0,0,0,0,0,"1",0,0,0,"0",0,0,0,0,"0",0,0,0,0,0,0,0,0,0,0,0,0,0,0,0,"0","0","1","0","0","0","0","0","0","0","0","0","0","0","0","0","0","0","0","0","0","0","0","0","1","0","0","0","1","1","0","0","0","0","0","0","0","0","0","0","0","0","0","0","0","0","0","0","0","0","0","1","0","0","1","1","0","0","0","0","0","0","0","0","0","0","0","0","0","0","0","0","0","0","0","0","0","0","0","0","0","0","0","0","0","0","0","0","0","0","0","0","1","201911","202204","2240"
"9963235","530010","72130035","33652133000100","3","1","00000000000000","","","","","","0","E","","","04","","01","22","03","","99","","","","","","","","","","","","","","","","0","0","1","0","0","0","1","0","0","0","0","0","0","0",0,0,0,"0",0,0,0,0,0,0,0,0,0,0,0,0,0,0,"0",0,0,0,0,0,0,0,0,1,0,0,0,0,0,0,0,"1",0,0,0,"0",0,0,0,0,"0",0,0,0,0,0,0,0,0,0,0,0,0,0,0,0,"0","0","0","0","0","0","0","0","0","0","0","0","0","0","0","0","0","0","0","0","0","0","0","0","0","0","0","0","1","1","0","0","0","0","0","0","0","0","0","0","0","0","0","0","0","0","0","0","0","0","0","1","0","0","0","0","0","0","0","0","0","0","0","0","0","0","0","0","0","0","0","0","0","0","0","0","0","0","0","0","0","0","0","0","0","0","0","0","0","0","0","0","1","201911","202204","2305"
"9963243","530010","71020115","02403041000154","3","1","00000000000000","","","","","","0","E","","","04","","01","22","03","","99","","","","","","","","","20191017","1","","","","","","0","0","1","0","0","0","1","0","0","0","0","0","0","0",0,0,0,"0",0,0,0,0,0,0,0,0,0,0,0,0,0,0,"0",1,0,0,0,0,0,0,0,0,0,0,0,0,0,0,0,"1",0,0,0,"0",0,0,0,0,"0",0,0,0,0,0,0,0,0,0,0,0,0,0,0,0,"0","0","0","0","0","0","0","0","0","0","0","0","0","0","0","0","0","0","0","0","0","0","0","0","0","1","0","0","1","1","0","0","0","0","0","0","0","0","0","0","0","0","0","0","0","0","0","0","0","0","0","1","0","0","0","1","0","0","0","0","0","0","0","0","0","0","0","0","0","0","0","0","0","0","0","0","0","0","0","0","0","0","0","0","0","0","0","0","0","0","0","0","1","201911","202204","2062"
"9963553","530010","70755540","35192510000192","3","1","00000000000000","","","","","","0","E","","","04","","03","22","03","","99","","","","","","","","LICECA","20191018","1","","","","","","0","0","1","0","0","0","1","0","0","0","0","0","0","0",0,0,0,"0",0,0,0,0,0,0,0,0,0,0,0,0,0,0,"0",0,1,0,0,0,0,0,0,0,0,0,0,0,0,0,0,"1",0,0,0,"0",0,0,0,0,"0",0,0,0,0,0,0,0,0,0,0,0,0,0,0,0,"0","0","1","0","0","0","0","0","0","0","0","0","0","0","0","0","0","0","0","0","0","0","0","0","1","0","0","0","1","1","0","0","0","0","0","0","0","0","0","0","0","0","0","0","0","0","0","0","0","0","0","1","0","0","0","1","0","0","0","0","0","0","0","0","0","0","0","0","0","0","0","0","0","0","0","0","0","0","0","0","0","0","0","0","0","0","0","0","0","0","0","0","1","201911","202204","2135"
"9964304","530010","70680643","33461218000100","3","1","00000000000000","","","","9931","","0","E","","","04","","03","36","03","","99","","","","","","","","LICENCA SANITARIA","20191107","1","","","","","","0","0","1","0","0","0","1","0","0","0","0","0","0","0",0,0,0,"0",0,0,0,0,0,0,0,0,0,0,0,0,0,0,"0",4,0,0,0,0,0,0,0,0,0,0,0,0,0,0,0,"1",0,0,0,"0",0,0,0,0,"0",0,0,0,0,0,0,0,0,0,0,0,0,0,0,0,"0","0","1","0","0","0","0","0","0","0","0","0","0","0","0","0","0","0","0","0","0","0","0","0","1","0","0","0","1","1","0","0","0","0","0","0","0","0","0","0","0","0","0","0","0","0","0","0","0","0","0","1","0","0","0","1","0","0","0","0","0","0","0","0","0","0","0","0","0","0","0","0","0","0","0","0","0","0","0","0","0","0","0","0","0","0","0","0","0","0","0","0","1","201911","202204","2062"
"9967346","530010","72015010","30683545000100","3","1","00000000000000","","","","","","0","E","","","04","","01","04","03","","99","","","","","","","","EAS.00031-14","20190828","1","","","","","","0","0","1","0","0","0","1","0","0","0","0","0","0","0",0,0,0,"0",0,0,0,0,0,0,0,0,0,0,0,0,0,0,"0",2,1,0,1,0,0,0,0,1,0,0,0,0,0,0,0,"1",0,0,0,"0",0,0,0,0,"0",0,0,0,0,0,0,0,0,0,0,0,0,0,0,0,"0","0","1","0","0","0","0","0","1","0","1","0","0","0","0","0","0","0","0","1","0","0","0","0","1","0","0","1","1","1","0","0","0","0","0","0","0","0","0","0","0","0","0","0","0","0","0","0","0","0","0","1","0","0","0","0","0","0","0","0","0","0","0","0","0","0","0","0","0","0","0","0","0","0","0","0","0","0","0","0","0","0","0","0","0","0","0","0","0","0","0","0","1","201911","202204","2062"
"9967478","530010","70390100","34886591000168","3","1","00000000000000","","","","0015","","0","E","","","04","","03","36","03","","99","","","","","","","","EAS 2073001","20191106","1","","","","","","0","0","1","0","0","0","1","0","0","0","0","0","0","0",0,0,0,"0",0,0,0,0,0,0,0,0,0,0,0,0,0,0,"0",0,1,0,0,0,0,0,0,0,0,0,0,0,0,0,0,"1",0,0,0,"0",0,0,0,0,"0",0,0,0,0,0,0,0,0,0,0,0,0,0,0,0,"0","0","1","0","0","0","0","0","0","0","0","0","0","0","0","0","0","0","0","0","0","0","0","0","1","1","0","0","1","1","0","0","0","0","0","0","0","0","0","0","0","0","0","0","0","0","0","0","0","0","0","1","0","0","0","0","0","0","0","0","0","0","0","0","0","0","0","0","0","0","0","0","0","0","0","0","0","0","0","0","0","0","0","0","0","0","0","0","0","0","0","0","1","201911","202204","2062"
"9967486","530010","72237310","27544160000158","3","1","00000000000000","","","","0040","","1","E","","","04","","02","04","04","","99","070","083","0060464","","","","","LICENCIAMENTO","20200430","1","","","","","","0","0","1","0","0","0","1","0","0","0","0","0","0","0",0,0,0,"0",0,0,0,1,0,0,0,0,0,0,0,0,0,0,"1",1,1,0,0,0,0,0,0,0,0,0,0,0,0,0,0,"1",0,0,0,"0",0,0,0,0,"0",0,0,0,0,0,0,0,0,0,0,0,0,0,0,0,"0","0","1","0","1","0","1","0","0","1","1","0","0","0","0","0","0","1","0","1","0","1","0","0","1","1","0","0","1","1","0","0","0","0","0","1","0","0","0","0","0","0","1","0","0","0","0","0","0","0","1","1","0","0","1","1","0","0","0","0","0","0","0","0","0","0","0","0","0","0","0","0","0","0","0","0","0","0","0","0","0","0","0","0","0","0","0","0","0","0","0","0","1","202205","202204","2305"
"9967524","530010","70390100","34886726000195","3","1","00000000000000","","","","0015","","0","E","","","04","","03","22","03","","99","","","","","","","","EAS 2071801","20191023","1","","","","","","0","0","1","0","0","0","1","0","0","0","0","0","0","0",0,0,0,"0",0,0,0,0,0,0,0,0,0,0,0,0,0,0,"0",1,0,0,0,0,0,0,0,0,0,0,0,0,0,0,0,"1",0,0,0,"0",0,0,0,0,"0",0,0,0,0,0,0,0,0,0,0,0,0,0,0,0,"0","0","1","0","0","0","0","0","0","0","0","0","0","0","0","0","0","0","0","0","0","0","0","0","1","0","0","0","1","1","0","0","0","0","0","0","0","0","0","0","0","0","0","0","0","0","0","0","0","0","0","1","0","0","0","0","0","0","0","0","0","0","0","0","0","0","0","0","0","0","0","0","0","0","0","0","0","0","0","0","0","0","0","0","0","0","0","0","0","0","0","0","1","201911","202204","2305"
"9967567","530010","70390100","33132097000145","3","1","00000000000000","","","","0015","","0","E","","","04","","03","22","03","","99","","","","","","","","EAS 2072401","20191106","1","","","","","","0","0","1","0","0","0","1","0","0","0","0","0","0","0",0,0,0,"0",0,0,0,0,0,0,0,0,0,0,0,0,0,0,"0",1,0,0,0,0,0,0,0,0,0,0,0,0,0,0,0,"1",0,0,0,"0",0,0,0,0,"0",0,0,0,0,0,0,0,0,0,0,0,0,0,0,0,"0","0","1","0","0","0","0","0","0","0","0","0","0","0","0","0","0","0","0","0","0","0","0","0","1","0","0","0","1","1","0","0","0","0","0","0","0","0","0","0","0","0","0","0","0","0","0","0","0","0","0","1","0","0","0","0","0","0","0","0","0","0","0","0","0","0","0","0","0","0","0","0","0","0","0","0","0","0","0","0","0","0","0","0","0","0","0","0","0","0","0","0","1","201911","202204","2135"
"9967710","530010","72015901","13896350000120","3","1","00000000000000","","","","0180","","0","E","","","04","","01","36","03","","99","","","","","","","","EAS00013/2014","20210310","1","","","","","","0","0","1","0","0","0","1","0","0","0","0","0","0","0",0,0,0,"0",0,0,0,0,0,0,0,0,0,0,0,0,0,0,"0",0,3,0,0,0,0,0,0,0,0,0,0,0,0,0,0,"1",0,0,0,"0",0,0,0,0,"0",0,0,0,0,0,0,0,0,0,0,0,0,0,0,0,"0","0","1","0","0","0","0","0","0","0","0","0","0","0","0","0","0","0","1","1","0","0","0","0","1","1","1","0","1","1","0","0","0","0","0","0","0","0","0","0","0","0","0","0","0","0","0","0","0","0","0","1","0","0","0","1","0","0","0","0","0","0","0","0","0","0","0","0","0","0","0","0","0","0","0","0","0","0","0","0","0","0","0","0","0","0","0","0","0","0","0","0","1","202104","202204","2062"
"9968016","530010","71907720","34069464000176","3","1","00000000000000","","","","","","0","E","","","04","","03","36","04","","99","","","","","","","","53101426015","20190702","2","","","","","","0","0","1","0","0","0","1","0","0","0","0","0","0","0",0,0,0,"0",0,0,0,0,0,0,0,0,0,0,0,0,0,0,"0",0,3,0,0,0,0,0,0,0,0,0,0,0,0,0,0,"1",0,0,0,"0",0,0,0,0,"0",0,0,0,0,0,0,0,0,0,0,0,0,0,0,0,"0","0","1","0","0","0","0","0","0","0","0","0","0","0","0","0","0","0","0","1","0","0","0","0","1","0","0","0","1","1","0","0","0","0","0","0","0","0","0","0","0","0","0","0","0","0","0","0","0","0","0","1","0","0","0","1","0","0","0","0","0","0","0","0","0","0","0","0","0","0","0","0","0","0","0","0","0","0","0","0","0","0","0","0","0","0","0","0","0","0","0","0","1","201911","202204","2135"
"9969535","530010","73350203","34333217000135","3","1","00000000000000","","","","","","0","E","","","04","","03","36","03","","99","","","","","","","","","20190902","2","","","","","","0","0","1","0","0","0","1","0","0","0","0","0","0","0",0,0,0,"0",0,0,0,0,0,0,0,0,0,0,0,0,0,0,"0",0,0,0,0,0,0,0,0,1,0,0,0,0,0,0,0,"1",0,0,0,"0",0,0,0,0,"0",0,0,0,0,0,0,0,0,0,0,0,0,0,0,0,"0","0","0","0","0","0","0","0","1","0","0","0","0","0","0","0","0","0","0","0","0","0","0","0","1","0","0","0","1","1","0","0","0","0","0","0","0","0","0","0","0","0","0","0","0","0","0","0","0","0","0","1","0","0","0","0","0","0","0","0","0","0","0","0","0","0","0","0","0","0","0","0","0","0","0","0","0","0","0","0","0","0","0","0","0","0","0","0","0","0","0","0","1","201911","202204","2135"
"9969780","530010","71625645","33966467000140","3","1","00000000000000","","","","","","0","E","","","04","","03","22","03","","99","","","","","","","","ODO0047903","20190815","1","","","","","","0","0","1","0","0","0","1","0","0","0","0","0","0","0",0,0,0,"0",0,0,0,0,0,0,0,0,0,0,0,0,0,0,"0",0,0,0,0,0,0,0,0,1,0,0,0,0,0,0,0,"1",0,0,0,"0",0,0,0,0,"0",0,0,0,0,0,0,0,0,0,0,0,0,0,0,0,"0","0","1","0","0","0","0","0","0","0","0","0","0","0","0","0","0","0","0","0","0","0","0","0","1","0","0","0","0","0","0","0","0","0","0","0","0","0","0","0","0","0","0","0","0","0","0","0","0","0","0","1","0","0","0","0","0","0","0","0","0","0","0","0","0","0","0","0","0","0","0","0","0","0","0","0","0","0","0","0","0","0","0","0","0","0","0","0","0","0","0","0","1","201911","202204","2062"
"9969977","530010","73330001","08263838000180","3","1","00000000000000","","","","0120","","0","E","","","04","","01","22","01","","99","","","","","","","","EAS0004210","20190515","1","","","","","","0","0","1","0","0","0","1","0","0","0","0","0","0","0",0,0,0,"0",0,0,0,0,0,0,0,0,0,0,0,0,0,0,"0",0,0,0,0,0,0,0,0,1,0,0,0,0,0,0,0,"1",0,0,0,"0",0,0,0,0,"0",0,0,0,0,0,0,0,0,0,0,0,0,0,0,0,"0","0","1","0","0","0","0","0","1","0","0","0","0","0","0","0","0","0","0","0","0","0","0","0","1","0","0","0","1","1","0","0","0","0","0","0","0","0","0","0","0","0","0","0","0","0","0","0","0","0","0","1","0","0","0","1","0","0","0","0","0","0","0","0","0","0","0","0","0","0","0","0","0","0","0","0","0","0","0","0","0","0","0","0","0","0","0","0","0","0","0","0","1","201911","202204","2062"
"9969985","530010","70390150","32872819000135","3","1","00000000000000","","","","0015","","0","E","","","04","","01","22","04","","99","","","","","","","","","20191031","1","","","","","","0","0","1","0","0","0","1","0","0","0","0","0","0","0",0,0,0,"0",0,0,0,0,0,0,0,0,0,0,0,0,0,0,"0",0,0,0,1,0,0,0,0,0,0,0,0,0,0,0,0,"1",0,0,0,"0",0,0,0,0,"0",0,0,0,0,0,0,0,0,0,0,0,0,0,0,0,"0","0","0","0","0","0","0","0","0","0","0","0","0","0","0","0","0","0","0","0","0","0","0","0","0","0","0","0","1","1","0","0","0","0","0","0","0","0","0","0","0","0","0","0","0","0","0","0","0","0","0","1","0","0","0","1","0","0","0","0","0","0","0","0","0","0","0","0","0","0","0","0","0","0","0","0","0","0","0","0","0","0","0","0","0","0","0","0","0","0","0","0","1","201911","202204","2135"
"9970576","530010","70750502","07890065000522","3","1","00000000000000","","","","0005","","0","E","","","03","","01","36","03","","99","","","","","","","","EAS - 00564-02","20190125","1","","","","","","0","0","1","0","0","0","1","0","0","0","0","0","0","0",0,0,0,"0",0,0,0,0,0,0,0,0,0,0,0,0,0,0,"0",2,0,0,0,0,0,0,0,0,0,0,0,0,0,0,0,"1",0,0,0,"0",0,0,0,0,"0",0,0,0,0,0,0,0,0,0,0,0,0,0,0,0,"0","0","1","0","0","0","0","0","0","0","0","0","0","0","0","0","0","0","0","0","0","0","0","0","1","1","0","0","1","1","0","0","0","0","0","0","0","0","0","0","0","0","0","0","0","0","0","0","0","0","0","0","0","0","0","0","1","0","0","0","0","0","0","0","0","0","0","0","0","0","0","0","0","0","0","0","0","0","0","0","0","0","0","0","0","0","0","0","0","0","0","0","1","201911","202204","2062"
"9971815","530010","70790157","34337400000109","3","1","00000000000000","","","","0005","","0","E","","","04","","03","36","04","","99","","","","","","","","","20191113","1","","","","","","0","0","1","0","0","0","1","0","0","0","0","0","0","0",0,0,0,"0",0,0,0,0,0,0,0,0,0,0,0,0,0,0,"0",0,1,0,0,0,0,0,0,0,0,0,0,0,0,0,0,"1",0,0,0,"0",0,0,0,0,"0",0,0,0,0,0,0,0,0,0,0,0,0,0,0,0,"0","0","0","0","0","0","0","0","0","0","0","0","0","0","0","0","0","0","0","0","0","0","0","0","0","0","0","0","1","1","0","0","0","0","0","0","0","0","0","0","0","0","0","0","0","0","0","0","0","0","0","1","0","0","1","1","0","0","0","0","0","0","0","0","0","0","0","0","0","0","0","0","0","0","0","0","0","0","0","0","0","0","0","0","0","0","0","0","0","0","0","0","1","201912","202204","2135"
"9974016","530010","71070512","35368722000188","3","1","00000000000000","","","","0070","","0","E","","","04","","01","36","03","","99","","","","","","","","RLE","20191120","1","","","","","","0","0","1","0","0","0","1","0","0","0","0","0","0","0",0,0,0,"0",0,0,0,0,0,0,0,0,0,0,0,0,0,0,"0",2,1,0,0,0,0,0,0,0,0,0,0,0,1,0,0,"1",0,0,0,"0",0,0,0,0,"0",0,0,0,0,0,0,0,0,0,0,0,0,0,0,0,"0","0","0","1","0","0","0","0","0","0","0","0","0","0","0","0","0","0","0","0","0","0","0","0","1","0","0","0","1","1","0","0","0","0","0","0","0","0","0","0","0","0","0","0","0","0","0","0","0","0","0","0","0","0","0","1","0","0","0","0","0","0","0","0","0","0","0","0","0","0","0","0","0","0","0","0","0","0","0","0","0","0","0","0","0","0","0","0","0","0","0","0","1","202107","202204","2062"
"9974059","530010","70712903","35532433000172","3","1","00000000000000","","","","","","0","E","","","04","","03","36","04","","99","","","","","","","","RLE 53202274130","20210715","1","","","","","","0","0","1","0","0","0","1","0","0","0","0","0","0","0",0,0,0,"0",0,0,0,0,0,0,0,0,0,0,0,0,0,0,"0",0,0,0,5,0,0,0,0,0,0,0,0,0,0,0,0,"1",0,0,0,"0",0,0,0,0,"0",0,0,0,0,0,0,0,0,0,0,0,0,0,0,0,"0","0","1","0","0","0","0","0","0","0","0","0","0","0","0","0","0","0","0","0","0","0","0","0","1","0","0","0","1","1","0","0","0","0","0","0","0","0","0","0","0","0","0","0","0","0","0","0","0","0","0","1","0","0","0","1","0","0","0","0","0","0","0","0","0","0","0","0","0","0","0","0","0","0","0","0","0","0","0","0","0","0","0","0","0","0","0","0","0","0","0","0","1","202107","202204","2062"
"9974202","530010","71936250","09065085000160","3","1","00000000000000","","","","0180","","0","E","","","04","","03","36","03","","99","","","","","","","","ODO 00012-22","20211013","1","","","","","","0","0","1","0","0","0","1","0","0","0","0","0","0","0",0,0,0,"0",0,0,0,0,0,0,0,0,0,0,0,0,0,0,"0",0,0,0,0,0,0,0,0,3,0,0,0,0,0,0,0,"1",0,0,0,"0",0,0,0,0,"0",0,0,0,0,0,0,0,0,0,0,0,0,0,0,0,"0","0","1","0","0","0","0","0","1","0","0","0","0","0","0","0","0","0","0","0","0","0","0","0","1","1","0","0","1","1","0","0","0","0","0","0","0","0","0","0","0","0","0","0","0","0","0","0","0","0","0","1","0","0","1","1","0","0","0","0","0","0","0","0","0","0","0","0","0","0","0","0","0","0","0","0","0","0","0","0","0","0","0","0","0","0","0","0","0","0","0","0","1","202201","202204","2062"
"9976701","530010","70390100","34286160000160","3","1","00000000000000","","","","0015","","0","E","","","04","","03","36","03","","99","","","","","","","","EAS 2070001","20190826","1","","","","","","0","0","1","0","0","0","1","0","0","0","0","0","0","0",0,0,0,"0",0,0,0,0,0,0,0,0,0,0,0,0,0,0,"0",0,1,0,0,0,0,0,0,0,0,0,0,0,0,0,0,"1",0,0,0,"0",0,0,0,0,"0",0,0,0,0,0,0,0,0,0,0,0,0,0,0,0,"0","0","1","0","0","0","0","0","0","0","0","0","0","0","0","0","0","0","0","0","0","0","0","0","1","0","0","0","1","1","0","0","0","0","0","0","0","0","0","0","0","0","0","0","0","0","0","0","0","0","0","1","0","0","0","0","0","0","0","0","0","0","0","0","0","0","0","0","0","0","0","0","0","0","0","0","0","0","0","0","0","0","0","0","0","0","0","0","0","0","0","0","1","201911","202204","2305"
"9976744","530010","70770560","32803527000140","3","1","00000000000000","","","","0005","","0","E","","","04","","03","36","03","","99","","","","","","","","RLE","20211005","1","","","","","","0","0","1","0","0","0","1","0","0","0","0","0","0","0",0,0,0,"0",0,0,0,0,0,0,0,0,0,0,0,0,0,0,"0",0,0,0,1,0,0,0,0,0,0,0,0,0,0,0,0,"1",0,0,0,"0",0,0,0,0,"0",0,0,0,0,0,0,0,0,0,0,0,0,0,0,0,"0","0","1","0","0","0","0","0","0","0","0","0","0","0","0","0","0","0","0","0","0","0","0","0","1","0","0","0","1","1","0","0","0","0","0","0","0","0","0","0","0","0","0","0","0","0","0","0","0","0","0","1","0","0","0","0","0","0","0","0","0","0","0","0","0","0","0","0","0","0","0","0","0","0","0","0","0","0","0","0","0","0","0","0","0","0","0","0","0","0","0","0","1","202112","202204","2062"
"9976787","530010","70077900","26288840000195","3","1","00000000000000","","","","0005","","0","E","","","04","","03","36","03","","99","","","","","","","","","","1","","","","","","0","0","1","0","0","0","1","0","0","0","0","0","0","0",0,0,0,"0",0,0,0,0,0,0,0,0,0,0,0,0,0,0,"0",0,0,0,1,0,0,0,0,0,0,0,0,0,0,0,0,"1",0,0,0,"0",0,0,0,0,"0",0,0,0,0,0,0,0,0,0,0,0,0,0,0,0,"0","0","1","0","0","0","0","0","0","0","0","0","0","0","0","0","0","0","0","0","0","0","0","0","1","0","0","0","1","1","0","0","0","0","0","0","0","0","0","0","0","0","0","0","0","0","0","0","0","0","0","1","0","0","0","0","0","0","0","0","0","0","0","0","0","0","0","0","0","0","0","0","0","0","0","0","0","0","0","0","0","0","0","0","0","0","0","0","0","0","0","0","1","202107","202204","2062"
"9976817","530010","70673416","29865465000197","3","1","00000000000000","","","","","","0","E","","","04","","01","36","03","","99","","","","","","","","","","","","","","","","0","0","1","0","0","0","1","0","0","0","0","0","0","0",0,0,0,"0",0,0,0,0,0,0,0,0,0,0,0,0,0,0,"0",0,2,0,0,0,0,0,0,0,0,0,0,0,0,0,0,"1",0,0,0,"0",0,0,0,0,"0",0,0,0,0,0,0,0,0,0,0,0,0,0,0,0,"0","0","1","0","0","0","0","0","1","0","0","0","0","0","0","0","0","0","1","0","0","0","0","0","1","0","0","0","1","1","0","0","0","0","0","0","0","0","0","0","0","0","0","0","0","0","0","0","0","0","0","1","0","0","0","1","0","0","0","0","0","0","0","0","0","0","0","0","0","0","0","0","0","0","0","0","0","0","0","0","0","0","0","0","0","0","0","0","0","0","0","0","1","202112","202204","2062"
"9977090","530010","71686670","00394494015834","3","1","00000000000000","","","","","","1","E","","","04","","02","02","04","","99","001","0000","0000","","","","","","","","","","","","","1","0","1","0","0","0","1","0","0","0","0","0","0","0",0,0,0,"0",0,0,0,0,0,0,0,0,0,0,0,0,0,0,"0",0,0,0,1,1,0,0,0,1,1,0,0,0,0,0,0,"1",0,0,0,"0",0,0,0,0,"0",0,0,0,0,0,4,0,0,0,0,0,0,0,0,0,"0","0","1","0","1","0","1","0","1","0","0","0","0","0","0","0","0","0","0","1","1","0","0","0","1","1","0","0","1","1","0","0","0","0","0","0","0","0","0","0","0","0","0","0","0","0","0","0","0","0","1","0","0","0","0","0","0","0","0","0","0","0","0","0","0","0","0","0","0","0","0","0","0","0","0","0","0","0","0","0","0","0","0","0","0","0","0","0","0","0","0","0","1","201911","202204","1015"
"9977279","530010","70710146","32318292000100","3","1","00000000000000","","","","0005","","0","E","","","04","","01","22","04","","99","","","","","","","","VISADF","20220308","1","","","","","","0","0","1","0","0","0","1","0","0","0","0","0","0","0",0,0,0,"0",0,0,0,0,0,0,0,0,0,0,0,0,0,0,"0",0,0,0,3,0,0,0,0,0,0,0,0,0,0,0,0,"1",0,0,0,"0",0,0,0,0,"0",0,0,0,0,0,0,0,0,0,0,0,0,0,0,0,"0","0","1","0","0","0","0","0","0","0","0","0","0","0","0","0","0","0","0","0","0","0","0","0","1","0","0","0","1","1","0","0","0","0","0","0","0","0","0","0","0","0","0","0","0","0","0","0","0","0","0","1","0","0","0","1","0","0","0","0","0","0","0","0","0","0","0","0","0","0","0","0","0","0","0","0","0","0","0","0","0","0","0","0","0","0","0","0","0","0","0","0","1","202203","202204","2062"
"9977473","530010","72220280","34140123000140","3","1","00000000000000","","","","0040","","0","E","","","04","","03","36","03","","99","","","","","","","","RLE DIGITAL - VALID. KJLM","20190912","1","","","","","","0","0","0","0","0","0","0","0","0","0","0","0","0","0",0,0,0,"0",0,0,0,0,0,0,0,0,0,0,0,0,0,0,"0",1,0,0,0,0,0,0,0,0,0,0,0,0,0,0,0,"1",0,0,0,"0",0,0,0,0,"0",0,0,0,0,0,0,0,0,0,0,0,0,0,0,0,"0","0","0","0","0","0","0","0","0","0","0","0","0","0","0","0","0","0","0","0","0","0","0","0","0","0","0","0","1","1","1","0","0","0","0","0","0","0","0","0","0","0","1","0","0","0","0","0","0","0","0","1","0","0","0","1","0","0","0","0","0","0","0","0","0","0","0","0","0","0","0","0","0","0","0","0","0","0","0","0","0","0","0","0","0","0","0","0","0","0","0","0","1","201911","202204","2062"
"9977864","530010","72110540","35099198000197","3","1","00000000000000","","","","","","0","E","","","04","","03","36","03","","99","","","","","","","","EAS.00296-15","20200916","1","","","","","","0","0","1","0","0","0","1","0","0","0","0","0","0","0",0,0,0,"0",0,0,0,0,0,0,0,0,0,0,0,0,0,0,"0",0,6,0,0,0,0,0,0,0,0,0,0,0,0,0,0,"1",0,0,0,"0",0,0,0,0,"0",0,0,0,0,0,0,0,0,0,0,0,0,0,0,0,"0","0","1","0","0","0","0","0","0","0","0","0","0","0","0","0","0","0","0","0","0","0","0","0","1","1","0","0","1","1","0","0","0","0","0","0","0","0","0","0","0","0","0","0","0","0","0","0","0","0","0","1","0","0","0","1","0","0","0","0","0","0","0","0","0","0","0","0","0","0","0","0","0","0","0","0","0","0","0","0","0","0","0","0","0","0","0","0","0","0","0","0","1","202108","202204","2062"
"9977872","530010","70390055","34616695000152","3","1","00000000000000","","","","0015","","0","E","","","04","","01","22","04","","99","","","","","","","","DFP1900120955","20190816","1","","","","","","0","0","1","0","0","0","1","0","0","0","0","0","0","0",0,0,0,"0",0,0,0,0,0,0,0,0,0,0,0,0,0,0,"0",0,1,0,0,0,0,0,0,0,0,0,0,0,0,0,0,"1",0,0,0,"0",0,0,0,0,"0",0,0,0,0,0,0,0,0,0,0,0,0,0,0,0,"0","0","0","0","0","0","0","0","0","0","0","0","0","0","0","0","0","0","0","0","0","0","0","0","0","0","0","0","1","1","0","0","0","0","0","0","0","0","0","0","0","0","0","0","0","0","0","0","0","0","0","1","0","0","0","1","0","0","0","0","0","0","0","0","0","0","0","0","0","0","0","0","0","0","0","0","0","0","0","0","0","0","0","0","0","0","0","0","0","0","0","0","1","201911","202204","2062"
"9977899","530010","70719914","24991009000170","3","1","00000000000000","","","","0005","","0","E","","","04","","03","36","03","","99","","","","","","","","53600156528","20200701","1","","","","","","0","0","1","0","0","0","1","0","0","0","0","0","0","0",0,0,0,"0",0,0,0,0,0,0,0,0,0,0,0,0,0,0,"0",1,1,0,1,0,0,0,0,0,0,0,0,0,0,0,0,"1",0,0,0,"0",0,0,0,0,"0",0,0,0,0,0,0,0,0,0,0,0,0,0,0,0,"0","0","1","0","0","0","0","0","0","0","0","0","0","0","0","0","0","0","0","0","0","0","0","0","1","0","0","0","1","1","0","0","0","0","0","0","0","0","0","0","0","0","0","0","0","0","0","0","0","0","0","1","0","0","0","0","0","0","0","0","0","0","0","0","0","0","0","0","0","0","0","0","0","0","0","0","0","0","0","0","0","0","0","0","0","0","0","0","0","0","0","0","1","202009","202204","2305"
"9978410","530010","72110020","00243530000241","3","1","00000000000000","","","","","","0","E","","","04","","03","36","04","","99","","","","","","","","LICENCA SANITARIA","20211009","1","","","","","","0","0","1","0","0","0","1","0","0","0","0","0","0","0",0,0,0,"0",0,0,0,0,0,0,0,0,0,0,0,0,0,0,"0",0,4,0,0,0,0,0,0,0,0,0,0,0,0,0,0,"1",0,0,0,"0",0,0,0,0,"0",0,0,0,0,0,0,0,0,0,0,0,0,0,0,0,"0","0","1","0","0","0","0","0","0","0","0","0","0","0","0","0","0","0","0","0","0","0","0","0","1","0","0","1","1","1","0","0","0","0","0","0","0","0","0","0","0","0","0","0","0","0","0","0","0","0","0","0","0","0","0","0","0","0","1","0","0","0","1","0","0","0","0","0","0","0","0","0","0","0","0","0","0","0","0","0","0","0","0","0","0","0","0","0","0","0","0","0","1","202111","202204","2062"
"9980288","530010","72020111","28313157000196","3","1","00000000000000","","","","","","0","E","","","04","","03","22","03","","99","","","","","","","","EAS 00047-14","20191126","1","","","","","","0","0","1","0","0","0","1","0","0","0","0","0","0","0",0,0,0,"0",0,0,0,0,0,0,0,0,0,0,0,0,0,0,"0",1,0,0,0,0,0,0,0,0,0,0,0,0,0,0,0,"1",0,0,0,"0",0,0,0,0,"0",0,0,0,0,0,0,0,0,0,0,0,0,0,0,0,"0","0","0","0","0","0","0","0","0","0","0","0","0","0","0","0","0","0","0","0","0","0","0","0","0","0","0","0","1","1","0","0","0","0","0","0","0","0","0","0","0","0","0","0","0","0","0","0","0","0","0","1","0","0","0","0","0","0","0","0","0","0","0","0","0","0","0","0","0","0","0","0","0","0","0","0","0","0","0","0","0","0","0","0","0","0","0","0","0","0","0","0","1","201912","202204","2062"
"9980326","530010","70390095","27137239000164","3","1","00000000000000","","","","0015","","0","E","","","04","","03","22","03","","99","","","","","","","","RLE","20211108","1","","","","","","0","0","1","0","0","0","1","0","0","0","0","0","0","0",0,0,0,"0",0,0,0,0,0,0,0,0,0,0,0,0,0,0,"0",0,1,0,0,0,0,0,0,0,0,0,0,0,0,0,0,"1",0,0,0,"0",0,0,0,0,"0",0,0,0,0,0,0,0,0,0,0,0,0,0,0,0,"0","0","1","0","0","0","0","0","0","0","0","0","0","0","0","0","0","0","0","0","0","0","0","0","1","1","0","0","1","1","0","0","0","0","0","0","0","0","0","0","0","0","0","0","0","0","0","0","0","0","0","1","0","0","0","1","0","0","0","0","0","0","0","0","0","0","0","0","0","0","0","0","0","0","0","0","0","0","0","0","0","0","0","0","0","0","0","0","0","0","0","0","1","202202","202204","2062"
"9980369","530010","70077900","24744102000180","3","1","00000000000000","","","","","","0","E","","","04","","03","22","03","","99","","","","","","","","00153/71","20200516","1","","","","","","0","0","1","0","0","0","1","0","0","0","0","0","0","0",0,0,0,"0",0,0,0,0,0,0,0,0,0,0,0,0,0,0,"0",0,0,0,0,0,0,0,0,1,0,0,0,0,0,0,0,"1",0,0,0,"0",0,0,0,0,"0",0,0,0,0,0,0,0,0,0,0,0,0,0,0,0,"0","0","1","0","0","0","0","0","0","0","0","0","0","0","0","0","0","0","0","0","0","0","0","0","1","1","0","0","0","1","0","0","0","0","0","0","0","0","0","0","0","0","0","0","0","0","0","0","0","0","0","0","0","0","0","1","0","0","0","0","0","0","0","0","0","0","0","0","0","0","0","0","0","0","0","0","0","0","0","0","0","0","0","0","0","0","0","0","0","0","0","0","1","202111","202204","2305"
"9980490","530010","72010010","33206336000164","3","1","00000000000000","","","","","","0","E","","","04","","03","22","03","","99","","","","","","","","ODO0019915","20191118","1","","","","","","0","0","1","0","0","0","1","0","0","0","0","0","0","0",0,0,0,"0",0,0,0,0,0,0,0,0,0,0,0,0,0,0,"0",0,0,0,0,0,0,0,0,1,0,0,0,0,0,0,0,"1",0,0,0,"0",0,0,0,0,"0",0,0,0,0,0,0,0,0,0,0,0,0,0,0,0,"0","0","0","0","0","0","0","0","1","0","0","0","0","0","0","0","0","0","0","0","0","0","0","0","1","0","0","0","1","1","0","0","0","0","0","0","0","0","0","0","0","0","0","0","0","0","0","0","0","0","0","1","0","0","0","0","0","0","0","0","0","0","0","0","0","0","0","0","0","0","0","0","0","0","0","0","0","0","0","0","0","0","0","0","0","0","0","0","0","0","0","0","1","201912","202204","2305"
"9980857","530010","72600400","35043252000182","3","1","00000000000000","","","","","","0","E","","","04","","03","36","03","","99","","","","","","","","00313/17","20191122","1","","","","","","0","0","1","0","0","0","1","0","0","0","0","0","0","0",0,0,0,"0",0,0,0,0,0,0,0,0,0,0,0,0,0,0,"0",2,1,0,0,0,0,0,0,0,0,0,0,0,0,0,0,"1",0,0,0,"0",0,0,0,0,"0",0,0,0,0,0,0,0,0,0,0,0,0,0,0,0,"0","0","0","0","0","0","0","0","0","0","0","0","0","0","0","0","0","0","0","0","0","0","0","0","0","0","0","0","1","1","0","0","0","0","0","0","0","0","0","0","0","0","0","0","0","0","0","0","0","0","0","1","0","0","0","1","0","0","0","0","0","0","0","0","0","0","0","0","0","0","0","0","0","0","0","0","0","0","0","0","0","0","0","0","0","0","0","0","0","0","0","0","1","201912","202204","2062"
"9982159","530010","72410125","10298973000102","3","1","00000000000000","","","","0060","","0","E","","","04","","03","36","03","","99","","","","","","","","EAS.00046-20","20190924","1","","","","","","0","0","1","0","0","0","1","0","0","0","0","0","0","0",0,0,0,"0",0,0,0,0,0,0,0,0,0,0,0,0,0,0,"0",4,0,0,0,0,0,0,0,0,0,0,0,0,0,0,0,"1",0,0,0,"0",0,0,0,0,"0",0,0,0,0,0,0,0,0,0,0,0,0,0,0,0,"0","0","1","0","0","0","0","0","0","0","0","0","0","0","0","0","0","0","0","0","0","0","0","0","1","1","0","0","0","1","0","0","0","0","0","0","0","0","0","0","0","0","0","0","0","0","0","0","0","0","0","1","0","0","0","1","0","0","0","0","0","0","0","0","0","0","0","0","0","0","0","0","0","0","0","0","0","0","0","0","0","0","0","0","0","0","0","0","0","0","0","0","1","201912","202204","2062"
"9983015","530010","70830300","35434330000170","3","1","00000000000000","","","","0005","","0","E","","","03","","03","36","03","","99","","","","","","","","LICENCA SANITARIA","20210217","1","","","","","","0","0","1","0","0","0","1","0","0","0","0","0","0","0",0,0,0,"0",0,0,0,0,0,0,0,0,0,0,0,0,0,0,"0",0,1,0,0,0,0,0,0,0,0,0,0,0,0,0,0,"1",0,0,0,"0",0,0,0,0,"0",0,0,0,0,0,0,0,0,0,0,0,0,0,0,0,"0","0","1","0","0","0","0","0","0","0","0","0","0","0","0","0","0","0","0","0","0","0","0","0","1","0","0","0","1","1","1","0","0","0","0","0","0","0","0","0","0","0","1","0","0","0","0","0","0","0","0","0","0","0","0","1","0","0","0","0","0","0","0","0","0","0","0","0","0","0","0","0","0","0","0","0","0","0","0","0","0","0","0","0","0","0","0","0","0","0","0","0","1","202112","202204","2062"
"9983201","530010","71906750","26428843000187","3","1","00000000000000","","","","9901","","0","E","","","04","","01","22","03","","99","","","","","","","","","20191201","1","","","","","","0","0","1","0","0","0","1","0","0","0","0","0","0","0",0,0,0,"0",0,0,0,0,0,0,0,0,0,0,0,0,0,0,"0",1,0,0,0,0,0,0,0,0,0,0,0,0,0,0,0,"1",0,0,0,"0",0,0,0,0,"0",0,0,0,0,0,0,0,0,0,0,0,0,0,0,0,"0","0","0","0","0","0","0","0","0","0","0","0","0","0","0","0","0","0","0","0","0","0","0","0","0","0","0","0","1","1","0","0","0","0","0","0","0","0","0","0","0","0","0","0","0","0","0","0","0","0","0","1","0","0","0","0","0","0","0","0","0","0","0","0","0","0","0","0","0","0","0","0","0","0","0","0","0","0","0","0","0","0","0","0","0","0","0","0","0","0","0","0","1","201912","202204","2062"
"9983341","530010","70710100","08599832000188","3","1","00000000000000","","","","0005","","0","E","","","04","","03","36","03","","99","","","","","","","","53202274300","20200801","1","","","","","","0","0","1","0","0","0","1","0","0","0","0","0","0","0",0,0,0,"0",0,0,0,0,0,0,0,0,0,0,0,0,0,0,"0",0,1,0,0,0,0,0,0,0,0,0,0,0,0,0,0,"1",0,0,0,"0",0,0,0,0,"0",0,0,0,0,0,0,0,0,0,0,0,0,0,0,0,"0","0","1","0","0","0","0","0","0","0","0","0","0","0","0","0","0","0","0","0","0","0","0","0","1","1","0","0","1","1","0","0","0","0","0","0","0","0","0","0","0","0","0","0","0","0","0","0","0","0","0","1","0","0","0","0","0","0","0","0","0","0","0","0","0","0","0","0","0","0","0","0","0","0","0","0","0","0","0","0","0","0","0","0","0","0","0","0","0","0","0","0","1","202009","202204","2062"
"9983805","530010","70673416","27501548000171","3","1","00000000000000","","","","","","0","E","","","04","","01","36","03","","99","","","","","","","","","","","","","","","","0","0","1","0","0","0","1","0","0","0","0","0","0","0",0,0,0,"0",0,0,0,0,0,0,0,0,0,0,0,0,0,0,"0",0,1,0,0,0,0,0,0,0,0,0,0,0,0,0,0,"1",0,0,0,"0",0,0,0,0,"0",0,0,0,0,0,0,0,0,0,0,0,0,0,0,0,"0","0","1","0","0","0","0","0","0","0","0","0","0","0","0","0","0","0","0","0","0","0","0","0","1","0","0","0","1","1","0","0","0","0","0","0","0","0","0","0","0","0","0","0","0","0","0","0","0","0","0","1","0","0","1","1","0","0","0","0","0","0","0","0","0","0","0","0","0","0","0","0","0","0","0","0","0","0","0","0","0","0","0","0","0","0","0","0","0","0","0","0","1","202112","202204","2062"
"9983872","530010","70390095","35546697000185","3","1","00000000000000","","","","0015","","0","E","","","04","","01","36","03","","99","","","","","","","","","","","","","","","","0","0","1","0","0","0","1","0","0","0","0","0","0","0",0,0,0,"0",0,0,0,0,0,0,0,0,0,0,0,0,0,0,"0",0,0,0,0,0,0,0,0,2,0,0,0,0,0,0,0,"1",0,0,0,"0",0,0,0,0,"0",0,0,0,0,0,0,0,0,0,0,0,0,0,0,0,"0","0","1","0","0","0","0","0","0","0","0","0","0","0","0","0","0","0","0","0","0","0","0","0","1","1","0","0","1","1","0","0","0","0","0","0","0","0","0","0","0","0","0","0","0","0","0","0","0","0","0","1","0","0","0","1","0","0","0","0","0","0","0","0","0","0","0","0","0","0","0","0","0","0","0","0","0","0","0","0","0","0","0","0","0","0","0","0","0","0","0","0","1","201912","202204","2062"
"9985182","530010","71950770","00085382698600","1","1","00000000000000","","","","","","0","E","","","04","","03","22","03","","99","","","","","","","","VS50555-000005-A2019","20190921","1","","","","","","0","0","1","0","0","0","1","0","0","0","0","0","0","0",0,0,0,"0",0,0,0,0,0,0,0,0,0,0,0,0,0,0,"0",0,0,0,0,0,0,0,0,1,0,0,0,0,0,0,0,"1",0,0,0,"0",0,0,0,0,"0",0,0,0,0,0,0,0,0,0,0,0,0,0,0,0,"0","0","1","0","0","0","0","0","0","0","0","0","0","0","0","0","0","0","0","1","0","0","0","0","1","1","0","0","1","1","0","0","0","0","0","0","0","0","0","0","0","0","0","0","0","0","0","0","0","0","0","1","0","0","0","1","0","0","0","0","0","0","0","0","0","0","0","0","0","0","0","0","0","0","0","0","0","0","0","0","0","0","0","0","0","0","0","0","0","0","0","0","1","201912","202204","4000"
"9985565","530010","70200740","00655037000743","3","1","00000000000000","","","","","","0","E","","","04","","01","22","03","","99","","","","","","","","EAS Nº 20661-01","20190514","1","","","","","","0","0","1","0","0","0","1","0","0","0","0","0","0","0",0,0,0,"0",0,0,0,0,0,0,0,0,0,0,0,0,0,0,"0",1,0,0,0,0,0,0,0,0,0,0,0,0,0,0,0,"1",0,0,0,"0",0,0,0,0,"0",0,0,0,0,0,0,0,0,0,0,0,0,0,0,0,"0","0","0","0","0","0","0","0","0","0","0","0","0","0","0","0","0","0","0","0","0","0","0","0","0","0","0","0","1","1","0","0","0","0","0","0","0","0","0","0","0","0","0","0","0","0","0","0","0","0","0","1","0","0","0","0","0","0","0","0","0","0","0","0","0","0","0","0","0","0","0","0","0","0","0","0","0","0","0","0","0","0","0","0","0","0","0","0","0","0","0","0","1","201912","202204","2054"
"9985719","530010","72225231","31509736000113","3","1","00000000000000","","","","0040","","0","E","","","04","","01","22","03","","99","","","","","","","","","","","","","","","","0","0","1","0","0","0","1","0","0","0","0","0","0","0",0,0,0,"0",0,0,0,0,0,0,0,0,0,0,0,0,0,0,"0",1,0,0,0,0,0,0,0,0,0,0,0,0,0,0,0,"1",0,0,0,"0",0,0,0,0,"0",0,0,0,0,0,0,0,0,0,0,0,0,0,0,0,"0","0","0","0","0","0","0","0","0","0","0","0","0","0","0","0","0","0","0","0","0","0","0","0","0","1","0","0","1","1","0","0","0","0","0","0","0","0","0","0","0","0","0","0","0","0","0","0","0","0","0","0","0","0","0","0","0","0","1","0","0","0","0","0","0","0","0","0","0","0","0","0","0","0","0","0","0","0","0","0","0","0","0","0","0","0","0","0","0","0","0","0","1","201912","202204","2062"
"9986634","530010","72145450","28234304000132","3","1","00000000000000","","","","0180","","0","E","","","04","","03","22","04","","99","","","","","","","","","","","","","","","","0","0","1","0","0","0","1","0","0","0","0","0","0","0",0,0,0,"0",0,0,0,0,0,0,0,0,0,0,0,0,0,0,"0",0,0,0,0,0,0,0,0,2,0,0,0,0,0,0,0,"1",0,0,0,"0",0,0,0,0,"0",0,0,0,0,0,0,0,0,0,0,0,0,0,0,0,"0","0","1","0","0","0","0","0","0","0","0","0","0","0","0","0","0","0","0","0","0","0","0","0","1","0","0","0","1","1","0","0","0","0","0","0","0","0","0","0","0","0","0","0","0","0","0","0","0","0","0","1","0","0","0","0","0","0","0","0","0","0","0","0","0","0","0","0","0","0","0","0","0","0","0","0","0","0","0","0","0","0","0","0","0","0","0","0","0","0","0","0","1","202103","202204","2062"
"9987010","530010","70200700","27975526000143","3","1","00000000000000","","","","","","0","E","","","04","","01","36","03","","99","","","","","","","","20171500658778","20170705","1","","","","","","0","0","1","0","0","0","1","0","0","0","0","0","0","0",0,0,0,"0",0,0,0,0,0,0,0,0,0,0,0,0,0,0,"0",0,0,0,2,0,0,0,0,0,0,0,0,0,0,0,0,"1",0,0,0,"0",0,0,0,0,"0",0,0,0,0,0,0,0,0,0,0,0,0,0,0,0,"0","0","0","0","1","0","0","0","0","0","0","0","0","0","0","0","0","0","0","0","0","0","0","0","1","0","0","0","1","1","0","0","0","0","0","0","0","0","0","0","0","0","0","0","0","0","0","0","0","0","0","0","0","0","0","1","0","0","0","0","0","0","0","0","0","0","0","0","0","0","0","0","0","0","0","0","0","0","0","0","0","0","0","0","0","0","0","0","0","0","0","0","1","201912","202204","2062"
"9987665","530010","71635610","09537076000206","3","1","00000000000000","","","","","","0","E","","","04","","01","36","03","","99","","","","","","","","","","","","","","","","0","0","1","0","0","0","1","0","0","0","0","0","0","0",0,0,0,"0",0,0,0,0,0,0,0,0,0,0,0,0,0,0,"0",2,1,0,0,0,0,0,0,0,0,0,0,0,0,0,0,"1",0,0,0,"0",0,0,0,0,"0",0,0,0,0,0,0,0,0,0,0,0,0,0,0,0,"0","0","0","0","0","0","0","0","0","0","0","0","0","0","0","0","0","0","0","0","0","0","0","0","0","0","0","0","1","1","0","0","0","0","0","0","0","0","0","0","0","0","0","0","0","0","0","0","0","0","0","1","0","0","0","0","0","0","0","0","0","0","0","0","0","0","0","0","0","0","0","0","0","0","0","0","0","0","0","0","0","0","0","0","0","0","0","0","0","0","0","0","1","202002","202204","2062"
"9988351","530010","70711903","33186393000129","3","1","00000000000000","","","","","","0","E","","","04","","03","22","03","","99","","","","","","","","EAS - 00159-02","20191119","1","","","","","","0","0","1","0","0","0","1","0","0","0","0","0","0","0",0,0,0,"0",0,0,0,0,0,0,0,0,0,0,0,0,0,0,"0",0,0,0,3,0,0,0,0,0,0,0,0,0,0,0,0,"1",0,0,0,"0",0,0,0,0,"0",0,0,0,0,0,0,0,0,0,0,0,0,0,0,0,"0","0","1","0","0","0","0","0","0","0","0","0","0","0","0","0","0","0","0","0","0","0","0","0","1","0","0","0","1","1","0","0","0","0","0","0","0","0","0","0","0","0","0","0","0","0","0","0","0","0","0","1","0","0","0","1","0","0","0","0","0","0","0","0","0","0","0","0","0","0","0","0","0","0","0","0","0","0","0","0","0","0","0","0","0","0","0","0","0","0","0","0","1","202106","202204","2062"
"9988394","530010","71919540","35003707000136","3","1","00000000000000","","","","9901","","0","E","","","04","","01","36","03","","99","","","","","","","","RLE","20190927","1","","","","","","0","0","1","0","0","0","1","0","0","0","0","0","0","0",0,0,0,"0",0,0,0,0,0,0,0,0,0,0,0,0,0,0,"0",0,0,0,0,0,0,0,0,0,0,0,1,0,0,0,0,"1",0,0,0,"0",0,0,0,0,"0",0,0,0,0,0,0,0,0,0,0,0,0,0,0,0,"0","0","0","0","0","0","0","0","0","0","0","0","0","0","0","0","0","0","0","0","0","0","0","0","0","1","0","0","1","1","0","0","0","0","0","0","0","0","0","0","0","0","0","0","0","0","0","0","0","0","0","1","0","0","0","1","0","0","0","0","0","0","0","0","0","0","0","0","0","0","0","0","0","0","0","0","0","0","0","0","0","0","0","0","0","0","0","0","0","0","0","0","1","201912","202204","2062"
"9990321","530010","70842530","33726296000181","3","1","00000000000000","","","","","","0","E","","","04","","01","22","03","","99","","","","","","","","RLE","20191125","","","","","","","0","0","1","0","0","0","1","0","0","0","0","0","0","0",0,0,0,"0",0,0,0,0,0,0,0,0,0,0,0,0,0,0,"0",1,0,0,0,0,0,0,0,0,0,0,0,0,0,0,0,"1",0,0,0,"0",0,0,0,0,"0",0,0,0,0,0,0,0,0,0,0,0,0,0,0,0,"0","0","0","0","0","0","0","0","0","0","0","0","0","0","0","0","0","0","0","0","0","0","0","0","0","0","0","0","1","1","0","0","0","0","0","0","0","0","0","0","0","0","0","0","0","0","0","0","0","0","0","1","0","0","0","0","0","0","0","0","0","0","0","0","0","0","0","0","0","0","0","0","0","0","0","0","0","0","0","0","0","0","0","0","0","0","0","0","0","0","0","0","1","201912","202204","2135"
"9990348","530010","70711905","35660116000131","3","1","00000000000000","","","","","","0","E","","","04","","03","36","03","","99","","","","","","","","RLE","20191129","1","","","","","","0","0","1","0","0","0","1","0","0","0","0","0","0","0",0,0,0,"0",0,0,0,0,0,0,0,0,0,0,0,0,0,0,"0",0,0,0,1,0,0,0,0,0,0,0,0,0,0,0,0,"1",0,0,0,"0",0,0,0,0,"0",0,0,0,0,0,0,0,0,0,0,0,0,0,0,0,"0","0","1","0","0","0","0","0","0","0","0","0","0","0","0","0","0","0","0","0","0","0","0","0","1","0","0","0","1","1","0","0","0","0","0","0","0","0","0","0","0","0","0","0","0","0","0","0","0","0","0","1","0","0","0","1","0","0","0","0","0","0","0","0","0","0","0","0","0","0","0","0","0","0","0","0","0","0","0","0","0","0","0","0","0","0","0","0","0","0","0","0","1","202001","202204","2062"
"9990887","530010","72502400","35767727000183","3","1","00000000000000","","","","","","0","E","","","04","","01","36","03","","99","","","","","","","","ODO.00057-19","20210126","1","","","","","","0","0","1","0","0","0","1","0","0","0","0","0","0","0",0,0,0,"0",0,0,0,0,0,0,0,0,0,0,0,0,0,0,"0",0,0,0,0,0,0,0,0,1,0,0,0,0,0,0,0,"1",0,0,0,"0",0,0,0,0,"0",0,0,0,0,0,0,0,0,0,0,0,0,0,0,0,"0","0","1","0","0","0","0","0","1","0","0","0","0","0","0","0","0","0","0","0","0","0","0","0","1","1","0","0","1","1","0","0","0","0","0","0","0","0","0","0","0","0","0","0","0","0","0","0","0","0","0","1","0","0","0","0","0","0","0","0","0","0","0","0","0","0","0","0","0","0","0","0","0","0","0","0","0","0","0","0","0","0","0","0","0","0","0","0","0","0","0","0","1","202104","202204","2062"
"9996613","530010","72125350","35058996000170","3","1","00000000000000","","","","0180","","0","E","","","04","","03","39","03","","99","","","","","","","","LAB 0038.2","20201104","1","","","","","","0","0","1","0","0","0","1","0","0","0","0","0","0","0",0,0,0,"0",0,0,0,0,0,0,0,0,0,0,0,0,0,0,"0",0,0,0,2,0,0,0,0,0,0,0,0,0,0,0,0,"1",0,0,0,"0",0,0,0,0,"0",0,0,0,0,0,0,0,0,0,0,0,0,0,0,0,"0","0","1","0","0","0","0","0","0","0","0","0","0","0","0","0","0","0","0","0","0","0","0","0","1","1","0","0","1","1","0","0","0","0","0","0","0","0","0","0","0","0","0","0","0","0","0","0","0","0","0","0","0","0","0","0","0","0","1","0","0","1","1","0","0","0","0","0","0","0","0","0","0","0","0","0","0","0","0","0","0","0","0","0","0","0","0","0","0","0","0","0","1","202105","202204","2062"
"9999752","530010","73330077","00063263001707","3","1","00000000000000","","","","0120","","0","E","","","04","","02","39","03","","99","","","","","","","","LAB00345-08","20211124","1","","","","","","0","0","1","0","0","0","1","0","0","0","0","0","0","0",0,0,0,"0",0,0,0,0,0,0,0,0,0,0,0,0,0,0,"0",0,0,0,0,0,0,0,0,0,0,0,0,0,0,0,0,"0",0,0,0,"0",0,0,0,0,"0",0,0,0,0,0,0,0,0,0,0,0,0,0,0,0,"0","0","0","0","0","0","0","0","0","0","0","0","0","0","0","0","0","0","0","0","0","0","0","0","0","1","0","0","1","1","0","0","0","0","0","0","0","0","0","0","0","0","0","0","0","0","0","0","0","0","0","0","0","0","0","0","0","0","1","0","0","0","1","0","0","0","0","0","0","0","0","0","0","0","0","0","0","0","0","0","0","0","0","0","0","0","0","0","0","0","0","0","1","202203","202204","2054"
"9999841","530010","70200700","34753369000197","3","1","00000000000000","","","","","","0","E","","","04","","03","36","03","","99","","","","","","","","53600392396","20191216","1","","","","","","0","0","1","0","0","0","1","0","0","0","0","0","0","0",0,0,0,"0",0,0,0,0,0,0,0,0,0,0,0,0,0,0,"0",0,0,0,0,0,0,0,0,5,0,0,0,0,0,0,0,"1",0,0,0,"0",0,0,0,0,"0",0,0,0,0,0,0,0,0,0,0,0,0,0,0,0,"0","0","0","0","0","0","0","0","0","0","0","0","0","0","0","0","0","0","0","0","0","0","0","0","0","1","0","0","1","1","0","0","0","0","0","0","0","0","0","0","0","0","0","0","0","0","0","0","0","0","0","1","0","0","0","1","0","0","0","0","0","0","0","0","0","0","0","0","0","0","0","0","0","0","0","0","0","0","0","0","0","0","0","0","0","0","0","0","0","0","0","0","1","202001","202204","2305"
